SAMPLES:	20191
BITSPERSAMPLE:	16
CHANNELS:	1
SAMPLERATE:	16000
NORMALIZED:	FALSE
71
73
65
62
73
68
65
63
58
49
42
32
29
8
2
-7
-16
-21
-41
-39
-41
-35
-38
-30
-48
-49
-37
-31
-34
-41
-8
-8
-16
-24
-25
-28
-33
-40
-58
-59
-69
-66
-70
-81
-83
-73
-72
-68
-51
-48
-49
-48
-60
-59
-56
-48
-53
-62
-51
-47
-40
-25
-10
-11
-13
-3
15
24
35
44
44
62
62
56
54
52
51
50
48
41
34
32
41
37
37
35
48
65
57
66
52
61
65
67
73
72
91
83
68
70
72
56
55
37
20
17
18
12
3
1
2
1
-9
-12
-1
5
0
-4
-3
0
-4
-5
-15
-15
-10
-17
-19
-18
-14
-6
-20
-24
-22
-23
-18
-23
-23
-27
-13
-12
-25
-30
-36
-31
-42
-48
-50
-44
-60
-63
-61
-53
-34
-34
-23
-12
-7
-4
0
-3
-4
-3
-8
-1
-6
3
4
-5
-11
-11
-24
-38
-29
-28
-28
-30
-13
-18
-17
-7
-25
-33
-27
-20
-31
-22
-25
-16
-3
-11
-17
-20
-5
9
3
0
13
6
5
3
9
11
-2
0
14
7
9
18
11
15
7
1
0
-13
-6
11
21
23
28
30
25
31
21
16
27
32
33
36
27
35
51
46
36
34
33
40
52
43
37
36
36
30
24
48
44
59
54
46
74
69
75
65
78
67
52
39
42
28
38
37
25
25
8
3
-7
-14
-25
-27
-21
-24
-36
-29
-27
-36
-42
-48
-48
-49
-52
-59
-58
-59
-61
-61
-60
-63
-60
-48
-49
-58
-59
-67
-65
-60
-55
-47
-57
-43
-46
-58
-63
-47
-29
-36
-48
-45
-41
-46
-38
-35
-32
-19
-10
-10
-7
-5
-3
14
17
20
14
17
24
16
17
8
4
-1
-3
-13
-1
8
20
24
26
43
45
49
45
41
47
46
58
59
51
56
62
68
71
73
81
79
65
67
52
46
52
44
38
44
30
22
12
-2
-3
-22
-25
-29
-40
-42
-54
-66
-73
-81
-71
-64
-71
-56
-42
-38
-35
-33
-21
-31
-30
-32
-31
-23
-26
-16
-24
-21
-25
-16
-18
-19
-24
-17
-6
5
12
6
29
29
26
26
19
20
21
15
24
24
21
27
27
37
36
38
32
30
31
32
31
27
20
6
-4
-9
-6
-10
-7
-2
-18
-8
3
-2
8
-6
-1
2
-4
6
3
5
5
1
-7
-9
2
5
-4
-2
-6
-14
-14
-25
-25
-28
-30
-28
-25
-23
-24
-26
-19
-22
-17
-9
-5
7
7
0
-2
-4
-6
-10
-1
6
6
25
19
36
34
22
27
34
35
33
13
7
14
7
14
8
17
18
26
26
31
37
44
44
37
37
24
28
22
11
9
4
-1
-7
-5
-6
-11
-10
-21
-16
-9
-12
-29
-37
-40
-46
-44
-42
-45
-37
-24
-42
-43
-36
-32
-29
-35
-34
-20
-7
-10
-3
-5
1
2
1
-4
-10
-3
-13
1
3
-2
0
-13
-14
-20
-17
-21
-20
-14
-8
-9
-7
-3
0
11
2
10
10
0
-3
-7
-12
-16
2
3
3
1
2
-5
4
9
7
8
13
11
5
2
4
27
21
21
23
27
29
18
17
15
16
15
8
5
19
22
2
1
-9
-6
-5
-10
-10
-9
-12
-20
-20
-25
-26
-23
-17
-16
-2
8
-6
2
-8
-1
5
2
4
6
15
11
22
17
23
26
23
28
29
36
34
48
43
46
41
34
34
31
27
33
38
35
39
49
42
39
37
30
35
31
31
28
21
17
13
2
-8
-12
-22
-31
-28
-32
-30
-35
-40
-43
-49
-46
-48
-45
-43
-30
-26
-26
-30
-27
-19
-26
-19
-27
-19
-16
-14
-9
-22
-23
-28
-24
-31
-29
-28
-27
-31
-30
-30
-43
-47
-51
-48
-48
-39
-36
-36
-35
-39
-38
-34
-28
-16
-15
-12
-3
0
-4
16
17
18
30
30
33
28
32
37
38
35
35
38
47
53
52
52
49
48
51
54
54
57
62
59
56
57
48
51
55
42
31
24
23
40
35
39
34
31
21
15
5
-5
-13
-18
-16
-24
-27
-31
-37
-37
-45
-53
-52
-43
-46
-45
-47
-53
-55
-48
-52
-55
-59
-69
-54
-61
-57
-52
-50
-48
-58
-53
-56
-57
-58
-49
-43
-43
-40
-39
-36
-33
-23
-18
-10
-10
3
14
9
16
18
19
18
31
28
34
53
53
52
46
50
54
54
51
45
45
56
54
52
51
42
52
47
41
35
39
36
33
34
27
26
23
22
19
27
24
20
27
14
13
9
11
7
3
10
8
16
5
7
6
1
-9
-15
-11
-15
-18
-20
-20
-30
-28
-31
-23
-17
-22
-17
-22
-24
-26
-17
-21
-18
-12
-21
-11
-9
-3
-6
-8
-11
-11
-17
-9
-9
-10
-6
-8
2
0
6
5
6
13
16
14
11
15
11
6
5
11
0
-4
1
-8
-6
-5
-3
-7
-8
-11
-19
-14
-23
-16
-24
-21
-26
-23
-18
-19
-15
-24
-22
-20
-11
-21
-24
-21
-15
-1
-5
3
2
2
9
9
11
13
22
17
17
13
15
7
8
7
8
8
-1
10
10
10
8
15
14
21
21
25
26
23
31
24
27
24
33
36
28
26
30
27
26
28
19
15
17
20
15
21
28
24
18
12
7
4
1
5
0
-6
-8
-11
-8
-13
-22
-25
-21
-24
-23
-30
-29
-28
-35
-40
-50
-54
-61
-65
-75
-76
-76
-75
-75
-64
-70
-72
-61
-54
-51
-46
-40
-39
-34
-34
-36
-30
-28
-22
-12
-8
5
10
19
28
35
41
39
41
42
47
51
54
55
54
60
65
62
55
54
60
61
61
64
61
64
60
60
69
64
61
49
47
40
35
30
27
20
17
18
16
15
2
4
3
-1
1
-7
-9
-9
-17
-22
-26
-28
-28
-31
-27
-32
-37
-50
-58
-47
-46
-46
-43
-44
-46
-42
-34
-26
-15
-17
-17
-18
-25
-31
-35
-37
-38
-41
-29
-22
-33
-22
-16
-7
-6
-6
2
9
10
5
7
5
5
3
9
8
8
13
10
8
15
10
12
16
10
13
15
14
21
21
18
21
19
12
12
12
10
8
2
7
3
10
14
13
11
13
20
14
17
16
17
16
13
15
17
8
6
3
1
11
13
9
7
1
-7
-11
-8
-11
-4
1
-3
-4
-11
-14
-18
-15
-17
-22
-28
-21
-20
-21
-27
-33
-30
-28
-27
-21
-19
-10
-9
-4
-2
-9
-12
-4
-3
-4
0
-1
1
4
9
7
20
19
26
21
11
15
11
13
11
9
-2
-3
-12
-17
-18
-17
-7
-9
-5
-6
-6
-1
5
12
11
11
11
16
15
17
12
5
4
1
6
7
14
19
24
16
17
18
22
24
10
14
14
9
10
10
5
2
7
4
9
13
13
15
19
17
12
12
8
10
3
6
5
4
10
2
-3
-2
-6
-7
-11
-13
-16
-26
-23
-28
-31
-35
-32
-32
-33
-29
-28
-26
-14
-14
-22
-15
-19
-26
-22
-17
-15
-15
-13
-25
-22
-18
-21
-14
-10
-11
-7
-5
1
7
8
5
6
4
5
8
9
10
12
14
15
20
23
21
18
20
23
26
21
20
20
6
11
-1
-5
-5
-3
3
-10
-9
-3
-2
-3
-2
-5
-3
10
8
17
16
13
15
15
18
16
22
23
26
25
27
28
31
21
21
21
20
14
8
14
10
4
6
6
-3
-5
-6
-4
1
8
13
15
14
15
13
6
0
-7
-5
-10
-20
-19
-13
-12
-11
-17
-16
-10
-12
-13
-21
-25
-26
-31
-40
-39
-37
-39
-34
-33
-31
-27
-21
-24
-24
-19
-18
-17
-18
-23
-18
-20
-12
-14
-17
-15
-15
-7
-7
-6
-8
-7
-16
-20
-16
-12
-13
-14
-9
-7
-2
-4
-8
-3
-4
-3
1
4
9
18
14
15
13
13
14
11
6
5
11
10
9
6
3
6
-1
6
9
8
17
18
20
16
15
14
12
10
15
19
17
21
18
24
24
24
21
22
23
25
22
14
18
19
19
18
20
16
15
11
10
3
-2
1
-5
-3
4
4
4
11
8
4
6
5
8
5
8
6
6
12
7
9
6
5
6
0
0
1
-5
-6
-6
-13
-11
-11
-9
-10
-7
0
0
5
7
10
8
6
2
-9
-10
-15
-18
-21
-16
-19
-13
-7
-10
-10
-12
-13
-13
-13
-17
-6
-11
-12
-13
-16
-11
-18
-14
-14
-11
-8
-4
-9
-7
-6
-10
-6
-12
-11
-7
-11
-9
-8
-8
-7
-5
-4
-1
-5
3
10
7
8
14
16
4
9
4
3
9
5
6
1
-1
-10
-8
-12
-13
-8
-3
-7
-8
-4
-11
-9
-7
-10
-5
-3
-3
-5
-6
-9
-6
-11
-8
1
3
12
13
12
9
15
4
4
9
10
6
6
13
7
13
6
6
6
2
9
9
7
11
16
14
14
17
22
29
26
25
25
32
24
22
23
23
27
21
17
17
17
18
13
11
17
11
2
6
5
3
-2
-6
-8
-10
-13
-22
-25
-27
-28
-28
-29
-27
-30
-29
-37
-46
-43
-43
-48
-50
-44
-42
-43
-42
-45
-42
-37
-31
-34
-29
-24
-22
-16
-7
-5
-1
0
1
3
3
7
10
13
15
21
27
26
26
25
23
25
31
35
39
35
38
31
19
18
18
15
16
18
15
18
25
27
26
27
22
22
21
21
21
18
13
11
12
4
4
1
0
7
12
16
11
13
10
2
4
1
1
-5
-7
-9
-12
-12
-8
-13
-18
-16
-22
-28
-32
-37
-39
-36
-35
-37
-34
-33
-37
-42
-43
-41
-40
-34
-35
-31
-24
-19
-18
-17
-10
-10
-8
-9
-6
-3
-1
1
8
18
23
29
32
33
37
39
41
45
44
42
41
42
39
33
33
33
28
26
20
21
19
17
17
11
9
4
0
4
6
4
8
2
8
14
13
10
10
11
9
9
7
12
12
13
13
15
10
5
6
5
6
7
6
-3
-3
-7
-22
-22
-23
-27
-31
-32
-35
-39
-38
-32
-27
-30
-26
-23
-19
-21
-20
-17
-16
-15
-16
-17
-19
-14
-12
-17
-13
-16
-15
-9
-12
-17
-16
-16
-24
-25
-21
-21
-23
-26
-25
-27
-27
-19
-23
-17
-10
-7
-3
2
7
7
7
10
16
20
23
23
23
21
25
25
27
29
28
28
27
23
15
19
16
9
11
9
10
12
11
6
6
6
4
10
12
11
15
12
13
10
9
8
12
10
15
13
13
17
13
10
4
0
-3
-3
-4
-3
-2
-3
-7
-1
4
-3
2
1
5
7
9
10
15
14
16
18
18
13
9
5
-2
-5
-11
-10
-16
-23
-21
-18
-22
-26
-32
-32
-38
-39
-41
-39
-35
-39
-33
-27
-24
-25
-18
-14
-12
-14
-11
-11
-11
-6
-5
1
5
-1
-5
-4
-5
1
-4
1
3
-2
3
4
8
7
12
12
15
19
24
21
25
24
21
21
18
20
21
21
21
24
22
20
18
23
21
20
24
25
29
31
26
24
32
29
29
29
32
36
42
44
49
48
49
49
41
43
36
29
23
16
6
-5
-9
-15
-23
-28
-36
-38
-46
-53
-52
-52
-58
-62
-60
-61
-61
-58
-51
-48
-44
-36
-34
-31
-31
-32
-29
-36
-36
-41
-43
-40
-49
-48
-47
-47
-42
-42
-37
-32
-25
-21
-16
-4
1
4
5
11
15
20
18
14
18
20
16
26
27
19
23
21
19
11
9
8
8
7
3
3
6
4
2
8
10
9
11
13
23
27
26
35
40
37
35
35
38
38
41
37
35
39
33
30
23
14
6
3
6
1
1
3
6
10
10
13
16
14
15
10
13
18
11
13
15
15
15
16
23
18
16
14
6
-1
-5
-10
-10
-14
-16
-17
-15
-24
-25
-19
-18
-15
-18
-15
-15
-13
-19
-27
-23
-21
-22
-27
-31
-27
-28
-23
-24
-23
-24
-18
-21
-32
-31
-36
-34
-40
-43
-44
-43
-44
-39
-39
-36
-28
-24
-20
-19
-8
-9
-1
3
13
22
19
22
31
31
32
33
34
37
34
32
27
26
29
27
20
17
14
16
15
15
15
17
23
23
27
29
31
33
26
27
33
31
31
33
34
31
24
23
18
23
25
18
19
20
17
7
2
-4
-12
-15
-17
-22
-21
-14
-13
-13
-11
-8
-10
-12
-10
-14
-12
-8
-14
-20
-20
-20
-27
-30
-27
-30
-33
-35
-33
-36
-40
-38
-36
-34
-39
-37
-33
-32
-31
-29
-23
-23
-23
-22
-18
-20
-22
-13
-10
-7
-5
-4
-1
0
5
8
8
4
7
11
-1
-2
13
11
3
6
12
6
6
13
14
10
12
23
23
19
21
27
28
23
27
29
33
30
29
37
37
36
32
29
34
31
28
25
17
19
19
16
20
10
12
21
16
22
23
12
12
2
-4
2
-10
-8
-5
-7
-6
-7
-7
-4
-4
1
6
-7
-12
-19
-25
-24
-25
-29
-34
-35
-32
-35
-39
-40
-41
-43
-39
-40
-34
-23
-20
-29
-28
-21
-21
-19
-17
-5
4
16
24
36
52
57
65
77
84
91
90
88
91
92
95
87
74
64
54
44
35
23
7
-9
-41
-65
-77
-94
-123
-142
-148
-171
-175
-152
-135
-137
-120
-73
-60
-65
-34
7
6
-5
25
54
41
31
65
77
57
56
78
67
41
43
39
7
-14
-9
-18
-35
-45
-45
-45
-35
-23
-19
-6
32
46
55
79
101
104
95
96
88
63
48
41
24
1
-4
7
-8
-34
-40
-37
-59
-87
-86
-95
-114
-119
-104
-89
-74
-57
-35
-19
-16
3
18
31
39
52
55
49
53
48
53
49
36
25
10
8
-3
-6
-6
-2
0
-14
-29
-28
-33
-42
-35
-36
-33
-21
7
17
27
58
75
81
85
98
110
110
96
84
85
82
67
59
48
39
22
0
10
3
-35
-38
-22
-25
-51
-53
-39
-72
-93
-72
-53
-71
-70
-30
-18
-50
-49
-22
-10
-19
-15
6
7
3
13
27
53
54
38
36
44
31
-2
-12
-8
-31
-34
-13
-2
-14
-21
16
32
19
2
16
18
4
-12
-10
-13
-29
-43
-41
-47
-73
-74
-42
-32
-59
-55
-35
-51
-97
-89
-65
-88
-106
-98
-72
-96
-108
-74
-55
-58
-45
-6
7
-3
-3
9
4
-14
-14
-20
-33
-72
-83
-96
-113
-133
-132
-101
-79
-48
-3
58
108
142
207
280
315
339
382
438
452
458
490
500
485
468
462
446
392
348
301
217
139
81
7
-66
-133
-178
-270
-390
-479
-541
-625
-727
-743
-747
-784
-776
-657
-548
-522
-431
-218
-76
-27
92
290
376
368
480
577
525
491
582
594
490
414
396
309
156
84
24
-109
-234
-305
-357
-427
-470
-486
-473
-427
-348
-245
-117
15
156
282
396
484
505
547
547
537
485
462
451
360
280
232
166
82
16
-4
-39
-161
-242
-294
-390
-476
-593
-787
-992
-1086
-1174
-1357
-1423
-1346
-1346
-1398
-1169
-896
-789
-626
-240
83
124
261
587
705
684
833
1048
1069
961
1074
1118
955
841
824
732
521
354
231
56
-176
-295
-401
-533
-581
-577
-464
-315
-173
70
329
560
756
911
1089
1244
1302
1303
1349
1335
1222
1134
1088
1001
829
711
624
424
209
87
-119
-382
-587
-780
-1126
-1553
-1805
-1981
-2278
-2514
-2466
-2369
-2395
-2264
-1771
-1377
-1204
-776
-183
166
291
680
1121
1201
1215
1504
1701
1544
1490
1631
1574
1331
1161
1100
854
491
220
12
-319
-715
-883
-1037
-1186
-1220
-1120
-966
-761
-478
-158
187
491
797
1089
1341
1491
1557
1623
1695
1646
1512
1459
1388
1229
1038
918
715
431
182
12
-253
-625
-892
-1138
-1532
-2024
-2333
-2513
-2792
-3005
-2934
-2793
-2806
-2660
-2125
-1667
-1440
-1006
-305
125
265
689
1241
1374
1372
1763
2062
1906
1801
1995
1967
1605
1345
1280
962
456
160
-97
-535
-959
-1149
-1273
-1467
-1525
-1378
-1135
-891
-597
-136
316
658
1025
1410
1689
1839
1916
2036
2031
1902
1781
1725
1603
1323
1064
886
604
249
-12
-237
-562
-955
-1223
-1553
-2024
-2453
-2653
-2877
-3164
-3179
-3042
-2969
-2830
-2314
-1794
-1475
-989
-258
270
547
1048
1613
1806
1904
2240
2462
2352
2260
2356
2264
1965
1747
1603
1207
749
415
87
-392
-852
-1094
-1341
-1544
-1586
-1486
-1290
-1023
-645
-193
236
660
1081
1469
1734
1958
2131
2222
2227
2151
2088
2004
1833
1535
1293
1049
674
223
-154
-483
-949
-1384
-1679
-2140
-2753
-3121
-3336
-3689
-3954
-3825
-3647
-3618
-3325
-2666
-2203
-1868
-1213
-414
88
516
1219
1758
1939
2191
2560
2658
2571
2607
2626
2410
2127
1898
1560
1076
593
178
-281
-759
-1169
-1512
-1743
-1890
-1928
-1802
-1535
-1169
-783
-294
266
795
1297
1807
2279
2564
2715
2888
2958
2851
2722
2662
2480
2049
1682
1381
904
349
-82
-475
-1049
-1581
-1965
-2491
-3153
-3526
-3733
-4102
-4321
-4184
-3992
-3920
-3554
-2835
-2265
-1822
-1052
-230
288
782
1458
2042
2239
2513
2891
2973
2835
2825
2819
2541
2162
1880
1532
985
500
80
-428
-968
-1362
-1656
-1934
-2088
-2048
-1941
-1762
-1368
-855
-347
267
921
1448
1942
2423
2812
2995
3145
3268
3249
3113
2937
2652
2188
1774
1329
771
241
-206
-714
-1335
-1791
-2194
-2852
-3397
-3659
-4013
-4442
-4525
-4380
-4400
-4273
-3695
-3029
-2617
-2013
-1042
-307
191
912
1725
2152
2385
2819
3135
3092
2979
3012
2885
2582
2249
1948
1535
1018
601
170
-282
-728
-1080
-1353
-1631
-1784
-1789
-1647
-1404
-1030
-581
-54
555
1141
1669
2202
2715
3020
3206
3433
3483
3318
3132
2863
2444
1934
1500
1034
424
-157
-637
-1170
-1697
-2199
-2809
-3363
-3786
-4169
-4625
-4850
-4804
-4886
-4847
-4319
-3676
-3246
-2627
-1589
-729
-204
582
1479
1965
2232
2768
3130
3068
2991
3189
3120
2674
2401
2246
1809
1197
834
417
-187
-717
-1016
-1348
-1793
-2016
-2029
-1977
-1848
-1479
-960
-410
165
841
1523
2141
2684
3151
3471
3704
3845
3780
3573
3273
2908
2409
1845
1341
757
100
-498
-1012
-1529
-2221
-2892
-3338
-3808
-4381
-4765
-4882
-5012
-5126
-4883
-4250
-3732
-3202
-2259
-1177
-425
255
1215
2028
2398
2803
3369
3581
3426
3387
3468
3154
2724
2487
2230
1721
1207
848
334
-283
-830
-1301
-1735
-2103
-2351
-2403
-2291
-2089
-1718
-1159
-486
168
893
1704
2405
2951
3447
3866
4072
4039
3908
3688
3257
2691
2057
1500
909
189
-446
-971
-1482
-2175
-2890
-3436
-3951
-4549
-5030
-5211
-5396
-5563
-5448
-4908
-4309
-3789
-2898
-1761
-830
-81
912
1945
2529
2906
3514
3909
3807
3680
3715
3472
3003
2671
2334
1830
1293
868
404
-159
-661
-1155
-1644
-1969
-2240
-2468
-2440
-2211
-1968
-1598
-898
-163
482
1276
2212
2894
3343
3956
4469
4477
4249
4175
3907
3170
2477
1989
1286
388
-266
-718
-1409
-2211
-2821
-3323
-3976
-4629
-5108
-5409
-5677
-5822
-5685
-5314
-4794
-4206
-3357
-2256
-1174
-270
749
1904
2685
3129
3713
4208
4224
4062
4160
4029
3498
3045
2779
2302
1604
1138
747
179
-452
-886
-1267
-1744
-2137
-2381
-2492
-2472
-2349
-1990
-1445
-842
-130
765
1710
2523
3260
3987
4555
4727
4696
4552
4195
3516
2801
2173
1387
438
-226
-740
-1484
-2262
-2862
-3369
-4083
-4762
-5228
-5624
-6027
-6191
-6015
-5689
-5227
-4579
-3609
-2484
-1432
-365
792
1874
2682
3324
3968
4355
4370
4324
4349
4097
3515
3078
2736
2173
1532
1091
639
25
-554
-973
-1387
-1929
-2336
-2518
-2670
-2751
-2579
-2176
-1688
-1063
-211
761
1690
2597
3556
4344
4843
5140
5252
5083
4676
4120
3428
2562
1682
871
138
-596
-1405
-2210
-2869
-3485
-4217
-4879
-5340
-5706
-6095
-6222
-6014
-5711
-5359
-4613
-3566
-2589
-1599
-397
862
1790
2586
3473
4054
4214
4316
4442
4216
3741
3355
2995
2432
1761
1277
794
210
-370
-831
-1219
-1666
-2149
-2513
-2592
-2654
-2688
-2440
-1937
-1446
-927
2
1077
1904
2719
3775
4551
4824
5055
5343
5118
4476
4003
3503
2524
1538
965
260
-768
-1679
-2158
-2871
-3751
-4422
-4813
-5337
-5945
-6109
-6030
-5885
-5724
-5119
-4203
-3293
-2434
-1312
7
1076
1906
2912
3754
4095
4220
4456
4447
3947
3454
3227
2798
2040
1527
1179
674
14
-424
-749
-1303
-1929
-2263
-2384
-2688
-2943
-2745
-2322
-2034
-1628
-749
234
990
1839
2912
3681
4032
4411
4800
4753
4352
3960
3512
2740
1882
1262
584
-308
-1242
-1842
-2427
-3214
-3932
-4296
-4657
-5214
-5552
-5508
-5326
-5276
-4840
-3958
-3145
-2405
-1304
16
1013
1827
2885
3777
4194
4388
4674
4694
4314
3830
3523
3089
2335
1785
1442
930
212
-300
-606
-1128
-1817
-2208
-2354
-2691
-3020
-2940
-2632
-2382
-1994
-1241
-340
385
1235
2245
3040
3483
3775
4064
4020
3626
3184
2722
2060
1307
722
179
-523
-1314
-1876
-2373
-3057
-3668
-4044
-4377
-4833
-5121
-5028
-4844
-4702
-4265
-3465
-2631
-1883
-937
231
1251
2041
2889
3672
4046
4231
4384
4383
4020
3569
3259
2800
2173
1664
1278
800
306
0
-325
-765
-1236
-1564
-1832
-2147
-2292
-2239
-1999
-1678
-1210
-558
210
1019
1765
2435
2998
3343
3518
3538
3311
2862
2356
1799
1187
546
-13
-514
-1216
-1840
-2328
-2846
-3429
-3836
-4006
-4370
-4721
-4697
-4518
-4510
-4242
-3469
-2749
-2097
-1218
-65
793
1448
2377
3158
3459
3622
3961
3897
3500
3177
2929
2444
1854
1541
1192
692
295
53
-249
-639
-960
-1156
-1372
-1599
-1687
-1653
-1516
-1248
-864
-274
436
1108
1730
2351
2841
3078
3170
3167
3006
2534
2006
1481
896
222
-359
-857
-1510
-2119
-2547
-2869
-3336
-3774
-3950
-4094
-4338
-4335
-4047
-3869
-3610
-3041
-2258
-1661
-956
34
944
1628
2378
3160
3572
3782
3966
3964
3624
3287
2979
2566
1999
1533
1135
671
221
-126
-433
-778
-1079
-1289
-1447
-1570
-1568
-1471
-1243
-845
-392
125
814
1542
2151
2563
2976
3181
3125
2975
2753
2328
1696
1144
633
-6
-686
-1160
-1745
-2377
-2868
-3356
-3870
-4335
-4501
-4610
-4679
-4554
-4160
-3780
-3289
-2555
-1793
-1052
-306
582
1346
1957
2603
3105
3349
3526
3668
3545
3232
2943
2590
2114
1637
1232
782
303
-32
-386
-701
-1027
-1303
-1498
-1674
-1679
-1586
-1418
-1051
-449
206
907
1671
2426
2997
3321
3572
3577
3292
2902
2502
1879
1092
451
-109
-797
-1372
-1846
-2371
-2851
-3242
-3588
-4076
-4464
-4640
-4773
-4835
-4559
-4118
-3667
-2939
-1973
-938
-27
964
1999
2741
3302
3825
4119
4174
4088
3921
3553
3015
2543
2029
1465
980
613
187
-202
-476
-748
-1133
-1487
-1694
-1925
-2176
-2203
-1946
-1687
-1271
-558
272
1037
1893
2814
3490
3876
4165
4203
3841
3288
2704
1921
955
126
-544
-1229
-1958
-2481
-2903
-3382
-3805
-4115
-4449
-4788
-5069
-5192
-5136
-4969
-4640
-4014
-3146
-2163
-1112
99
1393
2495
3372
4232
4844
5051
5043
4928
4519
3792
3161
2597
1895
1145
702
358
-124
-505
-692
-980
-1402
-1672
-1814
-2040
-2274
-2265
-1990
-1712
-1308
-562
305
1173
2085
3084
3905
4407
4640
4664
4389
3849
3090
2218
1295
338
-576
-1356
-2159
-2976
-3592
-3972
-4382
-4865
-5065
-5073
-5220
-5349
-5114
-4814
-4553
-3932
-2881
-1902
-981
266
1635
2646
3515
4551
5233
5416
5511
5491
4980
4244
3584
2881
1985
1174
553
-66
-689
-1205
-1559
-1884
-2257
-2579
-2711
-2811
-2935
-2902
-2562
-2027
-1463
-728
272
1310
2239
3141
3976
4441
4601
4620
4392
3835
3113
2318
1442
480
-359
-1174
-2141
-2891
-3503
-4125
-4772
-5157
-5396
-5760
-5912
-5674
-5424
-5193
-4520
-3532
-2631
-1721
-464
860
1919
2973
4127
4887
5326
5759
5983
5732
5259
4838
4228
3395
2603
1910
1128
373
-204
-794
-1374
-1951
-2411
-2747
-3015
-3172
-3239
-3012
-2633
-2093
-1363
-402
629
1568
2553
3462
4047
4394
4616
4557
4158
3623
2995
2230
1454
674
-118
-1039
-1874
-2598
-3386
-4172
-4749
-5226
-5762
-6091
-6098
-5974
-5862
-5335
-4536
-3706
-2772
-1575
-287
867
1968
3114
4013
4560
5050
5374
5335
5082
4842
4448
3847
3184
2618
1915
1184
578
-7
-683
-1339
-1846
-2336
-2795
-3212
-3423
-3402
-3160
-2697
-2001
-1120
-133
909
1926
2808
3535
4068
4352
4336
4068
3717
3181
2488
1776
1183
450
-406
-1186
-1790
-2438
-3259
-3933
-4422
-4992
-5593
-5818
-5843
-5877
-5721
-5050
-4172
-3409
-2403
-1006
240
1239
2354
3401
4066
4530
4981
5161
4985
4762
4499
4000
3451
2975
2480
1891
1371
845
215
-433
-1006
-1595
-2207
-2622
-2960
-3171
-3135
-2836
-2409
-1798
-909
124
1075
1945
2773
3362
3650
3837
3823
3503
2939
2392
1878
1239
532
-178
-811
-1398
-2004
-2598
-3115
-3654
-4269
-4637
-4852
-5088
-5255
-5071
-4584
-4145
-3543
-2624
-1557
-606
429
1629
2580
3293
3944
4518
4663
4545
4466
4201
3715
3218
2800
2289
1730
1230
806
358
-155
-612
-1079
-1421
-1826
-2278
-2422
-2433
-2400
-2211
-1640
-959
-357
385
1269
1892
2307
2789
3090
2980
2728
2552
2137
1462
955
436
-362
-985
-1420
-1968
-2600
-2982
-3261
-3785
-4106
-4132
-4269
-4408
-4135
-3642
-3247
-2691
-1809
-910
-179
703
1666
2346
2982
3597
3984
4036
3996
3936
3652
3268
2956
2575
2047
1651
1215
711
299
-93
-481
-878
-1146
-1356
-1655
-1824
-1744
-1673
-1544
-1131
-530
-1
465
1045
1534
1716
1902
2080
1948
1652
1323
1003
567
89
-375
-910
-1350
-1737
-2230
-2669
-2901
-3194
-3587
-3645
-3499
-3558
-3482
-2964
-2435
-2189
-1614
-700
-74
373
1202
2028
2361
2650
3156
3385
3177
3133
3117
2756
2359
2183
1910
1471
1132
932
581
153
-84
-261
-542
-775
-961
-1034
-960
-884
-767
-483
-29
389
724
1127
1533
1677
1674
1642
1473
1070
687
422
-30
-504
-928
-1396
-1867
-2248
-2530
-2895
-3133
-3270
-3490
-3587
-3451
-3313
-3212
-2852
-2215
-1711
-1256
-475
306
863
1459
2105
2484
2734
3037
3289
3134
2904
2853
2623
2174
1830
1565
1153
764
459
211
-104
-285
-388
-516
-620
-637
-566
-485
-328
-78
188
494
849
1163
1406
1544
1636
1553
1374
1188
885
518
150
-178
-504
-961
-1555
-2010
-2381
-2789
-3202
-3433
-3471
-3563
-3584
-3300
-3004
-2828
-2415
-1711
-1089
-615
78
875
1413
1860
2505
2942
3083
3118
3193
3048
2671
2362
2083
1680
1273
936
551
188
-96
-340
-607
-886
-1076
-1168
-1173
-1096
-926
-563
-148
304
690
1204
1749
2105
2277
2336
2358
2127
1749
1350
944
395
-133
-577
-1033
-1639
-2206
-2553
-2908
-3372
-3694
-3799
-3939
-4058
-3937
-3515
-3202
-2825
-2146
-1315
-639
84
1038
1835
2353
2921
3454
3621
3616
3592
3457
3025
2604
2266
1843
1272
810
373
-68
-465
-821
-1179
-1467
-1623
-1793
-1916
-1894
-1748
-1552
-1105
-465
120
752
1510
2244
2709
2975
3181
3167
2852
2453
2029
1397
691
41
-536
-1216
-1906
-2466
-2915
-3340
-3775
-4090
-4319
-4476
-4500
-4226
-3877
-3485
-2858
-2041
-1226
-445
494
1510
2345
3120
3838
4235
4444
4616
4516
4213
3780
3264
2650
1900
1304
714
56
-462
-827
-1260
-1685
-1969
-2142
-2304
-2418
-2253
-2098
-1809
-1362
-787
-67
678
1491
2340
3027
3403
3646
3698
3521
3032
2417
1794
1004
196
-437
-1096
-1978
-2736
-3218
-3722
-4412
-4873
-4997
-5198
-5318
-5075
-4626
-4200
-3621
-2627
-1560
-732
251
1441
2419
3197
3982
4676
5039
5129
5160
5031
4614
3979
3417
2817
2073
1274
651
113
-512
-1036
-1450
-1771
-2216
-2466
-2451
-2430
-2479
-2171
-1579
-1053
-390
531
1524
2310
2963
3488
3754
3688
3433
3052
2463
1763
1000
317
-370
-1215
-2019
-2671
-3303
-4057
-4682
-5018
-5410
-5827
-5848
-5558
-5345
-4985
-4181
-3144
-2272
-1283
-24
1080
1947
2901
3858
4439
4786
5142
5329
5073
4667
4275
3747
3036
2292
1652
1011
312
-319
-821
-1247
-1721
-2125
-2371
-2527
-2694
-2630
-2227
-1758
-1226
-444
599
1533
2386
3228
3880
4135
4158
4088
3652
2964
2258
1589
745
3
-696
-1459
-2267
-2881
-3450
-4184
-4702
-5080
-5397
-5605
-5464
-5192
-4835
-4172
-3153
-2155
-1181
41
1206
2152
3074
3955
4583
4919
5207
5350
5174
4867
4504
3948
3238
2598
1892
1098
325
-313
-983
-1562
-2015
-2514
-2935
-3169
-3280
-3339
-3095
-2613
-1994
-1299
-352
674
1488
2225
2908
3315
3373
3284
3106
2649
1978
1350
747
43
-766
-1434
-1962
-2621
-3345
-3891
-4285
-4854
-5342
-5389
-5275
-5147
-4717
-3820
-2938
-2079
-941
408
1400
2266
3385
4213
4612
4981
5365
5321
5021
4821
4519
3917
3262
2793
2158
1391
685
39
-645
-1371
-2015
-2558
-2998
-3335
-3516
-3501
-3253
-2900
-2356
-1519
-642
231
1116
1932
2527
2831
3047
3046
2712
2258
1870
1332
698
116
-494
-1113
-1698
-2254
-2841
-3346
-3735
-4191
-4599
-4718
-4744
-4681
-4287
-3529
-2740
-1909
-711
549
1511
2458
3555
4312
4791
5246
5577
5521
5258
5052
4711
4129
3544
2997
2327
1622
908
208
-472
-1122
-1792
-2444
-2955
-3395
-3731
-3738
-3557
-3260
-2759
-1999
-1129
-406
328
1087
1600
1839
2020
2042
1816
1443
1095
703
161
-384
-919
-1381
-1884
-2365
-2870
-3326
-3758
-4186
-4422
-4496
-4504
-4324
-3832
-3132
-2414
-1590
-442
691
1597
2563
3551
4215
4658
4997
5265
5216
5034
4892
4628
4199
3774
3354
2823
2192
1563
916
180
-539
-1278
-1978
-2576
-3037
-3314
-3391
-3231
-2831
-2335
-1575
-683
106
703
1276
1706
1849
1795
1651
1379
952
523
170
-151
-702
-1147
-1366
-1710
-2283
-2782
-3084
-3526
-4133
-4449
-4458
-4582
-4596
-4078
-3277
-2634
-1819
-559
637
1477
2437
3471
4116
4443
4733
4915
4786
4499
4231
3962
3588
3188
2863
2545
2100
1552
1051
575
-135
-953
-1520
-2014
-2689
-3133
-3146
-3020
-2875
-2332
-1362
-609
18
783
1465
1732
1731
1736
1530
1052
570
172
-221
-667
-1155
-1512
-1684
-1999
-2421
-2691
-2856
-3263
-3762
-3898
-3909
-4132
-4072
-3457
-2829
-2324
-1399
-127
769
1560
2679
3636
4145
4544
5023
5096
4829
4644
4457
4029
3576
3296
2939
2516
2093
1659
1191
691
99
-535
-1096
-1694
-2288
-2641
-2751
-2821
-2675
-2155
-1474
-909
-318
425
948
1124
1248
1259
923
481
143
-255
-762
-1252
-1607
-1910
-2226
-2515
-2751
-2888
-3059
-3331
-3534
-3496
-3572
-3706
-3468
-2934
-2568
-2084
-1090
-95
621
1514
2644
3389
3856
4424
4875
4807
4629
4654
4403
3835
3445
3236
2806
2233
1878
1559
1093
567
199
-235
-820
-1353
-1700
-1996
-2289
-2334
-2143
-1808
-1461
-959
-381
30
283
487
603
402
80
-126
-403
-874
-1232
-1467
-1842
-2199
-2386
-2496
-2795
-3023
-3036
-3200
-3402
-3314
-3157
-3043
-2717
-2111
-1571
-1070
-203
670
1270
1996
2831
3416
3812
4250
4594
4570
4504
4506
4308
3908
3697
3466
3023
2557
2211
1762
1235
822
345
-116
-499
-875
-1275
-1429
-1486
-1545
-1443
-1065
-687
-416
-60
251
300
219
155
-156
-660
-1011
-1307
-1730
-2059
-2267
-2589
-2834
-2890
-3076
-3404
-3547
-3584
-3958
-4151
-3877
-3656
-3590
-3032
-2163
-1636
-1099
-40
955
1439
2152
3115
3526
3666
4114
4428
4166
4026
4174
3986
3519
3372
3351
2998
2677
2500
2219
1722
1373
965
424
-70
-455
-767
-1001
-1039
-1023
-838
-470
-96
185
458
673
642
447
204
-204
-794
-1285
-1729
-2244
-2631
-2836
-3062
-3316
-3396
-3391
-3596
-3742
-3739
-3881
-4035
-3798
-3551
-3401
-2977
-2207
-1517
-932
81
1143
1821
2436
3275
3797
3984
4186
4327
4125
3808
3732
3531
3141
2860
2752
2512
2216
2046
1859
1525
1188
861
476
91
-285
-538
-686
-711
-583
-279
101
500
894
1229
1368
1305
1180
852
281
-362
-969
-1536
-2168
-2652
-2939
-3306
-3555
-3646
-3748
-3957
-4063
-4050
-4164
-4306
-4137
-3863
-3613
-3137
-2379
-1618
-831
166
1124
1890
2650
3474
3911
4162
4404
4443
4195
3911
3690
3302
2885
2610
2361
2010
1802
1682
1400
1017
730
421
14
-437
-746
-938
-1057
-1055
-865
-494
-42
434
902
1405
1621
1527
1413
1173
591
-85
-574
-1157
-1927
-2445
-2660
-3163
-3605
-3605
-3639
-4005
-4238
-4090
-4243
-4512
-4312
-3872
-3712
-3275
-2313
-1432
-765
224
1450
2297
2971
3786
4413
4667
4849
4969
4753
4352
4053
3676
3121
2687
2326
1897
1529
1270
935
565
283
-84
-516
-855
-1123
-1440
-1606
-1478
-1256
-941
-400
217
754
1282
1654
1790
1705
1519
1112
459
-74
-689
-1368
-1937
-2264
-2690
-3197
-3424
-3573
-3909
-4188
-4165
-4275
-4506
-4436
-4134
-3931
-3568
-2772
-1916
-1157
-160
1040
1984
2756
3608
4301
4637
4909
5114
4940
4581
4326
3969
3424
2951
2629
2161
1661
1333
946
513
104
-305
-703
-1081
-1390
-1594
-1696
-1605
-1369
-1025
-509
77
609
1199
1690
1882
1908
1832
1571
1017
393
-80
-746
-1387
-1745
-2189
-2789
-3161
-3330
-3785
-4284
-4449
-4583
-5011
-5149
-4792
-4604
-4400
-3704
-2694
-1970
-1166
113
1265
2023
2923
3931
4469
4726
5021
5196
4921
4648
4507
4172
3590
3197
2914
2445
1995
1590
1178
703
182
-268
-673
-1094
-1475
-1697
-1647
-1522
-1286
-765
-111
458
1007
1568
1936
1897
1810
1643
1185
543
61
-379
-1014
-1490
-1811
-2291
-2832
-3203
-3530
-4025
-4510
-4749
-5017
-5365
-5324
-5069
-4794
-4294
-3514
-2601
-1832
-854
249
1171
1999
2863
3566
4042
4490
4739
4782
4745
4676
4438
4044
3793
3461
3024
2653
2293
1781
1241
834
381
-175
-620
-888
-1217
-1379
-1212
-918
-579
-52
613
1202
1637
1998
2180
2076
1892
1583
1041
492
23
-480
-947
-1255
-1649
-2179
-2563
-2844
-3379
-4016
-4365
-4744
-5273
-5500
-5254
-5097
-4861
-4182
-3258
-2532
-1692
-513
491
1173
2033
2954
3446
3755
4148
4393
4288
4151
4148
3953
3571
3328
3083
2680
2227
1827
1346
843
271
-263
-807
-1209
-1566
-1739
-1668
-1524
-1213
-734
-56
548
1107
1691
2092
2110
2040
1925
1527
992
581
254
-241
-668
-881
-1309
-1823
-2198
-2594
-3209
-3826
-4202
-4665
-5143
-5276
-5172
-5069
-4668
-3894
-3030
-2231
-1212
-48
890
1736
2709
3423
3858
4283
4601
4689
4601
4559
4433
4109
3835
3590
3155
2671
2218
1739
1156
548
-4
-590
-1123
-1496
-1858
-2000
-1942
-1730
-1376
-865
-246
288
836
1345
1554
1585
1604
1433
1021
608
378
-13
-568
-804
-1058
-1686
-2168
-2463
-2957
-3719
-4134
-4340
-4854
-5280
-5148
-4893
-4821
-4325
-3379
-2538
-1830
-737
433
1231
2023
2974
3719
4123
4495
4900
5007
4887
4789
4757
4475
4116
3773
3413
2925
2298
1701
1122
488
-231
-753
-1095
-1504
-1824
-1758
-1639
-1552
-1236
-632
-79
277
766
1292
1406
1312
1409
1311
924
594
442
132
-391
-684
-969
-1569
-2175
-2611
-3158
-3900
-4475
-4783
-5189
-5494
-5338
-5093
-4868
-4302
-3464
-2657
-1885
-845
251
1090
1890
2783
3489
3932
4329
4663
4733
4700
4717
4559
4223
3921
3577
3093
2573
2042
1392
749
112
-527
-1098
-1527
-1817
-2054
-2059
-1889
-1611
-1264
-713
-148
327
786
1197
1401
1474
1566
1492
1277
1059
904
612
200
-113
-486
-1129
-1746
-2216
-2872
-3633
-4120
-4466
-4934
-5210
-4996
-4722
-4483
-3878
-3022
-2258
-1535
-538
490
1225
1936
2809
3415
3785
4166
4561
4657
4600
4624
4489
4156
3838
3553
3094
2544
1972
1350
625
-94
-693
-1247
-1726
-2005
-2152
-2077
-1867
-1568
-1176
-673
-161
328
845
1301
1541
1630
1732
1686
1487
1279
1147
851
411
127
-212
-942
-1638
-2098
-2737
-3535
-4104
-4377
-4832
-5243
-5102
-4842
-4702
-4360
-3528
-2715
-2150
-1270
-182
652
1274
2159
2940
3330
3581
4009
4225
4112
4067
4113
3931
3535
3226
2889
2398
1787
1257
720
31
-637
-1139
-1505
-1886
-2130
-2031
-1794
-1535
-1119
-480
90
538
1057
1663
1930
1955
2113
2186
1996
1686
1558
1313
815
442
99
-553
-1311
-1851
-2393
-3172
-3841
-4191
-4607
-5063
-5134
-4941
-4792
-4454
-3711
-2894
-2237
-1388
-277
664
1449
2349
3139
3680
4111
4507
4649
4531
4400
4248
3923
3499
3079
2597
2108
1509
865
238
-355
-959
-1516
-1880
-2190
-2455
-2474
-2256
-2011
-1695
-1175
-514
31
586
1272
1733
1870
2109
2319
2176
1877
1738
1480
839
338
-27
-769
-1610
-2079
-2540
-3286
-3858
-4045
-4440
-4907
-4906
-4684
-4643
-4299
-3475
-2771
-2192
-1208
-14
835
1654
2754
3607
4075
4524
4955
5014
4834
4813
4636
4160
3662
3263
2642
1989
1418
806
140
-468
-949
-1420
-1837
-2169
-2433
-2504
-2328
-2118
-1844
-1304
-635
-95
538
1250
1776
2063
2405
2617
2459
2200
2024
1626
938
346
-118
-880
-1728
-2281
-2852
-3542
-4092
-4354
-4754
-5180
-5221
-5015
-4947
-4694
-4014
-3252
-2596
-1676
-464
517
1386
2460
3439
4024
4478
4956
5098
4924
4809
4603
4155
3631
3164
2614
1948
1243
640
83
-519
-1076
-1564
-1980
-2295
-2562
-2645
-2507
-2334
-2003
-1479
-832
-225
474
1322
1971
2325
2669
2954
2890
2604
2330
1960
1307
635
169
-548
-1423
-1991
-2438
-3138
-3821
-4099
-4438
-4941
-5113
-4870
-4789
-4690
-4036
-3194
-2578
-1802
-559
549
1394
2471
3603
4288
4727
5256
5502
5250
4959
4748
4267
3601
3063
2536
1904
1245
684
108
-501
-1057
-1517
-1916
-2322
-2613
-2722
-2605
-2473
-2208
-1657
-943
-333
332
1176
1890
2245
2575
2980
2910
2589
2309
1960
1240
543
84
-691
-1636
-2254
-2701
-3404
-4077
-4371
-4641
-5066
-5196
-4961
-4857
-4688
-4038
-3264
-2591
-1744
-501
570
1460
2496
3515
4214
4715
5185
5390
5206
4951
4646
4099
3499
2925
2335
1637
1040
436
-249
-841
-1344
-1813
-2229
-2517
-2738
-2851
-2709
-2468
-2194
-1712
-965
-264
412
1226
2004
2471
2790
3113
3092
2783
2458
2119
1474
762
180
-498
-1361
-2062
-2582
-3230
-3871
-4239
-4511
-4850
-5045
-4892
-4743
-4563
-4035
-3263
-2524
-1671
-501
679
1648
2642
3672
4422
4906
5239
5440
5250
4936
4545
3992
3336
2642
2019
1351
681
61
-552
-1105
-1601
-2032
-2367
-2573
-2769
-2823
-2604
-2333
-2001
-1452
-699
6
669
1461
2292
2787
3116
3412
3437
3104
2660
2302
1618
749
112
-500
-1321
-2077
-2540
-3055
-3739
-4216
-4410
-4759
-5070
-4960
-4665
-4462
-4062
-3144
-2202
-1399
-357
910
1952
2783
3773
4559
4898
5075
5268
5132
4674
4205
3720
3026
2266
1622
964
335
-289
-813
-1362
-1836
-2260
-2592
-2839
-3067
-3052
-2898
-2571
-2154
-1577
-793
63
872
1628
2453
3013
3294
3481
3485
3153
2654
2204
1560
737
14
-670
-1511
-2279
-2850
-3399
-3974
-4348
-4597
-4953
-5111
-4956
-4781
-4574
-3953
-3068
-2302
-1450
-250
936
1872
2893
3922
4602
4993
5326
5494
5174
4761
4417
3856
3052
2317
1656
896
182
-401
-944
-1489
-1921
-2263
-2517
-2724
-2879
-2835
-2607
-2308
-1953
-1346
-561
174
881
1741
2581
3027
3403
3744
3735
3290
2861
2439
1612
641
7
-671
-1673
-2413
-2890
-3484
-4192
-4488
-4557
-4923
-5161
-4870
-4557
-4379
-3813
-2887
-2088
-1311
-134
1137
2073
3048
4094
4819
5183
5464
5606
5321
4831
4317
3714
2917
2139
1440
740
111
-536
-1135
-1601
-2037
-2471
-2778
-2873
-2985
-3037
-2741
-2281
-1979
-1499
-636
214
864
1635
2591
3128
3329
3635
3735
3321
2789
2371
1679
682
-82
-682
-1619
-2534
-3049
-3496
-4163
-4643
-4716
-4865
-5105
-4963
-4574
-4310
-3879
-3017
-2017
-1204
-186
1124
2224
3098
4038
4886
5377
5558
5654
5532
5014
4368
3735
2964
2030
1173
437
-252
-948
-1544
-1991
-2422
-2844
-3125
-3182
-3223
-3282
-3041
-2598
-2206
-1743
-944
-11
746
1526
2484
3227
3548
3764
3967
3750
3151
2611
2071
1176
209
-436
-1189
-2100
-2820
-3239
-3705
-4270
-4489
-4586
-4808
-4802
-4417
-4067
-3672
-2930
-1974
-1101
-205
995
2088
2995
3910
4739
5215
5429
5582
5446
4932
4357
3794
2975
2079
1278
507
-248
-970
-1541
-2032
-2451
-2798
-3026
-3136
-3151
-3121
-2927
-2541
-2134
-1623
-927
-33
727
1462
2357
3076
3361
3554
3746
3512
2966
2445
1892
1036
106
-536
-1304
-2221
-2846
-3232
-3714
-4203
-4338
-4318
-4538
-4570
-4200
-3882
-3577
-2889
-1930
-1097
-199
1002
2194
3049
3896
4757
5270
5447
5501
5482
5066
4404
3749
3057
2219
1328
576
-61
-703
-1365
-1814
-2155
-2559
-2886
-3001
-3004
-3161
-3113
-2688
-2331
-2060
-1435
-527
205
855
1745
2615
3003
3240
3489
3372
2794
2250
1807
978
3
-642
-1313
-2201
-2908
-3305
-3690
-4176
-4388
-4382
-4489
-4495
-4236
-3871
-3521
-2943
-2044
-1190
-300
809
1914
2837
3699
4452
5017
5332
5418
5315
4962
4428
3730
3005
2235
1468
726
59
-514
-1127
-1629
-1984
-2334
-2665
-2754
-2691
-2769
-2715
-2346
-1936
-1601
-1033
-196
526
1164
1980
2757
3115
3324
3548
3439
2924
2406
1916
1118
183
-473
-1133
-2022
-2702
-3114
-3531
-4001
-4180
-4209
-4360
-4357
-4052
-3724
-3420
-2793
-1940
-1133
-273
798
1866
2714
3521
4281
4788
4981
5078
5011
4568
3977
3403
2784
1963
1209
561
-56
-670
-1243
-1631
-1986
-2311
-2537
-2623
-2664
-2694
-2574
-2310
-1996
-1642
-1040
-342
288
941
1722
2437
2835
3137
3366
3289
2871
2387
1848
1110
321
-306
-967
-1752
-2364
-2765
-3186
-3677
-3922
-3981
-4133
-4268
-4054
-3683
-3474
-3063
-2190
-1298
-657
282
1481
2360
2999
3828
4532
4682
4716
4854
4606
3946
3383
2970
2234
1372
809
336
-309
-901
-1262
-1617
-2042
-2293
-2334
-2437
-2543
-2486
-2216
-1912
-1613
-1158
-480
201
784
1462
2187
2670
2825
2986
3049
2697
2156
1709
1209
310
-461
-970
-1672
-2397
-2863
-3130
-3581
-3921
-3919
-3958
-4124
-3959
-3536
-3258
-2870
-2076
-1223
-558
327
1440
2266
2910
3709
4352
4550
4615
4729
4480
3898
3446
2976
2264
1493
946
425
-256
-744
-1034
-1394
-1787
-1989
-2051
-2139
-2231
-2163
-1882
-1584
-1275
-839
-219
347
839
1474
2095
2463
2607
2793
2795
2432
1954
1579
1022
182
-425
-926
-1712
-2447
-2845
-3168
-3679
-3934
-3906
-4003
-4163
-3879
-3415
-3191
-2741
-1871
-1067
-459
454
1479
2214
2844
3577
4094
4263
4381
4473
4179
3673
3276
2810
2106
1477
964
374
-178
-614
-1032
-1422
-1711
-1907
-2067
-2082
-2066
-2018
-1800
-1453
-1127
-807
-200
475
979
1502
2170
2595
2622
2711
2737
2352
1784
1386
866
46
-608
-1108
-1805
-2562
-2991
-3262
-3746
-4070
-4037
-4071
-4198
-3994
-3532
-3166
-2775
-2040
-1203
-565
204
1186
2020
2653
3312
3935
4242
4306
4368
4207
3760
3231
2727
2137
1452
819
286
-217
-732
-1132
-1437
-1725
-1950
-2027
-2001
-1996
-1917
-1666
-1317
-984
-629
-70
544
1025
1566
2183
2566
2707
2853
2892
2512
2018
1620
1076
275
-465
-996
-1705
-2412
-2859
-3226
-3643
-3875
-3833
-3840
-3876
-3593
-3196
-2855
-2423
-1689
-987
-380
450
1350
2056
2667
3362
3847
4071
4168
4271
4071
3637
3229
2769
2139
1483
900
331
-259
-740
-1119
-1491
-1807
-1981
-2089
-2145
-2096
-1992
-1744
-1430
-1097
-699
-122
439
901
1415
1972
2311
2438
2609
2595
2277
1872
1520
986
225
-373
-928
-1692
-2404
-2742
-3103
-3590
-3816
-3795
-3832
-3878
-3574
-3214
-2967
-2550
-1738
-1039
-475
396
1332
1989
2569
3319
3812
4001
4154
4274
4044
3609
3246
2769
2052
1409
899
294
-326
-760
-1159
-1550
-1879
-2079
-2236
-2288
-2246
-2202
-1970
-1633
-1336
-969
-415
199
724
1263
1931
2294
2415
2612
2652
2323
1887
1589
1147
366
-253
-757
-1482
-2192
-2623
-2981
-3429
-3644
-3600
-3651
-3673
-3363
-3023
-2774
-2354
-1646
-1047
-456
362
1235
1873
2480
3269
3788
4030
4272
4407
4129
3741
3398
2950
2249
1627
1100
506
-132
-652
-1038
-1442
-1779
-1970
-2062
-2115
-2127
-2024
-1801
-1498
-1167
-745
-189
351
846
1378
1977
2314
2466
2658
2746
2439
2057
1769
1276
574
-1
-500
-1274
-1974
-2370
-2735
-3261
-3549
-3525
-3651
-3750
-3561
-3211
-3000
-2633
-1955
-1347
-827
-68
802
1409
1997
2686
3223
3463
3645
3749
3546
3204
2848
2435
1855
1322
845
296
-178
-586
-1009
-1404
-1692
-1877
-2027
-2116
-2082
-2046
-1917
-1590
-1209
-860
-359
256
746
1213
1787
2195
2334
2451
2520
2318
1931
1594
1161
507
-56
-574
-1218
-1822
-2222
-2536
-2943
-3238
-3298
-3386
-3468
-3340
-3078
-2812
-2441
-1866
-1268
-672
86
918
1652
2335
3062
3612
3910
4105
4138
3911
3605
3265
2779
2191
1698
1235
688
202
-154
-540
-971
-1278
-1520
-1776
-1938
-1981
-2000
-1922
-1707
-1394
-1040
-546
23
532
1039
1538
1917
2051
2162
2217
1973
1602
1307
882
213
-339
-835
-1454
-1998
-2356
-2648
-3030
-3231
-3268
-3381
-3401
-3222
-3041
-2870
-2461
-1830
-1305
-724
120
924
1556
2276
3043
3488
3683
3937
4003
3724
3351
3060
2616
1966
1488
1073
526
-34
-397
-754
-1191
-1522
-1672
-1862
-2035
-2042
-1998
-1901
-1703
-1385
-1006
-579
-61
451
1017
1579
1930
2130
2304
2305
2038
1738
1424
954
338
-174
-682
-1317
-1828
-2138
-2493
-2870
-2981
-2999
-3139
-3179
-2941
-2725
-2584
-2190
-1552
-1038
-518
353
1188
1766
2424
3173
3608
3731
3950
4038
3766
3401
3109
2640
1997
1487
1019
415
-121
-438
-808
-1258
-1528
-1706
-1933
-2115
-2118
-2051
-1958
-1728
-1416
-1107
-668
-145
341
835
1340
1695
1914
2120
2132
1890
1589
1288
811
229
-303
-828
-1459
-2014
-2367
-2779
-3183
-3321
-3365
-3509
-3482
-3201
-2982
-2775
-2250
-1571
-1032
-402
501
1335
1884
2534
3277
3752
3923
4167
4302
4054
3717
3446
3016
2355
1835
1414
809
202
-201
-551
-975
-1344
-1513
-1716
-1947
-2027
-1967
-1828
-1624
-1306
-888
-441
9
470
966
1408
1615
1797
1964
1858
1599
1353
1126
604
-18
-436
-1000
-1711
-2256
-2603
-3046
-3478
-3607
-3648
-3794
-3742
-3423
-3153
-2849
-2244
-1522
-965
-274
629
1380
1950
2660
3321
3703
3927
4151
4118
3812
3588
3269
2720
2156
1705
1184
528
42
-337
-823
-1285
-1539
-1739
-1978
-2091
-2054
-2007
-1887
-1561
-1195
-806
-319
215
719
1211
1611
1828
2022
2129
2002
1764
1488
1154
616
97
-376
-967
-1597
-2101
-2526
-2960
-3240
-3406
-3561
-3626
-3448
-3191
-2976
-2532
-1937
-1358
-780
2
880
1528
2191
2985
3550
3840
4127
4318
4175
3903
3672
3254
2642
2156
1653
1029
443
17
-410
-924
-1283
-1548
-1826
-2045
-2110
-2108
-2080
-1870
-1549
-1202
-778
-256
249
706
1193
1563
1738
1877
1944
1817
1553
1275
900
385
-92
-685
-1329
-1924
-2372
-2790
-3208
-3420
-3525
-3656
-3625
-3360
-3153
-2873
-2325
-1668
-1132
-537
323
1112
1724
2382
3078
3596
3849
4091
4174
3997
3767
3504
3021
2427
1916
1379
754
180
-265
-788
-1236
-1541
-1838
-2111
-2264
-2309
-2313
-2198
-1903
-1553
-1179
-656
-77
435
960
1476
1757
1918
2092
2118
1913
1644
1447
1046
475
-52
-594
-1203
-1844
-2321
-2721
-3115
-3396
-3527
-3593
-3520
-3323
-3063
-2667
-2143
-1563
-971
-240
544
1225
1939
2694
3314
3741
4066
4278
4206
4024
3832
3464
2907
2385
1910
1302
663
188
-309
-862
-1304
-1656
-2024
-2346
-2471
-2512
-2535
-2386
-2032
-1655
-1228
-693
-137
358
888
1363
1580
1765
1908
1878
1668
1445
1185
728
232
-269
-829
-1419
-1931
-2363
-2813
-3140
-3334
-3462
-3497
-3338
-3122
-2883
-2391
-1806
-1251
-648
203
1047
1721
2471
3229
3803
4152
4492
4623
4472
4254
3997
3513
2918
2459
1957
1317
733
287
-272
-860
-1268
-1672
-2106
-2398
-2534
-2637
-2632
-2404
-2069
-1715
-1267
-666
-124
361
896
1290
1458
1609
1721
1586
1375
1193
865
362
-142
-641
-1219
-1881
-2394
-2819
-3249
-3603
-3804
-3922
-3892
-3736
-3554
-3144
-2587
-1993
-1408
-595
269
976
1745
2574
3274
3709
4115
4468
4499
4318
4183
3973
3448
2919
2582
2070
1381
849
387
-218
-803
-1191
-1564
-1978
-2212
-2243
-2272
-2251
-2015
-1622
-1220
-709
-141
369
894
1367
1634
1797
1973
1954
1760
1567
1357
978
498
26
-520
-1129
-1724
-2226
-2748
-3198
-3510
-3696
-3785
-3768
-3575
-3356
-2968
-2431
-1851
-1197
-449
303
1023
1780
2488
3102
3547
3951
4175
4155
4059
3910
3536
3027
2616
2140
1565
1015
581
40
-524
-932
-1320
-1804
-2146
-2283
-2406
-2457
-2298
-1972
-1650
-1270
-708
-188
264
770
1181
1436
1577
1662
1626
1445
1248
1004
612
174
-300
-824
-1418
-2011
-2475
-2883
-3262
-3521
-3646
-3607
-3460
-3296
-2948
-2375
-1841
-1348
-625
267
964
1594
2403
3101
3538
3875
4263
4403
4212
4084
3941
3477
2936
2582
2185
1556
951
559
1
-647
-1115
-1495
-1902
-2233
-2328
-2378
-2393
-2225
-1882
-1521
-1119
-624
-97
406
807
1101
1314
1448
1385
1213
1095
930
555
127
-233
-674
-1211
-1750
-2107
-2535
-3015
-3261
-3395
-3536
-3532
-3261
-2938
-2593
-2076
-1430
-786
-177
568
1349
2036
2613
3199
3713
4003
4148
4167
4121
3879
3491
3097
2674
2176
1573
1090
592
-23
-602
-1032
-1464
-1941
-2227
-2326
-2425
-2514
-2336
-1990
-1698
-1368
-809
-281
111
567
978
1140
1235
1331
1352
1177
1001
854
590
80
-377
-706
-1228
-1838
-2266
-2544
-2974
-3306
-3336
-3215
-3145
-2956
-2457
-1870
-1433
-884
-87
645
1235
1923
2663
3226
3652
4069
4422
4445
4305
4196
3953
3441
2937
2560
2055
1437
890
372
-226
-803
-1248
-1645
-2049
-2344
-2420
-2410
-2384
-2195
-1882
-1529
-1128
-661
-165
289
566
757
1000
1063
965
850
816
602
210
-131
-518
-966
-1534
-2011
-2454
-2927
-3315
-3551
-3672
-3715
-3580
-3311
-2953
-2505
-1918
-1347
-684
83
781
1502
2161
2779
3265
3664
4009
4125
4127
4120
3976
3624
3248
2909
2422
1845
1328
803
193
-360
-792
-1256
-1678
-1952
-2084
-2201
-2194
-1998
-1726
-1399
-992
-510
-51
445
887
1090
1221
1369
1364
1155
984
857
543
187
-163
-565
-1085
-1587
-1957
-2379
-2864
-3224
-3368
-3464
-3473
-3283
-2930
-2522
-2014
-1408
-786
-91
604
1270
1941
2537
3055
3473
3819
4006
4043
4002
3916
3656
3301
2989
2575
2046
1522
1038
445
-183
-697
-1127
-1584
-1952
-2162
-2269
-2347
-2283
-2025
-1691
-1336
-879
-414
9
426
686
819
918
952
816
639
528
305
-70
-425
-724
-1167
-1700
-2147
-2526
-2970
-3431
-3617
-3650
-3689
-3587
-3225
-2724
-2219
-1647
-880
-140
507
1227
1986
2612
3064
3529
3943
4084
4064
4117
4083
3799
3423
3212
2878
2304
1796
1367
827
169
-323
-730
-1219
-1629
-1809
-1897
-2039
-2001
-1701
-1409
-1142
-724
-253
164
536
758
891
1011
974
815
656
526
277
-26
-300
-650
-1117
-1574
-1930
-2331
-2776
-3161
-3331
-3478
-3555
-3406
-3129
-2748
-2274
-1671
-1028
-344
346
1053
1691
2243
2799
3230
3506
3722
3842
3885
3793
3587
3337
3056
2684
2194
1741
1276
705
118
-365
-852
-1311
-1660
-1878
-2025
-2136
-2027
-1787
-1525
-1227
-736
-279
51
495
787
869
931
973
876
634
467
360
58
-314
-596
-920
-1464
-1998
-2297
-2676
-3139
-3362
-3413
-3459
-3469
-3266
-2815
-2346
-1881
-1233
-440
247
875
1594
2212
2670
3109
3523
3819
3906
3928
3991
3895
3584
3291
3055
2636
2095
1652
1162
537
-26
-501
-950
-1449
-1771
-1829
-1917
-1981
-1748
-1414
-1155
-821
-376
54
402
646
754
868
842
655
425
221
-46
-439
-798
-1123
-1456
-1900
-2298
-2571
-2920
-3370
-3596
-3682
-3836
-3835
-3576
-3193
-2735
-2178
-1504
-706
58
794
1556
2234
2826
3330
3701
3968
4120
4123
4077
4010
3771
3445
3153
2831
2363
1904
1460
902
343
-158
-609
-1055
-1462
-1639
-1725
-1799
-1699
-1411
-1110
-745
-265
181
589
888
1020
1101
1086
908
671
481
246
-97
-479
-879
-1196
-1641
-2113
-2443
-2732
-3127
-3452
-3492
-3551
-3605
-3464
-3111
-2689
-2245
-1622
-865
-138
537
1284
1990
2553
3028
3453
3738
3841
3857
3820
3757
3514
3196
2929
2576
2109
1628
1178
666
176
-284
-737
-1202
-1548
-1749
-1867
-1916
-1850
-1616
-1347
-1035
-641
-237
169
553
728
810
879
809
599
400
226
-52
-395
-751
-1044
-1421
-1894
-2303
-2565
-2918
-3287
-3434
-3478
-3470
-3415
-3121
-2636
-2143
-1638
-944
-123
564
1194
1921
2543
2996
3363
3752
3927
3883
3853
3822
3664
3308
3076
2840
2389
1914
1518
1052
476
-8
-372
-784
-1214
-1451
-1563
-1681
-1687
-1510
-1228
-937
-582
-181
179
538
776
840
890
827
664
383
190
-38
-415
-793
-1139
-1499
-1957
-2396
-2704
-3032
-3414
-3639
-3719
-3752
-3738
-3541
-3152
-2702
-2208
-1574
-786
-55
601
1329
2050
2615
3026
3429
3736
3846
3831
3880
3789
3521
3266
3036
2655
2145
1779
1376
865
364
-49
-443
-883
-1171
-1312
-1440
-1501
-1339
-1080
-812
-451
-17
323
693
1083
1171
1204
1234
1091
784
474
329
3
-438
-827
-1195
-1641
-2165
-2466
-2803
-3235
-3546
-3648
-3697
-3722
-3532
-3251
-2848
-2372
-1775
-1096
-407
296
1017
1746
2323
2805
3252
3576
3732
3769
3776
3687
3435
3134
2897
2561
2074
1698
1320
804
261
-111
-501
-1003
-1364
-1517
-1675
-1832
-1761
-1528
-1325
-1089
-653
-223
89
477
800
883
880
873
816
500
252
63
-277
-736
-1177
-1509
-1987
-2451
-2808
-3096
-3404
-3634
-3688
-3621
-3481
-3321
-2938
-2402
-1881
-1319
-589
236
945
1592
2257
2908
3379
3659
3996
4196
4154
4082
4030
3771
3389
3035
2663
2192
1706
1244
740
207
-277
-661
-1043
-1379
-1573
-1666
-1679
-1554
-1356
-1100
-710
-293
38
414
812
962
977
1024
989
734
488
368
104
-310
-641
-910
-1409
-1967
-2336
-2662
-3099
-3435
-3579
-3677
-3695
-3534
-3236
-2847
-2369
-1817
-1211
-563
128
850
1525
2172
2791
3218
3542
3797
3882
3834
3774
3650
3376
3050
2731
2338
1873
1440
966
440
-37
-478
-905
-1287
-1493
-1651
-1783
-1750
-1548
-1326
-1090
-640
-189
106
460
826
954
925
970
970
703
447
303
-7
-472
-904
-1223
-1714
-2251
-2630
-2987
-3367
-3712
-3820
-3798
-3734
-3576
-3188
-2722
-2213
-1634
-932
-170
488
1184
1963
2619
3092
3493
3851
4028
3990
3982
3934
3689
3344
3069
2738
2263
1811
1387
875
308
-154
-577
-1026
-1348
-1500
-1620
-1688
-1579
-1373
-1187
-880
-454
-92
219
574
864
912
928
955
823
565
370
181
-163
-539
-942
-1362
-1854
-2351
-2752
-3114
-3420
-3679
-3778
-3746
-3625
-3449
-3137
-2594
-2055
-1502
-777
48
700
1351
2061
2695
3118
3428
3818
3986
3909
3874
3834
3587
3239
2981
2642
2133
1653
1224
704
173
-245
-623
-1013
-1319
-1449
-1571
-1591
-1423
-1224
-981
-667
-230
115
434
840
1052
1035
1082
1079
895
623
476
270
-138
-584
-950
-1371
-1953
-2416
-2773
-3140
-3488
-3666
-3689
-3604
-3457
-3221
-2820
-2310
-1756
-1175
-443
303
962
1607
2282
2837
3170
3498
3783
3840
3752
3704
3642
3320
2900
2619
2229
1680
1198
804
271
-283
-694
-1062
-1423
-1686
-1778
-1797
-1767
-1595
-1306
-1020
-662
-267
103
465
739
833
910
964
857
617
444
293
-58
-419
-804
-1234
-1710
-2175
-2553
-2989
-3324
-3529
-3620
-3634
-3561
-3298
-2938
-2472
-1885
-1286
-664
95
831
1459
2106
2752
3215
3497
3787
3990
3964
3879
3749
3533
3142
2746
2373
1899
1377
889
432
-95
-531
-945
-1245
-1507
-1657
-1660
-1647
-1472
-1251
-972
-636
-244
82
413
788
980
1015
1105
1162
954
678
529
300
-113
-547
-911
-1371
-1956
-2469
-2850
-3196
-3575
-3779
-3779
-3659
-3510
-3269
-2744
-2162
-1625
-1055
-276
492
1096
1769
2484
3028
3355
3744
4092
4083
3954
3969
3887
3455
3044
2783
2371
1757
1229
825
256
-321
-700
-1000
-1390
-1666
-1700
-1692
-1646
-1488
-1159
-796
-450
-73
311
716
964
1019
1101
1184
1014
721
574
374
-60
-517
-888
-1336
-1956
-2466
-2841
-3241
-3698
-3928
-3988
-4046
-3987
-3699
-3325
-2874
-2286
-1633
-937
-242
488
1228
1897
2509
3040
3436
3719
3942
4000
3950
3857
3626
3277
2894
2498
2013
1518
1053
522
9
-422
-849
-1205
-1451
-1564
-1590
-1565
-1364
-1080
-818
-488
-19
373
677
1062
1334
1342
1349
1371
1182
844
584
373
-40
-604
-1055
-1439
-2029
-2630
-3022
-3318
-3738
-3998
-3949
-3875
-3842
-3586
-3071
-2518
-2007
-1372
-492
259
862
1586
2340
2831
3154
3534
3864
3914
3826
3844
3696
3320
2930
2665
2261
1690
1253
839
306
-224
-595
-892
-1199
-1420
-1436
-1397
-1320
-1089
-733
-377
-8
427
816
1154
1472
1539
1544
1557
1413
1144
821
563
181
-327
-813
-1283
-1823
-2449
-2927
-3314
-3719
-4034
-4177
-4139
-4033
-3828
-3532
-3038
-2417
-1835
-1194
-404
389
1037
1674
2325
2808
3089
3384
3693
3728
3564
3543
3438
3017
2601
2309
1883
1292
778
383
-97
-635
-989
-1195
-1424
-1616
-1581
-1454
-1314
-1068
-705
-308
90
482
864
1284
1463
1458
1498
1474
1201
853
679
419
-73
-587
-968
-1429
-2105
-2629
-2902
-3268
-3730
-3855
-3783
-3775
-3649
-3270
-2723
-2196
-1639
-873
-72
574
1224
2007
2619
3038
3447
3803
3994
3950
3903
3810
3560
3166
2782
2446
1955
1403
897
383
-171
-679
-1112
-1445
-1740
-1927
-1942
-1934
-1770
-1476
-1121
-763
-325
127
515
920
1211
1277
1327
1342
1159
872
612
305
-109
-591
-1108
-1543
-2071
-2639
-3057
-3364
-3724
-3973
-3974
-3883
-3715
-3473
-3008
-2409
-1805
-1140
-317
488
1174
1897
2613
3166
3588
3946
4227
4320
4239
4128
3956
3607
3170
2785
2315
1753
1191
684
174
-373
-850
-1202
-1507
-1772
-1886
-1820
-1718
-1531
-1214
-786
-370
53
487
953
1322
1373
1490
1532
1346
1056
779
543
112
-333
-793
-1251
-1784
-2361
-2837
-3212
-3609
-3976
-4122
-4094
-3976
-3808
-3439
-2853
-2292
-1712
-932
-88
617
1265
2031
2699
3133
3439
3811
3972
3880
3815
3738
3429
2984
2667
2298
1733
1211
737
200
-368
-849
-1223
-1555
-1801
-1922
-1897
-1771
-1577
-1235
-844
-398
100
507
950
1398
1577
1653
1742
1645
1348
1049
850
449
-71
-561
-979
-1501
-2152
-2592
-3002
-3487
-3873
-4060
-4135
-4049
-3900
-3551
-3009
-2440
-1815
-1100
-246
527
1251
1955
2679
3264
3635
3977
4265
4270
4100
4043
3852
3389
3001
2680
2196
1566
1036
554
-36
-582
-1000
-1303
-1648
-1805
-1796
-1785
-1649
-1357
-1002
-665
-227
218
630
1051
1350
1452
1524
1507
1341
1027
698
400
-11
-506
-1061
-1535
-2091
-2685
-3140
-3534
-3900
-4191
-4285
-4192
-4047
-3829
-3366
-2754
-2140
-1532
-756
60
741
1393
2133
2773
3142
3481
3883
4042
3944
3910
3860
3491
3012
2695
2280
1689
1144
671
156
-379
-878
-1167
-1412
-1677
-1720
-1620
-1501
-1320
-978
-554
-118
284
705
1185
1527
1684
1793
1894
1781
1512
1265
1007
641
105
-411
-907
-1467
-2083
-2582
-3042
-3496
-3858
-4076
-4131
-4073
-3886
-3573
-3055
-2484
-1864
-1131
-373
345
1028
1747
2404
2935
3329
3664
3875
3889
3847
3762
3506
3168
2863
2439
1926
1435
883
285
-295
-823
-1266
-1637
-1914
-2071
-2101
-2045
-1858
-1524
-1191
-766
-250
205
642
1090
1426
1530
1631
1658
1527
1300
1044
790
397
-51
-568
-1016
-1575
-2180
-2655
-3088
-3424
-3813
-3922
-3887
-3787
-3597
-3219
-2620
-2086
-1513
-747
73
748
1461
2197
2810
3243
3561
3927
4042
3917
3868
3778
3459
3036
2721
2268
1774
1185
646
109
-455
-948
-1401
-1702
-1957
-2057
-2039
-1931
-1693
-1378
-1032
-613
-168
277
689
1082
1311
1458
1609
1590
1395
1191
988
674
257
-307
-831
-1341
-1934
-2563
-3074
-3429
-3805
-4083
-4155
-4052
-3930
-3682
-3179
-2569
-2024
-1360
-471
327
932
1628
2414
2980
3308
3683
4101
4173
4073
4096
4014
3602
3175
2882
2410
1775
1183
739
172
-465
-947
-1287
-1626
-1905
-1933
-1847
-1759
-1559
-1188
-758
-384
35
521
943
1260
1419
1609
1716
1581
1400
1232
959
533
74
-410
-969
-1559
-2176
-2725
-3201
-3650
-4020
-4213
-4242
-4134
-3939
-3566
-3044
-2434
-1831
-1134
-343
404
1096
1802
2472
2967
3374
3724
3969
4000
3982
3942
3732
3368
2987
2558
1991
1391
844
283
-292
-802
-1237
-1563
-1803
-1924
-1918
-1792
-1588
-1317
-975
-586
-138
280
670
1072
1411
1515
1619
1699
1542
1316
1135
923
489
-37
-524
-999
-1637
-2293
-2755
-3169
-3628
-3944
-3961
-3955
-3935
-3668
-3191
-2648
-2132
-1413
-583
95
723
1496
2200
2674
3093
3508
3780
3842
3884
3856
3643
3316
3012
2693
2172
1564
1078
580
-44
-590
-1028
-1400
-1713
-1910
-1994
-2002
-1850
-1633
-1331
-952
-551
-133
314
696
1015
1236
1398
1497
1423
1282
1070
853
550
144
-402
-934
-1398
-1986
-2578
-3008
-3320
-3708
-3962
-3942
-3827
-3718
-3416
-2792
-2212
-1677
-922
-55
619
1243
2042
2708
3092
3458
3885
4123
4087
4028
4005
3754
3286
2927
2539
1991
1434
904
379
-202
-743
-1168
-1521
-1816
-1997
-1979
-1853
-1728
-1467
-1060
-638
-262
157
583
939
1168
1318
1512
1520
1351
1226
1077
791
373
-38
-527
-1071
-1624
-2168
-2639
-3127
-3458
-3722
-3845
-3833
-3714
-3481
-3135
-2587
-2021
-1431
-739
30
739
1394
2014
2658
3125
3416
3710
3876
3883
3762
3661
3360
2929
2550
2160
1616
979
454
-82
-635
-1156
-1545
-1771
-1988
-2094
-2040
-1897
-1683
-1374
-1016
-646
-211
222
615
1013
1263
1436
1597
1581
1426
1276
1074
776
355
-197
-726
-1204
-1783
-2375
-2781
-3060
-3455
-3735
-3710
-3577
-3488
-3259
-2700
-2131
-1699
-1075
-253
448
993
1719
2463
2905
3194
3603
3959
3924
3789
3829
3695
3175
2721
2446
1926
1213
650
163
-397
-967
-1359
-1634
-1910
-2109
-2082
-1941
-1815
-1598
-1166
-715
-336
85
539
923
1234
1393
1565
1655
1525
1383
1208
943
542
148
-347
-910
-1447
-1990
-2491
-2962
-3307
-3557
-3702
-3759
-3630
-3409
-3099
-2625
-2017
-1423
-777
36
769
1369
1983
2642
3133
3413
3717
3981
3992
3855
3770
3545
3076
2638
2271
1726
1078
551
49
-494
-1067
-1412
-1610
-1904
-2053
-1986
-1885
-1767
-1470
-1087
-682
-272
184
630
988
1291
1499
1625
1596
1484
1316
1098
765
373
-92
-663
-1174
-1725
-2291
-2721
-3091
-3442
-3722
-3854
-3829
-3667
-3444
-3088
-2553
-1972
-1380
-710
19
675
1334
1999
2555
3018
3426
3701
3811
3813
3741
3603
3269
2852
2482
2033
1500
971
469
-44
-544
-978
-1286
-1535
-1692
-1752
-1715
-1610
-1419
-1116
-792
-433
-10
428
793
1136
1375
1534
1627
1563
1408
1149
858
500
122
-394
-1022
-1468
-1998
-2550
-3038
-3319
-3556
-3853
-3893
-3708
-3527
-3373
-2927
-2277
-1726
-1233
-407
411
982
1629
2360
2966
3251
3564
3951
4017
3856
3754
3704
3307
2804
2470
2042
1447
877
444
-42
-579
-1004
-1222
-1473
-1739
-1770
-1623
-1506
-1338
-1058
-687
-301
61
485
860
1189
1390
1522
1549
1432
1253
1023
757
331
-116
-610
-1108
-1630
-2164
-2595
-3004
-3310
-3588
-3724
-3733
-3587
-3408
-3133
-2593
-2017
-1439
-838
-69
683
1306
1920
2543
3082
3374
3635
3839
3834
3663
3547
3366
2884
2422
2053
1577
940
391
-23
-485
-980
-1353
-1544
-1743
-1914
-1894
-1755
-1628
-1377
-1006
-634
-219
222
626
998
1300
1417
1492
1462
1320
1058
810
550
206
-276
-801
-1221
-1725
-2261
-2710
-2988
-3224
-3485
-3593
-3489
-3340
-3145
-2797
-2261
-1709
-1182
-487
292
923
1539
2214
2804
3150
3402
3701
3818
3738
3546
3427
3096
2617
2201
1830
1319
766
339
-122
-593
-1053
-1305
-1547
-1761
-1843
-1720
-1583
-1449
-1123
-707
-307
66
501
871
1248
1476
1544
1623
1541
1395
1126
848
476
39
-468
-1016
-1496
-2053
-2517
-2917
-3204
-3472
-3686
-3687
-3584
-3444
-3199
-2710
-2114
-1588
-981
-182
539
1138
1805
2432
2950
3282
3585
3828
3817
3701
3555
3350
2872
2436
2093
1580
989
511
81
-443
-891
-1217
-1482
-1703
-1810
-1779
-1669
-1509
-1262
-905
-569
-163
290
730
1086
1389
1612
1683
1679
1567
1369
1076
755
404
-69
-643
-1154
-1629
-2168
-2673
-3040
-3259
-3521
-3721
-3666
-3483
-3262
-3003
-2512
-1877
-1317
-737
42
769
1336
1957
2564
3017
3307
3567
3792
3754
3583
3469
3231
2760
2257
1901
1456
878
361
-22
-458
-948
-1236
-1384
-1567
-1710
-1635
-1447
-1335
-1118
-723
-328
4
374
789
1126
1360
1435
1517
1502
1338
1042
753
430
-16
-510
-1029
-1481
-2050
-2565
-2970
-3308
-3648
-3853
-3803
-3696
-3533
-3240
-2733
-2184
-1676
-1054
-280
395
1006
1695
2345
2808
3173
3487
3689
3692
3604
3492
3284
2908
2488
2144
1694
1160
688
212
-284
-729
-1075
-1337
-1488
-1625
-1624
-1464
-1279
-1061
-742
-338
45
452
855
1201
1510
1672
1706
1731
1586
1313
1049
764
393
-67
-561
-1076
-1583
-2167
-2701
-3063
-3336
-3616
-3770
-3680
-3506
-3322
-3067
-2532
-1914
-1430
-774
13
684
1224
1851
2464
2849
3087
3348
3541
3446
3286
3190
2979
2484
2055
1745
1233
651
220
-187
-686
-1122
-1364
-1534
-1786
-1858
-1697
-1566
-1438
-1118
-642
-296
77
587
1003
1312
1576
1725
1717
1669
1497
1246
905
584
187
-345
-887
-1339
-1842
-2422
-2813
-3086
-3391
-3635
-3583
-3432
-3272
-2958
-2434
-1869
-1349
-747
3
677
1257
1837
2458
2884
3193
3485
3694
3694
3557
3453
3238
2820
2344
2000
1533
950
462
89
-376
-887
-1214
-1433
-1631
-1823
-1750
-1563
-1411
-1193
-778
-323
-13
346
738
1105
1300
1427
1547
1516
1329
1042
779
430
-15
-479
-968
-1480
-1992
-2481
-2918
-3228
-3549
-3760
-3849
-3718
-3558
-3330
-2889
-2348
-1782
-1211
-453
301
982
1546
2204
2748
3064
3328
3607
3753
3662
3592
3488
3193
2707
2326
1928
1307
742
313
-114
-651
-1066
-1277
-1473
-1688
-1705
-1518
-1420
-1241
-912
-487
-130
237
669
1054
1361
1509
1583
1570
1427
1171
909
610
199
-214
-678
-1199
-1703
-2198
-2683
-3080
-3348
-3622
-3754
-3690
-3522
-3314
-2982
-2405
-1786
-1200
-546
257
955
1568
2166
2742
3170
3449
3736
3910
3842
3668
3563
3292
2838
2417
2045
1513
920
463
-17
-548
-1016
-1275
-1530
-1759
-1805
-1702
-1605
-1442
-1090
-687
-350
10
480
838
1109
1314
1413
1427
1342
1142
830
518
211
-183
-677
-1171
-1606
-2087
-2614
-3013
-3287
-3588
-3811
-3813
-3654
-3473
-3188
-2648
-2052
-1490
-889
-114
615
1192
1771
2385
2872
3155
3428
3655
3687
3549
3447
3261
2910
2499
2135
1748
1186
693
259
-243
-745
-1105
-1316
-1528
-1654
-1585
-1411
-1236
-994
-600
-219
97
461
839
1182
1423
1546
1575
1538
1365
1067
782
487
98
-357
-834
-1316
-1828
-2366
-2819
-3178
-3492
-3763
-3852
-3773
-3583
-3376
-2970
-2394
-1760
-1160
-482
284
950
1552
2132
2613
2956
3224
3446
3544
3490
3376
3255
3001
2619
2238
1834
1347
805
353
-116
-627
-1013
-1267
-1466
-1647
-1648
-1509
-1382
-1150
-787
-401
-57
341
761
1106
1377
1554
1597
1526
1369
1158
856
527
200
-194
-652
-1154
-1585
-2054
-2563
-2944
-3205
-3444
-3625
-3626
-3446
-3232
-2943
-2427
-1839
-1235
-637
107
841
1416
1939
2439
2878
3127
3307
3502
3568
3452
3279
3106
2757
2349
1971
1522
1031
487
3
-457
-883
-1231
-1423
-1607
-1736
-1690
-1540
-1362
-1108
-743
-358
28
384
741
1075
1253
1306
1377
1306
1083
825
601
299
-99
-508
-958
-1377
-1902
-2390
-2714
-3049
-3366
-3560
-3574
-3523
-3320
-3044
-2566
-2008
-1414
-739
-71
636
1242
1846
2338
2739
3116
3333
3493
3549
3514
3389
3205
2909
2557
2179
1733
1262
734
221
-292
-692
-1079
-1415
-1612
-1720
-1698
-1594
-1450
-1192
-825
-487
-125
283
608
894
1161
1274
1258
1234
1112
878
624
380
55
-305
-733
-1177
-1612
-2107
-2499
-2891
-3200
-3416
-3543
-3571
-3380
-3065
-2739
-2261
-1644
-1031
-440
263
915
1484
2009
2475
2900
3150
3345
3530
3535
3417
3284
3131
2796
2410
2068
1620
1115
632
182
-316
-772
-1098
-1357
-1547
-1644
-1570
-1412
-1220
-941
-583
-260
86
421
716
1006
1144
1222
1253
1159
973
728
484
183
-135
-536
-988
-1382
-1846
-2324
-2725
-3020
-3258
-3467
-3557
-3500
-3303
-3074
-2704
-2133
-1521
-946
-295
420
1045
1535
2044
2483
2792
3020
3213
3405
3377
3279
3222
3010
2664
2312
1972
1507
976
481
84
-351
-752
-1015
-1197
-1325
-1382
-1251
-1144
-1007
-718
-369
-45
299
618
929
1207
1273
1283
1251
1121
872
620
400
76
-293
-674
-1108
-1558
-2054
-2457
-2808
-3156
-3376
-3511
-3517
-3420
-3215
-2919
-2481
-1920
-1355
-767
-131
498
1073
1565
2026
2457
2731
2915
3107
3173
3076
2996
2860
2564
2177
1875
1495
1014
574
169
-210
-696
-1013
-1213
-1413
-1510
-1446
-1285
-1158
-910
-561
-264
37
383
709
956
1107
1157
1240
1185
1040
828
623
373
36
-316
-737
-1091
-1524
-1964
-2369
-2674
-2934
-3146
-3182
-3089
-2931
-2700
-2291
-1758
-1267
-749
-53
606
1113
1642
2147
2578
2848
3057
3281
3346
3251
3217
3164
2857
2487
2209
1864
1344
835
388
-70
-516
-891
-1159
-1392
-1583
-1633
-1502
-1381
-1236
-946
-572
-260
-31
272
607
822
845
904
958
803
592
437
245
-79
-389
-731
-1143
-1587
-2032
-2418
-2767
-3074
-3309
-3371
-3365
-3211
-2959
-2583
-2112
-1588
-1011
-424
196
784
1324
1803
2264
2640
2911
3139
3253
3280
3218
3188
3026
2693
2371
2029
1624
1086
624
147
-307
-703
-1013
-1227
-1402
-1454
-1401
-1253
-1133
-866
-509
-200
79
397
715
915
1059
1094
1137
1072
900
701
512
286
-89
-445
-836
-1211
-1647
-2104
-2458
-2769
-3060
-3258
-3261
-3205
-3046
-2769
-2323
-1838
-1345
-746
-121
478
968
1474
1997
2384
2627
2881
3120
3156
3106
3082
2996
2702
2361
2065
1660
1141
688
286
-195
-628
-936
-1166
-1398
-1510
-1454
-1324
-1206
-1042
-697
-374
-115
157
482
739
919
1041
1075
1069
976
799
616
402
62
-266
-642
-1060
-1517
-1936
-2272
-2649
-2874
-3132
-3211
-3117
-2977
-2763
-2438
-1968
-1459
-924
-379
230
766
1289
1807
2235
2538
2788
3057
3187
3184
3166
3101
2895
2581
2325
1986
1512
1012
588
98
-424
-799
-1053
-1280
-1463
-1447
-1340
-1258
-1099
-809
-498
-259
54
341
579
758
915
954
933
901
788
637
441
225
-109
-446
-848
-1254
-1671
-2065
-2434
-2724
-2942
-3130
-3143
-3064
-2854
-2592
-2179
-1684
-1182
-656
-84
506
983
1424
1858
2192
2419
2641
2853
2908
2880
2809
2724
2491
2170
1863
1473
1029
541
140
-300
-706
-966
-1189
-1346
-1438
-1401
-1268
-1097
-854
-529
-188
109
407
687
975
1092
1155
1181
1149
1014
815
698
494
175
-214
-560
-989
-1437
-1846
-2179
-2489
-2755
-2899
-2926
-2835
-2707
-2440
-2014
-1582
-1138
-619
-54
430
901
1366
1760
2063
2306
2574
2775
2822
2824
2830
2710
2443
2168
1871
1479
1029
576
142
-285
-675
-947
-1151
-1331
-1399
-1370
-1286
-1152
-942
-675
-389
-119
154
395
603
715
792
837
789
705
516
366
151
-121
-446
-834
-1169
-1603
-1980
-2284
-2552
-2788
-2983
-2970
-2842
-2707
-2449
-2004
-1516
-1061
-542
78
586
1050
1558
1960
2299
2567
2818
3013
3077
3081
3052
2925
2669
2389
2098
1715
1272
819
415
-22
-476
-829
-1064
-1254
-1375
-1368
-1274
-1182
-993
-720
-443
-166
77
366
632
792
839
881
855
707
547
395
175
-125
-465
-825
-1188
-1615
-1981
-2289
-2601
-2865
-3015
-2981
-2919
-2760
-2464
-2043
-1603
-1144
-624
-74
439
913
1403
1834
2147
2419
2672
2850
2930
2947
2923
2836
2640
2363
2077
1697
1274
866
443
-15
-431
-710
-954
-1157
-1280
-1277
-1206
-1111
-948
-701
-413
-147
95
344
588
742
834
904
884
792
639
460
237
-43
-359
-736
-1106
-1507
-1944
-2320
-2577
-2837
-3030
-3087
-2985
-2846
-2651
-2294
-1820
-1343
-896
-339
211
685
1097
1549
1960
2185
2426
2681
2829
2844
2845
2833
2697
2467
2223
1918
1511
1071
661
251
-183
-531
-771
-982
-1145
-1195
-1116
-1034
-908
-681
-412
-166
86
335
570
765
826
863
872
807
650
480
308
46
-238
-581
-932
-1339
-1776
-2113
-2369
-2665
-2907
-2941
-2903
-2803
-2622
-2254
-1796
-1350
-854
-279
279
720
1171
1617
1966
2237
2482
2703
2808
2810
2823
2794
2622
2373
2150
1873
1464
1022
667
264
-176
-536
-799
-1013
-1198
-1257
-1146
-1077
-957
-696
-435
-222
-13
253
489
644
736
796
798
689
543
405
212
-61
-339
-637
-987
-1336
-1714
-2049
-2396
-2649
-2850
-2965
-2940
-2851
-2604
-2332
-1935
-1439
-921
-432
75
595
1018
1455
1835
2152
2361
2538
2706
2771
2754
2726
2666
2492
2234
1968
1684
1296
864
492
105
-253
-560
-778
-927
-1052
-1018
-935
-844
-724
-514
-244
-82
75
279
481
590
606
637
585
465
262
108
-111
-398
-653
-994
-1319
-1698
-2042
-2314
-2587
-2828
-2971
-2943
-2861
-2723
-2452
-2061
-1623
-1166
-682
-144
405
837
1287
1714
2034
2233
2454
2664
2725
2752
2754
2727
2564
2364
2136
1811
1412
1003
691
348
-63
-340
-528
-717
-859
-900
-870
-843
-728
-537
-334
-141
61
295
485
582
667
720
639
504
347
209
40
-208
-432
-763
-1143
-1467
-1795
-2103
-2383
-2603
-2754
-2800
-2708
-2538
-2310
-2010
-1596
-1137
-678
-209
323
793
1158
1560
1908
2184
2379
2551
2661
2680
2665
2605
2501
2280
2036
1734
1434
1079
699
328
-70
-376
-647
-837
-1008
-1082
-1067
-984
-868
-679
-491
-280
-92
79
280
421
529
548
561
489
337
170
16
-168
-402
-683
-972
-1269
-1614
-1908
-2182
-2404
-2581
-2689
-2670
-2566
-2386
-2163
-1811
-1357
-942
-514
-19
483
906
1285
1684
2023
2215
2395
2569
2668
2646
2614
2543
2349
2103
1877
1613
1276
873
526
193
-187
-490
-672
-808
-967
-986
-894
-778
-669
-503
-304
-116
50
221
418
544
578
632
624
455
315
172
26
-212
-457
-650
-936
-1267
-1604
-1877
-2138
-2385
-2543
-2588
-2548
-2449
-2228
-1916
-1518
-1109
-716
-240
200
623
971
1298
1594
1826
2023
2206
2332
2367
2387
2359
2255
2047
1837
1611
1310
988
660
334
-34
-342
-579
-767
-912
-947
-905
-835
-734
-601
-380
-158
31
194
406
570
644
705
720
630
511
378
228
28
-225
-482
-783
-1108
-1415
-1681
-1921
-2142
-2317
-2399
-2376
-2295
-2130
-1883
-1590
-1234
-896
-513
-74
316
666
992
1325
1624
1857
2047
2206
2290
2326
2353
2292
2125
1950
1769
1466
1110
779
446
132
-120
-335
-476
-599
-720
-712
-657
-606
-501
-337
-177
-49
89
254
377
448
452
488
456
336
242
132
-14
-225
-406
-640
-947
-1279
-1536
-1794
-2079
-2304
-2444
-2497
-2520
-2380
-2161
-1902
-1565
-1168
-772
-403
19
422
773
1073
1367
1610
1789
1955
2079
2165
2205
2200
2144
2018
1862
1644
1352
1052
769
480
188
-117
-367
-533
-663
-748
-724
-635
-511
-403
-261
-87
75
255
396
497
531
534
511
448
345
228
75
-118
-305
-534
-799
-1061
-1321
-1576
-1815
-1991
-2137
-2217
-2188
-2062
-1908
-1735
-1424
-1065
-748
-421
-53
308
624
961
1260
1498
1751
1919
2038
2135
2096
2040
2046
1884
1652
1453
1263
978
691
445
144
-94
-300
-464
-598
-702
-745
-718
-680
-596
-438
-295
-155
-12
158
241
285
327
356
319
223
144
7
-134
-289
-508
-747
-967
-1178
-1414
-1627
-1818
-1946
-2001
-2006
-1916
-1777
-1547
-1243
-931
-623
-287
93
443
692
971
1248
1480
1672
1843
1987
2027
2070
2058
1970
1789
1633
1453
1217
946
673
448
162
-104
-291
-462
-628
-748
-773
-767
-726
-600
-436
-283
-146
37
169
249
297
361
355
278
188
71
-10
-111
-257
-400
-592
-818
-1024
-1245
-1481
-1686
-1825
-1927
-1974
-1936
-1853
-1678
-1464
-1160
-780
-453
-119
230
531
784
1057
1314
1497
1672
1829
1951
1969
1935
1893
1810
1670
1476
1330
1135
863
580
356
136
-101
-247
-408
-554
-606
-564
-564
-506
-379
-271
-150
-31
99
217
271
278
303
260
173
55
-44
-182
-337
-476
-670
-910
-1102
-1271
-1449
-1653
-1804
-1856
-1899
-1873
-1769
-1610
-1400
-1141
-831
-519
-203
150
479
775
1025
1230
1428
1586
1728
1852
1931
1939
1923
1882
1788
1656
1490
1295
1051
760
498
270
-9
-194
-368
-455
-531
-562
-535
-447
-363
-285
-137
-31
49
70
107
130
118
48
-25
-96
-175
-260
-354
-435
-540
-682
-862
-1043
-1232
-1438
-1602
-1714
-1809
-1852
-1769
-1649
-1520
-1287
-982
-653
-358
-45
270
536
779
983
1200
1381
1480
1591
1699
1687
1665
1638
1550
1421
1295
1164
962
770
531
302
86
-139
-298
-412
-494
-527
-503
-453
-364
-259
-131
-8
87
180
248
280
275
255
207
124
40
-24
-114
-212
-300
-410
-577
-801
-978
-1149
-1358
-1542
-1684
-1774
-1806
-1738
-1588
-1376
-1138
-864
-553
-230
43
313
583
771
957
1134
1265
1368
1460
1538
1618
1597
1595
1559
1449
1279
1087
888
657
382
152
-22
-203
-354
-455
-496
-523
-525
-459
-361
-282
-185
-57
47
113
183
222
241
228
205
171
120
38
-52
-135
-254
-360
-509
-705
-927
-1112
-1284
-1442
-1479
-1477
-1460
-1411
-1288
-1093
-911
-707
-422
-154
86
345
614
843
1052
1236
1398
1502
1542
1570
1581
1530
1448
1389
1266
1054
840
617
373
150
5
-164
-331
-466
-536
-564
-597
-578
-518
-449
-353
-221
-95
5
70
125
212
271
292
301
257
193
79
-31
-177
-318
-452
-601
-761
-937
-1111
-1256
-1379
-1476
-1515
-1491
-1434
-1338
-1183
-1030
-826
-563
-318
-72
178
446
680
882
1078
1262
1420
1490
1517
1542
1498
1428
1339
1196
1050
890
713
511
325
155
0
-140
-271
-400
-447
-477
-488
-466
-399
-278
-176
-71
46
156
229
303
380
386
361
324
255
150
-4
-140
-278
-445
-573
-701
-872
-1028
-1164
-1247
-1299
-1344
-1391
-1357
-1262
-1176
-1033
-839
-645
-445
-179
69
334
611
842
1063
1207
1310
1403
1427
1416
1382
1331
1238
1127
1036
891
706
545
404
238
60
-77
-186
-300
-377
-394
-407
-372
-318
-225
-114
1
114
213
290
355
364
361
354
290
223
90
-40
-158
-312
-464
-625
-778
-914
-1043
-1128
-1226
-1316
-1352
-1375
-1376
-1309
-1199
-1091
-933
-741
-517
-285
-41
213
476
699
915
1121
1248
1318
1353
1356
1299
1213
1109
999
809
649
521
387
230
102
8
-94
-201
-285
-351
-398
-415
-401
-347
-289
-203
-74
65
190
314
440
508
545
525
487
426
325
190
24
-132
-291
-401
-509
-624
-741
-802
-854
-935
-982
-985
-990
-993
-977
-920
-795
-696
-512
-301
-82
137
336
574
728
852
963
1049
1045
1008
974
886
771
627
535
444
307
203
101
-26
-141
-237
-326
-404
-484
-503
-498
-482
-430
-322
-218
-104
87
234
369
474
543
580
574
512
403
298
177
50
-98
-210
-332
-434
-509
-595
-651
-695
-752
-794
-809
-834
-834
-821
-769
-659
-530
-367
-179
29
248
452
653
831
959
1031
1040
1019
971
862
771
671
536
427
317
241
149
58
-65
-124
-218
-311
-359
-399
-387
-375
-363
-311
-223
-121
3
115
220
321
416
467
471
482
447
384
285
157
61
-69
-199
-338
-443
-541
-627
-705
-770
-814
-835
-837
-827
-792
-765
-663
-573
-459
-285
-133
21
193
382
530
631
700
754
790
782
770
723
664
566
448
326
193
88
-5
-130
-208
-293
-366
-407
-431
-454
-420
-355
-321
-266
-178
-67
42
147
256
364
448
501
532
538
525
495
413
286
157
39
-83
-225
-317
-393
-468
-515
-591
-609
-599
-611
-595
-558
-544
-511
-405
-288
-199
-65
83
250
399
525
646
732
780
796
772
703
596
494
386
249
141
55
-50
-129
-203
-271
-335
-396
-437
-483
-520
-533
-524
-469
-366
-273
-170
-39
86
227
323
399
486
559
588
545
501
459
356
227
98
-37
-145
-235
-322
-405
-438
-445
-479
-474
-484
-495
-444
-398
-346
-279
-206
-137
-51
76
214
345
478
591
677
738
736
681
602
480
358
221
67
-65
-153
-240
-355
-417
-469
-523
-558
-564
-561
-545
-543
-507
-432
-349
-256
-147
-9
91
176
264
346
401
451
484
485
457
395
339
242
151
47
-35
-83
-145
-187
-195
-197
-180
-171
-154
-136
-116
-45
6
44
78
126
204
270
331
429
507
542
565
557
506
442
377
293
199
78
-53
-167
-267
-354
-425
-509
-586
-640
-660
-671
-691
-649
-594
-543
-487
-406
-315
-235
-164
-88
-1
77
142
230
260
239
255
241
192
125
55
-4
-76
-161
-196
-209
-235
-235
-242
-226
-187
-138
-61
15
68
135
228
270
319
395
482
519
550
610
674
694
683
690
641
556
442
331
246
113
-7
-105
-195
-300
-362
-425
-484
-525
-519
-505
-524
-474
-429
-345
-279
-242
-183
-111
-39
17
78
110
133
141
145
88
-1
-40
-97
-172
-236
-302
-363
-400
-390
-364
-340
-281
-205
-130
-49
24
110
201
299
388
481
581
650
707
758
773
758
784
756
708
608
518
420
292
192
71
-21
-134
-215
-300
-390
-482
-539
-565
-608
-617
-608
-561
-515
-463
-392
-331
-289
-254
-190
-164
-133
-109
-63
-56
-46
-37
-78
-110
-148
-174
-228
-271
-312
-350
-342
-367
-351
-282
-209
-128
-45
37
160
260
355
446
527
618
669
720
734
750
791
785
752
708
641
569
503
410
305
175
81
-10
-105
-188
-278
-352
-427
-488
-532
-545
-538
-527
-499
-434
-345
-269
-177
-109
-45
8
2
39
60
70
44
-2
-52
-92
-154
-253
-334
-408
-449
-495
-503
-529
-520
-493
-466
-395
-326
-215
-112
13
115
213
306
408
506
594
657
708
765
782
767
737
703
624
523
447
346
249
163
89
-5
-96
-169
-239
-276
-313
-357
-360
-329
-311
-280
-255
-205
-141
-95
-44
14
62
100
124
127
97
54
21
-25
-97
-138
-187
-247
-315
-361
-397
-434
-421
-408
-409
-368
-314
-279
-205
-120
-25
108
207
305
407
511
556
573
610
610
635
614
574
519
462
373
291
229
146
76
-17
-120
-242
-322
-411
-471
-522
-535
-541
-527
-491
-456
-398
-342
-283
-231
-148
-79
4
43
45
92
92
79
47
27
-9
-80
-128
-160
-207
-249
-263
-310
-331
-321
-327
-299
-292
-227
-145
-68
17
116
223
318
422
500
552
600
660
666
675
668
664
659
625
563
487
402
283
186
87
12
-66
-125
-173
-207
-222
-254
-265
-265
-262
-240
-232
-209
-155
-109
-68
-60
-42
4
55
77
82
74
39
-12
-51
-126
-199
-253
-318
-379
-447
-476
-472
-474
-477
-475
-466
-429
-330
-245
-164
-89
-7
82
158
240
320
383
435
488
532
561
549
543
514
483
420
343
278
194
101
1
-63
-99
-136
-192
-216
-240
-222
-228
-232
-214
-202
-179
-142
-96
-62
-18
47
100
115
133
141
154
133
97
40
-10
-64
-110
-172
-227
-270
-305
-333
-366
-344
-352
-364
-343
-306
-268
-235
-178
-112
-29
73
148
213
285
337
358
390
431
455
453
420
375
328
270
202
128
53
-9
-69
-132
-179
-229
-259
-265
-260
-263
-226
-165
-130
-111
-62
5
53
95
140
182
196
221
210
227
215
200
179
123
75
25
-34
-116
-190
-251
-278
-314
-327
-318
-296
-263
-238
-194
-135
-68
-16
30
112
158
221
291
315
353
399
436
428
416
399
380
317
256
204
135
88
-5
-85
-145
-211
-266
-308
-350
-372
-360
-346
-321
-294
-247
-186
-135
-100
-65
-38
-3
27
44
89
123
138
123
93
81
47
17
-54
-109
-137
-189
-218
-233
-249
-264
-277
-284
-278
-253
-231
-191
-122
-60
-5
73
150
223
260
303
358
404
434
427
426
395
372
308
224
180
113
67
0
-48
-79
-147
-176
-192
-225
-256
-265
-263
-251
-223
-186
-147
-98
-46
-21
49
96
123
132
156
145
101
89
66
15
-12
-36
-90
-117
-137
-160
-191
-204
-219
-224
-217
-217
-181
-147
-77
-15
59
135
184
238
281
325
336
377
403
422
432
408
385
375
362
320
290
234
169
119
66
-17
-67
-123
-183
-225
-260
-278
-277
-243
-220
-184
-173
-164
-117
-97
-81
-68
-42
-37
-41
-42
-50
-58
-80
-89
-130
-166
-201
-213
-249
-299
-314
-357
-372
-373
-360
-340
-318
-298
-259
-204
-146
-75
3
89
170
241
276
314
353
347
346
337
332
331
330
304
265
251
216
147
126
110
87
74
36
14
-15
-41
-49
-50
-35
-17
9
35
81
101
129
146
144
132
113
67
7
-29
-71
-123
-147
-179
-219
-242
-251
-249
-262
-265
-277
-270
-293
-297
-284
-232
-197
-165
-108
-39
35
95
161
215
257
282
304
312
320
344
344
321
279
254
220
187
151
108
98
76
36
14
-9
-43
-73
-119
-151
-159
-152
-140
-117
-96
-66
-42
-9
-5
5
31
47
26
21
-12
-52
-86
-131
-148
-167
-190
-204
-201
-200
-189
-199
-207
-214
-225
-196
-176
-142
-97
-50
-1
53
94
136
151
184
205
222
239
226
221
208
202
195
173
167
148
118
96
71
55
34
21
15
7
-18
-30
-41
-42
-68
-79
-61
-46
-15
18
41
65
87
82
70
50
50
17
-3
-11
-55
-79
-115
-148
-202
-224
-238
-258
-250
-250
-287
-267
-221
-206
-162
-118
-64
2
46
96
126
152
177
205
229
234
253
270
263
257
245
225
215
181
151
106
54
29
-8
-34
-51
-58
-62
-58
-76
-76
-85
-73
-68
-78
-81
-83
-96
-110
-109
-120
-114
-128
-126
-127
-112
-112
-144
-158
-187
-203
-217
-239
-238
-229
-236
-220
-213
-197
-146
-91
-41
3
59
107
145
182
208
250
243
245
281
282
292
293
301
279
268
254
224
192
171
154
115
78
64
59
56
42
29
13
16
21
24
32
41
66
79
83
98
113
112
120
96
68
38
16
-17
-65
-92
-108
-122
-137
-173
-186
-203
-239
-265
-266
-250
-250
-239
-243
-251
-225
-208
-177
-141
-82
-43
-21
15
45
74
78
61
62
65
63
57
45
59
47
38
38
16
8
-4
-10
-18
-5
23
44
73
83
111
132
139
161
170
180
163
167
176
188
199
174
152
121
108
74
55
12
-7
-42
-90
-124
-161
-187
-222
-248
-300
-305
-303
-305
-290
-275
-239
-209
-184
-159
-130
-87
-53
-20
17
37
49
63
49
47
61
66
65
51
56
71
50
63
70
54
59
54
55
62
61
62
82
76
95
109
132
157
158
163
156
153
153
147
133
123
106
84
43
9
-14
-38
-75
-101
-128
-136
-173
-191
-216
-223
-226
-243
-223
-196
-149
-114
-85
-62
-13
10
30
62
83
115
136
155
153
125
107
97
86
64
40
28
15
-6
-23
-33
-35
-47
-55
-49
-42
-16
-6
27
64
92
129
157
171
166
168
133
129
106
70
60
54
41
9
-4
-28
-70
-90
-110
-150
-178
-212
-224
-225
-226
-208
-210
-183
-167
-142
-121
-99
-51
-22
24
50
81
108
127
127
143
162
124
128
120
95
80
66
54
43
56
40
30
47
46
14
8
18
25
36
32
51
73
89
103
111
126
117
133
144
121
113
86
72
38
-12
-48
-90
-129
-170
-200
-226
-256
-287
-304
-317
-329
-321
-322
-320
-290
-276
-234
-187
-139
-78
-37
17
42
66
95
99
95
93
89
78
77
70
48
38
53
71
91
109
109
114
104
109
108
113
130
149
144
156
159
165
193
191
203
223
234
220
213
213
203
175
129
98
53
13
-31
-73
-75
-97
-119
-115
-118
-123
-127
-140
-165
-167
-152
-164
-165
-156
-137
-113
-66
-64
-57
-38
-30
-13
-22
-32
-34
-16
-12
-28
-11
9
4
3
3
12
34
31
45
61
53
35
22
22
4
5
12
22
37
54
78
96
129
151
153
165
162
154
137
118
85
57
35
-13
-69
-100
-120
-145
-191
-226
-245
-283
-291
-284
-274
-288
-288
-245
-216
-193
-170
-129
-112
-89
-48
-10
-5
16
42
40
43
38
44
25
18
50
62
67
81
75
80
81
55
41
27
5
-8
-10
15
47
72
80
102
124
143
159
152
154
162
165
180
181
178
181
155
114
93
73
22
-17
-33
-96
-117
-102
-101
-101
-117
-111
-90
-84
-67
-33
-7
5
3
13
40
19
6
26
19
14
-9
-20
-26
-31
-35
-35
-50
-56
-80
-69
-53
-59
-46
-48
-34
-30
-35
-20
-12
8
14
7
27
62
85
109
123
146
149
156
177
174
162
162
128
100
68
28
-7
-35
-64
-92
-114
-117
-135
-147
-150
-167
-164
-162
-132
-91
-66
-65
-39
-50
-39
-43
-58
-38
-37
-27
-13
4
14
10
6
14
6
9
11
14
31
39
22
4
-5
3
-7
3
27
41
59
57
81
107
120
135
144
152
136
142
175
193
185
189
173
148
131
101
82
59
44
11
-23
-52
-76
-110
-129
-157
-160
-146
-148
-149
-162
-155
-157
-155
-162
-146
-153
-173
-175
-165
-148
-160
-153
-156
-156
-167
-173
-185
-163
-132
-138
-126
-133
-123
-104
-99
-98
-93
-57
-27
0
29
56
74
110
130
152
187
209
220
222
255
265
277
276
276
282
264
240
221
194
177
158
106
71
42
-7
-21
-54
-71
-83
-98
-105
-100
-94
-94
-76
-87
-76
-55
-40
-25
-7
9
19
35
44
47
56
52
51
50
24
21
4
-20
-26
-27
-5
-2
28
31
53
77
74
92
111
114
118
119
105
133
127
134
139
111
111
80
70
49
9
11
-28
-77
-86
-95
-106
-133
-131
-121
-118
-115
-127
-141
-146
-145
-142
-155
-159
-167
-163
-162
-153
-145
-124
-122
-148
-149
-153
-155
-142
-148
-156
-164
-168
-166
-171
-178
-165
-123
-119
-101
-80
-52
-28
-18
-3
21
45
49
71
76
92
118
154
188
207
226
213
195
194
198
198
190
191
178
174
166
147
121
89
69
53
47
31
13
11
0
-9
-19
-39
-32
-40
-50
-62
-67
-43
-43
-26
-17
-7
6
12
24
23
24
19
25
15
12
19
17
30
43
47
41
63
87
108
124
113
130
132
142
151
142
139
112
96
53
38
28
4
13
2
-13
-24
-27
-48
-83
-100
-128
-158
-179
-189
-194
-176
-184
-199
-201
-201
-202
-212
-215
-193
-180
-180
-155
-163
-161
-149
-148
-142
-122
-104
-96
-69
-55
-57
-31
3
16
14
25
35
49
56
56
61
65
73
79
97
85
79
107
103
109
129
150
160
173
188
209
224
224
228
240
221
212
218
206
193
172
143
117
84
40
19
2
0
-12
-19
-22
-27
-34
-57
-86
-97
-90
-111
-113
-113
-110
-120
-122
-109
-115
-145
-146
-129
-123
-114
-112
-105
-106
-93
-95
-91
-73
-64
-44
-43
-38
-20
13
31
14
20
30
28
26
37
65
72
71
85
88
91
74
62
50
46
46
40
43
39
16
-9
-35
-59
-67
-54
-50
-40
-13
-11
7
14
1
15
26
26
12
-9
-9
-14
-25
-31
-27
-28
-20
-25
-24
8
34
60
54
77
94
90
82
86
97
67
64
51
43
53
70
82
74
70
89
72
57
55
52
49
25
30
18
14
-14
-30
-34
-44
-35
-42
-23
-37
-75
-78
-85
-96
-124
-136
-124
-130
-123
-144
-144
-143
-149
-136
-145
-142
-131
-124
-120
-106
-103
-103
-92
-98
-93
-75
-59
-47
-47
-39
-30
-32
-45
-50
-38
-49
-48
-24
-8
25
43
43
38
55
57
61
77
97
98
114
127
119
136
136
146
143
132
123
127
106
71
71
67
61
44
32
27
41
37
36
64
83
106
99
74
91
85
73
53
31
28
32
27
-1
-17
7
9
-9
11
8
31
30
41
51
46
23
4
-18
-30
-9
-26
-54
-73
-72
-59
-62
-55
-34
-21
-21
-39
-57
-51
-41
-61
-58
-71
-74
-74
-67
-61
-55
-65
-73
-90
-99
-86
-79
-96
-111
-107
-76
-68
-78
-70
-69
-59
-67
-70
-62
-60
-29
-15
-28
-33
-22
-7
-16
-24
-6
35
47
45
40
55
69
73
83
84
106
108
104
94
85
109
135
134
129
137
148
157
158
161
145
136
136
128
120
112
105
82
51
33
25
3
-18
-15
-26
-31
-60
-67
-64
-57
-65
-77
-67
-60
-62
-64
-72
-51
-56
-85
-101
-117
-123
-132
-131
-140
-134
-107
-102
-114
-105
-94
-81
-76
-67
-54
-37
-19
-11
-20
-4
3
-4
-26
-41
-51
-60
-86
-78
-73
-65
-49
-42
-11
16
50
58
53
64
100
118
129
129
131
148
146
137
122
127
111
107
90
77
79
80
96
80
72
69
66
46
52
60
63
60
41
43
31
19
3
-6
-1
-1
9
21
25
7
-17
-42
-55
-47
-47
-43
-24
-29
-14
-16
-27
-32
-29
-14
-25
-43
-50
-39
-28
-40
-46
-34
-31
-26
-59
-56
-64
-65
-59
-63
-84
-93
-78
-78
-88
-112
-118
-134
-136
-139
-138
-127
-128
-131
-133
-119
-83
-69
-55
-41
-19
-25
-51
-47
-39
-24
-26
-24
-25
-5
25
40
65
88
101
94
91
77
86
106
115
110
100
96
99
103
103
95
98
91
68
60
81
95
110
121
136
140
136
116
83
83
74
61
43
30
22
20
18
15
19
29
15
-3
-11
-2
12
29
28
14
9
7
16
11
-12
-20
-16
-27
-20
-34
-38
-49
-46
-44
-43
-38
-63
-62
-70
-61
-55
-45
-16
-12
-20
-20
-21
-17
-23
-21
-14
-18
-3
16
32
31
38
41
36
19
-10
-17
-45
-76
-85
-90
-98
-98
-105
-118
-113
-121
-138
-148
-142
-116
-83
-77
-77
-76
-87
-99
-96
-82
-63
-54
-57
-52
-61
-50
-39
-30
-29
-28
-14
7
-3
-3
16
15
11
17
48
80
105
117
131
157
177
182
172
158
160
170
168
147
132
139
138
115
112
122
138
140
142
133
141
137
142
134
127
113
93
89
72
64
30
17
1
-31
-52
-56
-76
-100
-106
-108
-114
-139
-118
-117
-133
-122
-123
-102
-91
-92
-110
-121
-120
-109
-97
-98
-105
-102
-101
-121
-126
-136
-133
-126
-137
-127
-127
-133
-125
-114
-99
-78
-49
-41
-32
-18
8
31
39
40
50
58
46
19
27
33
34
48
52
64
61
80
82
65
45
64
63
32
37
42
72
83
78
89
103
112
107
111
105
111
115
98
87
82
97
92
88
93
110
99
98
90
83
92
113
131
128
120
88
82
74
62
55
63
52
29
48
43
20
1
-20
-40
-42
-52
-65
-65
-73
-69
-81
-104
-119
-112
-129
-151
-163
-186
-170
-163
-164
-163
-162
-189
-214
-203
-188
-191
-188
-154
-145
-142
-104
-91
-90
-82
-74
-61
-52
-54
-35
-36
-43
-24
-23
1
16
12
33
51
44
41
41
27
37
61
85
101
101
92
99
101
96
90
94
92
85
83
88
68
60
62
62
71
73
70
71
67
60
49
43
19
6
-3
-26
-26
-18
-26
-39
-51
-52
-44
-54
-46
-21
5
19
18
25
33
24
24
36
35
53
46
55
63
66
79
69
65
59
65
51
60
61
36
18
20
26
3
12
17
13
28
33
28
24
31
17
3
15
22
27
32
22
11
-11
-35
-25
-46
-57
-75
-87
-107
-139
-134
-155
-161
-165
-165
-180
-189
-193
-173
-159
-154
-132
-117
-107
-103
-73
-47
-45
-23
-13
-6
17
29
45
72
75
76
62
48
54
47
35
21
24
26
50
81
111
123
140
156
166
165
146
143
144
148
138
133
140
128
112
84
72
56
57
65
41
21
-3
-19
-51
-54
-67
-67
-59
-70
-78
-88
-99
-98
-82
-95
-67
-58
-67
-64
-60
-56
-72
-59
-40
-40
-54
-59
-54
-56
-54
-64
-73
-72
-67
-71
-87
-92
-95
-93
-87
-67
-80
-44
-15
-23
-7
11
22
56
85
83
74
56
55
66
51
49
55
40
23
25
52
51
79
91
87
85
72
83
81
79
75
72
69
68
72
70
77
77
55
59
63
40
22
12
29
40
40
26
29
35
37
29
7
5
-1
-3
3
2
3
-4
1
10
-11
-18
-39
-65
-61
-56
-57
-39
-51
-74
-79
-83
-90
-86
-76
-74
-87
-94
-95
-93
-88
-88
-99
-113
-113
-97
-81
-68
-51
-52
-42
-12
-27
-10
18
17
11
10
35
42
36
22
41
57
52
53
60
78
63
50
44
44
25
3
-23
-54
-72
-95
-92
-76
-50
-43
-32
-18
-13
0
-1
11
9
40
48
60
69
70
85
92
100
66
56
30
31
23
6
9
10
9
-2
-9
-13
3
16
7
1
7
13
11
4
26
42
45
45
36
33
40
47
53
52
71
63
52
53
51
53
48
55
51
72
53
42
34
13
-6
-16
-19
-27
-23
-16
-1
9
22
21
24
-10
-37
-34
-49
-45
-67
-82
-81
-70
-84
-80
-75
-99
-92
-98
-89
-92
-97
-95
-103
-105
-115
-112
-106
-109
-113
-91
-80
-63
-42
-23
-5
-23
-29
-24
-25
-27
-34
-20
-5
-4
6
2
-37
-47
-62
-56
-68
-76
-39
-33
-35
-24
2
13
28
50
70
83
103
120
112
113
102
109
113
110
118
149
170
175
183
190
186
171
168
168
176
174
160
159
146
151
152
125
119
114
117
96
58
25
5
-17
-41
-47
-73
-91
-101
-107
-117
-112
-94
-98
-104
-110
-118
-125
-115
-97
-100
-102
-112
-114
-112
-118
-138
-145
-144
-141
-153
-141
-123
-122
-105
-88
-81
-89
-89
-69
-57
-42
-32
-15
8
7
2
10
5
2
21
14
10
-5
-3
-10
-34
-31
-30
-33
-25
-4
17
35
33
49
38
36
44
35
46
59
77
100
120
128
144
130
111
104
103
95
84
86
64
76
73
59
70
61
70
54
59
59
53
62
62
60
42
52
52
54
33
15
15
7
-6
-17
-6
-25
-30
-37
-57
-71
-74
-70
-75
-89
-102
-112
-116
-114
-115
-111
-86
-67
-68
-66
-58
-68
-66
-56
-48
-39
-28
-36
-36
-24
-33
-40
-57
-43
-26
-30
-15
1
34
28
26
27
37
37
34
45
30
42
54
86
73
74
86
96
92
79
100
78
69
55
60
52
37
22
-4
-10
-20
-23
-35
-47
-56
-54
-50
-57
-72
-70
-66
-63
-36
-24
-4
3
-10
0
1
-9
-18
-15
-16
-15
-28
-25
-17
3
11
4
-4
-16
8
18
17
20
28
30
24
20
20
30
40
58
56
59
71
71
70
65
71
74
58
54
43
32
10
-3
-19
-28
-31
-51
-83
-98
-86
-111
-112
-106
-115
-111
-114
-117
-118
-107
-88
-73
-77
-63
-53
-35
-31
-36
-37
-48
-32
-16
6
17
20
23
14
25
38
25
6
-8
-13
2
11
10
26
39
46
50
34
46
55
69
85
83
104
134
129
139
143
147
150
134
128
115
114
118
128
115
71
60
57
48
21
15
26
22
4
-29
-37
-41
-51
-59
-70
-71
-53
-46
-29
-11
-16
-7
-2
-2
-23
-15
-36
-52
-71
-78
-70
-81
-98
-103
-109
-134
-131
-131
-124
-131
-135
-144
-129
-95
-102
-98
-83
-79
-60
-43
-41
-52
-49
-31
-13
-11
-13
-5
-4
-6
-6
-20
-7
-2
-6
-23
-19
-19
-14
-7
-12
0
21
16
23
44
50
53
67
87
85
86
103
106
104
119
125
123
118
118
117
98
77
68
76
86
69
50
57
61
52
40
35
49
45
47
45
54
60
58
66
63
56
74
73
52
48
37
28
-8
-17
-12
-21
-36
-28
-15
-21
-44
-67
-77
-94
-107
-119
-115
-118
-128
-122
-120
-129
-131
-120
-110
-105
-91
-66
-54
-32
-26
-27
-35
-45
-28
-23
-35
-31
-24
-36
-42
-38
-39
-51
-53
-31
-24
-7
16
25
34
43
30
22
45
61
77
73
83
74
74
77
70
66
67
74
60
67
88
86
76
69
74
63
51
23
-6
-3
-23
-29
-36
-34
-36
-40
-37
-38
-40
-49
-50
-51
-42
-29
-13
-17
6
-7
-19
-10
-1
21
41
56
54
52
32
17
20
7
-1
-4
9
31
38
51
72
68
46
55
61
54
45
54
52
75
89
95
116
105
110
85
63
54
42
8
-19
-33
-56
-76
-90
-103
-126
-135
-127
-133
-115
-111
-106
-89
-96
-96
-95
-96
-87
-62
-61
-56
-48
-43
-34
-41
-41
-44
-42
-72
-78
-91
-125
-136
-134
-144
-155
-149
-132
-131
-118
-99
-92
-64
-49
-35
-24
-28
-30
-18
-29
-20
-4
-11
7
36
70
112
115
116
127
130
117
106
103
101
110
105
111
118
108
104
116
115
121
120
115
120
121
117
119
121
115
125
123
135
142
138
146
134
117
111
115
123
95
79
78
60
48
42
24
9
-9
-18
-26
-29
-22
-37
-56
-70
-76
-81
-97
-122
-135
-132
-129
-127
-122
-126
-120
-126
-148
-165
-170
-164
-170
-171
-160
-162
-149
-143
-144
-147
-121
-109
-92
-82
-76
-55
-62
-49
-36
-21
-14
-24
-1
16
39
56
61
59
43
48
43
27
15
27
34
51
57
55
36
25
25
26
35
50
62
55
70
76
84
89
97
107
115
121
125
137
135
111
103
99
95
97
85
80
83
77
52
50
31
8
-3
-12
-21
-28
-21
-37
-39
-34
-16
-8
-8
-1
7
0
-15
-16
-16
2
6
1
9
18
21
7
-9
-19
-46
-59
-46
-63
-54
-45
-41
-45
-59
-27
-31
-46
-36
-39
-42
-50
-56
-54
-63
-68
-67
-90
-94
-101
-113
-120
-118
-116
-118
-85
-71
-79
-93
-89
-91
-98
-73
-53
-43
-18
-9
5
27
34
55
63
83
113
127
143
149
140
148
136
118
134
132
135
137
119
112
97
73
70
60
68
49
32
31
32
23
18
23
25
37
44
38
40
44
46
49
54
53
55
41
26
13
-3
-6
-14
-28
-54
-58
-65
-73
-72
-60
-58
-59
-46
-44
-27
-14
-34
-38
-18
-23
-32
-30
-32
-38
-50
-64
-73
-84
-86
-94
-99
-101
-109
-104
-88
-88
-79
-76
-82
-77
-92
-81
-82
-86
-81
-83
-82
-71
-78
-60
-31
-40
-17
2
30
49
52
57
33
31
16
24
26
28
44
32
41
39
40
42
51
41
32
38
27
35
25
19
38
59
69
70
80
71
77
81
76
82
85
87
95
86
88
92
79
67
38
20
25
39
28
37
20
17
15
-6
-6
-19
-14
-28
-33
-27
-48
-58
-61
-60
-63
-57
-62
-47
-31
-28
-32
-39
-40
-48
-48
-57
-65
-59
-56
-56
-49
-56
-51
-53
-62
-57
-44
-35
-27
-23
-17
-24
-17
-7
-1
1
9
12
27
26
40
56
49
67
61
69
72
67
70
74
81
79
79
97
127
123
113
105
99
82
55
50
43
35
40
42
40
44
40
37
29
25
36
46
38
46
42
23
10
-8
-16
-24
-62
-85
-94
-100
-118
-141
-127
-131
-127
-118
-115
-110
-90
-92
-80
-63
-57
-49
-69
-69
-71
-68
-75
-71
-73
-72
-61
-70
-82
-75
-84
-91
-76
-73
-68
-43
-30
-21
-6
26
43
53
64
70
82
84
89
105
108
106
102
106
92
81
64
65
66
61
77
77
69
73
60
51
53
48
44
27
12
-7
1
10
0
6
-2
-1
-9
4
-2
-15
-6
-8
-15
-27
-15
4
1
-17
-9
-28
-50
-44
-49
-48
-47
-45
-50
-59
-61
-63
-66
-72
-56
-51
-26
-23
-10
15
2
14
23
37
40
42
47
40
56
57
53
65
71
82
71
46
36
31
27
34
21
29
34
31
22
29
15
10
12
-2
4
19
26
27
41
29
31
26
14
7
-8
-16
-40
-34
-31
-43
-57
-63
-61
-68
-65
-67
-52
-42
-35
-14
-7
-7
1
2
-5
-1
13
12
15
12
3
-11
-14
-25
-38
-40
-39
-41
-36
-18
-15
-23
-38
-37
-49
-57
-70
-66
-71
-88
-94
-88
-75
-84
-69
-54
-57
-52
-37
-18
5
25
30
59
49
67
60
57
77
74
70
72
84
71
75
54
45
41
43
43
30
39
31
27
33
43
42
33
53
57
53
40
43
24
20
26
24
23
23
39
39
22
-3
0
-2
-10
-24
-39
-33
-47
-44
-63
-72
-78
-73
-67
-65
-60
-69
-61
-57
-60
-40
-31
-16
-6
-2
3
2
-18
-23
-13
-22
-19
-11
-10
-8
6
3
-11
-19
-15
-15
-14
-9
-16
-11
-22
-43
-50
-35
-20
-27
-27
-11
12
23
35
40
29
27
31
27
27
37
27
27
25
30
28
29
43
43
53
54
53
48
54
72
65
69
75
69
90
98
79
80
83
79
80
65
49
49
29
28
29
26
25
9
-10
-24
-39
-47
-59
-77
-83
-86
-49
-48
-44
-13
10
7
16
37
33
29
13
-1
-16
-30
-28
-20
-27
-34
-43
-46
-43
-55
-47
-66
-71
-60
-53
-43
-43
-25
-18
-15
4
-6
-11
-9
-10
-13
-12
-26
-52
-54
-51
-57
-53
-41
-38
-30
-45
-48
-62
-58
-29
-5
6
-8
4
6
-7
-7
-5
-6
1
11
24
41
47
46
40
24
8
3
4
11
4
5
29
36
34
46
30
24
19
21
26
25
34
28
23
15
16
22
27
24
30
31
30
21
29
43
24
11
2
-10
-24
-31
-43
-34
-29
-30
-29
-28
-19
-27
-22
-16
-29
-31
-18
-23
-15
-7
-2
20
15
18
24
26
23
30
32
21
19
36
35
26
12
14
23
18
14
22
22
22
24
16
3
-5
3
1
-3
6
9
6
8
4
15
-3
-11
-11
-15
-13
-13
-18
-6
-18
-31
-39
-35
-37
-39
-44
-51
-25
-13
3
16
10
9
9
8
5
1
7
11
17
17
14
14
9
-7
-23
-22
-2
-1
8
23
53
61
53
52
48
50
52
64
54
57
45
36
22
25
13
6
-6
-34
-30
-37
-33
-48
-40
-59
-80
-72
-86
-82
-79
-80
-94
-79
-75
-77
-78
-76
-75
-67
-51
-48
-41
-33
-18
-23
-13
-22
-27
-38
-47
-50
-45
-25
-15
6
14
19
33
35
24
30
40
42
42
48
48
53
43
48
44
55
61
59
67
60
66
58
51
40
53
76
59
62
62
48
49
37
34
33
42
50
47
38
32
20
18
26
9
8
9
4
-1
-14
-18
-20
-24
-30
-50
-50
-57
-72
-67
-73
-81
-76
-75
-61
-71
-64
-51
-50
-54
-38
-15
-15
-5
16
17
26
35
31
35
34
28
19
24
16
13
9
-4
-12
0
-14
-25
-7
-7
8
17
8
10
14
16
26
36
47
53
50
61
59
39
37
18
9
1
-11
-14
-25
-25
-42
-54
-55
-47
-50
-58
-51
-46
-45
-48
-29
-11
3
12
27
28
18
22
12
18
27
25
21
16
17
9
-1
2
7
15
13
5
-1
-4
-4
-8
-17
-12
-8
-4
-1
5
12
17
18
27
26
31
39
33
21
24
31
23
21
32
32
37
40
34
34
47
43
29
27
21
9
3
-8
-22
-24
-32
-33
-36
-36
-39
-40
-46
-50
-42
-45
-41
-42
-39
-35
-36
-28
-26
-29
-48
-54
-57
-64
-67
-81
-70
-76
-81
-76
-66
-57
-54
-60
-64
-59
-52
-35
-19
-4
1
20
10
23
32
38
54
40
33
33
33
43
50
56
38
45
50
46
45
52
66
75
81
84
85
88
99
91
89
89
91
92
88
66
63
61
61
49
49
50
31
14
3
-19
-24
-15
-21
-22
-13
-11
-21
-22
-36
-37
-47
-49
-51
-60
-50
-51
-47
-45
-58
-54
-45
-46
-40
-25
-26
-17
-23
-21
-21
-19
-5
-8
-12
-9
-11
-25
-23
-19
-36
-47
-44
-53
-51
-45
-49
-58
-63
-67
-53
-54
-56
-43
-26
-11
-9
-7
-5
2
-6
7
25
27
32
37
37
30
20
14
2
-15
-18
-7
-3
1
7
10
15
18
37
53
42
39
46
52
44
45
47
55
48
40
35
31
31
35
36
38
26
16
17
10
8
16
13
11
17
9
-6
-8
3
5
10
11
2
4
4
-5
-7
-7
-10
-3
10
12
13
6
-5
-12
-17
-18
-25
-22
-16
-29
-36
-38
-39
-40
-39
-43
-52
-54
-49
-43
-49
-46
-42
-38
-39
-39
-39
-27
-12
-9
-13
0
14
0
-3
-3
-7
-4
1
4
8
11
6
-1
-3
1
6
5
11
16
18
19
19
24
24
33
37
40
59
69
70
74
74
66
54
47
36
20
9
-1
-10
-15
-19
-16
-19
-28
-13
-7
-1
4
3
5
-2
9
8
8
23
23
30
21
15
20
17
18
10
1
4
-1
-6
-3
1
4
7
12
6
4
18
22
21
27
30
31
15
6
-1
-3
-9
-5
3
8
11
5
-2
-9
2
-2
-8
-6
-11
-17
-24
-33
-31
-30
-33
-36
-34
-24
-29
-45
-48
-49
-54
-60
-74
-67
-60
-67
-61
-65
-61
-61
-51
-41
-36
-27
-19
-18
-25
-37
-25
-12
-16
-16
-12
-3
4
14
23
26
24
19
25
14
17
10
15
11
15
23
17
23
27
34
33
26
27
33
30
33
36
39
39
41
27
28
29
23
23
19
24
30
29
32
39
38
38
38
41
42
41
30
26
30
21
14
7
-2
-3
0
-2
8
7
5
0
-3
-7
-8
-13
-24
-32
-36
-39
-40
-31
-22
-28
-27
-25
-32
-37
-42
-46
-44
-38
-26
-15
-2
-2
-8
-2
-5
-3
-6
12
14
7
14
6
1
-10
-13
-17
-22
-18
-20
-15
-14
-14
-3
11
19
16
26
30
35
45
29
28
25
27
31
33
33
24
17
12
1
6
5
-6
-2
-1
2
-8
-19
-24
-23
-23
-19
-20
-7
-2
-4
-9
-20
-19
-26
-35
-37
-25
-27
-35
-37
-39
-38
-46
-43
-41
-34
-34
-29
-26
-24
-15
-19
-13
-10
-9
-7
-2
-2
4
6
10
22
20
27
34
37
45
54
60
55
50
51
56
49
52
50
48
53
49
46
41
36
34
32
32
31
20
13
1
-7
-6
-19
-24
-21
-28
-32
-22
-21
-24
-23
-22
-22
-24
-28
-38
-37
-30
-31
-29
-33
-36
-40
-46
-44
-48
-33
-24
-20
-19
-19
-9
-7
-2
3
13
15
10
9
4
14
11
12
21
19
20
17
18
11
14
22
20
16
14
12
8
5
8
7
6
10
13
21
29
31
33
31
38
41
42
48
41
29
20
11
8
9
3
-4
-2
-1
-2
-5
-8
1
2
1
4
-2
-10
-14
-12
-19
-24
-26
-23
-28
-23
-16
-12
-3
2
6
6
8
4
0
0
3
-2
-4
-14
-17
-16
-21
-17
-19
-15
-14
-18
-11
-9
-10
-11
-10
-8
-6
-4
-6
-6
-8
-9
-5
0
-7
0
3
2
-5
-8
-3
-4
-13
-17
-21
-16
-21
-26
-28
-35
-40
-31
-29
-27
-22
-25
-14
-11
-7
-4
0
6
11
14
17
12
14
20
16
15
11
13
14
13
17
12
14
21
17
17
14
10
15
14
10
6
3
5
7
10
7
11
5
1
3
1
8
17
20
14
14
6
8
12
14
22
20
22
18
17
13
10
5
-2
1
4
3
-2
-2
-2
3
5
7
9
4
0
-4
-3
-6
0
0
-2
2
5
4
-2
-5
-12
-14
-13
-15
-16
-13
-15
-17
-12
-15
-9
-9
-4
1
-1
4
11
9
11
14
18
26
23
25
21
19
13
9
8
6
6
6
3
4
3
-1
-11
-13
-14
-20
-25
-28
-30
-42
-38
-42
-41
-41
-42
-37
-28
-28
-33
-25
-22
-20
-14
-14
-15
-13
-6
-3
-1
-3
2
7
6
7
12
19
25
26
21
25
24
14
16
13
8
1
-2
2
2
2
5
9
6
10
9
6
7
8
6
5
7
1
-7
-11
-15
-20
-23
-16
-21
-24
-23
-24
-21
-22
-19
-22
-26
-22
-25
-23
-12
-11
-10
-3
1
7
14
20
23
28
27
22
26
28
30
31
30
26
28
26
23
22
27
29
26
33
29
37
42
38
41
42
37
37
30
23
22
16
12
7
1
-1
4
5
4
4
7
11
9
0
-3
-3
-4
-6
-3
-4
-5
-7
-7
-12
-16
-24
-27
-23
-20
-20
-23
-26
-29
-29
-29
-38
-41
-41
-48
-46
-45
-44
-37
-28
-31
-25
-15
-12
-6
-3
-3
-2
2
-1
2
5
1
4
8
9
13
14
23
23
23
25
25
31
30
26
30
32
25
27
23
22
21
21
14
19
16
10
8
1
3
-2
-7
-6
-8
-10
-7
-11
-16
-15
-17
-17
-19
-16
-12
-6
-7
-6
-14
-10
-11
-19
-21
-17
-18
-23
-27
-29
-27
-27
-23
-20
-17
-13
-10
-9
-6
-3
-2
-8
-9
-11
-13
-22
-24
-26
-31
-41
-40
-43
-41
-38
-33
-22
-18
-10
-8
1
8
13
15
20
17
20
24
25
26
26
25
25
28
28
32
35
36
42
44
49
44
46
49
46
48
42
38
37
32
33
33
39
35
34
32
25
22
19
20
13
6
3
3
2
6
6
5
1
0
0
-8
-14
-21
-18
-11
-15
-17
-22
-24
-20
-25
-22
-17
-14
-16
-15
-17
-13
-10
-8
-5
-6
-5
-4
-6
-5
-5
-3
-3
-9
-4
-6
-9
-11
-13
-11
-12
-19
-19
-21
-21
-23
-26
-31
-34
-32
-29
-31
-32
-25
-17
-17
-11
-11
-11
-8
-3
0
-4
-1
-4
0
-10
-13
-6
-7
-8
-7
-9
-16
-16
-15
-13
-14
-11
-7
-4
1
-4
-6
-6
-6
-2
-5
0
2
12
14
15
16
15
17
12
4
4
7
11
11
16
20
21
18
13
18
19
26
31
35
31
26
24
31
33
34
36
43
43
44
43
44
48
47
45
45
42
40
32
26
29
21
17
18
14
10
5
-5
-12
-15
-25
-28
-28
-27
-22
-23
-24
-27
-27
-28
-33
-33
-33
-34
-40
-48
-53
-55
-52
-51
-52
-48
