SAMPLES:	23544
BITSPERSAMPLE:	16
CHANNELS:	1
SAMPLERATE:	16000
NORMALIZED:	FALSE
12
8
6
1
2
-2
-1
0
-3
-2
-5
-4
-5
-7
-6
-6
-6
-6
-3
-3
1
-2
-2
-2
-2
-2
-2
2
3
3
3
4
4
4
4
5
2
2
7
7
10
11
9
11
14
7
7
8
11
10
9
15
15
13
11
12
7
8
8
5
4
1
0
4
8
6
2
4
0
-5
-3
-3
-6
-7
-9
-10
-18
-12
-16
-19
-14
-15
-15
-14
-10
-8
-7
-7
-8
-5
-6
-5
-5
-5
-4
-1
-4
-9
-8
-5
-6
-4
-2
-1
-5
-9
1
-1
3
4
6
6
11
12
10
7
1
2
3
2
-2
0
0
3
2
3
3
-1
1
-1
4
4
4
7
3
-3
3
2
4
8
5
2
0
-1
-5
-2
-1
-2
0
-2
2
5
10
9
8
6
7
10
7
5
3
4
3
3
3
-1
-5
-5
-6
-6
-7
-15
-14
-11
-12
-12
-12
-11
-12
-15
-13
-12
-10
-12
-12
-11
-17
-18
-15
-13
-11
-10
-8
-7
-4
-6
-4
1
-6
-3
0
0
-1
7
8
5
8
9
7
9
5
10
12
8
9
10
11
11
16
13
14
12
13
15
16
13
10
14
6
11
7
8
8
10
12
9
10
9
10
14
15
20
15
11
14
14
11
6
6
4
4
2
1
-1
2
-2
0
-5
-10
-10
-11
-10
-8
-9
-13
-8
-11
-7
-10
-10
-9
-11
-9
-10
-10
-18
-11
-16
-16
-16
-22
-20
-16
-11
-10
-11
-4
-6
-10
-4
-3
-1
-1
0
-5
-3
-7
-6
-8
-8
-7
-8
-1
-3
2
4
10
2
2
4
2
3
3
2
0
-5
-8
-5
-1
2
-2
-3
-1
1
0
3
4
2
1
4
-1
4
5
7
8
4
8
8
10
3
5
8
4
4
4
6
7
10
16
13
14
16
15
17
10
10
11
9
12
11
11
13
10
4
5
4
9
12
4
0
2
-3
-4
-4
-8
-5
-7
-1
-7
-7
-3
-1
4
-3
-6
-8
-6
-11
-15
-19
-11
-13
-14
-12
-14
-15
-11
-10
-8
-15
-12
-9
-6
-4
-4
-2
1
5
4
2
4
5
6
6
5
3
4
6
4
3
6
13
9
6
5
2
10
5
2
1
-2
-4
-6
-3
-8
-7
-7
-7
-4
-5
-2
-2
-1
-2
-4
-13
-8
-13
-18
-10
-10
-8
-6
1
-2
0
4
7
5
5
7
6
5
2
3
1
2
2
2
3
-1
1
4
-2
1
5
8
6
6
5
4
12
10
4
3
1
-2
-1
-4
-5
-7
-6
-11
-11
-8
-9
-7
-6
-5
-8
-8
-8
-7
-1
-5
-5
1
5
-4
-1
2
-1
3
7
10
11
15
15
13
20
26
18
19
15
12
16
14
14
9
5
-1
3
6
0
5
5
5
4
4
5
7
8
8
8
2
-1
-2
-6
-6
-7
-7
-8
-9
-7
-14
-10
-9
-9
-7
-8
-6
-6
-6
-3
0
-2
1
1
-1
3
0
1
2
1
-4
-1
-5
-8
-7
-1
-6
-3
1
-1
0
-2
-5
-6
-6
-9
-9
-15
-12
-10
-13
-10
-11
-13
-10
-9
-13
-12
-13
-12
-5
-4
-10
-8
-8
-7
-6
-6
-5
1
3
3
5
3
8
7
6
9
9
13
10
14
16
12
9
11
12
15
14
17
17
14
18
13
11
7
9
9
3
5
1
0
2
-3
-4
-1
-4
-6
-8
-15
-9
-6
-5
0
-1
-1
-1
1
-2
6
2
0
3
0
2
-3
-2
-7
2
3
0
9
4
6
5
6
9
7
7
9
9
7
9
9
6
12
10
1
-1
-1
-6
-10
-8
-10
-6
-5
-11
-11
-10
-7
-5
-8
-4
-6
-4
-2
-2
-2
-6
-3
-3
-7
-5
-5
-1
2
-3
-2
-5
-1
-1
0
2
1
4
0
1
-6
-6
-5
-1
-7
-11
-9
-12
-14
-13
-9
-6
-8
-5
-5
-6
2
3
1
3
2
2
2
6
9
6
6
10
11
9
8
8
6
5
5
7
8
7
7
9
5
3
6
1
3
2
-4
1
-3
-3
-4
-7
-6
-6
-7
-10
-10
-7
-7
-6
-3
-3
-1
-4
1
4
5
8
8
6
5
4
7
9
6
10
12
5
6
8
3
5
6
6
4
5
3
4
8
1
4
1
3
2
2
5
-2
-6
-8
-5
-8
-11
-10
-7
-6
-5
-4
-5
-4
-4
-1
-3
-1
2
3
2
1
1
1
1
4
7
3
1
-1
0
-4
-1
0
4
0
4
2
-1
4
0
3
5
5
2
-1
0
-2
-4
-4
-3
-8
-10
-8
-6
-13
-12
-10
-11
-15
-15
-12
-11
-9
-8
-5
-4
-2
-2
0
-3
-4
-3
-8
-6
-8
-8
-5
-4
-8
-6
-8
-6
2
-4
0
0
4
1
1
-2
3
0
3
-2
1
5
1
5
1
6
6
8
10
9
11
13
14
13
19
17
13
12
12
9
9
10
11
16
9
4
7
5
2
2
4
2
7
11
1
4
6
4
10
5
3
2
0
1
-5
-4
-3
-1
0
-1
-1
-4
1
1
-3
-2
0
0
0
-5
-5
-4
0
-1
-2
1
-8
0
0
-6
-7
-4
-6
-2
-1
1
8
8
9
12
7
4
6
5
1
-5
-8
-13
-10
-12
-12
-13
-5
-8
-15
-16
-12
-10
-11
-5
-6
-4
1
-1
-7
-4
-5
-3
-7
-7
-9
-11
-12
-12
-11
-13
-7
-11
-7
-11
-7
-4
-8
-2
-3
-1
2
5
3
2
-1
1
7
3
6
7
6
7
10
8
10
12
9
7
2
2
2
0
2
4
4
3
9
11
5
4
7
6
7
7
2
7
8
4
5
3
8
8
10
8
7
11
12
9
6
3
7
7
5
8
0
1
1
-1
2
-5
-4
-6
-3
-3
-9
-1
2
5
7
3
5
2
5
1
-4
-2
2
-1
-7
-9
-9
-11
-9
-10
-11
-15
-15
-9
-15
-13
-10
-9
-8
-9
-10
-8
-6
-3
-3
-6
-5
-6
-4
-6
-1
4
6
11
13
12
12
13
18
13
16
15
17
19
12
13
11
13
12
7
4
8
13
6
4
6
3
2
1
-7
-7
-7
-11
-4
-6
-12
-14
-13
-14
-9
-12
-15
-13
-15
-10
-11
-10
-8
-7
-4
-6
-8
-7
-4
-6
-8
-6
-8
-6
-3
-3
-6
-2
1
2
-1
0
1
-2
2
2
-2
0
-4
-3
-5
-4
-3
-8
-4
-5
-4
3
1
1
-3
0
2
2
0
4
4
5
12
7
10
7
12
12
14
13
10
14
9
10
16
9
9
7
9
10
7
7
8
8
5
4
-5
3
4
-2
1
2
-1
1
-4
-6
-9
-6
-8
-5
-5
-8
-11
-9
-13
-10
-6
-6
-3
-4
-1
-6
-3
-6
-6
-6
-5
-7
-9
-5
-4
-1
-3
-2
0
7
4
4
9
12
8
1
9
4
5
6
6
4
8
7
8
8
11
8
4
8
8
3
6
10
8
7
5
7
7
5
2
2
5
-1
-5
-3
-2
-6
-1
0
-1
4
-1
2
-1
-4
-5
-7
-7
-11
-12
-9
-10
-9
-8
-9
-5
-10
-7
-5
-9
-10
-9
-8
-12
-9
-6
-3
-4
-3
0
-2
-5
-5
-6
-5
-3
-3
-4
-5
-5
-7
1
-5
-6
-2
-3
0
-3
-2
0
-3
-1
-1
-2
-1
1
5
4
6
5
8
4
2
7
3
5
8
5
8
8
3
7
1
2
3
3
1
-2
0
3
5
3
7
10
14
10
11
13
14
7
7
4
7
3
4
9
1
4
1
1
0
0
-3
-2
-4
-2
-2
3
-2
-7
-8
-10
-11
-12
-12
-12
-10
-5
-2
-7
-5
-2
-1
-7
-2
0
-4
-2
2
-2
0
-2
3
-2
-1
2
-1
7
6
3
2
1
2
3
3
5
6
2
4
3
2
-1
-1
-1
0
-3
-5
-4
-1
-1
-2
-3
0
-1
-4
-4
-8
-8
-8
-6
-7
-6
-3
-1
-1
10
13
7
9
13
14
13
13
13
14
14
9
8
9
6
12
6
6
7
8
12
8
9
9
7
4
3
0
-1
-1
-6
-2
-3
-7
-7
-11
-8
-11
-15
-13
-14
-15
-16
-16
-14
-19
-21
-15
-17
-22
-17
-12
-13
-14
-10
-4
-6
-7
-5
-4
-7
-6
-3
-2
-4
-5
-4
-3
-2
-1
1
-2
0
0
2
0
3
1
-3
0
-1
-1
0
4
-1
4
2
6
6
5
9
12
11
9
13
8
14
10
10
13
9
11
6
9
10
8
10
13
10
11
14
11
15
9
9
10
7
13
8
12
13
11
8
6
7
6
7
4
8
2
0
-1
-2
-1
-1
-1
-3
-4
-4
-8
-4
-8
-10
-11
-9
-7
-12
-8
-10
-7
-5
-6
-9
-4
-1
-5
-6
-7
-3
-8
-8
-5
-9
-8
-10
-5
-7
-3
-4
-3
-6
3
5
-1
3
-2
6
5
2
3
-2
3
1
0
1
-3
-3
-6
-4
-9
-4
-6
-5
-2
-8
-4
-7
-9
-7
-6
-4
-6
-4
-1
-4
-3
-3
-2
-4
-5
-1
-1
-1
2
4
5
3
-2
3
6
8
11
8
9
7
5
5
3
5
0
-6
-6
-8
-9
-7
-9
-8
-3
-6
-7
-5
-8
-9
-6
-5
-7
-8
-6
-8
-3
-1
0
1
-1
3
7
8
8
8
10
14
12
13
17
20
21
25
22
22
23
19
19
23
19
18
15
12
11
8
5
7
9
5
8
4
4
3
1
0
4
-2
-6
-5
-15
-12
-11
-19
-15
-11
-15
-14
-16
-21
-19
-18
-15
-14
-16
-18
-18
-15
-15
-12
-16
-12
-12
-11
-6
-10
-5
-2
2
5
3
4
4
5
0
2
6
3
9
8
5
7
11
10
6
10
7
8
12
6
8
4
1
1
4
0
4
3
-1
1
1
-3
-2
0
3
0
2
1
4
3
3
6
5
6
0
5
4
1
0
3
-2
-3
2
-5
-6
-8
-3
-3
-5
-1
2
5
-1
1
5
2
4
1
2
4
-3
-4
-2
-3
-3
-4
-7
-5
-5
-5
-5
-3
-5
-7
-9
-13
-9
-6
-7
-7
-10
-4
-9
-11
-4
-10
-7
-2
-7
-2
-2
4
3
2
-3
-3
3
1
-2
0
-5
-3
2
-6
-7
-5
4
6
-2
2
2
6
7
8
8
6
5
7
6
7
11
8
7
6
10
5
6
7
3
4
5
8
5
4
3
1
0
-4
-2
-2
-2
0
1
-4
-6
-2
2
2
1
2
6
0
1
-1
-4
-2
0
-1
-2
-1
-1
0
4
3
2
6
6
7
4
4
2
4
7
11
5
4
14
7
11
10
9
13
11
8
9
7
5
4
6
2
-7
-2
-1
-8
-11
-10
-6
-12
-11
-9
-12
-10
-5
-5
-10
-8
-6
-7
-2
-5
-9
-7
-8
-8
-7
-9
-6
-4
-6
-8
-7
-4
-3
-1
-3
-3
-6
-6
-7
-7
-7
-9
-7
-8
-6
-8
-4
-1
-1
-1
-1
-3
-4
-5
-1
-3
1
1
-3
-4
-5
-5
-11
-10
-9
-6
-5
-5
-2
-3
-1
0
6
8
6
10
8
9
9
6
6
6
3
5
8
7
9
6
4
5
12
12
14
15
15
16
18
18
16
15
14
15
13
9
10
13
16
14
6
9
8
8
10
6
4
2
4
-3
-6
-5
-5
-10
-10
-9
-9
-10
-10
-8
-6
-6
-6
-6
-2
-6
-7
-8
-4
-2
-2
0
-3
-1
-2
0
2
1
1
-3
-4
-2
-3
-5
-4
-2
-5
-2
-4
-4
-10
-10
-11
-12
-7
-8
-11
-10
-10
-9
-12
-12
-8
-6
-6
-5
-3
-2
-1
-1
-2
-1
-3
-3
-1
-4
-4
-1
0
3
4
1
2
3
4
6
4
3
8
7
7
7
8
11
5
11
9
9
8
9
8
7
5
-3
3
-1
0
2
-1
-2
-4
0
-8
-7
-3
-10
-7
-8
-9
-10
-12
-8
-9
-7
-3
-4
4
-1
3
-1
0
5
7
7
8
4
7
11
9
14
14
12
6
9
8
7
5
7
-1
-2
-1
-5
1
-3
-2
-1
-5
-2
-3
-3
1
-1
-6
-7
-6
-6
-7
-7
-4
-2
-7
-1
0
0
1
4
8
8
14
11
9
11
13
11
10
12
14
12
9
7
10
6
7
3
1
5
2
6
-2
-1
-4
-1
-4
-3
-3
-4
-3
-2
-5
-6
-2
-7
-5
-6
-5
-4
-1
-4
-4
-4
-4
-4
-3
-3
-3
-5
-8
-3
1
-1
-2
-3
-4
-5
-7
-4
-4
-3
-7
-7
-8
-8
-16
-17
-13
-19
-11
-12
-8
-9
-8
-7
-8
-11
-7
-7
-9
-3
-12
-8
0
-5
-2
-2
-6
-5
-6
-3
-3
0
4
5
5
5
3
4
8
7
10
10
11
12
8
6
9
9
8
11
14
14
14
14
18
14
14
18
18
18
15
15
12
12
6
6
3
1
-3
-4
-5
-3
-6
-8
-7
-8
-8
-5
-4
-3
-4
-2
4
5
9
6
5
6
3
1
2
8
4
2
0
-2
3
2
4
3
5
0
2
-1
-1
3
0
5
2
0
-2
-4
-4
-8
-8
-13
-11
-10
-12
-13
-13
-10
-12
-11
-10
-12
-8
-5
-7
-8
-4
-10
-6
-6
-1
-1
-7
-3
-3
-2
-5
-3
-5
-5
-2
0
1
3
2
4
3
5
9
5
3
4
2
-3
-1
1
4
-1
-1
1
-3
0
-2
-1
-1
-3
-6
1
0
1
1
4
6
2
0
4
1
5
5
8
6
6
8
6
11
9
4
9
11
6
10
6
9
5
7
6
5
5
0
5
3
2
5
6
3
7
7
5
6
3
2
1
2
-1
-3
-3
-3
-3
-6
-8
-8
-11
-13
-12
-12
-14
-14
-10
-10
-8
-8
-7
-2
-6
-13
-8
-8
-14
-6
-8
-10
-7
-6
-6
-3
-2
-2
1
-2
-2
-3
-4
-5
1
-1
-2
0
-2
-1
-1
-1
1
3
6
4
2
4
4
6
5
6
9
9
10
13
9
13
11
7
4
4
2
3
3
-1
3
1
3
5
3
2
4
7
6
4
4
7
6
6
7
3
0
5
5
0
-2
-1
2
-2
-2
-1
-4
0
4
5
3
8
3
1
4
1
-5
1
1
-1
-3
-6
-4
-8
-7
-10
-3
-5
-3
-6
-7
-5
-10
-10
-9
-9
-14
-13
-7
-11
-7
-2
-6
-6
-3
-6
-7
-2
-2
-1
6
7
4
5
12
10
12
11
11
13
9
12
14
9
10
10
11
11
8
9
9
7
5
2
-3
2
-2
0
-4
-3
-2
-1
3
-2
-2
-4
-1
-6
-1
-6
-9
-6
-5
-7
-9
-8
-12
-12
-11
-11
-16
-13
-14
-12
-15
-10
-8
-7
-5
-5
-3
0
1
3
3
4
4
5
4
3
7
6
6
5
5
4
2
0
-2
0
-1
0
1
1
2
8
2
6
2
0
2
-3
2
0
-1
2
1
0
3
1
0
1
0
-2
0
-2
0
3
0
-1
-2
1
4
2
5
5
6
10
9
11
10
10
14
12
7
6
9
3
3
5
1
-3
-1
2
-1
2
-4
-2
-7
-8
-3
-1
-10
-6
-8
-10
-12
-11
-12
-13
-6
-11
-4
-3
-3
2
4
0
-3
1
2
3
5
6
5
7
9
6
5
6
11
7
11
8
5
9
2
5
0
-1
2
5
-3
-2
0
-5
-8
-9
-7
-12
-14
-12
-11
-11
-8
-11
-11
-13
-9
-10
-9
-9
-10
-8
-8
-5
-4
1
-1
0
4
2
2
4
3
3
1
3
2
3
1
1
4
2
1
2
1
2
3
4
5
5
8
10
9
6
2
4
0
-3
1
6
5
2
1
-3
1
-1
1
8
6
7
7
5
3
2
-1
1
0
-5
-3
-5
-7
-4
1
-6
-3
0
-3
3
-1
4
4
7
0
-1
-1
-5
-7
-4
-2
-6
-8
-4
-1
-4
0
-2
2
2
2
4
6
8
9
8
10
8
11
11
14
16
12
10
10
6
5
6
5
5
2
5
1
-2
0
-2
-2
-3
-7
-2
0
-1
-3
-2
3
1
-1
-3
-2
-3
-2
-1
-4
-7
-7
-6
-9
-8
-5
-3
-9
-6
-8
-11
-8
-10
-7
-9
-4
-8
-5
-8
-5
-3
-1
-3
-2
3
1
6
5
1
5
6
3
4
-2
-1
-2
-2
0
1
-5
-6
2
-3
-3
-7
-7
-5
-8
-6
-3
-5
-7
-10
-8
-7
-12
-4
-10
-11
-9
-9
-6
-4
-5
-3
-3
1
7
5
4
0
2
-1
3
3
4
9
7
4
7
6
7
10
9
11
11
12
7
13
15
14
15
15
20
15
16
15
13
8
8
9
7
9
5
6
2
-3
-6
-6
-7
-7
-7
-8
-7
-4
-3
-2
-4
-4
-8
-5
-10
-6
-6
-10
-4
-7
-6
-10
-8
-9
-6
-6
-8
-6
-7
-8
-2
-3
-5
0
-2
0
-4
-4
-1
-6
-4
0
-2
-2
-1
1
-2
-1
7
2
4
7
5
9
11
6
5
5
3
2
3
4
5
7
6
3
2
2
7
7
10
11
10
8
9
11
10
14
14
12
11
7
6
5
4
-1
2
1
-3
-2
-4
-8
-6
-4
-6
-6
-7
-1
-5
-6
-5
-9
-5
-5
-4
-3
-6
-8
-2
-8
-8
-5
-8
-9
-12
-11
-10
-10
-8
-9
-5
-8
-7
-4
0
-3
-6
-2
-5
-9
-5
-4
-8
-3
-6
-5
-6
-6
-6
-8
-8
-8
-8
-6
-8
-6
-3
-2
-1
2
2
6
6
7
13
9
10
13
10
9
6
13
12
12
13
13
14
17
15
12
14
11
11
9
2
5
6
1
5
0
2
3
-3
-4
-4
-6
-4
-7
-3
-7
-12
-10
-8
-9
-7
-11
-6
-7
-12
-8
-12
-13
-12
-8
-8
-9
-8
-3
-1
3
8
5
7
8
4
8
8
9
16
10
10
12
11
12
17
17
17
16
16
14
13
13
9
11
9
5
5
3
-1
-1
-6
-7
-5
-8
-11
-8
-6
-7
-6
-3
-5
-6
-3
0
-6
-3
-3
-8
-8
-7
-3
-7
-1
1
-2
-1
-2
1
2
3
4
5
6
5
1
2
2
3
0
0
3
0
-3
-1
-2
-4
-3
-4
-7
-8
-5
-8
-6
-7
-8
-13
-15
-17
-16
-19
-21
-13
-17
-22
-18
-15
-15
-11
-17
-12
-12
-15
-7
-3
-2
-1
3
1
3
7
6
4
7
7
9
10
11
14
11
13
13
6
17
12
22
17
10
15
3
1
6
6
10
6
-3
-6
-6
0
-2
-4
5
7
4
2
-1
6
3
9
0
-3
4
1
5
6
-1
-2
3
-1
8
4
11
18
12
13
11
12
11
13
9
11
7
11
11
1
1
0
2
-2
-4
-7
-5
-10
-10
-12
-11
-8
-11
-11
-12
-8
-10
-7
-7
-14
-14
-11
-12
-13
-11
-12
-7
-8
-1
-3
1
5
6
6
6
10
9
7
9
8
5
10
5
6
5
7
2
1
1
-4
0
-5
-5
-2
-4
-3
-3
-3
-4
-2
-7
-5
-11
-10
-13
-16
-11
-15
-12
-10
-13
-10
-3
-7
-6
-4
-2
1
-1
1
4
4
6
5
3
5
4
3
5
5
4
5
4
6
9
7
6
9
6
8
9
5
4
4
2
0
-2
-3
-5
-5
-3
-2
-6
-3
-8
-7
-7
-5
-2
-3
1
0
0
-3
-3
-7
-8
-4
-3
-2
-3
-2
4
1
6
13
13
12
15
15
17
18
15
17
12
8
11
14
9
10
11
7
4
3
5
2
-2
2
2
-2
2
0
-4
-1
-6
-7
-3
-7
-6
-4
-6
-6
-8
-9
-11
-7
-7
-5
-2
2
0
1
-2
5
4
0
6
-2
4
2
1
1
1
4
-1
-1
2
2
0
0
-8
-9
-6
-11
-11
-8
-12
-5
-6
-10
-9
-9
-8
-10
-11
-11
-6
-10
-6
-4
-7
-1
-6
-3
-2
-2
-4
-1
2
-7
5
0
2
-3
-2
2
-3
-1
1
6
2
4
-1
2
2
2
-1
2
5
0
-2
0
-1
-3
-6
-4
-2
-7
-8
-6
-2
-6
-9
-7
-5
-1
-5
1
0
0
2
0
7
1
2
3
1
8
2
2
8
5
8
12
17
17
14
17
18
19
16
11
14
15
14
13
15
17
8
15
17
18
16
10
16
8
3
5
7
6
5
-3
3
4
-4
-4
-7
-3
-4
-6
-4
-4
-6
-12
-8
-6
-15
-9
-4
-5
-7
-10
-10
-7
-9
-11
-9
-14
-10
-11
-10
-10
-9
-10
-7
-7
-4
-10
-8
-4
-10
-8
-6
-4
-5
-2
0
-2
-3
-2
-5
-6
-9
-6
-5
-10
-10
-9
-6
-6
-4
-4
-6
-5
-1
0
0
-4
-3
-4
-2
-2
-2
-1
0
4
4
6
4
6
12
8
10
11
10
11
6
11
11
10
11
9
10
9
7
6
7
4
3
4
4
7
0
1
-2
2
3
-2
-1
-2
3
-4
0
1
-3
2
-4
-3
3
-1
2
2
3
3
1
3
-2
1
-1
-1
1
-1
2
-1
-2
4
4
1
3
3
3
2
2
1
-2
0
3
2
0
-1
0
-2
-2
-3
1
-2
0
0
0
-5
-2
4
-1
4
3
8
3
9
2
0
1
0
3
1
5
7
4
1
0
1
2
1
3
5
0
-3
-2
-5
-12
-10
-15
-13
-17
-16
-13
-16
-13
-18
-14
-12
-17
-13
-11
-15
-10
-6
-6
-3
-2
1
1
-1
2
1
-1
2
2
1
3
5
9
8
9
10
9
12
15
13
8
13
8
6
9
8
11
10
16
11
8
2
5
6
-3
-5
-1
0
-4
0
0
5
-5
-4
2
-3
-9
-10
-4
-9
-8
-2
-5
-6
-6
-3
2
0
3
6
8
4
5
10
4
3
4
7
2
3
1
4
4
1
4
4
2
-1
3
5
-1
2
0
-2
-4
-1
0
2
1
0
1
-2
-3
-3
-4
-6
1
-4
-5
-4
-3
-2
-3
-1
1
1
2
-1
-3
2
-1
-3
-2
-3
-3
-5
-7
-7
-6
-3
-6
-12
-13
-12
-13
-10
-7
-9
-7
-9
-12
-11
-6
-11
-15
-14
-15
-18
-17
-15
-8
-8
-6
-4
-6
-4
3
2
5
5
5
7
5
7
8
10
10
4
10
6
4
9
4
11
11
13
13
17
21
14
19
16
13
15
11
11
13
12
9
10
4
2
3
-2
1
-2
4
4
2
1
4
2
0
-2
-1
1
-3
1
1
-6
-4
-5
-4
0
0
4
3
3
5
4
3
5
0
0
-1
2
-1
-1
7
5
5
0
3
6
4
4
1
5
5
0
-1
0
-3
-3
-3
-3
0
-1
-6
-9
-9
-6
-9
-7
-6
-11
-11
-12
-7
-5
-11
-4
-7
-11
-8
-6
-7
-7
-4
-9
-4
-4
-6
-3
-1
4
-4
3
2
-2
-1
-1
5
-1
-3
1
3
3
3
2
2
5
1
0
2
-2
-3
0
-2
-6
0
-1
1
-3
-2
2
1
1
-3
0
0
0
2
0
-2
-5
0
-3
-6
0
-3
-4
1
1
4
5
5
8
3
7
7
3
0
4
3
5
1
1
7
4
2
5
4
2
0
3
-1
2
4
2
4
2
1
1
3
0
3
1
4
-2
-2
-3
0
5
2
-1
-3
-2
1
0
-2
-5
-2
-6
1
-2
-2
0
0
-1
-3
4
3
0
-1
4
3
3
2
8
5
4
4
7
5
8
5
5
3
-6
2
-3
2
3
5
3
1
2
-1
-2
-3
1
2
-2
3
1
0
-3
-4
-4
-3
-9
-9
-6
-8
-8
-14
-9
-8
-13
-10
-9
-7
-5
-4
-1
-4
-2
0
5
1
0
4
1
1
3
-2
2
-1
-1
0
-5
-1
1
3
2
-2
-5
-2
-5
-6
-6
-1
-2
-6
-4
-4
-11
-7
-9
-8
-9
-8
-4
-3
-3
-1
-1
1
4
4
8
6
4
4
9
4
6
12
8
8
11
9
10
9
16
14
13
13
8
14
7
9
8
9
11
6
10
9
10
4
5
6
-1
4
5
3
2
1
2
0
-2
-1
-5
-3
-5
-6
-11
-11
-13
-16
-14
-14
-12
-17
-9
-10
-10
-7
-6
-5
0
-1
-4
1
-3
-6
-2
-3
-4
-2
-1
1
-4
0
3
0
1
5
3
2
9
7
7
5
3
5
1
-2
-4
-5
-3
-2
-5
-1
1
2
4
-2
3
3
5
6
5
8
6
8
1
-1
3
6
9
6
6
3
8
6
3
8
10
14
9
6
4
4
2
3
5
4
7
2
0
2
0
-6
-1
0
-6
-1
-7
-7
-6
-7
-8
-15
-14
-17
-20
-21
-19
-16
-22
-19
-15
-16
-8
-11
-8
-6
-7
-6
-4
2
4
2
4
5
2
6
6
10
3
3
2
0
0
2
2
-1
6
8
6
8
5
3
0
0
3
2
4
4
0
2
0
-5
1
-2
2
2
2
4
-1
-1
0
0
-6
3
-1
-1
-1
0
0
-5
-3
-1
-1
-6
-2
0
3
-1
8
8
4
6
5
0
-3
3
3
7
4
4
10
8
3
8
4
4
3
2
5
7
3
4
4
3
2
-2
-1
-5
-3
0
-4
-3
-5
3
-1
-1
2
2
1
2
3
-1
3
4
1
7
11
6
10
8
9
12
15
12
12
14
10
10
11
6
5
3
2
0
1
-4
-6
-4
-6
-7
-3
-8
-9
-8
-6
-5
-5
-8
-7
-7
-6
-5
-11
-9
-9
-7
-10
-3
-10
-5
-3
-3
-1
-4
-1
-6
-2
2
0
2
0
0
3
-5
-4
-1
-6
-7
-9
-11
-8
-8
-7
-12
-8
-8
-12
-12
-11
-9
-11
-13
-10
-11
-14
-10
-12
-17
-10
-10
-6
-8
-6
-3
-4
0
0
0
-1
5
4
3
3
6
7
4
5
9
5
3
10
12
6
9
12
12
10
7
13
6
5
6
6
4
5
5
2
0
-1
1
-3
1
-2
1
0
3
4
2
6
10
9
12
9
12
9
11
12
8
11
7
4
4
5
6
12
14
15
8
17
18
15
20
20
14
13
12
7
9
5
9
12
5
7
5
2
1
0
-2
-4
-1
-3
-4
-6
0
-2
-3
-4
-5
-7
-12
-16
-12
-13
-18
-17
-12
-12
-15
-11
-14
-12
-13
-7
-8
-6
-8
-8
-9
-14
-9
-9
-11
-8
-9
-11
-13
-11
-8
-10
-13
-12
-11
-7
-9
-9
-10
-11
-10
-8
-7
-9
-6
-3
-4
-9
-5
-3
-5
-5
-1
-3
-4
4
-3
0
0
-4
1
4
6
3
5
10
8
8
10
7
4
5
9
3
8
4
6
5
2
3
2
7
5
6
8
7
-3
4
5
3
-2
5
8
7
6
10
16
9
11
12
8
11
7
8
11
9
5
5
8
7
5
3
4
0
4
1
3
3
-3
0
4
7
3
8
5
1
0
1
3
0
-4
-3
-6
-4
-6
-7
-5
-6
-3
-3
-2
-4
2
-2
1
2
-8
0
4
2
0
4
5
5
4
2
11
6
3
8
11
5
1
6
4
4
-2
2
1
-1
-7
-9
-4
-11
-8
-9
-14
-17
-17
-13
-14
-14
-11
-11
-14
-13
-10
-10
-10
-7
-14
-7
-6
-5
-5
-9
-7
-8
-6
-2
-7
-5
-4
-2
-7
0
7
-2
4
8
7
6
11
7
9
5
8
8
1
5
2
3
0
-5
-5
-5
-8
-9
-8
-11
-12
-6
-12
-6
-6
-1
-10
-4
0
-7
-2
-5
-3
0
4
4
3
5
7
4
12
12
10
12
19
15
11
17
21
18
19
25
21
19
24
16
16
22
9
8
13
14
12
6
2
0
-6
-5
-1
-8
-13
-11
-9
-10
-12
-10
-5
-4
-15
-5
-8
-9
-5
-7
-7
-10
0
-1
-3
1
2
2
-5
1
8
1
6
7
4
6
5
3
4
9
3
2
4
5
-1
-1
-5
-1
3
3
1
0
-2
-9
-7
-14
-10
-13
-16
-16
-15
-21
-18
-21
-20
-15
-17
-19
-13
-10
-11
-8
-2
-5
-8
0
1
1
1
1
2
2
-2
7
11
2
4
16
11
5
17
16
7
11
13
15
14
15
14
11
13
15
11
9
12
10
8
7
2
-4
-5
-6
-12
-11
-7
-10
-13
-12
-7
-9
-11
-6
-9
-7
-8
-7
-6
-4
-1
2
2
-2
3
5
10
3
8
14
-1
3
10
4
0
6
2
-6
-10
1
2
-4
-5
1
-3
-5
-2
-4
0
-8
-6
-4
-2
-11
-8
-2
-12
-9
2
-2
-5
3
-1
-4
-4
-1
-6
-4
1
-4
-3
2
7
9
8
9
14
20
16
17
22
17
16
14
13
5
8
8
5
4
8
1
-4
6
2
-4
-6
-1
-4
-8
-13
-7
-4
-15
-14
-12
-15
-12
-10
-6
-5
-7
-4
-7
-5
-6
-6
-4
-7
-4
4
-6
-2
-3
-2
-12
-5
4
-3
4
6
6
5
9
15
10
9
11
11
9
8
8
11
8
-4
1
9
2
-4
10
6
-3
-4
2
4
-8
-5
5
-5
-7
-2
2
-5
-4
5
-3
-4
-7
-4
-3
-8
0
4
-3
2
8
0
4
3
7
6
5
5
5
6
5
6
1
2
1
-3
2
-5
-8
-11
2
-3
-16
-4
4
-2
-5
-1
-1
-6
-6
-5
-6
-6
-4
-3
-11
-1
-6
-11
-3
-5
-8
-9
4
2
-15
-12
7
-2
-5
1
8
6
0
4
0
-2
-2
-1
-4
-1
-4
2
0
4
0
2
-1
-4
-2
-1
4
2
-5
0
1
-2
1
6
4
0
6
-2
-1
8
3
-3
-5
4
-1
-4
7
9
14
18
12
12
0
6
17
4
-1
10
14
10
4
1
-5
3
19
7
-5
2
4
-10
-6
-4
4
6
15
16
0
4
0
-6
-8
-9
-5
-11
-6
-13
-19
-9
-6
-6
-12
11
18
1
3
20
16
-10
-2
17
22
1
1
23
10
-21
-3
14
4
1
20
37
-1
4
25
24
-6
-17
11
-4
-25
-16
-14
-17
-17
-21
-9
1
-11
-11
-15
-23
-25
-2
6
-2
-5
-7
-14
-41
-24
-9
-21
-5
2
2
-6
-12
-19
-11
-27
-44
-24
1
-1
-9
22
4
-13
-26
-20
-10
-18
0
25
32
15
2
-5
-9
8
5
14
29
6
-3
22
22
-13
-1
12
6
10
25
41
42
12
-5
1
11
4
-1
18
3
-6
9
25
-5
7
27
-1
-20
9
7
-14
17
34
45
29
25
19
2
-17
-17
-15
-18
-14
-7
-13
-12
-16
-42
-40
-7
-19
0
33
18
9
3
-7
-16
-9
-12
-13
3
5
-23
-19
-15
-30
-27
-17
-23
-18
-5
18
19
25
17
18
41
34
22
41
51
20
24
30
14
-4
15
22
26
22
27
29
40
44
38
43
41
10
-15
10
34
9
14
16
-20
-29
-16
-46
-70
-50
-49
-38
-50
-37
-25
-43
-32
-16
-31
-55
-41
-37
-81
-102
-68
-48
-70
-89
-65
-45
-67
-64
-38
-55
-62
-30
-19
-30
-2
6
-2
11
17
17
25
22
26
29
40
53
67
95
77
83
114
115
122
131
135
133
185
195
189
199
192
179
143
155
147
145
126
115
93
52
28
-23
-59
-54
-60
-50
-30
-61
-155
-261
-451
-767
-908
-780
-670
-591
-342
-75
-11
-42
-18
-21
-110
-53
109
172
177
267
324
203
38
5
41
-44
-10
151
277
257
235
320
331
244
241
340
310
216
252
406
391
323
401
408
300
241
222
185
125
96
164
222
137
51
65
61
-58
-112
17
15
-6
98
160
44
-150
-273
-372
-504
-530
-477
-465
-640
-1070
-1341
-1283
-1268
-1235
-907
-417
-180
-151
92
232
55
3
208
303
203
261
428
341
135
158
225
132
48
161
380
398
429
643
723
564
534
556
234
-7
238
430
262
410
768
725
462
477
531
372
348
432
483
370
268
265
99
-118
-169
-111
-176
-170
-16
165
153
83
200
124
-92
-252
-354
-545
-683
-642
-646
-1149
-1816
-1933
-1878
-1888
-1660
-967
-392
-240
-42
237
254
11
154
401
384
234
446
612
249
72
173
196
67
-50
168
447
538
636
872
843
693
669
630
395
122
276
466
446
524
666
584
362
208
329
425
362
541
867
912
528
310
391
250
-122
-184
-69
-70
-62
92
301
229
212
275
99
-204
-463
-446
-490
-591
-607
-1157
-2398
-2949
-2684
-2696
-2744
-1902
-618
-143
-148
164
443
354
117
171
472
380
293
725
675
234
141
417
286
-95
75
516
678
887
1258
1289
1169
1104
1114
824
301
312
528
568
539
644
807
952
995
876
685
586
558
590
687
709
664
865
787
299
-185
-398
-424
-411
-363
-137
233
373
377
624
525
-133
-636
-757
-957
-1348
-1320
-1099
-1627
-3201
-3985
-3542
-3701
-4000
-2658
-909
-543
-312
699
1040
344
325
705
433
134
427
752
592
513
721
732
450
266
278
581
604
724
1358
1437
1091
1303
1695
980
169
506
846
515
672
1352
1422
1648
1953
1724
1284
1228
1003
613
550
466
406
646
874
738
689
593
123
5
123
-33
254
741
751
607
619
160
-650
-1156
-1259
-1409
-1478
-1365
-1372
-2607
-4896
-5494
-4917
-5326
-5214
-3049
-1075
-660
-115
881
938
95
137
546
371
105
575
1424
936
350
559
685
40
-338
80
527
620
1061
2028
2347
2140
2003
2440
1852
621
794
1453
1461
1667
2341
2449
2261
2054
1764
1298
976
724
1014
1390
811
616
1577
1470
332
225
417
-119
-319
-15
307
389
576
1020
612
-562
-1287
-1399
-1735
-2235
-2008
-1461
-1260
-1596
-3835
-6540
-6961
-6635
-7194
-6166
-3315
-1285
-195
964
1349
585
351
409
41
-8
628
1210
1478
1600
1025
866
722
216
-125
82
727
1377
2266
3016
3068
2956
3434
3246
2043
1311
1418
1469
1603
2388
2834
2667
2896
2751
1573
684
398
200
725
1615
1916
2491
3178
2478
1215
720
-15
-490
-292
-251
159
792
1036
690
94
-956
-1903
-2703
-2871
-2646
-2587
-2342
-3121
-5649
-7370
-6913
-6906
-8025
-6380
-2681
-1409
-1468
278
1937
1218
423
941
1195
488
337
1126
1337
1045
738
1083
1099
172
-222
441
880
1344
2431
3027
3397
3811
4294
3203
1624
1462
1812
1275
1063
2361
2762
2643
2538
2496
1736
861
931
1079
1222
1190
1550
2468
2566
1442
978
894
502
-83
-274
360
946
1082
662
57
-542
-1119
-2030
-2346
-2177
-2072
-2007
-2132
-3844
-6938
-8282
-7521
-7630
-8091
-5393
-1705
-857
-554
1249
1859
635
608
1235
701
264
870
1296
1449
1123
139
360
499
-755
-1104
214
977
1281
2919
3466
2881
3604
4118
2408
1096
1500
1599
1564
2009
2655
3088
3133
2720
2149
1764
594
-502
233
1617
1789
2042
3402
3825
2518
1291
821
252
-333
15
815
1142
1143
871
398
-763
-2167
-2530
-2369
-1936
-1599
-1324
-2001
-5008
-7404
-7641
-8029
-9060
-7256
-3593
-1893
-1244
610
2219
1258
909
1775
1382
517
931
1773
1087
383
936
1172
362
-358
-593
-48
377
590
1878
3018
3006
3492
4236
3345
1566
1039
1388
611
645
1989
2692
2790
3002
2535
1425
690
222
-155
257
1382
2227
3026
3729
3150
2287
1564
709
194
-295
-17
480
320
452
313
-684
-1731
-1998
-2130
-2558
-2377
-1873
-1666
-3050
-5941
-7867
-7710
-7825
-8462
-6436
-3169
-1580
-832
723
1839
1456
1194
1550
1618
878
814
1391
1566
976
470
995
1193
195
-354
139
578
1155
2161
2973
3069
3539
3825
2914
1421
1047
1412
1436
1608
2481
3282
3495
3266
2575
1748
1013
389
325
675
1206
2081
3199
3644
2940
1959
1233
664
-305
-991
-596
82
111
-215
-203
-359
-1221
-1927
-1909
-1677
-2119
-2560
-2112
-3500
-6890
-7927
-6993
-7494
-8004
-5410
-2391
-1683
-1142
1044
1905
1018
1384
1999
1772
987
1137
2100
1379
441
445
1182
703
-358
51
1063
772
792
2372
2778
2451
2838
3501
2675
1302
1397
2016
1834
1576
2247
3117
3337
2387
2173
2081
1180
380
180
91
278
1276
2466
2677
2155
1951
1460
431
-294
-853
-194
-34
-403
-277
-573
-1207
-2174
-2242
-2122
-1931
-2002
-1525
-1304
-2759
-5677
-7289
-6766
-7802
-8426
-6302
-3191
-1941
-1528
531
1769
1529
1398
2046
2139
1809
1605
2117
2387
1464
917
1208
1073
-157
-608
180
679
605
1971
3093
2940
3438
3996
3522
2413
2036
1996
1750
1714
2070
2686
3066
2779
2098
1781
716
-701
-684
256
691
1333
2584
3083
2245
1352
1137
582
-323
-772
-188
756
736
9
-470
-708
-1592
-2536
-2496
-2016
-1875
-1726
-987
-2571
-6408
-7766
-6769
-7717
-8879
-6104
-2278
-786
-543
1332
2479
2160
1779
1340
1486
1362
1068
1388
2203
1728
679
1085
1482
-30
-1425
-161
874
997
1917
3298
3817
3929
4197
3324
1914
1387
1651
1497
1498
1665
2216
3054
2075
207
95
920
368
474
2005
2241
1668
2247
2925
1824
837
847
362
-677
-1098
-422
63
263
24
-682
-1421
-1789
-2270
-2733
-2605
-2679
-2644
-3488
-6273
-8417
-7975
-7489
-8050
-7098
-3786
-1498
-1193
495
2432
2168
1749
2492
2428
1498
1541
2109
1912
1756
1362
1031
1550
1140
-155
405
1329
1262
1634
2886
3660
3230
3584
3797
2887
1999
1982
2064
1928
1871
2246
2622
1812
1008
974
1439
1328
1164
2178
2537
1659
1709
2271
1778
1012
665
371
-450
-1220
-808
-296
-170
-293
-403
-368
-1344
-2604
-2865
-2396
-2559
-2699
-3159
-5213
-7780
-8088
-7437
-8409
-7656
-4289
-1992
-1196
368
2054
2128
1498
1878
2038
1489
1533
1933
2337
1857
1065
1551
2178
935
-221
750
1704
1179
1656
3559
3781
3092
4036
4296
2470
1252
1562
1652
955
820
1714
2511
2822
2612
2408
2218
1468
787
1078
983
668
1711
2722
2040
602
310
406
-606
-1226
-586
367
87
-201
-114
-1028
-3093
-3602
-2841
-2760
-3002
-2610
-3001
-5737
-8105
-8522
-8328
-8637
-7189
-4024
-2044
-1292
169
2067
2191
1990
2127
2316
2308
2313
2489
2256
2055
1824
2212
1939
835
494
1164
1260
946
1758
2443
2826
3560
3865
3113
2320
2002
1829
1779
1135
910
1795
2799
2434
1753
2224
2121
1646
1579
1469
1125
1228
1840
1820
1199
872
1012
434
-348
-519
-219
-72
-161
206
74
-938
-2046
-2388
-2779
-3224
-3068
-2993
-3816
-5952
-7682
-7959
-8025
-8454
-7615
-4662
-2468
-1848
-453
2021
2573
1632
2159
2883
2269
1592
2079
2419
2213
2181
2222
2419
2097
1171
991
1770
1602
1245
2157
3090
3080
3042
3345
2894
1966
2035
2339
1824
1622
2078
2758
2880
2534
2370
2531
1892
1025
1079
1049
741
847
1594
1177
631
463
401
-7
-550
-270
-26
218
-457
-798
-1168
-2513
-3334
-2935
-2754
-3302
-3040
-3442
-6329
-8922
-8484
-8030
-9057
-7655
-4041
-1980
-1565
-174
1655
1764
1588
2241
2660
2337
2026
2726
3280
2530
1577
2371
2978
1694
905
1826
1798
1014
1980
2974
2354
2833
4105
3435
1941
1890
2367
1975
1803
2288
2835
3304
3368
2723
2074
1475
732
202
-74
74
630
1590
2117
1800
1260
927
394
-253
-1133
-1410
-728
-141
-56
-35
-81
-706
-1720
-2711
-3202
-3197
-2938
-2885
-4090
-6381
-7888
-7823
-8489
-9441
-7346
-4071
-2471
-1549
625
2286
2247
2361
2979
2737
2135
2411
2891
2903
1910
1525
2636
2384
785
722
1329
806
548
1848
2526
2518
3609
4336
3478
2253
1978
2285
2106
1337
1796
2893
3017
2872
3203
3338
2379
1606
1634
1568
834
1126
2136
2204
1409
730
1019
482
-524
-622
241
319
-42
-175
-397
-1410
-2768
-3023
-3246
-3172
-2980
-2879
-3726
-6702
-8552
-7976
-8311
-9604
-7568
-3988
-2788
-2775
-801
1631
1230
1101
2503
3303
2572
2015
2962
2884
1288
833
2088
1874
690
678
1584
1562
1010
1920
2834
2948
3203
4018
3848
2510
1873
2619
2564
1727
2381
3425
3593
3122
2955
2529
1543
982
942
715
758
1455
2224
2364
1907
1332
700
285
-155
-950
-876
77
542
579
177
-733
-1473
-2272
-3516
-3793
-2561
-2031
-2645
-3303
-5431
-8272
-8851
-8826
-9708
-8463
-4698
-2449
-1605
310
2305
2416
2433
2790
2508
2158
2015
2162
2122
2098
1524
1632
2113
1254
54
542
1141
743
1564
2899
3351
3803
4730
4279
2636
1897
1885
1298
1045
1403
1709
2379
2937
2918
2437
2131
1744
1492
1570
1586
2043
2967
3198
2371
1641
1022
353
-465
-1224
-1026
-203
660
262
-645
-1082
-1823
-2766
-3286
-2991
-2680
-2661
-3410
-5924
-8412
-8644
-8681
-9658
-8505
-5330
-3185
-2731
-1273
997
1310
1316
2347
3110
2554
1982
2563
2503
1208
610
1700
1908
958
767
1876
2056
1514
2227
2955
3004
3367
4348
4036
2997
2293
2726
2544
1792
1884
2291
2842
2614
2385
2456
2837
2423
2627
2979
2500
2341
2483
2966
1974
1075
739
629
-15
-771
-709
66
791
197
-556
-1272
-1845
-3136
-3667
-2890
-2954
-3578
-3353
-4093
-7537
-9425
-8917
-8924
-9681
-7663
-3669
-2443
-2185
-145
1960
1385
819
2085
3037
1981
1108
2586
2748
1175
484
2159
2275
6
88
1845
1524
524
2082
3617
3780
3657
4300
4292
2690
1803
1757
1885
1650
1791
3139
4200
2949
1815
2442
2644
1698
1965
3382
3267
2590
3049
3138
1727
907
949
1066
42
-1071
-244
813
392
-581
-932
-997
-2229
-3428
-3224
-2856
-2489
-2625
-3108
-5244
-8175
-9079
-8703
-9196
-9416
-6535
-3248
-2256
-1863
738
2143
1296
1701
2744
2513
1442
1962
2482
1715
845
1184
2020
1468
323
238
1221
1141
1018
2140
3079
3373
3646
4098
3248
1802
1429
1909
1864
1232
1517
2706
3574
3402
3236
3270
3028
2608
2364
2313
2112
2450
3233
2954
1444
764
869
518
-543
-523
218
216
60
-403
-1291
-2527
-3379
-3460
-2996
-2872
-2679
-2514
-3985
-7036
-8665
-8651
-9327
-9481
-6977
-3864
-2942
-2053
311
1823
1317
1218
2542
3143
2121
1855
2811
2491
1425
1647
2202
1309
117
647
1223
721
775
1950
3079
3555
3916
4345
3806
2200
1383
1470
1009
607
1398
2743
3212
3284
3366
3249
2957
2446
2108
2229
2332
2546
3065
2820
2016
1379
1159
298
-878
-1118
-191
531
-94
-1006
-1281
-1753
-2883
-3816
-3555
-2849
-2784
-3042
-3451
-5397
-7981
-8637
-8580
-9145
-8715
-5708
-3368
-2912
-1318
1126
1865
1651
2148
2472
2106
1720
2184
2085
1725
1637
1951
1867
707
143
591
823
650
1479
2466
3360
3942
4142
4084
3183
2277
1886
1880
998
464
1644
2850
2816
2913
3775
3686
3152
2940
2846
2459
2167
2727
2902
2213
1632
1653
1256
93
-706
-299
412
61
-482
-597
-1309
-2560
-3251
-2963
-3091
-2992
-2185
-2184
-4178
-6930
-7816
-7722
-9273
-9789
-6664
-3649
-3370
-2462
377
1318
50
734
2445
1785
1201
2334
3024
1932
1120
1784
1852
875
100
419
940
838
1063
2274
3072
3188
3882
4030
3159
1990
1635
1577
1202
972
1736
2824
3513
3912
3551
3414
3114
2673
2541
2385
2311
2732
3113
2883
2109
1079
1044
811
-233
-812
-149
449
-228
-1005
-1383
-1874
-2890
-3277
-3224
-2877
-2499
-2740
-3654
-6163
-8368
-8465
-8564
-9421
-7939
-4849
-3396
-2728
-944
847
906
1035
2103
2147
1905
2289
2818
2568
1702
1440
1786
1499
580
145
287
931
1244
1612
2730
3419
3864
4413
3868
2447
1724
2127
2020
1371
1272
1772
2922
3753
2958
2458
3406
3287
2274
2110
2529
2552
2549
2702
2005
1301
896
803
146
-743
-736
49
388
-392
-1144
-1884
-2438
-3110
-3630
-3741
-3150
-2394
-2736
-5005
-7901
-8443
-7711
-8859
-9812
-6562
-3172
-3075
-1885
1006
1514
1057
2262
2830
1647
1577
2680
2638
2071
1574
1882
2442
1826
552
292
982
1049
1220
2203
3058
3513
4423
4769
3322
1926
1952
2136
1600
707
551
2025
3530
3432
2660
2857
3495
3057
2106
1935
2046
2286
2728
2362
1417
903
767
350
-1017
-1329
-280
291
133
-683
-1490
-1983
-2865
-3362
-3435
-3297
-2653
-2105
-3300
-6333
-8069
-7702
-8512
-9818
-7350
-3912
-3035
-2205
556
2051
792
1070
2925
2442
783
1651
3275
2497
1046
1847
3198
1884
546
1094
1090
103
367
2231
2760
2364
3549
4818
3755
2066
1820
2026
1547
877
1315
1019
981
2629
3006
2094
2567
3791
3575
2238
1539
2237
2426
2122
1733
1375
1120
667
366
-200
-648
-18
998
-242
-2202
-2682
-2177
-3017
-4378
-3538
-2218
-2330
-3204
-5035
-7238
-8194
-8695
-9151
-8538
-6147
-3634
-2342
-881
585
906
1304
1907
1768
1529
1744
2574
2584
1870
1820
2301
2544
1625
521
526
849
588
1202
2246
2728
3576
4630
4379
2717
1780
1700
1163
563
937
1963
3038
3761
3911
3351
2750
2632
2311
1937
1755
2143
2866
3092
2299
1655
1190
420
-142
-582
-642
-166
388
-167
-1132
-2095
-2719
-3075
-3190
-3563
-3561
-2710
-2501
-4565
-7738
-8345
-7906
-8642
-8981
-7023
-4262
-2646
-1774
-332
989
1659
2115
2331
2372
1818
1993
2930
2524
1714
2343
2991
2301
1309
892
925
793
1174
1582
1988
2975
3720
4146
4055
2674
1478
1955
1740
499
423
2141
3332
3208
3164
3084
2848
2638
2212
1595
1575
1950
2303
2415
1754
951
841
634
-214
-930
-674
-182
-506
-1184
-1949
-2630
-3093
-3293
-3046
-2819
-2835
-2932
-3847
-6998
-8811
-8293
-8457
-9030
-7351
-4003
-3027
-2562
-498
1011
549
659
1883
2347
2163
2213
3181
2887
2257
2420
2466
2041
1087
894
1160
910
867
1758
2514
2862
3453
4018
3585
2504
2144
2331
1338
28
1019
2378
2434
2361
3481
3768
2574
2418
2879
2265
1628
2511
2775
2236
1639
1270
1020
-106
-650
-626
-105
170
-114
-157
-1245
-2372
-2767
-3095
-4101
-3782
-2472
-2424
-3327
-5415
-7530
-8408
-8289
-9027
-8802
-5586
-2958
-2681
-1600
865
1464
891
1856
2806
1959
1871
3246
3171
2162
2253
2627
2438
1461
777
847
660
505
1047
1846
2360
2943
3957
4134
2578
1907
2219
1688
288
1
1371
2679
3089
3251
3338
3091
2792
2227
2021
1927
2120
2796
3115
2538
1769
1536
1078
-96
-970
-428
364
320
-499
-1260
-1827
-2755
-3276
-3285
-3174
-3219
-2865
-2803
-5001
-7958
-8406
-8041
-9218
-9171
-6272
-3443
-2589
-1548
458
1144
1057
1716
2052
1815
2076
2958
2953
2175
2111
2495
2062
1497
1152
663
539
958
1253
1350
1940
3308
3987
3628
3165
2662
2291
1813
1492
1552
1014
188
1739
3310
2321
1943
3650
4113
2194
1538
2410
2457
2254
2471
2045
1335
868
418
-76
-844
-1010
436
872
-829
-1908
-1769
-2722
-3761
-3234
-2879
-3513
-3235
-3222
-6380
-8902
-8574
-8213
-8858
-7649
-4915
-3080
-2091
-633
679
831
1346
2038
2290
2205
1986
2377
2750
2389
1738
1900
2372
1908
857
912
1193
940
1265
2103
2712
3060
3506
3732
3194
1947
1241
1501
1265
505
1387
3167
3480
2870
3197
3348
2324
1872
2241
2361
2008
2258
2714
2384
1234
801
739
48
-251
29
164
-314
-597
-1410
-2379
-3319
-3662
-3100
-3007
-3451
-3400
-3328
-6137
-8893
-8105
-7543
-9429
-8281
-4080
-2793
-2849
-792
1239
1109
1034
1719
2167
2381
2461
2569
3073
2874
1977
2445
2761
1339
662
1176
1217
999
1429
2089
2680
3435
3640
3192
2709
2206
1543
1502
665
-330
1104
2970
2893
2467
3259
3591
2562
1853
2088
2036
2210
2678
2531
2018
1484
1030
591
-69
-688
-94
781
290
-690
-1233
-1937
-3201
-3758
-3697
-3733
-3226
-2854
-3429
-5600
-7566
-8241
-8444
-8979
-8320
-5299
-3219
-2826
-1609
651
848
402
1536
2359
1595
1567
3172
2908
2015
2504
2947
2055
1728
1901
1327
854
905
1537
1680
1983
2731
3552
3577
2714
2288
2128
1732
1411
581
62
1785
3510
3035
2636
3780
3708
2047
1624
2262
2178
2079
2900
2575
1677
1110
797
114
-650
-344
869
1135
-464
-1607
-1630
-2385
-4007
-3767
-2970
-3343
-3292
-2571
-4238
-7832
-8721
-7789
-8516
-9555
-6886
-3214
-2414
-2294
-358
1342
531
507
1936
2265
1236
1971
3553
2917
1656
2496
3787
2293
787
1067
1571
865
699
1820
2445
2733
3753
4681
3681
2149
1802
1730
1037
66
575
2715
3701
3296
3141
3450
3044
2112
1886
2050
1996
2304
3227
3036
1905
1130
920
320
-885
-862
94
360
-364
-826
-1522
-2695
-3779
-3719
-3636
-3862
-3265
-3064
-4509
-7316
-8207
-7757
-8544
-9412
-6829
-3628
-3752
-2969
-271
957
19
775
2079
1903
1638
2176
3012
2722
2470
2623
3334
2723
1647
1633
1669
1041
1064
1848
1983
2427
3211
3665
3237
2789
2257
2103
1866
404
-152
1388
2852
2571
2803
3715
3699
2766
2239
2255
1949
2060
2444
2343
1870
1335
1158
786
-365
-943
-135
463
-149
-1140
-1711
-2045
-2946
-3604
-3605
-3291
-3101
-3069
-3441
-5550
-8400
-8521
-7563
-8607
-9190
-5747
-2114
-2504
-2817
49
1949
606
601
2368
2634
1724
2680
3711
2464
1787
2618
3202
1946
668
873
1690
1108
594
1763
2867
3134
3360
4052
3090
1896
1714
1105
391
474
1240
2488
3695
3256
2652
3267
3294
1989
1528
2398
2476
2324
2547
2428
1891
1118
658
285
-382
-567
191
328
-675
-1815
-2155
-2598
-3727
-3922
-3375
-3092
-3327
-3259
-4566
-7314
-8166
-7185
-8117
-9230
-6270
-3213
-3040
-2616
-110
1204
827
1430
2216
2150
2026
2500
2685
2531
2369
2597
2928
2492
1784
1487
1536
1439
1233
1454
2064
2769
3484
3531
3090
2644
1659
1026
837
336
636
2060
3270
3212
2895
3092
3082
2232
2023
2290
2122
2404
2416
2205
1552
1165
902
411
-316
-385
85
21
-668
-1878
-2416
-2938
-3789
-3952
-3614
-3283
-3244
-3324
-3601
-6032
-8477
-8411
-7813
-8759
-8241
-5049
-2748
-2809
-2047
604
962
464
1428
2397
1792
1612
3000
2712
1804
2392
3469
2930
2112
1730
1311
1128
1143
1412
1690
2754
3633
3930
3414
2657
1937
1313
914
688
1047
1925
3293
3838
3353
2769
3120
2985
2163
1990
2344
2768
2656
2588
2058
1335
724
449
38
-445
-25
729
600
-1156
-2323
-2120
-2628
-4170
-3841
-2670
-2754
-3280
-3206
-4336
-7695
-8737
-7857
-8282
-9061
-6856
-3542
-2494
-2235
-625
1278
947
597
1344
1878
1559
1687
2995
3015
2037
2464
3450
2530
1114
834
1332
1070
855
1594
2244
2978
3880
4043
3083
2423
2326
1744
241
55
1373
2314
3097
3653
3683
3299
3084
2937
2257
1660
2087
2788
2680
2289
1962
1713
956
325
-397
-666
-101
-97
-623
-1156
-2075
-3023
-3019
-3571
-4224
-3540
-2736
-3481
-4929
-6363
-7870
-8642
-8486
-8631
-8170
-5380
-3359
-3275
-2041
13
573
541
1570
2132
1881
2218
2931
2473
2145
2727
3016
2823
2199
1306
1363
1620
1183
1258
2108
3203
3510
4067
4108
3079
2074
1683
1201
792
1122
1785
3017
3444
2842
2658
3228
2893
2049
2230
2600
2478
2239
2341
1644
1120
1107
715
6
-378
-51
240
-184
-1634
-2368
-2650
-3371
-4351
-4258
-3478
-3375
-3187
-3017
-4354
-6949
-7713
-7301
-7956
-8797
-7368
-4091
-2764
-2854
-806
1868
1564
866
2293
2604
1330
1880
3367
2530
1646
3150
3604
2308
1276
1149
1046
869
931
1307
2092
3128
4053
4211
3496
2453
1887
1426
612
15
643
2067
3090
3013
2602
2828
3054
2526
1566
1340
1828
2135
2115
2075
1752
1485
1489
1077
183
-684
-557
-270
-577
-1433
-2014
-2127
-2686
-3309
-3298
-3280
-3233
-2950
-3201
-4367
-6928
-8136
-7279
-7419
-8836
-7317
-3489
-2308
-2486
-540
1628
1029
992
2323
2083
1267
2121
3383
2786
2217
2781
2996
2118
1134
544
739
992
790
1451
2742
3131
3035
3799
3565
1454
401
1313
1148
39
1174
3159
3620
3183
3192
3410
2661
1849
1978
2219
2038
2133
2608
2574
1475
948
1189
786
-232
-304
581
496
-950
-1592
-1686
-3103
-3995
-3686
-3483
-3871
-3581
-2870
-3221
-5507
-7967
-8072
-7288
-8048
-8506
-5445
-2574
-2408
-1759
623
1481
893
1412
1887
1616
1617
2558
2755
2561
2569
2832
2991
1946
703
678
1403
859
753
2294
3321
3099
3571
4002
2917
1353
1029
1520
881
365
1474
3338
3704
2822
2881
3550
2691
1473
2016
2073
1370
1575
2382
2078
1115
959
963
184
-747
-795
-211
-478
-1750
-1858
-1777
-2981
-3610
-3074
-2984
-3778
-3396
-2744
-3690
-5972
-7738
-7495
-7578
-8443
-7921
-5037
-3074
-2699
-1024
1031
1346
1197
2235
2161
1523
2286
3165
2827
2393
2956
2984
2074
1222
806
436
604
1086
1655
2444
3078
3652
3795
3417
2539
1565
1387
1191
458
702
2138
3053
2859
2739
3064
3206
2631
2077
2177
2258
2252
2240
2302
1917
1535
1308
479
-588
-1254
-803
-310
-837
-1481
-1476
-1907
-2805
-3167
-3323
-3376
-3230
-3053
-3442
-4229
-6142
-7821
-7848
-7795
-8066
-7106
-4263
-2572
-2063
-872
634
1113
1091
1637
1926
2290
2309
2549
2913
2386
1887
2278
2547
1269
266
889
1102
644
1285
2428
2820
2930
3095
2979
2065
807
507
1129
1060
760
2275
3977
3624
2953
3394
3249
2084
1787
1969
1913
1952
2045
2162
2107
1371
797
816
92
-859
-372
167
-888
-1764
-1879
-2337
-2825
-3050
-3221
-3207
-3000
-3289
-3765
-4581
-6556
-8336
-8146
-8001
-8380
-6741
-4030
-2298
-1585
-342
1347
1802
1561
1632
2109
2563
2380
2396
2936
2623
1820
2117
2270
997
-214
613
1577
940
1278
2963
3581
3370
3333
3152
2561
1150
466
1110
1324
1106
2402
4255
4032
3018
3335
3546
2161
1494
2010
1992
1933
2026
2186
1864
1097
591
380
-253
-936
-627
171
-229
-1613
-2086
-2078
-2992
-4005
-3835
-3260
-3379
-4052
-3854
-4563
-7144
-8339
-7331
-7063
-8226
-6521
-2520
-1498
-2414
-337
2163
1225
460
2112
3017
1701
1874
3328
2862
1516
1616
2503
1786
210
239
1491
1422
902
1672
2867
2952
2675
2908
2583
1807
1373
850
471
1090
1827
2429
3464
3991
3486
3011
3093
2381
1353
1664
1890
1701
1942
2025
1513
854
220
-491
-1018
-971
-546
-363
-287
-1244
-2244
-2410
-3214
-4050
-3720
-3059
-3472
-3769
-3542
-5030
-7638
-7999
-6925
-7790
-8142
-4984
-1803
-1913
-1555
1324
2417
1135
1560
3066
2653
1998
2927
3336
2277
1920
2516
2198
1202
663
708
1075
1294
1410
2062
2798
3015
3175
3403
2554
1756
1814
653
84
1048
1616
2028
3469
4022
2677
2552
3192
1851
726
1604
1856
1409
1942
2061
1272
562
279
-395
-984
-933
-774
-663
-762
-1439
-2175
-2355
-3220
-3739
-3279
-3240
-3593
-3370
-3330
-5526
-7852
-7791
-7165
-7953
-7579
-4694
-2291
-1564
-545
1492
2298
1840
2056
2684
2512
2071
2421
2604
2263
1888
2002
1946
1295
567
614
1189
1178
1368
2193
2904
2675
2730
3058
2408
1784
1126
720
1123
1434
1601
2616
3742
3413
2925
3420
2796
1235
1312
1769
1107
1256
1850
1670
961
551
109
-550
-984
-968
-299
195
-711
-1640
-1392
-2289
-3998
-4002
-3319
-3764
-4033
-3349
-3758
-6351
-7650
-6908
-7055
-7971
-6868
-3738
-1994
-1700
-276
1822
2233
2088
2421
2479
2414
2366
2454
1793
1255
1626
1813
1542
1126
842
1162
1513
1240
1284
1609
2069
2764
2972
2585
1914
1602
1663
1074
544
1050
2265
3298
3407
2971
3095
3219
2521
2016
1767
1662
1747
1923
1651
950
536
706
200
-724
-873
-492
-103
-362
-1162
-2029
-2631
-3000
-3236
-3376
-3485
-3416
-3356
-3300
-4466
-6751
-7981
-7386
-7024
-7716
-6458
-3515
-1682
-1316
-125
1537
1636
2085
2734
2365
1929
2489
2945
2329
1829
1946
2058
1811
1526
983
976
1581
1466
1482
2036
2163
2357
2917
2864
2346
1989
1164
1002
1596
1558
1770
3135
4102
3130
2470
2863
2411
1425
1563
1995
1770
1701
1827
1599
734
89
-310
-723
-1147
-1039
-535
-284
-847
-1814
-2265
-3211
-4446
-4199
-3241
-3459
-3497
-2648
-3407
-6545
-8172
-6995
-7327
-8331
-6645
-3154
-1541
-1458
179
2588
2895
1819
2483
3303
2462
1456
2211
2623
1439
1306
2247
2210
810
542
1441
1406
666
1175
2338
2523
2713
2971
2726
2168
1563
1037
1189
1153
985
2286
3671
3322
2574
3334
3373
1856
1290
1774
1601
1232
1461
1226
692
341
-35
-447
-832
-1037
-1020
-432
-717
-1642
-1964
-2194
-3063
-3950
-3604
-3550
-3549
-3228
-3224
-4697
-7298
-7960
-6897
-6985
-8017
-5943
-1822
-943
-1567
874
3396
2324
1571
3304
3230
1557
2174
3227
1998
785
1868
2668
1552
726
1147
1527
1160
1018
1738
2219
2139
2773
3342
2514
1704
2032
1365
211
757
1847
2394
3104
3843
3354
2830
2964
2428
1304
1134
1507
1485
1418
1034
794
544
56
-414
-885
-1052
-708
-155
-202
-1006
-1792
-1899
-2263
-3573
-4084
-3326
-3112
-3736
-4106
-5181
-7464
-7916
-6738
-7079
-7844
-5072
-1530
-1229
-1033
1469
2955
1983
1929
3228
2524
1292
2218
2886
1428
794
2059
2516
1461
549
1194
1581
844
809
1776
2232
2184
2799
3328
2589
2038
2092
1490
1065
1285
1610
2512
3571
3363
2782
3172
2981
1694
1382
1651
1143
989
1301
824
27
169
-119
-899
-1174
-1165
-872
-405
-574
-1506
-1983
-2386
-3669
-4400
-3842
-3599
-3808
-3401
-3367
-5563
-7866
-7681
-6666
-7361
-7323
-4015
-1095
-1125
-440
2362
3114
1830
2355
3329
1980
1056
2067
2192
1314
1416
2088
2287
1895
1033
1016
1473
1147
779
1708
2466
2132
2639
3456
2767
2259
2259
1093
750
1650
1910
2175
3541
4035
3017
2996
3046
1737
1021
1452
1054
481
939
1019
582
257
-69
-402
-685
-870
-603
-428
-671
-1511
-1618
-1906
-3491
-3946
-3300
-3230
-3620
-3169
-3671
-5948
-7668
-7470
-7459
-8003
-6349
-3579
-1757
-1107
384
2223
2558
2172
2328
2571
2213
1961
1968
2080
1592
1549
1987
2014
1520
937
1157
1081
931
1308
1786
2011
2382
2794
2779
2467
2055
1708
1302
1411
1613
2067
2950
3483
3360
3300
3334
2365
1652
1506
1320
953
864
1017
788
353
-38
-201
-730
-1250
-1110
-607
-512
-880
-1123
-1777
-2780
-3618
-3831
-3791
-3801
-3768
-3508
-4183
-6669
-7991
-7239
-6840
-7357
-6238
-2988
-1110
-976
458
2582
2810
2034
2406
2778
1816
1008
1635
1665
937
1297
1889
1835
1271
1012
1190
1015
665
929
1568
1909
2257
2884
3170
2634
2274
1974
1435
1594
1951
1981
2746
3863
3503
2956
3150
2875
1737
1298
1504
1099
890
1273
1236
649
435
165
-374
-767
-788
-504
-332
-588
-1356
-1832
-2348
-3399
-3333
-3045
-3411
-3632
-3378
-4821
-7500
-7866
-6989
-7474
-7567
-5162
-2538
-1417
-579
977
2290
2101
2110
2580
2143
1437
1766
1990
941
941
1814
1619
863
1069
1416
1056
989
1100
1500
1830
1900
2391
3139
2885
2128
2184
2212
1618
1351
1744
2407
3218
3410
3006
3234
3342
2381
1627
1646
1422
950
943
790
219
2
-145
-343
-607
-1001
-741
-190
-523
-1596
-1876
-1883
-2987
-3730
-3243
-3132
-4019
-3915
-3423
-5069
-7775
-7681
-6149
-6994
-7502
-4529
-1469
-1283
-544
1825
2920
2330
2260
2675
2288
1625
1484
1850
1620
1218
1680
2292
1783
819
1200
1630
1070
872
1850
2236
2005
2639
3081
2465
1707
1610
1786
1457
1073
1988
3407
3692
3198
3295
3361
2670
1811
1518
1220
870
894
1151
861
1
-134
29
-602
-1272
-966
-446
-229
-774
-1419
-1688
-2411
-3333
-3350
-3133
-3647
-3978
-3462
-3643
-6355
-8263
-7082
-6741
-7959
-6614
-3126
-1440
-1333
487
2576
2326
1752
2595
2827
1735
1091
1548
2156
1473
1192
2073
2287
1695
888
847
1121
786
875
1635
2097
2308
2808
3113
2732
1958
1839
2199
1735
1445
2170
3199
3497
3258
3433
3363
2485
1878
1858
1325
908
835
1027
866
174
69
180
-68
-755
-775
-62
-148
-1123
-1744
-2119
-3007
-3584
-3372
-3459
-3595
-3256
-3205
-4531
-6958
-7926
-7278
-7115
-7482
-5656
-2222
-1303
-1260
1029
2711
1588
1165
2490
2235
1083
1460
2149
1692
1325
1848
2024
1803
1149
622
1179
1154
618
1095
2110
2143
2288
3004
2887
1984
1969
1533
864
1415
1761
2182
3570
4340
3314
3102
3694
2696
1240
1300
1531
753
825
1133
847
260
-36
66
-314
-829
-768
-300
-283
-1269
-2053
-1914
-2578
-3582
-3719
-3205
-3206
-3636
-3579
-4401
-7072
-8279
-6762
-6285
-7136
-5699
-1733
-346
-1105
465
2686
2345
1019
1721
2393
1391
978
1909
1715
1078
1635
2013
1532
792
535
955
1292
1128
1191
2168
2857
2745
2667
2882
2317
1627
2011
2065
1420
1525
3027
3929
3431
3023
3431
3313
2082
1211
1271
1419
988
1053
1178
631
108
20
61
-529
-1034
-559
248
-255
-1662
-2164
-2347
-2929
-3712
-3656
-3390
-3602
-3577
-4224
-5934
-7368
-7454
-6876
-7057
-6917
-4338
-1376
-990
-660
1839
3242
1979
1584
2699
2115
1028
1605
1978
1488
1392
1795
1850
1293
729
909
1271
1186
950
1525
2283
2311
2429
2901
2579
1825
2044
2241
1666
1363
2303
3554
3226
2578
3164
3533
2597
1729
1585
1409
1016
929
963
490
270
261
142
-157
-744
-725
-426
-404
-1086
-1736
-2053
-2780
-3278
-3368
-3431
-3581
-3556
-3755
-4905
-6897
-7858
-7133
-6970
-7496
-6062
-2721
-1077
-1071
610
2955
2707
1653
2335
2645
1482
1036
1987
1832
1053
1708
2324
1837
1077
1014
1240
1223
893
1291
2257
2462
2568
2961
3085
2383
2284
1868
902
1249
2065
2339
2831
3740
3481
2746
2812
2394
1263
982
1344
888
803
957
740
379
-23
-191
-284
-478
-637
-660
-373
-779
-2296
-2509
-2139
-3211
-3814
-2897
-2873
-4150
-4422
-4646
-6788
-8254
-6769
-6107
-6694
-4797
-2025
-1193
-686
911
2147
2017
2021
2502
2145
1698
1743
1730
1513
1314
1598
1999
1614
978
865
817
875
1134
1524
2005
2307
2740
2690
2215
1999
1591
1306
1672
1730
1805
2857
3881
3360
2777
3259
2978
1780
1337
1673
1100
851
1204
936
399
165
291
-69
-588
-801
-357
-99
-498
-1202
-1475
-2058
-3121
-3101
-3177
-3655
-3650
-3128
-4296
-6931
-7687
-7039
-7272
-7670
-5941
-3283
-1901
-1287
304
2246
2159
1856
2719
2760
1629
1670
2255
1470
823
1620
1929
1125
827
791
663
636
858
1336
1789
2006
2613
3186
2583
2038
2154
1644
1042
1609
1911
1998
3367
4129
3287
2858
3170
2356
1347
1221
1274
979
1188
1368
854
591
183
-208
-289
-473
-898
-432
87
-594
-1676
-2080
-2347
-3302
-3393
-3224
-3476
-3705
-3601
-4733
-7207
-7912
-6968
-6725
-7288
-5590
-2574
-1655
-1249
769
2401
1944
2022
2898
2530
1605
1689
2033
1331
996
1667
1829
1412
1005
676
887
914
822
1463
1991
2284
2877
3371
2792
2138
2387
2529
888
321
2074
2809
2711
3242
4214
3796
2583
2155
1938
1023
367
907
1131
984
602
481
506
-204
-767
-1031
-675
-539
-976
-1049
-1430
-2523
-2794
-2717
-3629
-3775
-2956
-3136
-3829
-4763
-6615
-7589
-7105
-7275
-7523
-5080
-2031
-1576
-975
1625
2507
1861
2220
2713
1937
1434
2074
2007
1381
1477
1827
1829
1609
894
437
936
1036
708
1357
2394
2376
2666
3335
2923
2107
2393
2059
501
973
2245
2330
2849
4018
3788
2910
2864
2257
1330
904
981
869
994
1292
682
645
332
-766
-960
-648
-790
-725
-233
-562
-1664
-2022
-2020
-3164
-3983
-3532
-3560
-4074
-4240
-4990
-6639
-7633
-7114
-6724
-6885
-5062
-2180
-982
-594
1068
2500
2261
1854
2299
2414
1685
1660
1924
1456
1019
1262
1668
1329
487
422
1163
1008
686
1245
2202
2352
2312
2948
2644
1735
1392
1550
1509
1339
1778
3011
3841
3412
3094
3316
3146
2183
1543
1463
1141
744
976
923
301
10
11
-134
-859
-1124
-231
416
-106
-1020
-1213
-1658
-2710
-3234
-3022
-3409
-3711
-3512
-3709
-5301
-7403
-7456
-6548
-6696
-6965
-4901
-1641
-591
-766
746
2898
2621
1761
2123
2498
1696
1159
1820
1454
717
885
1493
1426
660
397
1133
1502
1046
1209
2141
2542
2288
2696
2964
2288
1957
1495
924
1288
1918
2291
3079
3816
3326
2722
2953
2476
1080
882
1259
731
655
958
698
103
-214
-244
-596
-801
-472
-194
-52
-606
-1419
-1806
-2440
-3235
-3309
-3463
-3942
-3806
-3344
-4536
-6852
-7360
-6222
-6190
-6678
-5195
-2388
-792
-493
304
1831
2524
1984
1673
1987
1971
1324
1313
1566
1137
956
1472
1641
916
528
1149
1414
1023
1351
2022
2160
2223
2915
2966
2395
1732
1448
1835
1746
1396
2249
3989
3848
2713
2888
3107
1871
802
994
951
837
1088
1293
842
115
-133
-436
-721
-1077
-1050
-259
50
-773
-1290
-1375
-2350
-3326
-2895
-2976
-3697
-3555
-3075
-4151
-6586
-7371
-6597
-6184
-6410
-5512
-2601
-651
-679
91
1931
2115
1628
2101
2256
1352
1111
1656
1152
639
939
1254
1279
966
440
573
960
934
1366
2005
2295
2504
3135
3186
2386
1999
1760
1809
1755
1651
2319
3707
3695
2529
2799
2966
1551
783
1308
1119
578
913
1169
852
438
140
-153
-252
-790
-1137
-278
141
-538
-1045
-1381
-2533
-3110
-3257
-3633
-3768
-3489
-3551
-4179
-5113
-6708
-7088
-5999
-6178
-6440
-4122
-1226
-909
-731
1375
2604
1726
1475
2187
1860
815
946
1785
1655
841
1163
2073
1407
196
449
1290
1028
935
2115
2585
2271
2908
3740
3021
1676
1714
2507
2078
1204
1898
3324
3456
2652
2707
2968
2023
1011
1152
1121
356
390
1159
960
119
86
253
-264
-947
-1050
-481
-67
-505
-819
-972
-2214
-3304
-3141
-3003
-3968
-4024
-2883
-3189
-5097
-6644
-6540
-5901
-6033
-6406
-4535
-1164
-469
-660
1345
2743
1831
1578
2382
1722
609
1071
1684
854
239
847
1663
1455
620
517
1281
1189
841
1455
1912
2106
2787
3564
2922
1609
1376
1931
1385
739
1629
3120
3484
2904
2743
2790
2213
1351
1079
1017
637
601
1043
968
200
-49
231
-13
-517
-813
-545
-148
-301
-776
-1205
-1947
-2661
-3007
-3396
-3569
-3255
-2799
-2891
-3604
-5216
-6123
-5793
-5918
-6559
-5388
-2454
-1108
-824
602
2178
2048
1318
1614
1507
644
303
1181
1304
463
615
1929
2060
725
326
857
964
533
936
1616
1948
2626
3508
3506
2418
1906
2109
1969
1405
1416
2466
3405
3175
2568
2696
2435
1495
1118
1205
640
509
1147
1318
638
156
210
-12
-413
-925
-737
190
229
-632
-931
-1371
-2588
-3094
-2805
-3124
-3862
-3275
-3019
-4107
-5337
-6163
-6276
-5792
-5763
-5549
-3080
-797
-598
-57
1571
2111
1442
1600
1441
691
552
670
588
472
488
706
1599
1482
597
574
1137
933
594
1682
2469
2450
3030
3755
2790
1548
1810
2217
1625
1150
2280
3486
3170
2636
2820
2521
1384
971
1170
800
432
768
963
533
215
155
-22
-241
-592
-542
-4
-51
-301
-395
-907
-2146
-2576
-2556
-3108
-3471
-3317
-3247
-3482
-3761
-5052
-5997
-5322
-5121
-5726
-4708
-2062
-1028
-1104
191
1784
1660
963
1174
1092
340
6
431
598
543
857
1600
1613
932
692
842
761
734
1400
1793
2177
3210
3553
2985
2245
2150
2179
1750
1157
1675
2816
2860
2565
2804
2732
1620
1260
1490
964
446
780
1049
654
629
553
399
245
-125
-655
-624
-69
-473
-772
-960
-1994
-2687
-2520
-2928
-3717
-3163
-2388
-2919
-3714
-4281
-5339
-6002
-5493
-5210
-4976
-3129
-1252
-618
54
1143
1672
1649
1404
750
609
925
673
548
1110
1529
1409
1737
1615
646
343
842
989
923
1413
2323
2852
2963
3214
2781
1890
1754
2003
1638
1296
2126
2941
2863
2434
2100
1675
1204
819
331
268
229
291
604
664
374
187
217
-46
-635
-668
-404
-499
-894
-1142
-1419
-2340
-2948
-2999
-2985
-3056
-3121
-3131
-3134
-3533
-4879
-5581
-5045
-4771
-4721
-3608
-1719
-945
-532
595
1346
1205
1111
1230
1066
765
817
938
810
919
1233
1430
1205
1002
797
596
513
903
1785
2209
2803
3302
3454
3430
2372
1692
1998
1783
881
1413
2760
2392
1983
2677
2308
1032
802
1090
369
-118
421
602
484
360
290
325
219
-70
-493
-202
-141
-615
-694
-623
-1275
-2212
-2231
-2454
-3132
-3070
-2812
-3122
-3414
-4238
-5463
-5380
-4610
-4867
-4534
-2440
-1030
-910
-82
1413
1451
991
1394
1073
465
538
661
485
480
1165
1214
918
867
532
62
300
866
1129
1563
2314
3005
3179
3143
2471
1806
1669
1482
886
965
2132
2394
2118
2302
2450
1642
1093
1301
863
407
678
991
867
730
791
662
406
60
-371
-526
-369
-536
-804
-984
-1161
-1398
-1891
-2390
-2656
-2825
-3296
-3608
-3182
-3160
-4313
-5007
-4429
-4030
-4302
-3751
-1918
-847
-803
-29
961
841
297
678
1146
783
458
905
1304
732
361
915
1022
361
3
752
1201
1043
1243
2431
3031
2458
2805
3503
2356
883
1616
2240
1176
1340
3025
2922
1839
2012
2258
1450
743
958
1176
878
440
702
1072
665
132
167
198
-529
-1021
-366
-144
-971
-1164
-906
-1324
-2144
-2382
-2310
-2835
-3344
-3435
-3407
-3295
-4184
-5596
-5412
-4399
-4673
-4712
-2488
-631
-804
-710
844
1464
659
554
1113
899
262
560
1548
1259
542
983
1462
933
337
695
1127
1165
1442
2236
2737
2920
3179
3154
2410
1424
1392
1717
1034
1069
2349
2865
2333
2197
2139
1500
999
837
617
770
1066
1123
1209
1348
782
215
89
-443
-937
-789
-325
-466
-678
-521
-827
-1827
-2291
-2173
-2629
-3067
-3074
-3021
-3001
-3742
-4838
-5294
-4521
-4173
-4725
-3726
-1543
-1063
-1389
-175
1067
835
705
1162
1063
447
644
1148
651
419
967
1164
846
387
502
836
1086
1513
1935
2486
2990
3279
3440
2918
1743
1518
1888
1198
826
2011
2700
2108
2091
2395
1753
862
1057
1094
690
806
1014
1079
947
531
261
262
-191
-730
-689
-173
-302
-661
-699
-924
-1722
-2437
-2707
-2915
-3316
-3430
-3180
-3217
-3560
-4216
-4962
-5105
-4881
-4237
-3673
-2810
-1674
-608
-84
-19
524
1245
1289
453
623
1096
541
323
861
1128
649
941
1557
1095
572
1283
1903
1960
2486
2853
3279
3555
3298
2277
1611
1532
1146
738
1398
2280
2240
2300
2654
2199
1247
768
804
621
274
438
809
757
483
384
268
-70
-481
-502
-577
-572
-582
-599
-884
-1302
-1622
-2182
-2701
-3248
-3360
-3275
-3164
-2910
-3529
-4597
-4689
-3880
-4245
-4622
-2944
-1139
-1129
-810
1128
1810
1096
1300
1897
1202
535
926
1231
824
677
1249
1445
1044
575
610
958
1133
1381
1944
2416
2664
3323
3381
2223
1114
1336
1494
506
558
1831
2196
1670
1878
2104
1324
723
1059
1021
436
593
919
961
627
186
33
-265
-630
-877
-615
-422
-526
-379
-536
-1334
-1832
-1713
-2111
-2815
-2856
-2576
-2875
-3243
-3265
-4202
-5245
-4970
-4142
-4289
-4203
-2316
-825
-1202
-642
1126
1155
499
1018
1444
556
333
1225
1041
127
595
1483
1111
596
754
1057
1095
1499
2138
2473
2794
3204
3519
3263
2182
1123
1320
1637
753
727
2178
2755
1935
1745
1739
991
563
843
858
557
898
1060
1003
805
342
157
354
-48
-1057
-725
-13
-455
-964
-949
-1009
-1641
-1937
-2267
-2622
-2821
-2956
-2895
-3100
-4341
-5430
-4604
-3878
-4621
-4463
-2073
-973
-1796
-890
1058
1083
447
1199
1444
706
504
1043
868
135
304
797
936
586
385
1110
1515
1361
1861
2719
2870
2871
3372
3463
2417
1304
1119
1245
784
727
1886
2696
2320
1819
2015
1760
1072
1007
1226
940
778
1208
1325
792
199
34
-29
-187
-536
-624
-86
167
-319
-1013
-1323
-1829
-2313
-2610
-2860
-2997
-2937
-3109
-3466
-4131
-5347
-5602
-4692
-4716
-5054
-3775
-1891
-1532
-1511
-131
973
1000
972
1156
1001
800
565
577
516
389
706
1196
1010
602
817
1338
1497
1803
2270
2522
3097
3550
3314
2911
2187
1186
1367
1637
997
1228
2659
2831
1835
1792
2095
1450
1136
1315
987
1046
1354
992
706
388
-257
-284
94
-381
-994
-388
6
-770
-1178
-1138
-1917
-2513
-2366
-2667
-3183
-3180
-3123
-2922
-3296
-4744
-5551
-4368
-3847
-5237
-4359
-1385
-786
-1544
-107
1486
947
703
1460
1105
304
729
1110
750
722
1147
1288
1152
1014
839
1094
1474
1858
2457
2872
3030
3373
3660
3034
1715
1172
1468
1242
919
1405
2223
2359
1870
1724
1748
1196
797
984
1050
772
702
933
838
254
-150
-167
-394
-865
-1151
-819
-429
-759
-1060
-1127
-1480
-2261
-2773
-2971
-3170
-3495
-3656
-3181
-3425
-4902
-5589
-4489
-3962
-4957
-4209
-1703
-1065
-1535
-116
1617
1346
794
1466
1549
745
462
1007
1008
626
832
1464
1605
802
765
1533
1446
1310
2176
2961
2838
3044
3652
3519
2316
1498
1597
1350
754
1139
2342
2692
2052
1782
1922
1423
831
1063
1048
847
993
1016
1008
623
213
32
-187
-524
-967
-764
-515
-852
-1067
-1047
-1452
-2270
-2650
-2753
-2977
-3335
-3490
-3265
-3425
-4552
-5456
-4857
-4323
-5013
-4623
-2583
-1289
-1774
-916
1147
1396
498
1136
1957
1069
235
926
1453
603
288
1128
1444
744
777
1499
1408
1269
2149
2937
2712
2664
3416
3618
2605
1374
1383
1663
959
781
1917
2546
2010
1977
2405
1801
797
954
1218
717
598
736
756
809
264
-211
-176
-410
-953
-889
-352
-721
-1276
-858
-911
-1963
-2474
-2515
-2700
-3128
-3260
-3062
-2940
-3852
-5095
-4683
-4247
-5046
-4890
-2790
-1399
-1552
-625
952
1223
850
1141
1168
792
867
969
910
782
907
1097
1381
1191
790
1128
1777
1771
1749
2600
3095
3244
3330
3385
2598
1234
870
1049
725
405
1402
2493
2268
1644
1729
1746
946
485
719
774
780
1058
1200
831
283
94
-43
-275
-781
-795
-35
-24
-913
-1039
-1103
-1932
-2193
-2043
-2667
-3272
-2887
-2935
-3630
-4111
-4694
-5197
-4583
-4043
-4409
-3305
-1467
-1007
-915
272
1157
989
1355
1417
549
672
1154
479
211
790
895
917
1216
766
232
857
1458
1387
1876
2561
2779
2976
3233
2529
1437
1263
1322
1019
891
1513
2202
2318
2155
2060
1965
1584
1270
1201
948
864
1141
1169
816
332
137
30
-57
-221
-486
-267
-72
-296
-770
-1366
-2056
-2273
-2485
-2916
-3243
-3045
-2956
-3168
-3561
-4694
-5490
-4674
-4151
-5059
-4160
-1867
-1318
-1564
-473
864
722
758
1273
847
365
540
660
599
544
827
1558
1546
985
852
1354
1516
1295
1926
2680
2858
3283
3727
3042
1904
1714
1993
1487
981
1758
2662
2510
2278
2301
2078
1554
1214
1158
796
562
764
895
907
615
568
506
65
-410
-674
-434
-429
-864
-930
-907
-1706
-2492
-2591
-2717
-3400
-3474
-3129
-3133
-3710
-4620
-5080
-4951
-4776
-4883
-4151
-2694
-1610
-1035
-258
687
977
1073
1340
871
370
608
710
511
563
992
1447
1207
874
879
1082
1115
1248
1903
2346
2624
2901
3376
3286
2395
1340
1297
1643
1056
968
2382
2984
2086
2005
2263
1562
759
862
850
643
984
1096
889
760
532
158
121
-122
-541
-21
163
-509
-902
-1057
-1637
-2642
-2870
-2728
-3202
-3393
-3214
-3085
-3146
-4293
-5524
-5211
-4295
-4828
-4957
-2551
-923
-1306
-673
1263
1216
543
1105
969
225
333
1003
521
357
1301
1555
1171
1309
1244
765
839
1441
1957
2090
2522
3335
3706
3292
2324
1613
1653
1596
1238
1456
2200
2497
2276
2128
1936
1457
1245
1194
692
582
868
911
890
689
525
273
-11
-190
-465
-409
-325
-645
-906
-1102
-1814
-2397
-2448
-2649
-3408
-3329
-2933
-3394
-3817
-4348
-5247
-5411
-4476
-4512
-4597
-2697
-844
-1023
-663
1171
1417
758
1331
1465
517
535
1101
780
636
1030
1086
1199
1339
796
674
1489
1636
1347
2100
2911
2710
2898
3328
2369
1148
1359
1768
1202
1223
2159
2523
2280
2080
1951
1602
1385
1188
951
656
554
709
694
498
32
59
117
-299
-591
-279
70
-260
-837
-1302
-1533
-1945
-2340
-2565
-2969
-3179
-3230
-3280
-3586
-4368
-5141
-5042
-4485
-4593
-4240
-2590
-1401
-1285
-497
1014
1083
629
1186
1240
378
383
987
631
261
729
1101
872
854
494
547
1177
1273
1429
2113
2967
3023
3059
3050
2257
1639
1736
1542
1190
1762
2374
2520
2609
2649
2121
1656
1610
1116
681
943
1046
935
1049
870
561
426
198
-272
-488
-171
-105
-443
-640
-1018
-1727
-2360
-2690
-2955
-3044
-3136
-3388
-3405
-3562
-4664
-5615
-5055
-4372
-4845
-4472
-2338
-1412
-1520
-438
766
636
333
766
721
316
430
791
957
1201
1313
1020
1413
1217
414
408
1035
1231
1218
1964
2570
2803
2973
3044
2514
1653
1286
1457
1921
1826
2090
3232
3321
2295
2115
2205
1434
973
1064
861
704
1149
1238
796
648
589
140
-29
-189
-551
-245
160
-377
-1571
-2158
-2352
-2765
-3282
-3340
-3379
-3464
-3692
-3950
-4618
-5813
-5627
-4644
-4626
-4820
-2801
-667
-891
-1029
605
1290
304
676
1545
824
453
1312
1692
970
791
1631
1825
1187
471
595
1353
1222
1006
2101
2813
2702
3201
3472
2352
1584
1940
1920
1317
1739
2742
2918
2699
2371
1968
1549
1089
778
768
847
746
773
952
576
52
111
183
-303
-602
-196
126
-180
-728
-1098
-1627
-2133
-2730
-3276
-3199
-3033
-3358
-3615
-3477
-4381
-5740
-5419
-4576
-4864
-4465
-2311
-1190
-1320
-438
684
912
616
763
908
680
599
734
822
878
721
1027
1376
866
412
690
1211
1129
1151
1906
2721
2894
3048
3164
2772
1875
1370
1504
1402
1144
1763
2877
2713
1988
2029
2069
1336
530
639
742
628
729
877
874
556
483
446
65
-415
-294
275
-70
-920
-1235
-1487
-2221
-2637
-2480
-2654
-3074
-3157
-3131
-3744
-4881
-5484
-4919
-4429
-4673
-4212
-2183
-777
-1104
-833
695
1283
534
517
1328
1247
810
1045
1366
1061
723
1091
1427
891
218
581
1115
1102
1173
2044
2792
3058
3276
3498
2967
1829
1706
1886
1300
1141
2298
3058
2519
2217
2521
2077
1019
883
947
558
590
976
1034
611
465
339
-20
-437
-781
-629
-293
-189
-469
-866
-1402
-2372
-3201
-3426
-3538
-3806
-3595
-3468
-3870
-4835
-5467
-5302
-5062
-5056
-4622
-3028
-1870
-1608
-789
447
647
573
1278
1289
674
639
884
800
622
948
1151
1169
1281
1029
615
844
1149
1037
1532
2493
2846
2933
3570
3374
2145
1909
2188
1558
1293
2504
2966
2521
2637
2791
2028
1312
1242
890
677
706
744
853
795
532
267
202
-111
-381
-230
-158
-353
-631
-933
-1399
-1933
-2528
-2780
-2721
-2837
-3412
-3571
-3519
-4688
-5781
-5309
-4658
-4820
-4181
-2290
-1305
-1095
-184
806
943
973
1221
1294
1372
1434
1411
1235
1210
1129
952
872
719
244
69
575
705
941
1551
2076
2552
2898
3076
2963
2269
1445
1332
1651
1326
1341
2610
3107
1994
1818
2252
1387
463
702
951
543
716
1135
982
591
359
108
-130
-450
-791
-399
-36
-573
-901
-1004
-1662
-2435
-2800
-3147
-3765
-3603
-3267
-3764
-4773
-5301
-5024
-4687
-4916
-4610
-2971
-1606
-1494
-898
444
958
509
795
1344
851
554
1099
1150
552
647
1199
1325
943
869
778
881
1307
1375
1631
2273
2908
3147
3161
3110
2599
1596
1451
1604
1320
1486
2415
3029
2598
2246
2340
1820
1069
775
400
288
524
679
677
517
370
293
264
-99
-454
-279
50
-548
-1105
-1039
-1636
-2518
-2717
-2727
-3101
-3425
-3363
-3424
-4595
-5701
-5504
-4981
-4734
-4353
-3016
-1370
-703
-336
367
1047
851
702
888
1003
779
704
1036
945
823
850
1025
901
565
553
636
789
1134
1700
2099
2636
3173
3458
3396
2621
1759
1547
1694
1481
1443
2372
3054
2642
2200
2117
1465
908
911
554
255
550
853
710
544
358
116
54
-377
-835
-538
-226
-709
-1053
-1017
-1897
-2728
-2352
-2333
-3177
-3401
-2968
-3405
-4801
-5560
-5270
-5020
-5183
-4431
-2722
-1474
-1229
-632
514
862
531
808
1358
1100
699
1096
1565
893
715
1154
946
607
515
518
417
626
1152
1561
1980
2618
3037
2916
2849
2476
1298
1088
1680
1642
1694
2663
3509
3076
2414
2276
1702
766
467
401
382
615
840
868
712
458
0
49
-2
-516
-278
429
45
-904
-911
-1484
-2399
-2584
-2676
-3105
-3517
-3579
-3969
-4709
-5618
-5692
-4712
-4194
-4221
-2911
-860
-663
-856
411
1361
829
663
1304
1323
812
826
1203
1011
746
791
1041
1009
548
253
676
850
940
1490
2133
2542
2749
3019
3015
2251
1560
1667
1510
1040
1288
2365
2691
2089
2160
2264
1452
950
1048
841
287
263
676
608
119
-31
125
52
-394
-565
-169
-189
-902
-1133
-1085
-1646
-2344
-2475
-2587
-2957
-3158
-3370
-3905
-4629
-5410
-5676
-5093
-4478
-3895
-2406
-928
-360
120
878
1376
963
806
976
855
710
960
1411
1213
964
1111
966
503
449
411
466
864
1045
1561
2201
2486
2768
3028
2960
2369
1545
1241
1375
1230
1623
2575
2900
2540
2291
1980
1203
688
685
727
639
908
1149
1004
595
427
475
-77
-357
-210
47
-139
-647
-702
-650
-1333
-2278
-2472
-2636
-3418
-3820
-3746
-3881
-4841
-5673
-5412
-4621
-4437
-4341
-2727
-837
-628
-724
611
1395
714
395
913
960
350
298
814
846
663
801
1208
1036
601
664
1138
1126
1093
1704
2155
2395
2639
2949
2960
2501
1546
1214
1501
1164
1068
2265
3228
2639
2166
2637
2186
1037
786
917
555
335
682
793
358
100
207
95
-386
-734
-611
-388
-691
-1203
-1213
-1312
-2108
-2754
-2891
-3096
-3472
-3570
-3577
-4279
-5275
-5131
-4592
-4651
-4222
-2718
-1107
-500
-82
735
1084
829
762
667
501
621
696
699
604
536
780
1026
930
544
511
759
895
1117
1548
2150
2656
3139
3271
2955
2249
1780
1644
1296
1257
1717
2380
2699
2565
2362
2084
1287
605
556
465
283
600
912
844
571
529
295
-98
-310
-318
-109
-15
-324
-629
-932
-1514
-1940
-2279
-2548
-3139
-3478
-3524
-3743
-4582
-5242
-5015
-4446
-4203
-3930
-2318
-654
-664
-675
788
1381
373
535
1480
1109
528
1001
1533
803
184
791
1059
333
136
494
539
546
850
1445
2035
2245
2521
3078
2817
1739
1577
1755
1195
847
1635
2529
2484
2414
2610
2387
1327
636
709
421
-57
203
811
794
294
166
397
99
-431
-282
267
196
-273
-515
-776
-1477
-2153
-2217
-2597
-3232
-3438
-3239
-3425
-4305
-5060
-5138
-4755
-4650
-4387
-2980
-1340
-685
-470
335
955
767
465
617
717
504
601
1079
1116
701
968
1366
1129
400
289
548
344
440
1054
1659
1964
2350
3010
3251
2397
1608
2061
2032
1060
1243
2659
2875
2093
2358
2681
1582
641
1068
885
115
363
902
892
703
519
271
365
0
-579
-234
-93
-527
-630
-664
-1438
-2031
-2034
-2184
-2749
-2904
-2630
-2965
-3771
-4260
-4616
-4739
-4185
-3885
-3285
-1707
-777
-752
-319
532
338
34
548
705
594
677
1073
1274
888
643
934
967
491
363
680
747
668
1035
1893
2198
2185
2645
2865
2081
1278
1501
1683
1048
1022
2072
2495
2275
2260
2470
1894
785
607
686
321
59
342
776
527
228
338
213
-181
-445
-423
-241
-204
-343
-452
-947
-1405
-1609
-1967
-2484
-2836
-2987
-3054
-3350
-3931
-4568
-4637
-3921
-3703
-3439
-1998
-695
-598
-499
300
674
344
209
481
585
441
531
845
866
374
537
1012
562
44
164
659
660
614
1167
1781
1912
2345
2944
2580
1951
2037
2055
1405
1030
1640
2285
2033
1966
2279
1995
1218
859
1089
731
361
591
906
760
278
147
105
-156
-521
-673
-402
-474
-653
-634
-1050
-1580
-2011
-2136
-2444
-2898
-2921
-2772
-3003
-3496
-3985
-4128
-3821
-3597
-3211
-2179
-1173
-661
-352
192
468
262
416
557
296
429
906
997
854
816
852
848
857
707
444
620
1063
1076
1365
2009
2159
2415
2913
2811
2131
1838
1850
1455
1302
1909
2181
1993
2279
2228
1521
866
750
592
207
215
528
726
609
510
446
278
-126
-382
-586
-999
-928
-673
-743
-960
-1057
-1420
-2032
-2538
-2749
-3090
-3434
-3233
-2904
-3003
-3429
-3493
-3155
-2909
-2512
-1788
-929
-524
-323
201
413
206
286
414
202
129
334
382
224
368
688
667
745
901
852
774
969
1188
1331
1555
1881
2225
2399
2207
1503
1470
1705
1155
978
1666
2000
1538
1578
1955
1587
806
662
886
706
555
844
1028
691
399
282
172
-90
-243
-246
-188
-240
-408
-570
-889
-1386
-1542
-1750
-2325
-2628
-2445
-2555
-2865
-2756
-2763
-3309
-3458
-2850
-2249
-1970
-1487
-731
-337
-344
-130
242
218
128
280
343
221
366
608
334
319
628
702
503
350
405
531
846
1142
1414
1838
2079
2229
2399
1959
1262
1339
1580
1357
1441
2089
2109
1792
1829
1352
573
470
681
335
283
683
736
523
486
401
163
185
146
-189
-421
-370
-540
-684
-807
-1132
-1463
-1485
-1752
-2377
-2502
-2587
-2826
-2928
-2800
-3084
-3387
-2866
-2400
-2318
-1921
-1113
-634
-662
-431
68
350
194
386
862
843
399
642
987
464
245
635
720
376
421
675
876
1159
1494
1866
2152
2155
2415
2190
1312
1030
1363
1200
1007
1693
1925
1520
1588
1651
1152
609
739
836
520
577
744
749
646
470
245
196
20
-399
-567
-469
-621
-767
-666
-880
-1086
-1315
-1911
-2294
-2125
-2051
-2308
-2643
-2462
-2295
-2716
-3006
-2651
-2220
-2169
-1866
-1314
-960
-759
-353
64
51
73
239
372
168
139
468
403
352
598
641
463
652
843
708
954
1374
1651
1850
2138
2291
1926
1605
1511
1537
1166
1365
2140
2058
1461
1575
1768
861
419
832
774
442
816
1205
812
609
718
497
114
-209
-410
-586
-760
-966
-908
-917
-1397
-1473
-1475
-1935
-2211
-2063
-2194
-2543
-2570
-2590
-2692
-2652
-2569
-2538
-2256
-1914
-1666
-1091
-641
-602
-266
335
534
316
430
905
775
472
740
840
537
602
806
743
683
839
1015
1251
1566
1683
2005
2325
2385
1936
1362
1322
1570
1520
1410
1924
2290
1936
1502
1395
1031
437
386
488
449
642
695
588
633
522
144
60
-136
-672
-941
-934
-1091
-1241
-1176
-1361
-1427
-1491
-1823
-2154
-2237
-2348
-2571
-2554
-2659
-2746
-2673
-2689
-2656
-2301
-1846
-1595
-1218
-841
-806
-533
4
216
155
530
877
700
554
653
782
580
666
667
620
732
827
830
1007
1438
1611
1699
1893
1748
1049
1065
1352
1121
1085
1730
2207
1902
1587
1507
1367
951
662
741
708
673
820
951
621
477
622
562
291
-98
-319
-383
-516
-841
-931
-895
-1092
-1300
-1447
-1534
-1767
-1848
-1814
-1943
-2149
-2128
-1958
-2128
-2421
-2325
-1786
-1635
-1588
-1102
-745
-695
-561
-51
88
-4
338
670
468
396
588
602
614
458
415
419
609
690
548
911
1362
1521
1699
2014
1669
996
1238
1690
1411
1220
1925
2413
1801
1280
1300
1115
655
529
751
809
803
949
1087
786
456
530
493
64
-520
-680
-638
-888
-1135
-1173
-1160
-1285
-1414
-1570
-1899
-2006
-1845
-2099
-2374
-2226
-2133
-2170
-2161
-2358
-2593
-2196
-1637
-1753
-1656
-941
-780
-843
-439
19
-113
188
858
876
719
839
946
844
687
578
632
779
775
747
855
1020
1133
1482
1570
1300
1606
2069
2041
1859
2141
2133
1808
1727
1693
1437
1184
1298
1176
1056
914
870
925
779
521
342
354
111
-281
-376
-528
-848
-937
-960
-1270
-1523
-1670
-1858
-1843
-1921
-2023
-1773
-1547
-1739
-2120
-2029
-1875
-2249
-2585
-2282
-1865
-1724
-1518
-1224
-951
-607
-377
-311
-38
304
345
362
588
719
645
671
849
858
636
599
880
968
832
964
1311
1178
1088
1521
1750
1685
1755
2157
2104
1662
1717
1824
1583
1226
1055
1195
1063
808
857
958
907
800
811
761
470
169
-4
-248
-589
-877
-935
-1108
-1355
-1395
-1438
-1502
-1611
-1698
-1789
-1867
-1947
-2034
-2122
-2152
-2191
-2220
-2206
-2249
-2274
-1768
-1248
-1336
-1219
-587
-342
-549
-379
139
274
235
495
781
731
534
734
671
384
288
456
543
487
572
854
1256
1457
1721
2118
2421
2447
2421
2415
2222
2091
2029
1958
1867
1895
1733
1501
1355
1036
784
677
587
368
379
364
110
-66
-255
-503
-769
-1020
-1189
-1402
-1582
-1809
-1867
-2057
-2312
-2251
-2056
-2176
-2384
-2416
-2398
-2536
-2756
-2807
-2651
-2299
-1933
-1638
-1343
-939
-609
-353
-203
44
344
595
792
1049
1253
1372
1445
1364
1197
1101
1022
820
770
784
711
833
1166
1394
1518
1841
2154
2230
2177
2148
2087
2041
1820
1657
1769
1692
1550
1463
1381
1087
793
667
500
228
-83
-218
-353
-526
-667
-771
-974
-1318
-1501
-1591
-1755
-1901
-1864
-1754
-1777
-1861
-1847
-1784
-1934
-2031
-2139
-2249
-2315
-2323
-2354
-2222
-1816
-1459
-1201
-852
-566
-434
-289
-165
-120
-2
332
662
896
1123
1120
1055
1178
969
755
657
570
469
585
680
730
1066
1358
1666
1870
2022
2059
2042
1987
1863
1837
1965
2007
1907
1986
1945
1706
1474
1187
799
506
291
153
-30
-220
-269
-362
-548
-690
-792
-1064
-1284
-1460
-1780
-1924
-1968
-2002
-1935
-1850
-1900
-1902
-1971
-2197
-2242
-2173
-2296
-2313
-1897
-1492
-1477
-1169
-648
-438
-453
-381
-87
26
53
185
538
772
824
1072
1293
1092
862
955
852
554
626
887
916
1054
1420
1624
1808
1940
1980
1973
1928
1839
1907
1977
1859
1757
1786
1692
1469
1307
1156
901
623
417
4
-187
-336
-618
-716
-621
-718
-940
-999
-1183
-1510
-1850
-1896
-2043
-2269
-2247
-2133
-2090
-2184
-2220
-2121
-2172
-2370
-2379
-2214
-1963
-1743
-1427
-1000
-820
-569
-256
-167
-178
31
283
345
549
820
988
1186
1261
1259
1283
1234
1143
954
823
674
643
884
1101
1159
1347
1648
1805
1878
1899
2008
2084
2172
2169
2059
2008
1846
1565
1361
1144
867
671
400
121
-226
-586
-748
-826
-854
-917
-891
-894
-1000
-1046
-1226
-1286
-1429
-1644
-1735
-1841
-1972
-2009
-1970
-2058
-2033
-1881
-1942
-1906
-1793
-1805
-1623
-1348
-1310
-1116
-664
-403
-373
-75
256
409
422
582
775
880
942
1032
1206
1213
1065
991
958
822
701
734
765
732
749
912
1225
1293
1403
1691
1914
1986
2072
2169
2127
2127
2017
1844
1656
1510
1190
900
580
136
-52
-231
-609
-790
-860
-1027
-1119
-1109
-1194
-1401
-1404
-1620
-1773
-1914
-2087
-2157
-2094
-1941
-1984
-1984
-2016
-2041
-1999
-1901
-1772
-1683
-1472
-1255
-1104
-957
-732
-517
-353
-190
-69
194
385
512
692
930
1076
1226
1370
1365
1378
1360
1341
1312
1271
1272
1262
1231
1280
1277
1249
1290
1271
1236
1257
1352
1423
1620
1694
1581
1527
1490
1336
1154
964
757
460
257
51
-272
-404
-648
-830
-988
-1065
-1174
-1343
-1326
-1560
-1742
-1762
-1816
-2065
-2127
-1970
-1934
-1958
-1773
-1607
-1621
-1514
-1302
-1225
-1182
-966
-744
-694
-619
-377
-236
-157
12
200
400
561
629
638
794
918
902
1008
1102
1095
1050
1064
1135
1116
1153
1325
1329
1303
1264
1166
1228
1225
1190
1137
1203
1294
1324
1356
1347
1279
1198
1057
832
608
466
317
105
-127
-317
-463
-692
-873
-1055
-1090
-1122
-1215
-1219
-1318
-1539
-1652
-1669
-1776
-1876
-1888
-1901
-1900
-1807
-1824
-1790
-1494
-1361
-1299
-1035
-857
-828
-753
-582
-332
-174
67
288
548
800
875
1013
1159
1116
1016
1086
1128
1153
1077
1112
1161
1021
982
903
890
799
768
821
906
830
902
1054
1056
1067
1170
1311
1356
1354
1266
1161
1023
807
686
469
163
-26
-298
-515
-698
-902
-1042
-1108
-1174
-1276
-1245
-1219
-1237
-1269
-1243
-1248
-1359
-1255
-1227
-1394
-1376
-1351
-1421
-1365
-1257
-1195
-1101
-951
-920
-897
-743
-692
-632
-491
-280
-129
127
394
548
703
836
972
940
974
1047
1058
1009
1025
1077
985
1000
968
927
890
807
748
751
776
751
874
1026
1023
1031
1058
1203
1128
1177
1207
1169
1170
1021
805
543
350
135
-121
-389
-631
-801
-905
-1121
-1262
-1348
-1382
-1456
-1433
-1427
-1526
-1495
-1466
-1492
-1537
-1515
-1473
-1380
-1202
-1085
-946
-762
-634
-480
-411
-406
-265
-173
-143
-73
-8
56
197
346
403
425
533
660
711
735
787
808
883
970
988
1031
1131
1142
1126
1112
979
874
742
706
631
539
567
614
510
539
581
534
572
572
515
442
488
376
220
188
85
-67
-200
-294
-413
-494
-680
-902
-1050
-1083
-1190
-1270
-1210
-1307
-1315
-1232
-1248
-1356
-1236
-1097
-1041
-877
-752
-544
-354
-317
-270
-187
-45
-9
32
118
183
245
329
336
381
429
463
452
434
447
402
427
524
563
602
693
786
806
713
704
719
724
650
611
633
562
538
512
494
529
529
603
612
580
595
519
449
375
254
138
70
-34
-238
-338
-463
-610
-707
-820
-863
-998
-959
-937
-988
-1036
-1035
-1007
-1045
-1095
-1131
-1110
-1014
-913
-888
-759
-628
-506
-437
-416
-425
-349
-241
-171
-88
42
232
310
442
604
691
713
737
759
649
660
643
593
594
651
698
761
834
763
666
656
633
560
475
459
454
432
452
450
421
404
447
459
477
435
409
340
164
-13
-125
-179
-277
-407
-443
-482
-573
-691
-777
-790
-845
-852
-783
-757
-752
-767
-722
-700
-709
-686
-567
-481
-363
-313
-196
-105
-64
-2
7
17
116
175
213
236
271
354
373
385
440
502
490
524
523
530
528
494
488
424
368
375
402
354
310
331
295
259
242
202
175
128
31
-46
-24
-39
22
75
88
175
225
187
136
60
-63
-127
-216
-328
-397
-428
-491
-535
-527
-593
-710
-773
-782
-854
-851
-866
-829
-793
-716
-623
-545
-444
-361
-247
-124
-24
59
155
172
177
266
331
302
298
242
237
201
188
261
239
268
287
328
385
417
432
461
442
473
515
562
611
625
654
579
595
511
413
281
222
153
62
-27
-100
-153
-192
-117
-113
-26
0
-27
-2
-12
-96
-76
-100
-209
-258
-272
-366
-495
-448
-541
-612
-611
-668
-707
-703
-645
-670
-680
-594
-554
-467
-429
-356
-244
-117
-8
124
244
344
406
452
571
625
641
651
665
637
568
569
617
597
560
486
438
364
279
274
174
158
119
173
209
193
218
214
273
175
181
154
43
-74
-138
-187
-226
-264
-312
-374
-391
-432
-481
-449
-448
-471
-443
-382
-413
-469
-450
-358
-378
-319
-251
-256
-240
-231
-218
-255
-237
-267
-255
-208
-201
-199
-160
-66
-74
-54
49
156
190
291
417
490
541
566
593
625
670
593
529
524
521
451
402
344
285
230
125
109
-6
-104
-163
-234
-290
-310
-271
-299
-245
-191
-189
-154
-183
-184
-232
-268
-289
-200
-145
-161
-183
-114
-48
-105
-102
-135
-160
-222
-210
-199
-253
-233
-170
-148
-140
-150
-151
-108
-95
-131
-75
-13
16
107
140
184
184
109
166
206
189
222
254
281
303
322
261
226
228
273
281
335
422
436
397
447
475
479
456
404
422
344
301
219
108
-8
-65
-106
-147
-217
-237
-219
-268
-281
-247
-244
-293
-295
-293
-317
-271
-247
-237
-160
-186
-130
-57
-116
-112
-97
-151
-201
-247
-321
-337
-307
-299
-358
-386
-392
-419
-396
-343
-313
-279
-228
-247
-202
-139
-72
14
72
150
175
258
300
310
410
449
436
454
430
323
305
329
278
221
193
219
191
277
246
272
244
181
176
138
149
69
91
98
31
24
60
-13
-139
-164
-174
-271
-371
-362
-422
-453
-444
-375
-368
-332
-226
-161
-111
-42
0
13
95
79
-7
29
-12
-56
1
11
-23
-77
-64
-135
-198
-181
-130
-136
-164
-90
-18
11
43
69
97
153
194
227
262
378
364
433
465
440
423
379
366
300
216
201
189
133
166
166
112
77
-30
-50
-34
-72
5
25
28
-33
6
41
-3
16
11
17
-28
-52
-67
-149
-169
-199
-281
-309
-350
-359
-318
-357
-355
-282
-234
-260
-241
-207
-183
-196
-181
-125
-167
-103
-109
-88
-71
-26
-24
-11
-30
-125
-83
-65
-48
-74
-85
-58
-98
-62
55
18
114
181
221
310
332
374
357
454
512
546
513
503
496
452
455
338
325
183
152
43
3
-21
-119
-121
-72
-66
-111
-37
-70
-129
-94
-80
-183
-221
-210
-124
-196
-218
-180
-210
-236
-224
-200
-196
-223
-282
-195
-249
-294
-287
-172
-250
-289
-146
-207
-226
-173
-127
-132
-71
-93
-41
18
-54
9
49
113
54
108
155
129
147
101
109
157
205
213
247
281
261
311
350
323
263
204
265
304
264
248
258
182
146
65
3
-41
-87
-85
-177
-214
-271
-240
-187
-236
-146
-154
-223
-192
-137
-171
-130
-93
-42
-14
-46
-21
-83
-40
24
-79
-69
-52
-58
-132
-165
-136
-212
-193
-189
-138
-138
-141
-55
-71
-36
-32
67
39
99
171
171
173
142
239
246
218
236
241
268
281
307
274
218
208
239
311
245
248
270
202
212
203
154
129
87
50
30
35
26
-43
-35
19
-34
-44
-39
-89
-57
-133
-121
-197
-333
-315
-294
-272
-389
-387
-257
-240
-258
-130
-97
-123
-48
-69
-74
-34
-69
-69
-39
-41
-52
-133
-188
-188
-181
-191
-226
-209
-141
-178
-195
-106
-41
-85
-19
8
29
92
125
143
93
225
270
246
268
352
342
261
247
259
169
65
143
134
106
22
47
29
-17
-81
-26
-13
-85
-55
-85
-30
76
127
105
97
150
165
57
159
141
24
-8
-19
-73
-193
-207
-185
-240
-237
-124
-155
-198
-136
-137
-202
-182
-154
-206
-261
-197
-162
-209
-221
-97
-88
-203
-174
-68
-67
-134
-49
18
-55
-116
-24
67
-6
64
168
209
205
348
376
293
337
421
424
363
355
386
353
291
337
260
204
144
101
6
-81
-36
-69
-132
-187
-94
-83
-88
-64
71
38
70
148
107
144
175
189
95
68
85
84
42
15
-10
-39
-46
-42
-57
-130
-253
-141
-176
-173
-174
-185
-162
-218
-160
-110
-99
-125
-92
-135
-74
-36
-76
-64
-77
-104
-116
-83
-32
-53
-75
-70
-26
28
2
44
-30
-22
18
-43
-6
-52
60
-29
11
3
5
13
-103
-93
-70
-142
-156
-26
-146
-146
-124
-59
-85
-107
-36
-38
23
58
131
134
153
247
150
147
194
192
125
100
119
50
-1
-78
-65
-188
-205
-234
-241
-211
-236
-231
-288
-177
-247
-203
-184
-144
-74
-21
-2
-6
83
50
80
76
119
132
151
182
244
222
222
229
248
252
214
228
203
207
146
233
235
237
253
291
270
268
277
207
198
134
99
75
100
121
82
53
60
62
43
-1
-70
-125
-126
-144
-187
-160
-90
-187
-204
-163
-209
-201
-298
-208
-283
-295
-273
-292
-247
-296
-246
-241
-185
-224
-187
-161
-158
-147
-184
-76
-46
-28
37
96
163
193
209
316
263
266
306
224
257
196
238
209
201
133
122
144
110
124
100
95
38
103
63
24
-55
-89
-105
-119
-184
-134
-53
-108
-100
-74
-76
-46
-93
-66
-52
-73
-50
-35
-63
-118
-16
-31
10
47
6
-35
9
-43
-118
-79
-82
-125
-97
-102
-118
-79
-117
-60
-133
-154
-105
-179
-201
-176
-91
-89
-27
-90
-105
-72
-121
-105
-98
-76
-65
-25
-24
-1
17
64
59
67
100
80
91
114
211
113
224
259
230
231
217
285
211
209
134
189
105
108
121
94
176
165
186
189
150
68
104
38
34
1
-6
47
29
58
41
116
90
73
38
-29
-51
-89
-121
-177
-195
-204
-230
-272
-248
-249
-230
-203
-228
-195
-167
-111
-59
-64
20
41
49
66
58
71
6
47
85
32
96
106
88
95
74
51
50
96
125
96
168
180
146
158
141
168
129
154
112
68
42
50
9
-57
-142
-105
-73
-111
-151
-177
-137
-145
-201
-213
-184
-216
-152
-154
-150
-97
-45
-81
-117
-107
-145
-129
-108
-139
-142
-133
-125
-140
-190
-135
-106
-105
-76
-46
-61
-72
-16
64
84
71
127
168
114
66
98
162
140
188
139
121
148
154
221
229
250
246
203
215
213
214
149
98
138
93
119
117
101
97
36
8
-32
-24
-20
1
-25
-20
-51
-102
-127
-148
-72
-175
-117
-70
-102
-172
-131
-120
-133
-114
-131
-107
-112
-97
-115
-111
-131
-57
-90
-68
-80
-51
-57
-57
-24
11
21
-70
-9
-9
-54
-35
54
-34
-32
-21
17
-29
-96
-26
40
74
60
124
114
205
186
178
206
143
178
158
79
45
112
-24
18
80
49
38
21
31
21
4
-5
24
-14
38
16
-24
15
52
19
-13
-15
30
-13
-41
-8
-16
-52
-130
-97
-108
-147
-171
-185
-136
-173
-150
-162
-100
-74
-77
-14
-32
-30
-14
4
-2
-34
-35
48
-4
53
57
24
25
15
-12
-20
-13
2
51
44
77
100
94
136
167
199
212
202
243
237
219
166
139
118
85
109
67
98
103
24
82
41
-24
15
3
-25
-25
14
-5
67
61
-18
-22
-63
-40
-129
-183
-170
-183
-98
-146
-180
-213
-185
-224
-246
-225
-259
-272
-282
-231
-266
-266
-221
-191
-140
-185
-127
-88
-26
22
2
69
103
100
99
120
72
139
98
57
47
14
-3
16
84
37
47
68
54
67
128
142
231
213
254
288
330
349
300
252
232
229
135
123
29
-17
-55
-15
-83
-121
-54
-73
-87
-114
-60
-20
-47
-39
17
-37
-50
-31
-88
-101
-69
-86
-141
-114
-147
-136
-144
-210
-172
-201
-249
-171
-145
-172
-158
-100
-129
-139
-68
45
65
32
99
111
53
74
97
62
105
153
166
145
143
179
173
211
191
198
215
205
205
162
188
197
207
209
130
151
150
88
77
109
59
-28
39
53
20
51
-11
1
-29
-95
-131
-154
-146
-161
-208
-270
-245
-295
-308
-288
-281
-266
-256
-231
-191
-191
-179
-141
-129
-154
-130
-130
-115
-105
-114
-126
-138
-92
-83
-77
-12
29
14
-7
101
143
96
138
147
181
126
185
270
306
330
280
272
267
256
236
248
184
186
222
166
121
107
130
104
120
55
-5
-5
-23
-41
-149
-164
-133
-177
-200
-246
-273
-182
-166
-247
-260
-267
-274
-274
-248
-197
-168
-159
-94
-44
-49
-31
-49
-1
-38
-72
-23
18
12
54
67
39
121
132
114
113
175
202
143
138
84
160
126
68
135
170
131
194
228
171
174
132
130
57
82
117
104
108
117
157
100
72
101
53
8
19
22
-76
-100
-110
-143
-165
-165
-192
-191
-144
-132
-150
-158
-129
-139
-103
-123
-147
-132
-113
-94
-88
-88
-90
-99
-147
-139
-141
-146
-132
-141
-152
-171
-127
-120
-146
-80
-83
-90
-41
-38
17
23
7
19
18
13
79
100
81
129
163
170
170
164
165
197
156
168
174
144
176
151
200
143
188
205
166
144
133
154
175
164
167
174
33
23
9
-57
-95
-119
-169
-166
-146
-171
-158
-99
-117
-163
-118
-157
-138
-129
-132
-125
-106
-70
-78
-34
-23
-41
-20
-7
-9
-15
8
-25
-21
-25
-38
-31
-1
7
-18
2
53
55
33
106
162
182
167
173
175
172
205
225
258
233
240
211
169
156
109
124
60
23
40
-35
-39
-63
-7
-78
-99
-53
-50
-116
-133
-107
-142
-133
-169
-102
-182
-116
-144
-161
-165
-180
-119
-197
-173
-171
-168
-232
-204
-197
-251
-266
-166
-154
-169
-92
-44
-6
-20
-25
-20
50
21
68
95
77
55
35
57
11
9
10
74
65
15
34
68
39
59
90
124
119
130
160
166
217
190
228
282
283
310
307
205
200
189
140
115
160
141
60
65
32
-34
-58
-56
-61
-76
-102
-107
-113
-67
-49
-62
-39
-72
-74
-108
-134
-125
-127
-106
-131
-139
-102
-89
-127
-119
-91
-107
-144
-175
-151
-181
-223
-188
-114
-122
-148
-84
-50
-10
-24
5
27
50
53
43
33
93
73
89
107
135
113
63
110
122
88
64
109
109
93
119
194
216
221
175
229
245
151
139
134
102
87
52
54
33
-43
-50
-54
-105
-135
-138
-131
-196
-206
-222
-228
-206
-137
-135
-159
-122
-70
-115
-137
-139
-159
-146
-171
-134
-115
-108
-93
-99
-79
-4
-4
9
15
19
29
94
136
118
125
139
146
126
132
84
130
97
68
61
71
66
51
128
125
134
90
102
69
66
82
78
65
-8
-10
28
28
-29
41
19
-6
-6
-40
-73
-89
-121
-103
-104
-107
-76
-106
-78
-89
-57
-68
-49
-58
-93
-100
-79
-89
-115
-73
-56
-4
4
59
19
8
59
40
86
45
56
92
85
66
66
65
100
69
85
90
63
74
35
13
22
30
7
63
80
84
80
71
98
40
87
78
40
25
53
75
74
46
74
68
64
25
7
-17
-17
0
-38
9
-30
-10
7
-18
-21
-37
-17
-46
-55
-75
-73
-31
-58
-88
-98
-107
-148
-194
-172
-216
-212
-224
-239
-203
-213
-207
-229
-176
-98
-110
-76
-43
2
-20
-37
-48
-36
2
-1
29
70
87
50
108
153
85
91
106
130
147
171
176
139
104
132
122
77
86
135
99
34
74
96
51
42
41
69
119
90
91
100
93
23
-42
1
-44
-118
-92
-114
-142
-129
-155
-145
-87
-80
-84
-65
16
13
17
64
63
67
63
58
56
-14
-33
-37
-31
-31
-83
-53
-139
-129
-111
-91
-60
-37
-11
28
52
61
45
26
14
36
86
47
96
68
94
98
94
83
33
12
19
72
44
-11
-5
22
3
11
58
68
57
45
-19
-6
16
-41
-58
-53
-56
-50
-30
-27
-26
-26
-54
-62
-74
-52
-63
-94
-42
-38
-74
-41
16
19
63
45
71
82
50
82
52
27
-8
13
42
29
6
-23
6
13
11
8
2
33
-12
13
20
17
42
-6
4
33
2
-63
-81
-46
-119
-139
-125
-56
-75
-57
-56
-85
-92
-95
-76
-45
-35
-39
31
-8
7
13
-11
46
26
72
88
67
79
78
72
70
116
92
46
34
34
10
-20
-53
-29
-37
-65
-56
-46
-38
-46
-53
-52
-8
-15
-11
6
-32
-24
16
-3
6
-21
-45
-61
-82
-35
-77
-116
-97
-89
-96
-120
-63
-7
-29
-21
67
56
64
111
156
153
86
109
156
123
96
83
70
85
73
43
27
42
60
72
40
73
94
26
23
58
48
9
70
63
92
65
46
19
5
4
-18
-27
-40
-39
-84
-46
-62
-36
-34
-83
-55
-46
-47
-93
-77
-111
-112
-65
-34
-21
-22
-8
-6
40
33
71
78
72
66
49
32
7
-1
-10
-33
-20
-43
-63
-61
-76
-55
-33
-67
-45
14
12
-8
5
12
-9
15
28
13
4
54
47
2
32
17
16
9
9
-12
-11
-24
-22
-56
-62
-38
-16
-19
-14
10
22
42
44
51
17
5
26
44
41
18
30
44
31
-1
-8
-52
-67
-41
-58
-87
-66
-72
-66
-42
-20
-32
-25
5
-9
4
-20
-41
-61
-88
-120
-120
-132
-112
-92
-72
-59
-67
-45
-24
-22
-22
-1
7
42
32
32
72
108
103
121
120
123
131
117
120
100
85
68
65
50
39
74
54
27
47
49
30
54
86
85
69
76
80
59
43
44
45
36
17
-7
-34
-36
-63
-46
-49
-88
-79
-73
-59
-75
-45
-39
-30
11
15
17
17
-3
17
-6
-15
-28
-30
-16
-9
11
-3
-19
-21
-17
-2
-16
-7
-8
-31
-20
-3
-2
-19
-32
-19
-40
-43
-39
-21
-28
-28
-27
-47
-30
-23
13
25
41
87
32
18
16
-12
10
-29
-20
13
-11
-14
12
11
14
13
15
31
39
36
24
23
32
14
12
18
28
33
14
0
-19
-34
-48
-55
-57
-58
-63
-72
-59
-74
-63
-62
-54
-82
-96
-73
-75
-50
-45
-41
-24
-21
-21
-8
13
10
-2
1
3
-25
-31
-43
-47
-18
-4
19
29
27
39
45
63
98
80
57
85
72
88
73
78
105
82
57
39
20
8
17
8
-3
-34
-40
-46
-23
-20
-14
0
24
25
19
21
17
57
43
7
31
42
37
36
23
12
17
8
7
8
-3
-7
0
8
-1
-30
-11
24
-25
2
20
5
11
1
-5
-3
-7
13
17
19
14
28
20
26
24
5
6
16
5
-6
-7
-22
-37
-48
-71
-40
-23
-24
-27
-38
-4
-43
-40
5
9
-1
23
44
35
30
36
20
14
16
10
16
-5
-7
-28
-37
-15
-6
-1
8
4
3
-13
-10
-2
-15
-19
-31
-33
-41
-40
-39
-45
-58
-55
-44
-50
-51
-64
-72
-46
-50
-72
-50
-58
-52
-47
-23
5
31
24
18
45
27
27
36
24
38
27
-1
12
0
0
19
5
10
13
4
23
15
5
9
15
29
39
51
58
46
41
41
36
39
41
31
6
4
-3
-32
-20
-29
-42
-37
-30
-39
-21
-33
-21
-28
-21
-2
1
4
24
16
-6
3
7
-14
-17
-18
-18
-32
-39
-17
-25
-14
-17
-3
23
28
12
15
24
39
44
79
108
94
94
91
90
74
78
47
46
53
56
47
49
68
41
22
-3
25
21
5
4
-22
-33
-46
-46
-43
-38
-51
-45
-43
-44
-26
-35
-15
-14
-4
-10
-7
-1
-12
-25
-45
-41
-48
-52
-41
-51
-72
-69
-55
-50
-28
-22
-10
7
16
7
21
23
52
41
-10
-29
-37
-21
-40
-56
-52
-26
-24
-2
-24
-24
-3
0
19
19
18
12
19
30
19
-2
-1
9
-18
4
-5
-11
-18
-20
-17
-29
-25
-32
-24
-9
2
-6
-17
-6
-3
8
-17
-1
1
-9
-22
-24
-14
-24
-3
-11
7
11
23
20
24
20
23
34
34
25
18
28
16
33
29
53
69
67
56
53
51
64
43
36
53
33
34
32
16
17
20
-9
-11
-23
-31
-32
-12
-21
-12
14
-2
18
1
-7
1
-12
-5
-3
-15
-1
-1
4
0
4
5
10
-13
-4
8
-8
3
-20
-22
-20
-43
-47
-30
-25
-38
-23
-15
-17
-27
-33
-12
-9
-6
-5
-16
4
-12
-18
-19
-17
-19
-40
-37
-41
-39
-49
-28
-12
2
12
23
20
17
48
44
37
34
48
31
31
56
45
48
43
39
28
29
22
21
13
29
18
9
31
33
20
26
27
0
-2
-6
-11
-10
-22
-38
-35
-36
-39
-43
-46
-63
-60
-55
-57
-49
-45
-42
-42
-26
-22
-16
-21
-21
-16
-24
-31
-39
-35
-21
-20
-12
-23
-28
-16
2
1
24
36
25
36
38
31
32
47
39
39
29
44
23
28
33
30
16
39
41
32
29
26
47
33
20
18
9
2
-2
-9
-7
2
-3
-17
-13
-26
-28
-31
-40
-47
-33
-32
-13
13
13
21
21
10
10
19
29
11
1
1
1
7
-5
16
19
7
6
9
1
1
7
-6
15
7
-11
-12
-15
1
-14
-3
-9
-5
-4
-19
0
3
-12
-18
2
-11
-12
13
15
4
7
13
-9
-1
7
15
15
17
38
27
10
8
15
22
1
1
7
-17
-11
-15
-35
-5
-11
-23
-17
-28
-31
-39
-37
-37
-30
-34
-37
-15
-4
-3
-3
-12
-12
-16
-12
0
-8
-6
5
4
1
-1
7
8
2
-8
-10
-8
-19
-10
-13
1
9
13
5
7
13
24
48
20
40
31
26
27
30
11
14
-6
-18
-7
-23
-12
1
8
10
6
-1
7
5
9
29
24
16
4
2
-11
-22
-4
-8
-18
-15
-15
-23
-13
-11
-9
1
-17
-15
-5
8
11
3
14
14
6
17
11
21
22
34
36
30
30
18
29
9
5
22
-3
3
1
-6
-8
-5
-13
-9
-12
-4
5
-1
-6
-12
-19
-18
-33
-22
-12
-23
-20
-16
-14
-26
-24
-39
-32
-35
-39
-37
-41
-45
-34
-36
-42
-39
-40
-37
-33
-29
-28
-22
-24
-2
-3
1
19
26
20
39
33
28
43
32
50
47
51
43
53
58
49
37
36
33
41
58
38
33
37
37
33
36
36
26
14
-3
-2
-22
-35
-27
-24
-28
-16
-16
-19
-12
-13
-16
-23
-22
2
-2
-8
3
-12
-5
-9
-3
-8
1
10
4
1
8
18
27
28
29
28
18
24
28
32
23
13
35
19
-1
7
-8
-5
-7
-33
-45
-47
-42
-36
-46
-41
-44
-28
-14
-30
-28
-23
-14
-24
-30
-24
-30
-36
-32
-33
-31
-7
-18
-22
-15
-9
-17
-19
-23
-29
-23
-9
-5
12
27
23
25
23
37
42
35
42
39
33
25
37
29
22
23
16
28
21
17
25
17
10
4
-3
2
-5
-6
-14
-10
-3
1
5
1
5
-6
-13
-11
-8
-7
-10
3
4
-4
-15
-7
10
3
13
1
-2
31
18
19
17
2
1
6
10
-4
8
3
8
7
-2
-1
6
-4
2
-1
-6
-5
-9
-22
-26
-22
-36
-31
-23
-29
-11
-12
-11
-13
-12
-3
-8
3
-6
7
14
7
1
-5
4
-1
1
-4
-21
-27
-15
-16
-16
-23
-18
-5
-8
-27
-16
-3
-3
7
2
9
16
8
4
12
4
24
12
13
21
7
6
12
14
-1
-8
9
6
-7
7
22
21
11
20
27
22
21
22
15
9
8
2
-4
3
24
20
3
16
5
-19
-16
-10
-6
-13
-10
-3
-10
-17
-9
-12
4
4
2
17
9
12
0
8
5
-10
-8
-5
-14
-13
-5
-9
-18
-19
-23
-7
-9
-16
-12
-9
-4
10
4
-5
5
7
-2
-6
-7
-14
-19
-18
-16
-19
2
7
-3
0
11
14
6
23
17
7
11
11
5
-1
15
0
11
17
16
11
9
20
11
2
12
16
2
-2
19
-1
-3
9
9
11
14
14
8
5
8
0
-22
-16
-24
-19
-21
-29
-31
-31
-31
-34
-22
-21
-7
2
-1
1
11
18
5
10
-1
-4
3
-5
-1
5
5
6
11
-7
-3
7
3
3
1
2
-1
7
-5
-9
-6
-14
-22
-16
-15
-9
-8
-15
-7
-18
-5
2
7
1
3
13
26
21
22
30
6
1
5
8
-3
2
8
7
4
1
9
14
18
20
19
13
15
14
13
12
9
19
16
16
22
19
19
18
21
14
15
8
9
0
4
-6
1
-9
-15
-13
-29
-28
-24
-10
-8
-8
-24
-14
-13
-20
-17
-9
-17
-2
6
-7
-8
2
-2
-21
-4
-12
-12
-5
9
-2
-13
-6
-10
-11
-7
-14
-10
-5
-12
-5
-10
-27
-30
-18
-27
-33
-21
1
-8
-8
3
-5
-6
-10
-2
0
-2
5
12
11
13
17
16
10
13
-5
-5
4
8
10
15
21
6
18
15
8
8
20
26
11
19
16
12
11
9
10
7
5
8
7
12
12
11
15
9
6
5
4
2
3
5
-5
-4
-10
-23
-11
-27
-20
-11
-7
-8
1
1
0
-6
-2
5
11
17
2
1
10
2
-9
0
-6
-6
-8
-2
5
-6
-7
-9
-1
-2
0
5
-4
6
-5
-8
-19
-14
-15
-15
-6
4
8
6
6
-3
10
5
3
13
23
23
20
26
26
11
21
14
-2
-6
0
-2
-8
-4
-1
-6
-8
-16
-36
-27
-26
-26
-26
-29
-23
-12
-8
-15
-12
-7
-16
-12
-13
-13
2
7
16
7
15
20
14
14
10
11
9
12
10
13
10
17
28
14
10
17
13
3
-3
-3
-2
-1
-14
-12
-8
-14
-16
-18
-23
-22
-16
-7
-12
-6
-13
-23
-12
-11
-20
-31
-27
-19
-18
-3
-4
-14
-14
-18
-8
-3
-13
-8
-3
-10
4
11
8
15
19
17
19
33
33
41
44
34
38
32
24
18
15
18
14
19
25
29
20
12
25
29
30
23
18
17
16
14
8
1
-1
-18
-18
-12
-23
-26
-23
-26
-41
-34
-30
-33
-29
-30
-15
-17
-21
-15
-28
-19
-14
-16
-1
3
-6
-4
0
9
15
12
5
7
5
9
22
29
25
17
29
33
21
18
13
13
6
20
14
16
16
1
-1
-5
-3
-3
-2
-11
-9
-8
-2
-3
-12
-15
-24
-26
-22
-17
-15
-19
-26
-21
-23
-19
-21
-28
-28
-22
-16
-6
1
-5
-2
4
5
5
3
16
13
5
16
21
16
6
4
2
13
9
5
-1
-5
-11
-4
2
2
-3
-8
-12
-15
-12
-11
-20
-23
-21
-11
-3
1
-3
0
0
-4
-2
-6
-7
-11
3
2
6
14
12
7
9
20
18
9
3
4
-2
14
25
21
26
15
14
27
31
29
32
29
26
29
25
23
14
4
0
1
7
12
10
-3
-10
-7
-5
-7
-4
-5
-16
-15
-11
-12
-21
-27
-19
-16
-9
-6
-9
-8
-8
-7
-5
-4
-4
-3
-2
0
-7
-3
0
-22
-20
-4
-1
0
-2
-3
-3
-6
-4
-5
0
-1
-3
-4
4
1
-2
7
-8
-3
4
8
4
9
4
3
4
2
6
-5
-11
-2
5
5
7
-3
4
1
3
7
1
0
-1
1
7
7
6
3
0
5
-3
6
10
1
-6
-16
-23
-20
-6
-13
-13
-10
-15
-5
-5
-16
-15
-15
-15
-9
3
5
7
4
5
-1
-7
-8
-12
-12
-13
-9
-10
-13
1
-2
-9
-3
3
10
3
1
4
16
23
18
13
15
10
4
3
12
7
2
9
10
13
5
4
-3
-1
3
-2
5
6
4
2
1
3
4
6
-11
-8
-3
-7
-5
-11
-5
-13
-15
4
4
8
1
3
4
6
14
9
13
10
9
16
15
4
0
2
5
5
8
8
4
4
10
14
13
11
13
5
8
13
9
14
4
0
4
-6
-9
-7
-9
-13
-7
1
-9
-6
-3
-8
-12
-11
-14
-16
-11
-8
-12
-10
-4
-5
-2
-4
-5
-3
-8
-13
-10
-7
-7
-3
1
2
9
14
8
19
17
7
10
11
16
12
25
28
19
14
13
7
3
3
4
-9
-4
0
-5
-13
-19
-11
-16
-20
-8
-10
-15
-19
-16
-18
-23
-12
-14
-21
-11
-6
-9
-9
-15
-13
-18
-11
-6
-3
1
-3
14
8
8
8
7
23
11
12
11
11
4
-4
1
-4
-4
-8
-10
-17
-13
-7
-5
-7
4
3
4
9
14
13
22
30
18
21
10
6
-3
1
-1
-8
0
-4
-4
-1
7
4
-2
4
6
3
-1
5
7
5
-2
-12
-6
0
-1
2
5
8
-2
1
9
-3
0
3
0
1
-2
-6
-2
-1
-13
-9
-10
-9
-8
-5
-9
-11
-5
-5
-4
-8
2
8
10
11
7
1
-4
-9
-8
-10
-8
-11
-16
-9
-7
-2
-2
-3
3
0
-4
-7
2
3
5
14
6
13
9
4
5
8
11
7
2
3
4
-3
-1
-1
-3
2
12
11
16
23
15
16
12
10
6
9
3
4
10
11
7
11
12
12
6
11
18
9
19
8
3
4
1
-3
-9
-4
-9
-12
-4
-11
-16
-15
-20
-15
-18
-9
-12
-5
-1
0
3
2
1
-1
-1
-12
-8
-4
-6
-10
-12
-15
-17
-17
-17
-16
-17
-8
-4
-10
-14
-9
-16
-8
-2
-4
1
-1
-4
2
1
-9
-10
-4
0
-6
-6
-6
-8
-7
-6
0
2
-3
-4
-8
-8
0
1
4
8
-4
5
4
7
9
7
5
8
5
2
16
11
12
5
2
1
9
7
6
2
7
6
10
11
10
16
17
13
7
12
9
6
6
18
11
7
15
10
12
14
5
7
7
5
6
5
10
11
9
15
9
5
6
10
6
7
10
10
-3
-7
-4
-9
-2
-2
0
4
8
3
-2
3
0
-6
-3
-4
-10
-9
-1
2
-5
-6
-4
-5
-8
-19
-24
-20
-32
-23
-18
-23
-16
-20
-17
-12
-14
-10
-11
-8
-8
-4
0
0
-3
-6
-7
-13
-9
-7
-11
-12
-10
-10
-14
-14
-11
-9
-12
-9
-5
-7
-3
1
-3
2
1
-2
1
-2
12
15
11
14
7
9
9
7
12
3
5
0
-4
1
3
3
-1
7
4
2
2
9
6
6
9
11
12
3
4
5
4
0
3
3
1
-2
3
0
5
9
1
0
3
3
1
2
1
1
1
1
5
6
12
15
6
10
10
7
6
3
4
0
1
5
3
1
-4
-1
3
4
5
-1
-2
1
7
13
12
5
8
13
8
10
16
9
7
11
15
17
12
14
6
6
4
0
3
1
-6
-6
-10
-10
-15
-14
-15
-9
-6
-2
-1
-2
3
-3
1
2
-2
-21
-12
-19
-20
-12
-21
-17
-18
-16
-17
-15
-12
-10
-11
-14
-8
-5
-6
-5
0
-6
-13
-5
-9
-7
-10
-9
-1
2
1
-2
-3
-3
2
-2
-2
-5
-6
-7
-7
-8
1
-4
-10
-5
-2
-6
-7
4
-8
-5
-1
-4
-5
-3
8
2
1
3
-1
-6
-8
-4
-5
-3
-2
2
3
3
9
13
13
17
20
15
19
25
18
15
19
21
18
15
18
20
15
19
14
7
11
10
3
2
2
3
4
1
2
6
10
8
6
11
8
1
-2
1
3
4
4
-4
-5
-2
-8
-7
-13
-11
-13
-14
-15
-18
-13
-12
-9
-11
-8
-12
-6
-3
-8
-10
-5
3
-1
3
9
0
5
11
6
10
6
12
12
6
11
15
7
10
7
9
9
3
6
3
2
-4
-4
-1
-9
-14
-10
-11
-11
-8
-4
-8
-11
-9
-9
-11
-13
-15
-6
-9
-9
-5
-3
-4
-4
1
-6
-1
2
0
-3
0
2
0
2
0
0
3
3
4
-2
4
6
0
6
3
-10
-8
-9
-17
-8
-6
-8
-4
-6
0
2
-2
3
5
6
4
2
-4
-10
-2
-1
-9
0
1
-10
-10
-6
-7
-9
-7
-7
1
1
1
2
1
4
6
4
6
17
11
15
17
13
12
12
10
12
12
18
20
19
18
13
21
17
19
16
15
13
13
11
8
4
-3
-5
-5
-4
-2
-3
-2
7
2
-12
-13
-8
-13
-13
-11
-16
-19
-17
-19
-12
-13
-12
-9
-7
-3
-7
-7
-7
-9
-13
-11
-13
-6
-1
-1
0
-6
1
4
-2
6
4
2
6
8
4
1
-1
-4
-7
-8
-1
-14
-2
-3
0
-5
0
6
-2
7
0
3
2
2
-6
-9
-5
-11
-15
-9
-11
-10
-7
-1
1
1
5
8
10
10
10
6
7
11
5
7
4
4
1
0
2
-5
-2
0
7
10
9
11
14
10
11
11
7
7
-2
2
-1
-7
-10
-11
-8
-9
-13
-6
-3
-7
1
-3
4
4
3
8
9
11
5
9
5
13
10
16
16
11
19
16
14
10
12
13
10
9
17
8
3
3
-3
-10
-14
-16
-13
-13
-11
-14
-19
-17
-15
-15
-14
-11
-13
-9
-8
-8
-6
-3
-3
-6
-5
-3
-7
-5
-3
-5
-2
5
-3
-6
-3
2
5
-2
5
8
5
9
9
11
13
5
5
0
-3
0
0
3
0
2
1
-7
1
0
-3
-10
-4
-4
-13
-12
-11
-7
-10
-8
-6
-3
-7
-7
-4
-4
-5
-3
-5
-4
6
2
8
14
15
10
7
12
8
10
8
4
1
0
-5
-2
0
-7
-4
0
3
-3
-6
-6
-1
-1
-4
-6
-5
-3
-11
-7
-6
-4
2
4
1
4
4
4
3
6
8
7
15
12
12
10
9
12
19
17
14
14
13
7
8
10
11
7
10
10
10
9
0
3
4
6
6
2
2
-1
-2
-8
-7
-7
-12
-13
-10
-14
-17
-16
-17
-18
-20
-18
-11
-10
-14
-10
-7
-7
-11
-16
-10
-4
-9
-4
-4
-1
1
-2
-4
-1
3
0
0
-5
-4
-4
-4
-2
-4
-6
-6
3
3
8
7
5
2
1
4
2
-1
2
4
2
-5
-5
-9
-6
-3
-7
1
2
2
-2
-3
0
0
1
1
6
9
15
17
17
16
18
13
7
14
13
7
5
1
7
2
0
0
-4
-3
-4
-1
0
-1
4
5
3
6
8
12
13
14
11
13
13
7
5
4
2
0
-5
-3
-7
-9
-8
-12
-15
-13
-11
-12
-11
-10
-10
-12
-7
-6
-3
-1
0
2
2
0
8
11
9
14
3
7
4
2
0
-2
0
0
3
-3
-5
0
-9
-14
-7
-8
-8
-8
-2
-2
-3
-6
-4
-6
-7
-1
-4
-1
-4
1
-2
-3
-1
3
3
3
-4
-1
0
-3
6
4
3
7
5
6
0
2
6
4
6
12
3
1
7
8
4
0
-2
-3
-1
1
6
1
4
2
3
3
0
0
-1
-2
-2
-2
0
-1
-8
-5
-2
-4
-3
6
-3
-2
3
5
5
2
5
-2
-1
1
1
1
2
7
3
-1
0
-4
-6
-3
-1
-8
-10
-13
-14
-6
-10
-11
-5
-5
-6
-4
-1
-1
-2
-4
-5
-4
-3
-7
-5
-3
-2
-5
-5
0
0
-1
-5
1
2
2
2
7
7
6
3
1
1
0
3
3
7
2
5
8
14
14
17
21
12
11
12
9
10
5
8
10
4
10
9
1
2
1
-7
-13
-11
-10
-15
-8
-7
-10
-7
-10
-11
-15
-11
-15
-13
-9
-11
-8
-9
1
-9
-5
-9
-9
-7
-9
-2
-4
4
8
7
4
5
5
6
9
9
11
10
9
10
9
11
10
4
6
2
6
5
-1
-1
0
-2
-3
0
-2
0
-6
-6
-7
-3
-3
-1
-3
-3
-2
4
7
5
10
9
11
14
15
14
13
13
12
6
7
9
7
6
9
6
4
3
4
2
-2
3
-4
-8
-9
-9
-6
-15
-13
-11
-12
-9
-8
-4
-11
-10
-10
-12
-7
-10
-7
-13
-6
-3
-13
-9
-12
-16
-16
-14
-18
-12
-11
-10
-4
-11
0
0
-2
-3
1
3
5
9
8
4
6
7
6
13
10
5
8
6
6
10
8
7
3
5
5
7
9
10
5
1
2
-3
-4
-1
1
0
6
3
3
5
8
4
5
4
-3
-1
-3
-3
-4
-2
-1
1
-5
1
0
3
2
0
5
0
2
3
7
7
6
5
15
9
9
11
13
11
7
15
6
9
6
8
3
2
2
-2
2
-3
-4
-4
-2
-7
-7
-8
-10
-15
-14
-14
-18
-18
-15
-11
-17
-14
-12
-14
-10
-10
-11
-7
-9
-6
-7
-4
1
7
3
7
11
9
11
12
10
12
11
9
9
10
8
3
2
9
6
4
5
7
12
6
13
14
7
2
2
1
-1
-5
-8
-8
-8
-9
-11
-12
-15
-15
-17
-18
-18
-19
-21
-22
-21
-23
-21
-25
-18
-15
-16
-13
-10
-8
-5
-3
2
7
7
3
2
9
4
6
13
17
15
15
19
16
19
16
15
15
8
9
11
6
5
4
2
1
3
-4
-8
-9
-4
-6
-3
2
-1
4
1
-2
-1
2
2
0
5
3
7
4
6
7
6
9
7
11
11
15
11
7
16
16
15
16
11
11
15
11
9
5
9
11
8
3
2
2
-1
1
-5
-9
-11
-13
-13
-14
-20
-16
-16
-19
-14
-15
-17
-12
-8
-4
-5
-3
2
2
-9
-8
-2
-5
-3
-7
-9
-4
-4
-2
-1
-1
-1
2
4
7
5
5
9
8
8
13
11
7
6
-3
-9
-5
-3
-7
-15
-7
-9
-9
-3
-8
-5
-7
-6
-7
-13
-8
-9
-8
-2
-9
-6
0
0
5
-3
-3
1
-4
-3
4
4
8
9
9
8
4
7
-2
0
7
0
1
0
6
9
12
16
12
15
12
13
11
6
6
0
8
5
-1
-1
1
-4
-8
-7
-10
-11
-7
-9
-11
-4
-8
-9
-12
-12
-12
-11
-11
-7
0
-6
-5
-3
-7
-5
-6
0
4
2
7
9
9
10
12
10
10
15
16
11
8
5
4
4
4
1
0
0
1
4
6
2
2
2
3
1
-4
5
5
1
3
2
2
3
3
1
2
1
3
-1
3
-2
-6
-4
-5
-3
-1
0
0
-1
-5
3
2
1
1
5
4
-4
6
-1
-5
-6
-1
2
-4
-2
1
5
0
-7
2
-3
-9
-6
-2
-8
-14
-5
-10
-14
-6
2
-8
-12
-3
0
-8
-11
1
-4
-9
4
0
1
9
7
6
-3
-1
-1
-4
-1
-5
0
1
-4
3
4
7
12
7
9
7
11
10
6
4
7
6
5
1
7
5
-3
4
-6
-5
-12
-6
-5
-14
-9
-6
-7
-6
-9
-7
-1
-3
-3
-5
-5
-2
-2
3
7
1
1
-4
10
3
-8
10
8
-6
5
10
1
1
2
5
-1
4
10
2
3
12
-1
-2
3
-6
-6
-17
-9
-5
-6
-10
-7
-6
-8
-6
-4
-7
-12
-4
1
-11
-7
-1
-8
-13
-3
-6
-10
1
7
3
0
7
11
9
10
23
23
11
18
24
15
5
19
27
0
11
28
9
5
26
25
5
11
21
8
4
10
8
5
1
5
3
-6
-11
-3
-1
-20
-9
-5
-16
-11
-13
-5
-8
-7
-4
-9
-4
-3
-2
0
0
-14
-8
-4
-15
-5
-1
-14
-13
3
2
-9
3
8
-10
-2
-1
-12
-5
-3
0
-2
-1
-9
-1
3
-12
-3
6
-8
-6
5
-16
-17
7
-8
-20
11
7
-21
6
18
-13
5
18
-9
-11
6
-6
-15
-1
-3
-14
4
-7
-17
2
-9
-12
11
7
-6
4
15
-5
2
17
3
-2
13
10
-4
7
16
-11
-9
17
-4
-5
15
12
-11
9
16
-11
8
14
-9
7
11
3
0
1
7
1
2
8
9
8
7
15
15
4
18
13
-2
15
7
-6
-8
12
-1
-28
7
12
-22
-4
23
-6
-21
20
10
-23
5
26
-20
-15
26
-5
-24
11
6
-31
-14
11
-14
-23
1
1
-19
-17
-7
-4
-20
-14
10
-6
-19
7
8
-17
1
8
-8
-12
10
14
-13
-3
35
7
-14
21
25
-16
-5
38
5
-15
21
20
-19
4
28
3
-5
13
15
-10
4
5
-1
-3
-7
-2
-2
-1
-4
-4
-3
4
-10
-12
9
-4
-14
9
12
-15
-10
10
-6
-22
-5
10
-17
-26
4
-10
-19
-4
-6
-12
-18
-1
-6
-11
0
6
2
-10
0
11
-8
-6
12
-5
-12
2
9
-13
-10
9
2
-11
-1
19
-5
-9
13
16
-4
2
20
7
-9
10
20
-11
-6
14
-1
-9
10
12
-8
-1
11
-3
-5
15
-1
-9
16
10
-8
16
23
-3
7
15
3
7
16
2
19
10
1
15
13
-7
11
17
-12
0
18
0
-22
17
5
-30
-1
4
-20
-19
9
0
-18
-15
-4
9
-19
-16
20
-1
-28
6
17
-29
-20
27
-4
-36
19
21
-25
-10
28
-3
-27
16
19
-15
-12
24
6
-19
-2
17
-6
-12
10
15
-6
-13
18
8
-26
-3
28
-22
-32
20
7
-34
-4
27
-10
-26
27
13
-27
5
24
3
-6
7
13
8
-16
-5
20
2
-15
15
6
-18
-3
15
-13
-12
16
-6
-17
6
-4
-9
5
-1
-5
-3
-4
-9
2
0
-5
-8
-5
8
