SAMPLES:	20460
BITSPERSAMPLE:	16
CHANNELS:	1
SAMPLERATE:	16000
NORMALIZED:	FALSE
8
12
17
16
22
26
24
20
21
29
23
17
15
16
10
10
9
10
5
5
2
-4
8
5
3
3
7
-1
-13
-13
-23
-28
-29
-35
-38
-28
-34
-38
-35
-27
-17
-18
-15
-19
-13
-17
-19
-17
-14
-19
-28
-20
-18
-22
-26
-18
-19
-17
-15
-13
-15
-16
-12
-13
-19
-13
-7
-8
-6
-5
-1
1
2
7
8
14
16
9
11
18
12
11
16
29
29
27
30
37
36
29
25
20
17
19
16
8
12
14
12
9
7
11
19
22
24
20
21
23
19
19
17
18
17
17
10
11
3
-2
-6
-7
-6
-12
-2
-6
-16
-17
-20
-24
-26
-17
-22
-30
-21
-23
-22
-20
-18
-14
-10
-14
-6
-1
-3
7
1
4
2
1
-7
-16
-18
-18
-19
-17
-13
-18
-11
-9
-12
-10
-9
-11
-9
-8
-5
-4
-7
-9
-11
-11
-11
-6
-1
0
1
4
4
4
9
5
16
16
6
5
7
12
11
6
11
13
20
27
23
23
26
25
23
26
19
30
26
25
33
23
21
17
14
13
2
-7
-9
-11
-14
-20
-23
-20
-14
-17
-18
-15
-8
-5
-12
-10
-12
-8
-3
-12
-5
0
0
2
10
10
12
22
19
17
13
13
13
9
8
2
0
-9
-8
-11
-12
-14
-9
-5
-9
-5
-7
-8
-11
-7
-5
3
1
0
3
-2
-5
-3
5
4
10
14
13
10
6
12
4
5
12
16
13
17
17
13
15
13
9
-3
-4
-4
-8
-18
-19
-18
-27
-29
-34
-40
-35
-33
-34
-32
-41
-32
-36
-39
-33
-30
-20
-13
-9
-3
-6
-6
-2
-3
1
2
3
11
15
15
13
14
18
12
14
13
12
9
11
8
6
10
9
8
7
2
-7
-6
-6
-1
-5
-5
-5
-8
-8
-11
-11
-9
-5
-2
5
-3
-2
5
9
5
2
11
12
17
19
27
24
23
24
20
26
28
25
22
32
33
28
30
31
29
29
25
23
26
25
23
21
17
17
16
15
15
3
9
5
1
-6
-9
-8
-14
-16
-16
-8
-14
-22
-22
-25
-28
-30
-32
-35
-35
-34
-32
-33
-29
-25
-21
-22
-25
-25
-26
-27
-26
-27
-21
-19
-21
-21
-18
-14
-17
-12
-7
-1
-4
-9
-5
-9
-7
-6
-2
2
0
-1
-3
2
3
-1
0
1
0
4
7
6
9
13
20
23
27
25
29
27
14
13
15
11
15
5
5
12
11
8
6
9
-1
-1
-1
-7
-9
-10
-9
-9
-11
-15
-13
-4
-6
-10
-9
-9
-2
5
5
8
5
9
10
6
11
5
6
8
8
18
20
23
34
34
35
37
31
35
32
30
27
22
14
14
12
4
7
4
1
-3
-2
-2
-4
-11
-19
-19
-22
-27
-25
-22
-23
-25
-27
-24
-19
-19
-14
-13
-10
-1
5
2
3
10
5
7
6
6
8
10
14
11
14
18
20
20
19
17
13
13
5
-1
-2
-3
-8
-12
-12
-14
-19
-18
-18
-22
-19
-20
-22
-23
-22
-14
-12
-15
-13
-11
-14
-15
-20
-18
-14
-16
-13
-13
-5
-5
-6
3
3
7
3
1
2
-1
0
-3
-8
-6
-4
-3
-2
-5
-4
-12
-9
-8
-6
-3
-5
-9
-18
-13
-12
-8
-12
-11
-12
-13
-15
-15
-8
-9
-12
-11
-9
-9
-13
-11
-11
-6
1
1
2
7
7
11
12
9
13
16
15
18
20
22
25
27
26
23
30
32
34
38
41
42
40
37
33
31
26
20
16
18
22
19
19
17
20
22
18
15
17
18
23
19
9
9
13
10
3
7
7
7
6
3
3
4
6
5
1
-1
0
-6
-4
-10
-9
-8
-17
-19
-21
-18
-18
-16
-11
-9
-14
-14
-17
-11
-12
-17
-14
-13
-6
-6
-6
-4
-6
-4
-4
-5
-10
-5
-5
-1
-9
-11
-10
-11
-13
-16
-14
-19
-16
-19
-19
-22
-21
-26
-24
-22
-29
-23
-24
-27
-31
-31
-32
-30
-29
-24
-22
-22
-21
-18
-18
-13
-8
-6
-8
-8
-7
-8
-14
-14
-13
-10
-7
-5
-4
-1
5
8
11
9
14
15
16
14
13
16
18
19
18
19
18
23
19
15
13
14
16
18
23
23
23
21
20
17
13
15
13
13
14
12
10
8
9
9
12
12
9
8
10
8
7
0
1
3
2
2
3
3
4
4
3
4
6
4
0
3
5
1
-4
1
5
12
15
23
24
24
22
21
19
10
8
6
2
-4
-3
-2
1
0
1
3
2
4
-1
0
0
-3
-2
-4
2
2
3
2
-2
-5
-13
-11
-10
-12
-11
-9
-8
-10
-9
-3
-3
-2
0
0
-2
-5
-6
-7
-6
-2
-1
0
0
2
2
-4
-1
0
0
1
-4
-5
4
2
-1
3
4
5
0
-8
-12
-13
-13
-10
-10
-12
-7
-6
-7
-6
-2
0
-1
-8
-14
-13
-12
-15
-20
-20
-17
-17
-20
-22
-23
-22
-22
-19
-15
-14
-14
-15
-15
-18
-14
-17
-14
-7
-7
-1
-8
-6
-4
1
0
-2
-4
-1
-1
-6
-3
-4
-1
-1
-2
-2
0
3
4
3
3
6
6
8
7
13
17
18
17
16
18
17
16
13
17
21
23
18
16
16
18
23
20
17
23
26
26
20
19
18
14
14
11
12
18
20
19
19
19
18
17
12
12
11
13
10
9
9
8
6
0
-3
-7
-10
-13
-16
-15
-11
-13
-14
-13
-13
-7
-10
-9
-14
-10
-7
-8
-9
-7
-5
-6
-9
-12
-8
-12
-13
-13
-15
-14
-11
-10
-13
-8
-2
-1
-1
-2
3
4
3
4
8
7
5
2
0
6
8
5
-1
-3
0
1
0
1
4
8
7
5
7
6
10
9
5
5
-1
-3
-6
-10
-13
-14
-11
-16
-14
-12
-12
-13
-15
-16
-11
-7
-9
-11
-13
-11
-12
-16
-15
-13
-13
-15
-16
-11
-8
-11
-16
-15
-13
-14
-15
-12
-12
-8
-7
-11
-10
-10
-8
-10
-10
-10
-8
-8
-5
-3
-4
-1
-4
0
1
5
6
8
10
17
22
24
27
32
37
34
32
29
26
24
23
24
23
28
26
27
32
33
37
36
33
27
25
23
20
18
14
13
13
10
6
5
6
2
-1
-5
-9
-8
-11
-15
-8
-10
-13
-15
-14
-19
-21
-16
-19
-15
-18
-11
-10
-8
-9
-10
-13
-14
-12
-16
-12
-11
-12
-16
-13
-10
-15
-18
-23
-19
-24
-24
-24
-22
-15
-15
-10
-8
-1
-3
3
4
10
12
12
11
9
12
12
10
8
10
11
16
13
9
13
14
13
13
15
13
15
15
13
15
13
11
7
9
10
9
6
1
3
4
2
0
-1
-2
-1
-2
-6
-7
-12
-10
-18
-21
-25
-18
-16
-22
-20
-19
-15
-15
-16
-17
-15
-16
-18
-16
-17
-10
-11
-8
-9
-9
-8
-7
-6
-3
2
5
11
12
16
20
22
20
16
21
18
14
12
17
17
21
20
17
20
17
18
9
9
6
10
8
4
8
7
8
5
8
4
8
5
-1
-2
-2
1
-2
-2
-3
-3
-5
-6
-5
-5
-2
-3
2
-5
-8
-8
-11
-14
-14
-13
-15
-17
-18
-17
-22
-24
-26
-25
-20
-21
-23
-24
-18
-17
-17
-15
-15
-13
-14
-11
-9
-2
4
8
10
15
16
21
22
21
28
26
29
29
29
33
32
33
35
32
28
27
25
21
19
17
17
11
9
6
5
3
3
2
-1
0
-2
-4
-5
-5
-7
-11
-14
-16
-18
-17
-19
-23
-17
-19
-18
-20
-17
-11
-17
-15
-15
-13
-12
-10
-14
-9
-7
-10
-9
-14
-7
-7
-6
-6
-5
-2
-2
-3
-5
-6
-6
-7
-14
-15
-15
-14
-15
-18
-16
-15
-12
-10
-13
-12
-5
-4
-2
-1
-1
4
2
4
7
11
11
12
11
13
15
15
14
20
24
21
19
18
21
19
16
12
10
8
7
6
4
4
7
5
4
6
7
6
5
1
1
4
7
7
11
10
10
9
8
11
10
9
9
10
4
7
5
1
1
0
2
-2
-2
-2
-1
1
-1
1
0
3
4
3
2
3
1
1
-2
0
-3
-7
-7
-5
-4
-5
-4
-5
-2
1
3
0
-1
-2
-4
-3
-8
-7
-9
-6
-5
-9
-4
-3
0
-7
-6
-6
-4
-9
-16
-11
-11
-10
-12
-14
-16
-16
-15
-13
-13
-16
-13
-16
-14
-14
-13
-10
-11
-8
-5
1
1
0
1
5
5
7
5
5
10
9
9
7
10
11
8
13
11
15
15
18
16
14
12
9
7
4
1
-6
-5
-7
-7
-11
-7
-6
-6
-3
-3
2
1
2
4
8
6
10
13
11
12
12
12
12
16
14
7
8
9
10
7
12
8
9
9
5
3
1
1
-7
-3
-5
-4
-8
-9
-10
-12
-12
-15
-14
-16
-12
-15
-12
-11
-9
-6
-9
-9
-8
-5
-5
-2
-2
0
0
1
3
-1
0
0
4
5
5
6
3
9
4
5
-1
-3
-3
-1
2
1
9
6
8
6
4
2
3
5
0
1
1
2
2
6
4
7
6
3
2
3
9
5
4
-1
3
2
-1
-1
-6
-5
-3
-5
-8
-3
-3
-6
-6
-5
-6
-8
-4
-11
-7
-6
-5
-4
-7
-6
-6
-7
-12
-9
-9
-12
-16
-17
-16
-15
-11
-12
-10
-8
-6
-5
-7
0
0
2
4
7
8
11
9
8
13
14
17
15
19
21
17
16
16
16
17
18
12
13
14
13
12
8
5
2
0
-5
-4
-6
-4
-4
-10
-11
-13
-13
-18
-17
-19
-15
-11
-10
-9
-9
-9
-7
-4
-6
-2
-5
-2
-3
-3
-3
-1
1
-1
1
-2
0
-2
-4
-3
-3
-3
-2
2
1
2
1
3
2
5
5
3
9
8
11
11
10
8
6
11
11
10
11
12
11
11
10
9
6
6
9
9
11
7
9
9
9
9
6
9
7
8
6
4
2
4
2
-1
-1
-3
-4
-10
-12
-12
-10
-12
-12
-11
-11
-8
-11
-11
-14
-12
-12
-13
-13
-15
-10
-17
-16
-16
-15
-16
-16
-14
-18
-12
-10
-9
-9
-6
-2
-3
-4
-3
-1
-5
-5
-5
-3
-3
-6
-7
-6
-4
-3
2
-1
4
7
8
13
13
18
17
17
15
17
19
20
17
19
18
14
18
16
13
13
13
13
14
13
13
15
12
11
12
13
10
9
8
7
7
7
7
3
2
-2
-5
-6
-7
-4
-6
-6
-8
-5
-7
-8
-14
-16
-12
-11
-13
-16
-16
-15
-17
-18
-18
-16
-14
-16
-17
-15
-9
-8
-5
-3
-1
-1
-3
-2
3
4
4
4
3
5
8
10
13
15
10
15
13
11
13
13
14
9
8
6
8
5
5
7
8
6
3
1
-5
-1
-5
-3
-7
-8
-7
-7
-5
-10
-6
-7
-5
-7
-7
-4
-10
-12
-15
-14
-13
-12
-11
-11
-8
-11
-10
-13
-9
-10
-11
-12
-13
-9
-10
-13
-15
-11
-12
-11
-13
-12
-8
-3
1
4
5
6
13
12
11
11
11
16
15
15
18
18
17
17
18
19
21
21
21
20
20
19
19
19
17
19
16
17
15
14
10
8
9
8
4
0
-1
-5
-7
-9
-7
-7
-9
-6
-11
-9
-11
-12
-13
-11
-13
-17
-15
-17
-14
-18
-16
-14
-13
-14
-14
-12
-9
-8
-7
-5
-8
-4
-4
-6
-5
-10
-6
-4
-5
-4
-10
-10
-8
-3
0
0
-6
-4
-6
-4
-2
-2
3
-1
7
6
8
11
14
16
15
18
15
21
17
19
16
19
19
18
21
18
19
17
15
13
12
13
13
12
11
6
5
6
-1
-3
-7
-8
-5
-17
-16
-21
-18
-21
-17
-18
-22
-22
-23
-22
-26
-24
-24
-20
-22
-20
-18
-19
-15
-17
-11
-12
-8
-6
-3
-2
1
3
1
6
5
8
5
4
7
10
11
6
9
9
9
4
7
7
6
7
3
2
2
7
4
4
2
4
7
7
6
5
12
10
10
8
8
9
7
6
8
13
13
15
18
20
23
20
17
20
23
19
22
17
19
18
16
16
13
15
13
12
5
4
3
4
1
-2
-3
-3
-3
-4
-4
-10
-8
-9
-13
-10
-16
-17
-21
-19
-19
-20
-19
-21
-19
-20
-20
-25
-22
-22
-21
-18
-19
-20
-22
-21
-22
-19
-19
-14
-13
-13
-13
-12
-11
-14
-11
-9
-1
0
0
4
1
1
2
5
3
8
6
8
8
5
7
6
9
6
9
10
13
11
8
9
8
9
5
6
7
6
6
5
6
5
5
2
3
2
5
3
0
1
0
0
-6
-9
-9
-8
-6
-8
-7
-7
-4
-3
2
1
3
3
0
2
2
3
3
3
4
7
7
9
8
8
10
7
9
7
6
5
2
3
4
8
6
5
2
4
3
4
2
2
1
-1
0
-3
-1
1
1
-2
-2
0
-1
0
-2
-1
-3
0
0
-2
0
0
5
5
7
5
7
5
3
5
3
3
2
3
4
5
4
0
4
8
8
3
3
0
1
-1
-5
-2
-2
-1
-5
-4
-8
-6
-4
-6
-6
-5
-5
-2
-2
-4
-2
-1
-2
-5
-6
-3
0
-2
-3
0
-1
-1
-3
-5
-3
-5
-2
-3
-2
-4
-4
-5
-2
-2
-1
-1
0
0
-2
-1
-4
-5
-4
-5
-5
-9
-7
-6
-8
-8
-7
-10
-14
-12
-16
-12
-12
-12
-15
-18
-17
-18
-17
-15
-15
-14
-13
-12
-9
-9
-9
-6
-6
-5
-2
-2
0
3
5
5
6
7
9
10
12
13
15
12
14
14
16
15
16
17
13
15
17
17
17
17
20
17
18
17
15
14
17
17
17
20
16
17
17
14
13
12
12
13
14
13
13
11
10
9
11
11
7
7
6
6
4
6
6
4
5
3
1
1
2
1
-3
-3
-6
-8
-8
-7
-7
-8
-10
-13
-12
-12
-16
-17
-15
-13
-15
-12
-13
-15
-12
-13
-14
-14
-11
-11
-9
-9
-12
-12
-10
-11
-9
-9
-9
-7
-9
-9
-7
-7
-8
-9
-9
-9
-9
-10
-9
-8
-8
-7
-5
-6
-5
-2
-4
-6
-4
-7
-6
-5
-6
-6
-8
-3
-4
-4
-4
-5
-3
-6
-6
-3
-2
-2
-1
0
4
3
4
5
6
9
9
9
8
10
11
9
9
7
8
10
9
8
11
11
13
14
12
13
12
10
10
10
9
8
5
5
6
8
8
8
9
8
8
7
7
8
6
5
4
5
5
4
4
1
3
2
1
-2
-3
-2
-2
-1
-5
-6
-8
-8
-7
-10
-9
-8
-10
-10
-11
-9
-6
-10
-8
-8
-8
-9
-10
-10
-9
-5
-6
-5
-7
-6
-4
-5
-6
-4
-5
-5
-4
-4
-1
2
3
-1
-2
-2
-2
0
4
5
8
8
7
7
8
9
8
9
10
8
10
11
10
10
10
9
10
9
10
13
11
11
11
11
10
7
4
5
4
3
0
-3
-4
-3
-4
-3
-6
-6
-5
-5
-6
-6
-8
-7
-8
-9
-9
-9
-9
-10
-8
-10
-11
-13
-11
-13
-14
-13
-11
-13
-11
-14
-15
-14
-12
-14
-14
-12
-10
-9
-9
-5
-6
-2
1
2
2
3
2
3
4
2
3
1
4
1
2
1
3
3
2
1
0
3
3
4
5
9
9
10
10
11
13
13
12
13
15
13
14
13
14
15
14
13
11
11
12
13
11
9
13
14
13
12
12
13
9
9
8
7
10
10
8
4
4
1
2
-1
-2
-3
-2
-5
-6
-7
-6
-6
-8
-7
-9
-9
-10
-8
-10
-12
-12
-15
-13
-14
-13
-13
-15
-16
-12
-14
-17
-16
-19
-16
-19
-19
-16
-15
-13
-17
-14
-13
-12
-10
-8
-5
0
3
-1
-1
1
1
1
3
3
2
6
4
5
5
7
7
5
3
0
3
3
2
1
7
5
5
5
4
2
2
3
2
7
5
4
6
11
12
12
11
9
11
12
12
10
8
10
9
9
8
7
5
6
2
4
6
5
5
4
4
4
5
2
3
3
3
0
1
0
0
0
-1
1
-3
-2
-4
-4
-2
-3
0
-2
-1
-2
-1
-1
0
2
3
6
6
3
4
4
2
1
0
0
-3
-5
-6
-7
-5
-5
-5
-5
-7
-6
-9
-10
-11
-15
-16
-17
-16
-17
-18
-20
-20
-21
-21
-21
-20
-21
-19
-14
-10
-10
-7
-4
-3
-3
0
2
3
6
10
11
11
12
11
10
12
11
11
13
15
18
17
18
21
21
19
19
19
18
16
15
17
13
13
13
13
12
8
6
9
7
6
7
4
2
4
4
8
9
9
8
9
6
3
3
1
-1
-2
-4
-5
-8
-7
-7
-9
-7
-7
-8
-9
-8
-14
-14
-15
-16
-19
-18
-19
-20
-22
-22
-21
-21
-21
-20
-21
-20
-16
-16
-19
-18
-14
-11
-11
-10
-10
-9
-8
-8
-8
-4
-2
-2
0
2
2
5
4
6
9
8
8
7
5
7
9
8
10
10
13
11
10
12
10
10
8
4
4
7
7
5
2
5
6
7
9
8
9
6
6
5
7
12
10
9
8
7
7
5
3
5
5
7
7
7
9
7
6
6
5
4
2
2
1
0
0
-1
-2
0
-2
-1
-1
-4
-1
-1
-5
-5
-8
-9
-7
-10
-9
-9
-10
-7
-7
-8
-6
-4
-3
-2
-2
-3
0
-1
-3
-1
-2
-2
-2
0
-1
2
3
-2
1
0
-1
-1
0
0
-1
2
-1
-2
1
0
-1
-1
-2
-1
1
1
3
2
5
7
7
5
7
9
11
8
7
10
7
7
6
7
7
5
4
6
5
5
5
5
5
4
5
5
2
1
1
-2
-3
-3
-5
-5
-5
-3
-7
-8
-7
-8
-11
-12
-11
-11
-14
-14
-10
-9
-9
-6
-6
-4
-3
-1
-2
-5
-3
-4
-3
-3
-1
0
-1
-2
-3
-5
-4
-4
-6
-3
-3
-2
-2
-5
-3
-4
-4
-4
-2
-5
-3
-6
-6
-7
-7
-8
-8
-5
-6
-5
-5
-2
-4
-1
-1
-5
-5
-1
-2
-2
-1
-1
0
1
2
4
6
6
6
6
6
7
11
8
10
12
12
15
17
17
18
18
18
17
18
19
16
18
17
17
20
21
19
19
17
17
14
9
12
10
5
3
0
0
-4
-6
-8
-10
-8
-8
-9
-7
-8
-7
-6
-5
-6
-6
-2
-4
-4
-1
-1
-2
-5
-6
-8
-10
-15
-16
-15
-16
-16
-21
-24
-24
-22
-21
-20
-19
-15
-15
-14
-13
-10
-7
-5
-3
-4
-5
-3
1
-2
-2
1
3
2
1
2
2
3
-2
-2
-2
-3
-3
-5
-4
-4
-5
-4
-5
-1
-2
2
2
4
6
6
8
7
10
10
13
12
13
12
15
14
14
18
17
16
13
12
7
6
4
0
4
2
2
4
4
5
5
5
6
7
6
5
4
5
2
1
0
-2
-2
-2
-2
-3
-6
-6
-6
-7
-8
-8
-11
-11
-11
-10
-8
-6
-7
-5
-4
-5
-4
-4
-2
-3
-3
-2
-1
1
0
-1
-1
-1
-2
-1
1
2
1
2
4
8
8
5
10
10
8
7
5
9
6
5
2
2
2
3
1
0
1
-1
-3
-3
-1
-2
-2
-4
-5
-7
-9
-8
-6
-5
-10
-8
-8
-8
-4
-5
-1
0
2
4
2
6
7
7
10
10
10
13
14
11
8
9
7
8
9
7
8
9
9
5
5
5
4
4
2
1
0
1
-1
-2
-5
-4
-3
-4
-6
-6
-5
-9
-9
-9
-10
-6
-6
-6
-5
-6
-7
-6
-7
-5
-4
-7
-6
-7
-3
-5
-3
-2
-2
0
-3
-4
-2
-2
-3
-3
-5
-3
-4
-3
-2
-6
-5
-4
-5
-4
-4
-2
-2
0
0
-4
-5
-6
-5
-8
-5
-7
-5
-4
1
6
5
5
7
8
6
7
6
3
7
5
3
4
4
5
3
5
5
5
5
7
7
8
10
11
14
14
16
14
18
17
16
16
16
14
15
15
12
13
10
10
13
10
12
11
6
5
-1
-3
-5
-9
-15
-19
-18
-19
-21
-21
-21
-22
-25
-29
-27
-29
-28
-22
-23
-26
-23
-24
-21
-18
-16
-15
-12
-2
-4
-5
1
1
1
1
2
0
2
1
1
2
2
3
2
7
7
5
6
4
6
7
8
11
11
13
14
11
8
6
6
7
9
9
10
12
11
8
8
13
5
2
4
6
8
8
6
3
6
7
5
2
4
6
4
5
4
9
9
9
7
3
-1
-2
1
-5
-6
-2
-2
-4
-6
-5
-3
-5
-7
-5
-5
-2
-6
-7
-8
-7
-12
-8
-3
-8
-1
-1
1
0
2
-5
-6
-3
-3
-2
-2
1
3
6
8
2
-1
1
6
4
3
3
2
-3
-4
-1
-3
-2
-2
-1
-4
-4
-3
2
1
0
3
2
-2
-9
-6
-2
0
-1
2
6
5
9
8
3
4
14
16
2
12
27
24
19
29
26
19
23
29
25
20
23
25
12
4
7
-2
-7
-6
-10
-12
-15
-17
-19
-21
-26
-27
-26
-25
-26
-49
-65
-69
-78
-101
-104
-103
-120
-125
-106
-83
-91
-83
-38
-15
-21
1
38
39
31
69
96
75
82
121
129
112
120
141
124
98
99
82
45
23
21
7
-21
-32
-34
-45
-46
-40
-32
-19
-8
3
7
11
13
16
22
18
14
8
17
17
16
24
31
27
13
4
0
-27
-45
-47
-54
-65
-75
-72
-68
-59
-44
-24
3
22
48
75
89
92
107
121
113
109
113
112
98
89
83
71
49
35
32
4
-28
-31
-43
-60
-71
-106
-162
-202
-223
-265
-308
-310
-318
-346
-325
-262
-235
-230
-153
-63
-41
-11
70
128
128
170
240
241
220
263
290
254
236
259
231
172
155
134
68
6
-8
-51
-120
-155
-163
-181
-184
-158
-124
-92
-48
-1
48
85
117
142
160
169
146
140
142
140
131
124
110
83
75
71
44
8
-8
-36
-86
-102
-91
-119
-140
-116
-91
-102
-75
-15
17
13
59
105
91
94
125
122
85
96
106
75
47
40
22
0
-21
-34
-58
-81
-138
-220
-286
-352
-455
-554
-581
-614
-677
-665
-577
-537
-517
-384
-219
-165
-83
97
213
224
312
449
452
448
549
617
567
570
660
628
533
508
479
354
222
146
45
-94
-177
-208
-273
-313
-295
-239
-182
-120
-48
63
176
235
307
397
431
411
456
533
503
457
520
523
426
371
388
313
170
123
98
-46
-148
-155
-202
-303
-335
-331
-349
-412
-523
-658
-781
-883
-1056
-1164
-1185
-1273
-1395
-1264
-1048
-1030
-947
-601
-357
-323
-126
179
232
204
443
587
494
482
703
750
617
683
817
704
580
607
548
318
158
109
-66
-250
-290
-272
-283
-234
-115
47
194
347
480
623
723
755
766
836
817
718
734
761
677
578
605
575
403
300
277
95
-147
-234
-299
-532
-649
-556
-540
-605
-528
-367
-369
-356
-231
-316
-589
-727
-814
-1093
-1372
-1437
-1519
-1706
-1635
-1342
-1258
-1184
-816
-445
-381
-232
127
244
183
371
596
592
593
861
1042
978
1118
1367
1351
1229
1265
1190
945
721
575
329
44
-87
-156
-228
-261
-178
-26
161
329
503
711
849
903
917
976
914
759
713
673
548
418
464
463
352
348
383
222
6
-92
-224
-480
-729
-824
-1142
-1581
-1763
-1858
-2181
-2480
-2391
-2240
-2376
-2272
-1752
-1453
-1405
-1050
-432
-240
-215
224
666
663
715
1137
1328
1175
1305
1616
1534
1313
1344
1346
983
651
562
357
-18
-254
-294
-442
-614
-560
-371
-280
-192
84
397
528
642
936
1161
1151
1215
1383
1403
1249
1186
1270
1143
938
973
986
789
605
559
351
-5
-247
-456
-764
-1191
-1654
-2049
-2394
-2799
-3171
-3226
-3133
-3183
-3084
-2572
-2120
-1915
-1415
-603
-234
-127
488
1161
1155
1264
1868
2125
1897
2017
2451
2268
1867
1976
1970
1380
982
925
525
-154
-423
-510
-882
-1159
-1029
-838
-790
-609
-194
187
418
676
1020
1239
1288
1331
1450
1434
1249
1235
1277
1115
893
948
988
751
552
574
433
7
-246
-380
-766
-1205
-1335
-1609
-2177
-2502
-2573
-2870
-3174
-3104
-2955
-3103
-2937
-2412
-2146
-1963
-1362
-706
-444
-60
619
1054
1234
1696
2140
2219
2215
2457
2471
2197
2107
2048
1706
1347
1153
835
384
106
-68
-345
-602
-677
-685
-726
-648
-477
-260
0
339
648
925
1212
1435
1598
1733
1747
1683
1630
1519
1332
1133
1028
851
579
367
227
-26
-371
-594
-796
-1158
-1674
-2098
-2426
-2859
-3245
-3407
-3483
-3632
-3636
-3313
-2968
-2715
-2262
-1538
-973
-611
-74
621
973
1208
1673
2040
2120
2232
2553
2636
2450
2426
2419
2067
1678
1406
1051
499
34
-217
-508
-857
-991
-933
-925
-842
-596
-242
61
333
723
1055
1235
1428
1690
1825
1762
1748
1824
1787
1580
1465
1399
1196
851
616
405
-3
-387
-655
-930
-1314
-1788
-2177
-2525
-2877
-3191
-3439
-3533
-3591
-3656
-3422
-3018
-2759
-2427
-1807
-1125
-715
-238
474
983
1242
1668
2123
2266
2333
2591
2744
2487
2252
2276
2014
1472
1156
880
369
-120
-360
-555
-896
-1047
-961
-884
-810
-609
-240
59
349
753
1156
1427
1664
1952
2160
2171
2137
2150
2131
1943
1726
1554
1288
934
612
333
-19
-411
-755
-1003
-1310
-1803
-2254
-2573
-2942
-3384
-3654
-3707
-3834
-4010
-3729
-3293
-3053
-2719
-1984
-1264
-893
-355
449
990
1185
1706
2226
2310
2342
2635
2792
2529
2380
2463
2176
1704
1502
1279
758
259
17
-266
-688
-907
-884
-905
-947
-748
-388
-118
147
599
1077
1363
1618
1937
2156
2166
2130
2147
2041
1855
1669
1475
1150
787
473
139
-228
-603
-912
-1220
-1572
-2001
-2410
-2811
-3215
-3561
-3825
-3978
-4075
-4072
-3887
-3476
-3062
-2603
-1974
-1184
-577
-35
617
1209
1569
1921
2347
2542
2568
2706
2822
2674
2435
2300
2120
1758
1409
1119
735
260
-62
-273
-520
-764
-821
-693
-593
-458
-143
240
516
824
1308
1636
1794
2053
2331
2380
2292
2276
2189
1942
1726
1520
1140
758
417
70
-349
-709
-1012
-1335
-1709
-2106
-2584
-3016
-3314
-3678
-4002
-4135
-4136
-4230
-4081
-3592
-3169
-2832
-2152
-1303
-728
-202
553
1212
1530
1933
2448
2633
2653
2823
2940
2748
2525
2429
2146
1720
1314
917
529
141
-203
-496
-668
-766
-842
-739
-490
-307
-55
433
876
1125
1489
2000
2241
2316
2556
2705
2518
2369
2358
2103
1689
1393
1104
572
68
-274
-735
-1228
-1583
-1877
-2244
-2691
-3082
-3377
-3640
-3953
-4172
-4230
-4185
-4194
-3999
-3529
-3159
-2775
-2078
-1273
-748
-209
547
1186
1505
1981
2475
2672
2739
2920
2999
2791
2608
2493
2183
1755
1493
1131
679
330
60
-218
-456
-520
-510
-496
-350
-74
212
530
904
1295
1699
2051
2374
2619
2750
2818
2797
2745
2629
2333
2030
1740
1344
846
357
-88
-623
-1100
-1505
-1891
-2262
-2754
-3244
-3646
-3988
-4319
-4598
-4639
-4671
-4696
-4397
-3867
-3489
-3041
-2254
-1425
-852
-237
591
1149
1479
1978
2429
2537
2589
2826
2827
2571
2460
2300
1871
1466
1206
803
343
-1
-212
-515
-737
-699
-623
-544
-325
64
432
797
1219
1701
2115
2463
2801
3032
3190
3240
3228
3192
3052
2794
2458
2068
1590
1078
548
40
-512
-1013
-1482
-1937
-2405
-2977
-3412
-3796
-4169
-4531
-4713
-4765
-4846
-4804
-4411
-3991
-3580
-2951
-2165
-1412
-768
35
818
1329
1813
2353
2651
2726
2824
2950
2784
2549
2383
2088
1612
1231
955
541
33
-295
-505
-846
-1057
-1005
-894
-837
-591
-112
369
727
1204
1808
2264
2591
2970
3298
3346
3318
3394
3318
3056
2747
2410
1931
1378
863
302
-257
-814
-1334
-1821
-2174
-2673
-3304
-3734
-4000
-4414
-4859
-4898
-4858
-4998
-4870
-4269
-3778
-3421
-2633
-1630
-1020
-406
590
1373
1706
2204
2822
2998
2966
3107
3183
2864
2523
2353
1955
1443
1097
752
267
-239
-588
-908
-1172
-1326
-1303
-1211
-1033
-692
-214
328
824
1408
2026
2617
3031
3389
3687
3847
3823
3796
3745
3468
2970
2532
2133
1478
763
230
-280
-950
-1570
-1975
-2469
-3224
-3735
-3996
-4455
-5048
-5154
-5010
-5097
-5061
-4401
-3804
-3501
-2731
-1602
-848
-363
591
1534
1882
2202
2828
3124
2963
2983
3126
2812
2363
2175
1883
1256
669
307
-54
-615
-1107
-1354
-1575
-1880
-2006
-1685
-1438
-1361
-862
-20
545
1005
1797
2620
2981
3317
3929
4178
4016
4001
4105
3796
3191
2729
2370
1628
849
308
-250
-959
-1651
-2070
-2615
-3453
-4024
-4273
-4692
-5233
-5295
-5137
-5258
-5124
-4390
-3837
-3468
-2544
-1383
-757
-169
920
1746
1999
2534
3213
3249
3136
3352
3394
2905
2551
2390
1985
1372
985
597
79
-348
-727
-1100
-1404
-1621
-1688
-1607
-1423
-1192
-773
-120
485
1071
1779
2500
3000
3501
3958
4140
4144
4131
4006
3583
3022
2489
1908
1193
503
-63
-676
-1349
-1832
-2263
-2966
-3641
-4076
-4467
-4967
-5274
-5283
-5323
-5298
-4823
-4244
-3828
-3129
-2113
-1242
-514
368
1296
1910
2430
2997
3297
3374
3466
3477
3258
2907
2537
2134
1673
1236
738
257
-135
-568
-1013
-1277
-1520
-1749
-1855
-1750
-1631
-1459
-998
-353
214
854
1683
2442
3067
3685
4187
4434
4537
4571
4342
3810
3230
2597
1869
1072
424
-232
-930
-1478
-1998
-2662
-3313
-3825
-4357
-4921
-5232
-5372
-5586
-5557
-5178
-4729
-4345
-3578
-2528
-1714
-959
120
1107
1647
2290
3034
3312
3354
3593
3728
3375
2999
2869
2435
1787
1402
1060
429
-105
-375
-776
-1303
-1487
-1554
-1784
-1861
-1638
-1415
-1204
-653
46
612
1275
2130
2839
3370
3890
4338
4497
4488
4326
3903
3334
2745
2014
1224
524
-99
-781
-1378
-1922
-2607
-3226
-3682
-4195
-4765
-5100
-5283
-5538
-5558
-5151
-4768
-4412
-3599
-2573
-1813
-1001
116
1059
1593
2259
2938
3180
3247
3489
3567
3246
2963
2794
2376
1829
1452
1052
491
-13
-370
-759
-1171
-1405
-1493
-1608
-1635
-1465
-1285
-1022
-612
-96
452
1064
1746
2411
3053
3624
4131
4448
4603
4545
4235
3786
3205
2494
1700
962
226
-535
-1133
-1724
-2452
-3082
-3540
-4050
-4581
-4926
-5155
-5457
-5529
-5219
-4911
-4566
-3846
-2932
-2110
-1276
-253
716
1376
2096
2775
3113
3248
3431
3514
3275
2994
2763
2338
1810
1395
963
361
-158
-528
-914
-1398
-1687
-1797
-1964
-2005
-1844
-1637
-1422
-982
-424
97
670
1391
2099
2745
3348
3934
4322
4541
4627
4444
4003
3506
2896
2105
1326
623
-96
-786
-1431
-2167
-2860
-3415
-3943
-4501
-4865
-5089
-5333
-5402
-5117
-4762
-4443
-3738
-2729
-1947
-1176
-35
957
1564
2256
3021
3324
3391
3618
3664
3330
3041
2829
2403
1914
1512
1061
531
101
-336
-844
-1224
-1573
-1886
-2075
-2067
-2053
-1969
-1601
-1148
-747
-196
536
1179
1791
2518
3169
3596
3987
4369
4371
4060
3813
3422
2749
2048
1484
779
25
-592
-1312
-2108
-2760
-3311
-3918
-4455
-4756
-5069
-5334
-5209
-4884
-4723
-4301
-3423
-2562
-1876
-933
158
892
1571
2397
2919
3085
3337
3611
3461
3127
2986
2658
2176
1789
1418
846
396
64
-440
-970
-1272
-1563
-1976
-2112
-2036
-2078
-2040
-1602
-1141
-836
-297
516
1085
1608
2373
3009
3374
3748
4090
4062
3834
3649
3245
2610
2024
1487
840
188
-402
-1098
-1861
-2485
-3077
-3692
-4213
-4607
-4952
-5185
-5065
-4845
-4635
-4129
-3317
-2534
-1805
-859
113
858
1588
2347
2840
3045
3310
3534
3374
3110
2981
2648
2184
1870
1561
1076
639
346
-100
-571
-859
-1155
-1589
-1794
-1836
-1959
-1995
-1657
-1242
-938
-419
366
1004
1587
2316
2916
3266
3592
3838
3724
3404
3112
2715
2129
1623
1165
640
106
-448
-1012
-1617
-2247
-2829
-3438
-3880
-4332
-4832
-4980
-4874
-4832
-4600
-3929
-3142
-2537
-1737
-652
159
804
1638
2370
2690
2935
3319
3398
3163
3044
2840
2417
2031
1750
1341
867
570
296
-155
-534
-735
-1046
-1355
-1450
-1522
-1653
-1569
-1224
-974
-713
-124
497
971
1578
2183
2595
2896
3247
3371
3117
2884
2646
2188
1610
1186
762
245
-164
-625
-1230
-1769
-2219
-2770
-3324
-3719
-4135
-4538
-4676
-4579
-4519
-4295
-3662
-2947
-2351
-1533
-536
239
862
1639
2309
2611
2866
3212
3309
3108
2967
2785
2428
2096
1810
1440
986
684
386
21
-279
-479
-744
-941
-988
-1091
-1198
-1070
-826
-718
-443
107
538
956
1583
2173
2519
2825
3194
3215
2955
2707
2341
1810
1243
777
323
-203
-646
-1140
-1664
-2099
-2570
-3069
-3448
-3778
-4190
-4515
-4512
-4450
-4396
-4062
-3366
-2703
-2082
-1209
-230
454
1074
1880
2422
2609
2858
3149
3060
2820
2659
2461
2048
1696
1431
1129
773
456
197
-73
-301
-561
-742
-772
-902
-1036
-900
-679
-617
-459
51
450
715
1275
1923
2184
2412
2867
3059
2788
2529
2425
1887
1211
846
452
-117
-572
-914
-1392
-1923
-2257
-2579
-2999
-3294
-3573
-3894
-4048
-3981
-3938
-3840
-3391
-2760
-2240
-1597
-737
51
694
1377
2010
2404
2613
2888
2987
2804
2585
2424
2198
1839
1498
1220
940
588
262
42
-142
-462
-672
-656
-704
-881
-823
-571
-485
-465
-96
314
515
819
1366
1755
1932
2302
2734
2702
2410
2280
2032
1463
939
608
147
-447
-866
-1285
-1839
-2319
-2615
-2917
-3306
-3547
-3749
-3913
-3933
-3820
-3734
-3480
-2985
-2433
-1926
-1274
-469
198
775
1496
2018
2292
2561
2820
2818
2646
2533
2373
2106
1888
1617
1276
992
780
509
253
97
-117
-283
-289
-324
-506
-436
-207
-106
-97
208
579
762
1054
1544
1814
1946
2286
2595
2475
2188
2077
1766
1183
679
326
-161
-730
-1184
-1559
-2047
-2614
-2937
-3128
-3445
-3784
-3855
-3808
-3872
-3852
-3535
-3106
-2761
-2293
-1554
-893
-395
323
1083
1547
1863
2238
2535
2522
2426
2391
2182
1893
1699
1478
1184
927
753
530
329
209
8
-127
-137
-233
-316
-220
-78
6
195
554
790
933
1313
1729
1859
2063
2457
2570
2309
2171
2039
1514
954
623
205
-395
-810
-1173
-1751
-2283
-2590
-2906
-3302
-3489
-3579
-3716
-3783
-3626
-3451
-3319
-2946
-2386
-1830
-1346
-731
-36
527
1007
1497
1876
2081
2189
2263
2196
1998
1797
1653
1430
1129
917
811
588
319
244
246
38
-177
-109
-94
-195
-137
152
348
414
789
1199
1372
1607
2024
2306
2314
2432
2637
2423
2016
1790
1428
833
342
-20
-486
-955
-1322
-1781
-2253
-2648
-3037
-3373
-3591
-3766
-3902
-3959
-3745
-3473
-3316
-2886
-2204
-1638
-1161
-420
355
797
1244
1847
2189
2174
2262
2443
2227
1857
1785
1667
1291
1010
963
815
526
306
273
150
-63
-178
-175
-249
-313
-141
100
255
442
877
1352
1629
1907
2346
2575
2612
2756
2864
2555
2089
1765
1292
537
-72
-446
-945
-1473
-1831
-2219
-2698
-3076
-3341
-3605
-3850
-3993
-4074
-4037
-3825
-3575
-3363
-2830
-2126
-1556
-939
-129
563
1032
1593
2130
2324
2362
2506
2479
2083
1737
1561
1216
805
618
509
265
72
34
-84
-271
-356
-329
-307
-340
-288
-114
55
232
581
1006
1378
1780
2218
2640
2916
3081
3225
3232
2939
2511
2095
1540
854
189
-324
-915
-1498
-1945
-2331
-2789
-3194
-3397
-3595
-3802
-3900
-3923
-3893
-3636
-3321
-3019
-2499
-1818
-1203
-648
102
824
1262
1788
2360
2612
2639
2723
2693
2258
1865
1696
1294
762
537
434
45
-274
-200
-260
-531
-553
-433
-580
-737
-508
-259
-217
36
605
1011
1312
1859
2423
2709
2956
3335
3465
3217
2908
2560
1935
1264
640
26
-636
-1243
-1726
-2245
-2752
-3175
-3494
-3821
-4019
-4058
-4158
-4172
-3888
-3497
-3231
-2775
-2014
-1284
-740
-76
776
1371
1765
2331
2756
2783
2737
2783
2541
1993
1668
1430
916
473
289
94
-266
-461
-451
-564
-739
-712
-647
-797
-839
-614
-392
-205
142
672
1119
1568
2173
2700
2990
3203
3481
3436
3034
2658
2258
1583
840
269
-327
-1022
-1591
-2055
-2629
-3171
-3499
-3830
-4153
-4340
-4386
-4418
-4303
-3912
-3471
-2969
-2201
-1386
-735
4
883
1510
1967
2509
2882
2919
2960
3007
2674
2220
1949
1580
992
614
470
60
-344
-387
-460
-762
-868
-755
-834
-973
-855
-614
-537
-313
149
646
1100
1645
2302
2873
3267
3601
3907
3929
3571
3209
2815
2187
1339
658
70
-687
-1353
-1831
-2397
-3059
-3453
-3733
-4190
-4549
-4613
-4639
-4592
-4299
-3835
-3317
-2629
-1691
-835
-94
811
1666
2241
2722
3211
3356
3275
3260
3055
2511
2040
1668
1114
552
164
-139
-592
-921
-924
-1063
-1323
-1358
-1300
-1383
-1442
-1274
-1036
-821
-447
143
717
1281
1952
2646
3155
3503
3890
4085
3913
3532
3093
2517
1769
1041
373
-333
-1026
-1594
-2125
-2733
-3295
-3679
-4033
-4408
-4638
-4774
-4838
-4616
-4216
-3792
-3198
-2265
-1306
-473
551
1566
2234
2835
3498
3793
3745
3717
3635
3083
2420
2066
1537
803
281
31
-454
-1028
-1174
-1215
-1533
-1731
-1626
-1641
-1740
-1664
-1361
-1171
-913
-288
366
887
1534
2376
3078
3550
3946
4281
4261
3958
3521
2979
2293
1536
835
153
-530
-1176
-1795
-2366
-2893
-3396
-3818
-4154
-4404
-4675
-4833
-4675
-4406
-4098
-3515
-2582
-1687
-912
159
1319
2097
2766
3543
4015
4053
4121
4172
3703
3047
2659
2128
1295
612
217
-289
-925
-1250
-1440
-1868
-2150
-2158
-2256
-2470
-2418
-2104
-1881
-1542
-906
-211
398
1115
1988
2717
3194
3641
4050
4145
3945
3651
3178
2508
1794
1124
441
-298
-1020
-1670
-2343
-2989
-3496
-3904
-4256
-4590
-4802
-4842
-4745
-4477
-4099
-3534
-2736
-1826
-861
149
1233
2134
2941
3671
4194
4436
4558
4543
4197
3758
3347
2839
2089
1414
926
320
-337
-813
-1134
-1616
-2015
-2189
-2350
-2580
-2696
-2486
-2265
-2010
-1498
-805
-131
556
1377
2185
2791
3300
3772
3967
3780
3487
3188
2605
1834
1220
602
-156
-943
-1560
-2157
-2858
-3479
-3923
-4339
-4756
-4973
-4989
-4909
-4695
-4290
-3698
-2939
-2087
-1178
-141
906
1852
2726
3549
4144
4446
4653
4737
4428
3955
3637
3111
2397
1797
1333
709
41
-349
-753
-1345
-1792
-2019
-2388
-2783
-2825
-2688
-2677
-2408
-1783
-1173
-543
331
1288
2047
2741
3453
3913
3977
3928
3780
3305
2659
2101
1479
725
-16
-674
-1412
-2083
-2723
-3359
-3948
-4393
-4750
-5091
-5216
-5139
-4895
-4571
-3978
-3120
-2248
-1343
-224
862
1752
2694
3591
4152
4466
4776
4884
4603
4269
3956
3420
2792
2393
1905
1217
670
277
-322
-983
-1394
-1797
-2300
-2675
-2816
-2867
-2932
-2650
-2122
-1594
-890
33
898
1682
2486
3202
3608
3734
3749
3596
3201
2649
2073
1449
815
158
-599
-1354
-2010
-2696
-3390
-3961
-4524
-4999
-5331
-5483
-5445
-5324
-4939
-4246
-3392
-2548
-1553
-393
676
1555
2482
3385
3939
4265
4610
4724
4451
4210
4041
3548
2960
2600
2173
1486
946
620
40
-621
-1027
-1372
-1964
-2456
-2606
-2732
-2869
-2679
-2167
-1694
-1045
-130
734
1494
2284
2985
3454
3565
3597
3489
3112
2659
2142
1619
983
385
-240
-946
-1632
-2296
-2943
-3530
-4112
-4623
-5007
-5279
-5328
-5236
-4946
-4348
-3523
-2640
-1696
-564
587
1545
2449
3306
3912
4260
4562
4638
4397
4187
3994
3568
3070
2766
2380
1838
1369
965
368
-288
-758
-1250
-1855
-2324
-2612
-2842
-2938
-2789
-2422
-1963
-1296
-456
320
1117
1850
2470
2872
3066
3087
2897
2611
2234
1784
1303
835
220
-419
-951
-1605
-2375
-3019
-3464
-4117
-4745
-5007
-5138
-5316
-5223
-4694
-4067
-3494
-2628
-1495
-494
375
1429
2491
3079
3545
4149
4500
4290
4142
4219
3967
3403
3217
3077
2516
1980
1788
1439
663
94
-200
-764
-1504
-1898
-2082
-2391
-2616
-2293
-1837
-1558
-993
-73
648
1172
1831
2455
2662
2587
2611
2515
2058
1622
1373
1055
422
-162
-518
-1060
-1820
-2416
-2807
-3388
-4097
-4471
-4625
-4944
-5083
-4745
-4326
-3904
-3232
-2234
-1299
-469
530
1520
2305
2871
3435
3831
3891
3821
3761
3646
3360
3061
2868
2655
2302
1993
1786
1461
925
458
77
-491
-1187
-1603
-1822
-2141
-2322
-2099
-1711
-1379
-782
33
733
1295
1944
2426
2513
2476
2404
2141
1681
1293
1016
603
40
-393
-725
-1255
-1855
-2327
-2710
-3269
-3836
-4135
-4340
-4652
-4745
-4414
-4014
-3664
-2985
-2001
-1134
-395
610
1615
2176
2687
3291
3583
3391
3357
3421
3108
2669
2535
2421
2029
1807
1790
1618
1208
946
744
331
-200
-652
-927
-1310
-1593
-1629
-1476
-1315
-975
-345
287
827
1366
2016
2320
2308
2349
2272
1854
1375
1136
800
260
-279
-570
-955
-1583
-2038
-2361
-2810
-3474
-3839
-4026
-4321
-4568
-4437
-4083
-3780
-3361
-2574
-1712
-1082
-273
718
1528
1978
2524
3059
3113
2944
3010
2981
2556
2258
2231
2049
1638
1499
1576
1355
1040
932
832
410
-53
-197
-470
-929
-1128
-984
-903
-820
-346
287
743
1176
1810
2212
2228
2244
2286
2004
1503
1210
946
447
-154
-503
-839
-1377
-1939
-2264
-2579
-3120
-3514
-3686
-3896
-4190
-4120
-3818
-3557
-3263
-2644
-1830
-1203
-540
357
1180
1673
2177
2724
2890
2754
2742
2759
2401
2008
1899
1723
1300
1054
1116
936
582
519
571
283
-45
-154
-252
-585
-824
-689
-599
-555
-228
269
613
985
1541
1994
2062
2072
2157
1969
1493
1112
889
459
-142
-598
-912
-1395
-1905
-2184
-2427
-2851
-3271
-3380
-3465
-3757
-3827
-3565
-3260
-3082
-2610
-1847
-1234
-663
141
932
1444
1855
2387
2679
2562
2556
2622
2389
1983
1827
1694
1272
922
903
745
404
307
358
139
-145
-186
-191
-454
-578
-438
-366
-337
-62
397
713
1009
1507
1922
1980
2018
2074
1966
1601
1294
1056
637
97
-389
-774
-1252
-1843
-2219
-2424
-2818
-3211
-3320
-3296
-3442
-3520
-3212
-2830
-2618
-2187
-1500
-942
-522
166
967
1417
1747
2252
2604
2478
2347
2438
2313
1834
1678
1629
1241
864
818
760
315
64
168
10
-372
-421
-333
-517
-665
-506
-317
-312
-72
405
763
1022
1411
1816
1851
1814
1837
1713
1340
1007
823
493
3
-470
-743
-1130
-1696
-2105
-2259
-2616
-3105
-3168
-3079
-3307
-3361
-2934
-2573
-2455
-2005
-1244
-817
-496
272
1015
1282
1626
2242
2448
2243
2317
2395
2032
1605
1594
1438
913
682
761
529
130
129
155
-155
-420
-330
-395
-634
-599
-435
-354
-285
53
475
764
1096
1583
1952
1954
1958
1979
1749
1327
1015
777
329
-237
-637
-973
-1442
-1912
-2156
-2370
-2767
-3073
-3110
-3085
-3213
-3143
-2753
-2370
-2151
-1720
-1068
-551
-200
400
1084
1462
1763
2172
2368
2240
2151
2201
1956
1489
1320
1224
833
442
480
422
101
8
115
-28
-292
-230
-170
-356
-462
-229
-88
-124
160
602
885
1127
1604
1903
1845
1823
1805
1548
1147
880
614
219
-329
-743
-1079
-1533
-1977
-2191
-2317
-2658
-2865
-2793
-2768
-2883
-2765
-2318
-2018
-1846
-1311
-654
-288
102
807
1289
1451
1732
2116
2130
1924
1937
1905
1531
1191
1133
858
418
270
252
-23
-279
-215
-213
-411
-449
-298
-299
-330
-194
-6
96
226
545
845
1059
1355
1703
1770
1734
1700
1578
1263
911
660
269
-186
-688
-1043
-1383
-1835
-2190
-2320
-2495
-2752
-2803
-2654
-2618
-2613
-2273
-1800
-1545
-1220
-569
-27
294
755
1318
1597
1720
1953
2104
1924
1763
1741
1567
1145
933
830
498
161
37
-72
-341
-456
-420
-493
-581
-475
-347
-281
-153
57
266
427
677
942
1169
1399
1570
1702
1685
1610
1479
1201
857
563
245
-170
-677
-1106
-1455
-1875
-2244
-2514
-2674
-2883
-3027
-2872
-2717
-2621
-2337
-1819
-1368
-1007
-373
251
675
1071
1601
1922
1991
2169
2301
2092
1808
1765
1576
1094
837
776
412
13
-65
-214
-601
-808
-734
-879
-1106
-956
-646
-607
-439
60
411
594
953
1427
1665
1803
2034
2194
2018
1760
1609
1333
927
515
246
-132
-743
-1168
-1415
-1837
-2424
-2666
-2703
-3017
-3286
-3089
-2803
-2809
-2595
-1914
-1269
-948
-278
630
1094
1448
2116
2624
2659
2730
2947
2757
2261
2020
1801
1229
726
502
195
-303
-585
-662
-964
-1325
-1395
-1405
-1628
-1709
-1494
-1262
-1101
-725
-154
334
729
1266
1797
2081
2299
2532
2544
2220
1909
1583
1076
503
96
-253
-821
-1354
-1687
-1999
-2488
-2867
-2955
-3103
-3321
-3346
-3109
-2927
-2740
-2234
-1601
-1073
-494
372
1122
1701
2237
2838
3208
3309
3396
3339
3015
2567
2238
1740
1094
630
317
-106
-556
-798
-958
-1251
-1535
-1577
-1664
-1871
-1838
-1629
-1461
-1226
-740
-196
308
886
1542
2076
2457
2783
2989
2866
2510
2225
1776
1157
575
115
-381
-1066
-1637
-2001
-2434
-2913
-3141
-3175
-3390
-3579
-3372
-3069
-2946
-2606
-1965
-1322
-787
-34
850
1525
2158
2846
3398
3624
3790
3908
3730
3280
2891
2438
1752
1095
618
122
-427
-807
-1019
-1336
-1696
-1787
-1865
-2112
-2179
-1999
-1850
-1717
-1352
-813
-295
264
917
1571
2103
2538
2890
2969
2814
2565
2215
1644
1016
445
-91
-743
-1437
-1923
-2395
-2900
-3325
-3448
-3625
-3838
-3743
-3434
-3194
-3014
-2417
-1717
-1217
-629
287
1098
1642
2388
3158
3584
3784
4093
4199
3812
3400
3114
2535
1682
1141
657
-44
-712
-1011
-1302
-1788
-2059
-2090
-2193
-2451
-2418
-2205
-2092
-1912
-1388
-813
-323
318
1130
1786
2248
2774
3203
3224
2963
2780
2461
1783
1137
672
34
-845
-1549
-2004
-2673
-3394
-3650
-3656
-3990
-4160
-3756
-3384
-3255
-2794
-1972
-1394
-940
-100
846
1457
2057
2932
3605
3852
4151
4538
4453
4016
3773
3424
2638
1867
1333
651
-220
-824
-1190
-1725
-2221
-2404
-2531
-2826
-2943
-2726
-2591
-2500
-2131
-1553
-1073
-535
257
1021
1623
2206
2819
3073
3063
3069
2904
2443
1899
1477
920
128
-696
-1353
-2022
-2754
-3376
-3684
-3956
-4281
-4235
-3906
-3644
-3366
-2668
-1923
-1375
-686
291
1110
1674
2440
3250
3737
4054
4486
4731
4566
4337
4115
3613
2820
2227
1656
807
-11
-523
-1072
-1809
-2267
-2524
-2866
-3167
-3174
-3054
-2978
-2711
-2192
-1721
-1214
-564
204
872
1429
2055
2573
2777
2817
2821
2633
2230
1808
1422
863
91
-650
-1220
-1945
-2838
-3428
-3703
-4172
-4597
-4479
-4097
-3944
-3601
-2723
-1934
-1454
-609
554
1262
1721
2600
3445
3770
4084
4632
4805
4449
4321
4286
3692
2911
2544
2037
1050
250
-173
-840
-1745
-2240
-2474
-2964
-3392
-3311
-3155
-3147
-2917
-2271
-1709
-1306
-610
235
828
1274
1920
2413
2429
2415
2534
2366
1932
1655
1454
872
96
-470
-999
-1857
-2735
-3197
-3602
-4251
-4580
-4401
-4267
-4173
-3625
-2737
-2057
-1369
-325
741
1391
2094
3026
3646
3929
4318
4771
4751
4513
4439
4256
3714
3135
2787
2221
1398
706
182
-539
-1380
-1922
-2324
-2876
-3320
-3361
-3267
-3223
-2962
-2346
-1758
-1294
-648
199
789
1165
1760
2167
2150
2075
2126
1965
1563
1365
1203
660
-47
-509
-1012
-1870
-2616
-2979
-3452
-4111
-4388
-4281
-4262
-4241
-3647
-2813
-2215
-1505
-389
571
1167
1973
2936
3530
3786
4265
4620
4479
4254
4267
4066
3457
3028
2807
2209
1392
927
441
-405
-1165
-1606
-2099
-2748
-3022
-3058
-3119
-3075
-2741
-2194
-1743
-1179
-452
236
768
1262
1758
1974
1949
1955
1911
1692
1392
1195
964
470
-141
-550
-1062
-1830
-2461
-2842
-3377
-3963
-4145
-4083
-4142
-4052
-3450
-2753
-2205
-1429
-340
524
1151
1996
2865
3320
3660
4172
4428
4226
4063
4067
3765
3183
2881
2622
1993
1323
922
416
-388
-1036
-1447
-1981
-2570
-2825
-2841
-2946
-2962
-2505
-1953
-1605
-1059
-231
374
738
1300
1794
1846
1769
1841
1735
1332
1097
1043
652
42
-346
-680
-1317
-2038
-2387
-2737
-3375
-3725
-3692
-3740
-3850
-3499
-2840
-2323
-1752
-820
130
808
1568
2485
3110
3471
3909
4346
4332
4088
4019
3868
3425
2938
2693
2268
1573
1089
701
21
-711
-1144
-1552
-2178
-2651
-2771
-2842
-2943
-2756
-2319
-1943
-1542
-895
-238
186
647
1253
1495
1463
1532
1581
1308
975
898
688
218
-229
-499
-965
-1635
-2101
-2408
-2895
-3414
-3576
-3565
-3588
-3519
-3027
-2379
-1892
-1226
-248
592
1204
1992
2850
3352
3664
4091
4345
4166
3993
3970
3692
3115
2786
2557
1976
1321
953
557
-224
-835
-1160
-1738
-2340
-2566
-2629
-2819
-2853
-2500
-2140
-1864
-1331
-634
-136
268
818
1290
1375
1368
1430
1339
1077
862
697
402
-61
-486
-811
-1363
-1955
-2354
-2667
-3156
-3559
-3593
-3563
-3633
-3451
-2931
-2358
-1804
-1012
-13
736
1416
2269
3037
3428
3769
4228
4404
4182
4083
4017
3650
3093
2838
2535
1902
1337
989
522
-222
-736
-1085
-1647
-2212
-2366
-2408
-2606
-2548
-2095
-1734
-1460
-885
-178
259
556
1078
1400
1303
1267
1356
1175
783
646
536
178
-332
-671
-1011
-1636
-2204
-2552
-2876
-3402
-3728
-3718
-3674
-3721
-3463
-2775
-2212
-1714
-872
168
844
1472
2402
3121
3437
3806
4271
4314
4037
3959
3880
3373
2901
2758
2397
1711
1255
1024
428
-314
-718
-1092
-1695
-2167
-2276
-2379
-2548
-2404
-1999
-1656
-1301
-696
-59
344
708
1189
1402
1295
1224
1155
907
548
359
208
-206
-689
-966
-1350
-1977
-2474
-2725
-3083
-3587
-3728
-3621
-3656
-3643
-3178
-2522
-2070
-1450
-456
347
951
1822
2697
3198
3540
4061
4332
4129
4002
3973
3600
3048
2784
2544
1943
1413
1171
761
74
-376
-684
-1224
-1757
-1966
-2062
-2303
-2312
-1997
-1703
-1465
-960
-313
134
527
1071
1471
1487
1447
1464
1304
912
640
504
168
-295
-682
-1007
-1521
-2035
-2349
-2662
-3099
-3396
-3495
-3553
-3592
-3418
-3019
-2576
-2026
-1301
-480
282
1087
1924
2642
3201
3718
4135
4282
4238
4120
3930
3549
3023
2639
2277
1680
1138
799
401
-211
-629
-841
-1270
-1763
-1915
-1911
-2163
-2274
-1925
-1606
-1477
-1063
-367
50
359
954
1452
1409
1342
1508
1335
828
574
471
44
-480
-826
-1174
-1754
-2263
-2579
-2890
-3232
-3478
-3500
-3456
-3407
-3232
-2849
-2323
-1792
-1188
-375
410
1101
1894
2676
3214
3596
4046
4333
4209
4045
3962
3596
3047
2651
2280
1648
1100
820
366
-241
-621
-866
-1335
-1724
-1825
-2000
-2182
-2053
-1778
-1620
-1328
-770
-307
8
482
974
1212
1253
1359
1323
1032
788
588
211
-184
-483
-959
-1485
-1879
-2268
-2752
-3070
-3225
-3494
-3639
-3502
-3284
-3130
-2734
-2052
-1466
-919
-102
757
1376
2013
2806
3378
3696
4038
4349
4285
4021
3878
3636
3125
2650
2334
1802
1198
778
415
-117
-631
-911
-1220
-1603
-1820
-1854
-1890
-1843
-1603
-1293
-1004
-620
-122
307
654
1000
1313
1389
1336
1247
1074
762
444
146
-176
-621
-1167
-1654
-2100
-2610
-3101
-3325
-3548
-3811
-3935
-3752
-3539
-3410
-2963
-2269
-1616
-1054
-197
687
1339
1976
2723
3279
3599
3894
4155
4106
3819
3683
3487
2963
2438
2147
1654
1040
583
249
-265
-768
-1020
-1270
-1612
-1760
-1675
-1665
-1669
-1410
-988
-676
-344
196
652
950
1310
1673
1738
1598
1564
1346
921
532
219
-178
-624
-1137
-1627
-2067
-2584
-3077
-3345
-3546
-3869
-3975
-3780
-3576
-3445
-3044
-2326
-1677
-1099
-221
705
1350
2006
2846
3419
3636
3947
4259
4146
3776
3658
3397
2807
2315
2024
1525
881
464
137
-425
-907
-1124
-1371
-1668
-1804
-1732
-1685
-1574
-1245
-867
-514
-58
446
933
1319
1652
1895
1947
1864
1681
1445
1076
679
270
-150
-610
-1186
-1690
-2148
-2668
-3177
-3475
-3734
-4047
-4161
-4018
-3829
-3629
-3132
-2391
-1712
-1018
-111
785
1498
2216
2965
3449
3765
4086
4266
4108
3827
3597
3200
2655
2178
1808
1271
705
286
-114
-648
-1092
-1333
-1647
-1930
-2016
-1967
-1922
-1810
-1437
-998
-637
-220
352
881
1259
1642
2044
2169
2035
1932
1710
1288
780
413
-2
-537
-1040
-1508
-1988
-2571
-2977
-3311
-3648
-3961
-4161
-4136
-4021
-3788
-3428
-2787
-2048
-1318
-479
499
1379
2118
2915
3656
4044
4254
4522
4535
4155
3782
3527
2977
2346
1923
1479
763
234
-67
-518
-1060
-1388
-1512
-1847
-2122
-2062
-1961
-1959
-1699
-1229
-865
-476
148
774
1170
1591
2097
2368
2317
2223
2062
1641
1137
710
237
-285
-822
-1384
-1903
-2361
-2875
-3314
-3592
-3870
-4179
-4234
-4093
-3949
-3714
-3175
-2455
-1756
-941
57
983
1750
2594
3403
3921
4190
4489
4567
4297
3884
3559
3093
2446
1941
1524
923
292
-74
-453
-940
-1332
-1523
-1745
-2014
-2105
-1990
-1896
-1778
-1433
-922
-520
-40
614
1214
1649
2083
2551
2642
2474
2309
2075
1545
971
594
106
-503
-1096
-1574
-2059
-2692
-3184
-3464
-3769
-4150
-4284
-4138
-4035
-3896
-3363
-2641
-2026
-1330
-313
633
1333
2161
3099
3680
3946
4303
4566
4344
3917
3690
3321
2602
1996
1648
1068
340
-42
-321
-881
-1413
-1570
-1753
-2153
-2327
-2189
-2087
-2067
-1753
-1239
-906
-513
158
831
1263
1665
2269
2615
2525
2440
2328
1892
1257
857
458
-186
-784
-1219
-1669
-2298
-2785
-3077
-3365
-3781
-4030
-4005
-3964
-3896
-3537
-2953
-2338
-1650
-749
221
1040
1867
2698
3399
3804
4105
4357
4307
3998
3623
3292
2767
2107
1649
1203
606
59
-271
-634
-1125
-1402
-1519
-1816
-2106
-2055
-1948
-1966
-1769
-1370
-984
-600
-6
659
1133
1592
2129
2509
2513
2440
2403
2090
1539
1078
666
110
-450
-966
-1404
-1931
-2404
-2784
-3092
-3396
-3716
-3822
-3783
-3725
-3605
-3139
-2503
-1867
-1151
-148
795
1527
2328
3122
3619
3860
4102
4200
3943
3535
3228
2828
2196
1654
1304
803
146
-193
-426
-897
-1333
-1441
-1613
-2021
-2143
-1974
-1964
-2014
-1683
-1221
-888
-528
155
805
1120
1564
2162
2392
2176
2121
2043
1541
971
655
329
-228
-758
-1126
-1515
-2034
-2407
-2655
-2913
-3256
-3502
-3471
-3383
-3408
-3226
-2586
-1919
-1401
-586
468
1237
1866
2701
3403
3651
3784
4033
3940
3420
3051
2846
2322
1629
1309
1030
402
-69
-194
-512
-1046
-1265
-1318
-1603
-1886
-1842
-1714
-1781
-1677
-1280
-899
-653
-150
570
1025
1388
1860
2295
2314
2107
2032
1801
1223
694
447
53
-630
-1120
-1357
-1814
-2425
-2688
-2734
-3166
-3554
-3471
-3361
-3483
-3347
-2691
-2115
-1708
-902
136
840
1415
2265
3000
3250
3463
3808
3772
3383
3099
2917
2408
1762
1438
1113
585
147
-38
-294
-785
-1042
-1152
-1397
-1690
-1738
-1611
-1652
-1602
-1274
-891
-609
-207
454
966
1292
1742
2211
2305
2136
2052
1872
1339
829
555
211
-356
-884
-1156
-1560
-2080
-2442
-2620
-2857
-3224
-3312
-3239
-3193
-3134
-2741
-2124
-1592
-1010
-144
753
1339
1940
2694
3210
3303
3420
3584
3368
2861
2572
2361
1759
1166
915
583
23
-294
-380
-710
-1135
-1261
-1309
-1636
-1815
-1672
-1556
-1572
-1376
-925
-619
-349
190
799
1160
1518
2005
2272
2150
1978
1895
1482
892
498
193
-317
-907
-1225
-1488
-1955
-2392
-2503
-2641
-3056
-3272
-3136
-3106
-3203
-2846
-2204
-1714
-1238
-345
559
1112
1714
2508
3018
3132
3335
3538
3323
2873
2625
2401
1851
1324
1092
755
200
-110
-171
-485
-890
-967
-1012
-1317
-1551
-1472
-1359
-1424
-1272
-851
-557
-367
131
742
1072
1351
1844
2157
2033
1903
1828
1489
936
567
287
-223
-802
-1110
-1353
-1833
-2255
-2375
-2504
-2898
-3109
-2969
-2909
-2980
-2709
-2100
-1672
-1250
-443
424
986
1538
2277
2847
3002
3189
3409
3240
2794
2538
2323
1767
1236
1043
759
210
-69
-127
-415
-824
-921
-970
-1280
-1494
-1426
-1351
-1456
-1326
-931
-675
-463
11
611
958
1251
1740
2034
1945
1803
1744
1429
871
491
258
-223
-788
-1068
-1325
-1768
-2190
-2283
-2408
-2802
-2965
-2854
-2834
-2867
-2590
-2090
-1708
-1247
-485
256
794
1416
2125
2592
2805
3068
3248
3112
2796
2538
2215
1728
1280
969
624
215
-48
-205
-494
-809
-924
-1005
-1212
-1352
-1348
-1296
-1266
-1157
-898
-625
-401
-3
521
909
1193
1605
1944
1884
1738
1669
1400
901
501
273
-180
-734
-1047
-1275
-1745
-2182
-2260
-2409
-2776
-2918
-2753
-2740
-2793
-2490
-1984
-1606
-1176
-426
311
825
1408
2147
2590
2760
3036
3215
3050
2750
2534
2256
1783
1336
1059
713
355
50
-125
-387
-703
-845
-963
-1140
-1295
-1342
-1268
-1196
-1085
-844
-545
-308
18
516
905
1159
1496
1812
1759
1573
1502
1313
827
435
232
-109
-676
-1019
-1208
-1640
-2104
-2238
-2279
-2654
-2846
-2705
-2615
-2711
-2446
-1877
-1467
-1114
-417
351
801
1319
1977
2449
2625
2861
3088
2982
2671
2450
2236
1791
1312
1045
742
283
-21
-163
-430
-792
-946
-1057
-1265
-1433
-1442
-1352
-1280
-1154
-901
-610
-369
-21
423
822
1101
1428
1716
1730
1566
1433
1269
864
473
200
-60
-541
-975
-1185
-1519
-1953
-2229
-2244
-2499
-2818
-2739
-2600
-2635
-2484
-1943
-1431
-1009
-403
405
982
1422
2008
2541
2739
2861
3040
3003
2695
2412
2255
1852
1360
1056
823
419
59
-91
-327
-680
-886
-1011
-1220
-1463
-1483
-1379
-1329
-1204
-912
-568
-354
-16
427
843
1074
1355
1673
1661
1471
1389
1223
808
412
205
-77
-563
-984
-1210
-1515
-1966
-2206
-2258
-2496
-2766
-2744
-2612
-2601
-2483
-2058
-1565
-1136
-589
137
789
1291
1848
2387
2648
2752
2915
2970
2714
2367
2149
1892
1390
1021
825
493
105
-43
-171
-505
-763
-852
-980
-1268
-1377
-1259
-1189
-1154
-911
-535
-274
1
467
902
1140
1392
1725
1779
1549
1398
1230
833
416
159
-57
-524
-963
-1124
-1364
-1799
-2071
-2038
-2252
-2613
-2596
-2417
-2478
-2452
-1964
-1437
-1153
-677
143
743
1096
1676
2300
2515
2536
2774
2831
2463
2121
2043
1735
1185
920
845
463
39
-21
-146
-523
-779
-825
-1005
-1302
-1397
-1287
-1267
-1245
-1016
-652
-409
-125
382
791
1015
1296
1604
1612
1443
1265
1097
739
323
62
-184
-595
-1047
-1268
-1450
-1878
-2134
-2126
-2294
-2621
-2633
-2400
-2389
-2393
-1961
-1413
-1065
-592
214
866
1224
1773
2399
2664
2694
2911
3007
2694
2338
2225
1908
1360
1039
928
574
184
117
-32
-433
-761
-807
-1002
-1337
-1445
-1339
-1305
-1291
-978
-565
-337
-55
522
917
1105
1391
1744
1776
1509
1379
1211
773
335
115
-163
-682
-1094
-1238
-1490
-1916
-2127
-2028
-2239
-2596
-2515
-2266
-2344
-2320
-1792
-1294
-1044
-524
308
836
1171
1779
2434
2589
2607
2835
2899
2526
2172
2056
1700
1132
863
736
288
-114
-158
-300
-723
-984
-998
-1165
-1472
-1504
-1381
-1392
-1366
-1054
-673
-464
-143
421
832
1061
1403
1751
1781
1573
1456
1236
767
332
56
-261
-740
-1173
-1358
-1583
-1991
-2214
-2193
-2300
-2546
-2520
-2287
-2260
-2175
-1720
-1153
-786
-271
547
1156
1548
2092
2751
2994
3046
3230
3279
2871
2443
2278
1871
1257
919
792
346
-142
-229
-399
-849
-1117
-1132
-1324
-1667
-1727
-1549
-1583
-1559
-1185
-778
-551
-204
411
820
1043
1392
1798
1824
1575
1460
1309
828
383
177
-153
-716
-1189
-1407
-1713
-2168
-2397
-2355
-2495
-2763
-2684
-2419
-2423
-2332
-1821
-1249
-897
-366
458
1097
1482
2065
2756
2981
2998
3226
3313
2934
2540
2360
1979
1311
943
743
260
-183
-307
-456
-857
-1142
-1201
-1393
-1657
-1723
-1611
-1553
-1481
-1126
-714
-456
-97
470
941
1220
1562
1930
2012
1835
1696
1516
1073
601
274
-95
-684
-1183
-1404
-1730
-2187
-2398
-2359
-2527
-2787
-2671
-2453
-2457
-2321
-1796
-1291
-959
-374
457
1040
1458
2105
2752
2992
3110
3337
3332
2970
2643
2424
1952
1358
1056
783
288
-116
-255
-501
-906
-1139
-1229
-1440
-1679
-1708
-1621
-1613
-1515
-1162
-831
-582
-211
366
788
1102
1512
1847
1931
1818
1701
1480
1036
594
252
-174
-735
-1258
-1564
-1934
-2367
-2615
-2676
-2819
-3034
-2950
-2758
-2658
-2466
-2014
-1485
-1048
-463
317
990
1472
2075
2725
3071
3259
3433
3501
3280
2942
2644
2213
1658
1224
848
399
-13
-254
-482
-831
-1062
-1255
-1477
-1669
-1771
-1750
-1668
-1487
-1236
-903
-528
-80
403
886
1310
1643
1919
2053
2041
1876
1631
1300
892
446
44
-475
-1069
-1462
-1800
-2237
-2604
-2672
-2779
-3015
-3013
-2807
-2702
-2570
-2070
-1472
-1038
-462
406
1133
1578
2156
2845
3179
3273
3460
3543
3239
2859
2629
2227
1592
1184
880
377
-126
-387
-655
-1074
-1383
-1542
-1760
-2017
-2098
-2028
-1933
-1801
-1469
-1066
-706
-308
277
799
1213
1600
1950
2125
2027
1847
1642
1272
807
440
77
-498
-1091
-1408
-1766
-2277
-2583
-2590
-2778
-3079
-3024
-2804
-2776
-2615
-2094
-1517
-1077
-415
455
1108
1646
2329
2975
3291
3494
3726
3744
3431
3131
2870
2394
1801
1380
1008
488
51
-233
-566
-956
-1186
-1414
-1696
-1915
-2016
-2009
-1933
-1767
-1481
-1110
-716
-271
257
776
1165
1550
1862
1989
1952
1837
1640
1287
856
496
92
-482
-1029
-1457
-1865
-2360
-2718
-2800
-3031
-3307
-3214
-2978
-2940
-2766
-2148
-1565
-1160
-460
419
1066
1563
2283
2939
3222
3422
3722
3759
3404
3172
2997
2520
1952
1614
1273
670
193
-40
-437
-947
-1226
-1404
-1737
-2044
-2078
-2012
-2005
-1827
-1435
-1071
-775
-295
287
749
1103
1525
1871
1957
1890
1818
1641
1216
838
512
92
-507
-1063
-1426
-1905
-2450
-2748
-2868
-3130
-3346
-3259
-3065
-3018
-2805
-2215
-1658
-1219
-535
337
959
1502
2184
2814
3126
3339
3585
3625
3368
3106
2973
2545
2019
1707
1392
839
343
72
-329
-825
-1157
-1359
-1660
-1967
-2002
-1862
-1858
-1707
-1313
-900
-599
-186
410
861
1196
1553
1891
1968
1875
1773
1574
1205
807
490
117
-476
-1033
-1373
-1830
-2378
-2720
-2847
-3124
-3369
-3305
-3136
-3081
-2858
-2247
-1661
-1209
-522
346
1001
1500
2150
2798
3094
3260
3520
3604
3322
3083
2982
2565
2005
1632
1337
802
272
-16
-377
-878
-1222
-1417
-1690
-1996
-2075
-1955
-1900
-1779
-1406
-977
-668
-261
342
759
1073
1448
1784
1855
1739
1704
1545
1187
829
591
252
-345
-826
-1141
-1653
-2223
-2547
-2646
-3000
-3289
-3141
-2937
-2927
-2703
-2035
-1487
-1138
-412
453
1010
1490
2252
2903
3082
3247
3595
3609
3241
3051
2942
2488
1918
1659
1330
721
212
-22
-435
-1004
-1330
-1532
-1891
-2183
-2138
-2029
-2016
-1799
-1402
-1043
-698
-216
314
702
1062
1413
1640
1673
1600
1532
1334
1025
731
479
101
-432
-882
-1275
-1745
-2261
-2548
-2744
-3102
-3280
-3164
-3005
-2958
-2618
-1973
-1427
-951
-181
649
1228
1790
2503
3047
3245
3469
3717
3592
3267
3124
2914
2408
1964
1740
1307
696
319
2
-551
-1046
-1297
-1575
-1975
-2156
-2102
-2091
-1988
-1662
-1275
-999
-600
-41
393
725
1127
1493
1664
1685
1688
1542
1265
980
694
386
-45
-524
-1006
-1418
-1876
-2328
-2624
-2841
-3140
-3316
-3238
-3101
-2969
-2584
-1989
-1390
-838
-78
752
1378
1975
2622
3150
3378
3573
3715
3591
3282
3119
2876
2386
1949
1649
1186
602
231
-120
-613
-1036
-1322
-1604
-1931
-2121
-2099
-2098
-2023
-1691
-1289
-972
-562
-1
454
777
1140
1498
1635
1636
1601
1480
1191
860
602
285
-156
-672
-1117
-1512
-1990
-2452
-2703
-2910
-3209
-3350
-3213
-3086
-2980
-2582
-1955
-1390
-855
-71
759
1372
1931
2610
3110
3370
3589
3747
3642
3324
3115
2874
2388
1926
1681
1283
755
331
-10
-498
-972
-1296
-1602
-1865
-2032
-2037
-1969
-1843
-1557
-1170
-772
-337
121
590
984
1320
1544
1661
1669
1554
1378
1128
846
512
184
-221
-734
-1190
-1597
-2131
-2620
-2852
-3115
-3424
-3476
-3270
-3128
-3002
-2507
-1822
-1332
-747
162
905
1406
2093
2823
3133
3266
3568
3683
3356
3129
3100
2709
2138
1869
1650
1048
527
306
-95
-711
-1074
-1254
-1670
-2013
-1990
-1962
-2027
-1833
-1412
-1073
-766
-226
348
717
1054
1498
1710
1666
1668
1607
1334
988
763
465
75
-353
-785
-1215
-1663
-2112
-2500
-2750
-3069
-3312
-3293
-3134
-3043
-2829
-2254
-1684
-1178
-474
400
1101
1635
2368
2971
3205
3403
3663
3665
3342
3142
2995
2531
2004
1737
1443
863
422
209
-280
-881
-1185
-1416
-1846
-2147
-2091
-2087
-2110
-1835
-1392
-1078
-773
-190
353
682
1069
1511
1698
1645
1646
1590
1270
933
743
430
-20
-500
-867
-1280
-1818
-2257
-2579
-2863
-3210
-3353
-3286
-3156
-3069
-2730
-2158
-1603
-1072
-313
534
1102
1690
2434
2960
3149
3402
3660
3552
3232
3097
2958
2431
1982
1776
1401
794
414
142
-416
-943
-1204
-1444
-1905
-2134
-2036
-2046
-2062
-1698
-1265
-1009
-629
7
514
776
1168
1593
1714
1612
1664
1582
1212
837
629
350
-133
-606
-965
-1392
-1935
-2350
-2593
-2857
-3197
-3277
-3181
-3047
-2911
-2506
-1900
-1371
-863
-93
743
1300
1872
2583
3094
3271
3513
3741
3624
3291
3191
3004
2479
2008
1765
1396
773
375
65
-470
-1008
-1265
-1491
-1913
-2131
-2035
-2009
-2005
-1711
-1232
-914
-554
54
551
804
1110
1487
1594
1465
1421
1358
1016
656
429
134
-369
-862
-1181
-1678
-2281
-2667
-2816
-3151
-3486
-3418
-3217
-3160
-2948
-2395
-1798
-1324
-682
201
896
1396
2091
2814
3149
3357
3714
3887
3654
3441
3366
3011
2450
2118
1831
1301
754
430
54
-538
-974
-1224
-1563
-1940
-2006
-1904
-1924
-1813
-1449
-1060
-804
-400
162
594
883
1240
1556
1552
1420
1379
1244
847
534
338
-1
-549
-973
-1328
-1801
-2349
-2673
-2855
-3201
-3422
-3337
-3152
-3127
-2855
-2249
-1705
-1225
-482
321
956
1529
2203
2795
3069
3322
3585
3605
3378
3222
3084
2676
2179
1887
1510
934
510
215
-214
-727
-1030
-1271
-1626
-1910
-1905
-1857
-1856
-1669
-1310
-980
-749
-259
290
623
936
1315
1596
1550
1451
1425
1193
800
543
342
-64
-618
-1013
-1328
-1866
-2363
-2588
-2782
-3134
-3273
-3092
-2928
-2830
-2440
-1829
-1380
-931
-211
550
1079
1623
2345
2858
3087
3368
3649
3615
3362
3234
3058
2586
2144
1839
1417
829
406
123
-357
-830
-1090
-1277
-1598
-1833
-1823
-1790
-1797
-1583
-1207
-957
-692
-219
246
537
849
1227
1418
1352
1303
1261
1008
680
459
234
-254
-800
-1161
-1545
-2120
-2558
-2671
-2870
-3170
-3146
-2839
-2739
-2627
-2137
-1537
-1122
-629
172
814
1245
1851
2539
2929
3153
3480
3714
3554
3321
3233
2960
2458
2047
1749
1241
652
291
-81
-619
-1061
-1318
-1598
-1896
-2007
-1961
-1907
-1826
-1587
-1277
-995
-659
-222
210
511
807
1122
1259
1208
1113
1035
847
522
257
8
-448
-960
-1309
-1702
-2231
-2607
-2698
-2894
-3141
-3004
-2702
-2569
-2324
-1698
-1114
-737
-106
706
1232
1598
2217
2835
3060
3242
3607
3714
3437
3290
3253
2862
2338
2019
1694
1090
569
246
-206
-764
-1113
-1310
-1674
-1937
-1951
-1883
-1863
-1706
-1365
-1088
-809
-422
25
360
651
984
1222
1203
1126
1016
846
605
344
106
-264
-765
-1174
-1548
-2033
-2507
-2748
-2918
-3178
-3263
-3056
-2842
-2699
-2254
-1641
-1133
-628
115
817
1285
1846
2497
2916
3139
3459
3703
3606
3450
3434
3203
2768
2358
2079
1596
1002
592
154
-375
-813
-1098
-1467
-1748
-1854
-1854
-1904
-1785
-1524
-1284
-973
-615
-175
199
533
856
1100
1181
1171
1144
1010
795
545
310
14
-431
-882
-1275
-1693
-2213
-2577
-2815
-3086
-3278
-3198
-2971
-2837
-2549
-1990
-1445
-994
-333
429
950
1404
2028
2573
2838
3111
3476
3551
3408
3345
3281
2920
2511
2212
1832
1281
826
447
-56
-578
-937
-1221
-1574
-1814
-1877
-1885
-1824
-1633
-1357
-1063
-787
-396
-44
304
654
886
1052
1121
1063
914
792
571
330
42
-322
-742
-1135
-1483
-1952
-2318
-2600
-2882
-3133
-3163
-2992
-2826
-2583
-2095
-1524
-1054
-505
240
840
1253
1831
2433
2766
3013
3370
3563
3462
3368
3340
3072
2664
2401
2092
1578
1068
722
272
-311
-708
-1005
-1374
-1698
-1772
-1779
-1837
-1734
-1460
-1244
-1038
-661
-238
51
330
668
857
893
909
872
716
523
367
210
-103
-507
-903
-1271
-1697
-2169
-2398
-2607
-2903
-3044
-2871
-2726
-2669
-2316
-1747
-1278
-853
-111
657
1090
1556
2235
2678
2812
3092
3457
3391
3213
3233
3139
2754
2401
2227
1830
1288
888
553
-21
-558
-824
-1143
-1569
-1756
-1725
-1757
-1741
-1538
-1255
-1058
-812
-399
-74
183
508
761
836
791
767
677
501
287
81
-157
-533
-933
-1247
-1579
-2010
-2366
-2539
-2806
-3062
-3076
-2875
-2758
-2553
-1987
-1389
-974
-430
376
978
1356
1881
2523
2778
2937
3285
3499
3397
3314
3327
3102
2668
2421
2198
1696
1208
910
486
-104
-512
-819
-1207
-1529
-1603
-1620
-1651
-1607
-1353
-1092
-890
-580
-195
87
346
634
800
793
729
668
492
298
91
-140
-430
-817
-1157
-1469
-1892
-2306
-2542
-2772
-3000
-3102
-2994
-2808
-2627
-2236
-1684
-1169
-690
-44
631
1105
1566
2122
2527
2757
3031
3292
3325
3261
3285
3203
2874
2554
2309
1893
1398
983
597
118
-316
-654
-1018
-1349
-1544
-1609
-1648
-1590
-1386
-1164
-910
-601
-289
23
300
537
706
752
760
673
531
376
176
-26
-244
-592
-986
-1342
-1695
-2087
-2388
-2569
-2825
-3032
-2977
-2809
-2689
-2379
-1831
-1328
-922
-302
451
926
1326
1940
2427
2637
2875
3226
3336
3180
3188
3177
2876
2511
2332
2022
1489
1062
777
316
-212
-501
-808
-1196
-1455
-1500
-1530
-1601
-1450
-1189
-1008
-766
-372
-57
148
409
658
752
713
706
615
424
219
45
-179
-557
-918
-1208
-1590
-1988
-2295
-2493
-2742
-2970
-2981
-2842
-2701
-2485
-2025
-1496
-1056
-501
184
708
1086
1644
2174
2428
2613
2912
3116
3055
3046
3094
2929
2590
2384
2146
1660
1216
884
477
-17
-359
-658
-1029
-1301
-1384
-1431
-1492
-1370
-1121
-915
-736
-418
-95
132
378
603
682
644
619
508
318
195
52
-166
-526
-888
-1164
-1521
-1906
-2193
-2394
-2639
-2801
-2767
-2643
-2555
-2312
-1815
-1290
-898
-396
306
857
1254
1811
2345
2566
2779
3152
3287
3152
3134
3191
2940
2531
2317
2096
1613
1154
864
461
-87
-432
-646
-1063
-1374
-1441
-1453
-1554
-1486
-1228
-1074
-954
-646
-292
-98
123
378
509
472
452
377
198
44
-132
-368
-756
-1083
-1383
-1757
-2120
-2376
-2556
-2797
-2891
-2862
-2744
-2587
-2232
-1728
-1247
-801
-245
358
846
1280
1778
2211
2443
2686
2972
3087
3044
3063
3096
2888
2618
2444
2153
1703
1295
996
555
35
-289
-505
-852
-1159
-1185
-1241
-1326
-1234
-985
-841
-693
-368
-62
44
204
470
525
417
400
382
168
-22
-88
-263
-668
-967
-1201
-1561
-2013
-2233
-2369
-2656
-2835
-2712
-2545
-2491
-2184
-1665
-1199
-843
-241
392
825
1202
1754
2164
2332
2585
2876
2956
2868
2959
2980
2746
2500
2391
2091
1600
1250
975
477
-20
-299
-553
-939
-1198
-1232
-1344
-1430
-1258
-1066
-988
-793
-447
-226
-123
125
367
361
232
240
163
-55
-213
-248
-498
-920
-1155
-1402
-1843
-2255
-2366
-2513
-2830
-2891
-2667
-2536
-2453
-2039
-1473
-1100
-662
-10
583
933
1378
1972
2328
2436
2723
3066
3065
2986
3105
3095
2808
2609
2513
2198
1768
1512
1249
717
249
20
-317
-763
-952
-972
-1120
-1202
-1013
-817
-745
-546
-216
-26
79
264
437
364
206
192
70
-206
-401
-516
-806
-1242
-1519
-1779
-2175
-2545
-2698
-2882
-3109
-3092
-2930
-2796
-2612
-2168
-1614
-1189
-765
-144
446
851
1273
1771
2133
2312
2579
2853
2865
2832
2908
2882
2665
2525
2415
2139
1730
1426
1147
670
239
-38
-284
-634
-842
-863
-940
-974
-841
-644
-513
-374
-86
168
267
382
548
528
355
236
124
-100
-331
-479
-814
-1222
-1514
-1782
-2154
-2491
-2607
-2729
-2929
-2921
-2708
-2543
-2345
-1831
-1252
-909
-470
231
740
1022
1520
2081
2300
2396
2711
2924
2831
2808
2972
2877
2555
2450
2381
1995
1618
1434
1112
580
195
21
-329
-722
-809
-812
-978
-1021
-826
-676
-599
-386
-69
67
179
382
500
357
183
85
-128
-437
-639
-859
-1264
-1632
-1883
-2181
-2566
-2810
-2887
-3069
-3241
-3138
-2922
-2735
-2476
-1941
-1401
-1008
-494
174
653
1016
1544
2023
2262
2468
2808
2949
2877
2913
3018
2871
2577
2496
2341
1981
1654
1434
1065
614
319
85
-260
-574
-649
-735
-859
-816
-601
-508
-409
-171
66
194
332
513
531
427
304
178
-85
-311
-465
-738
-1165
-1461
-1670
-2077
-2423
-2570
-2740
-2980
-2984
-2792
-2669
-2535
-2094
-1578
-1204
-783
-144
414
745
1176
1714
2015
2175
2475
2723
2725
2720
2851
2786
2569
2416
2328
2044
1685
1489
1238
775
384
202
-115
-508
-681
-753
-902
-959
-833
-692
-621
-438
-158
30
155
366
523
447
273
125
-45
-313
-534
-735
-1067
-1469
-1730
-1969
-2331
-2624
-2738
-2870
-3032
-2980
-2757
-2638
-2391
-1934
-1439
-1034
-507
126
600
989
1489
1954
2210
2429
2694
2819
2757
2794
2832
2717
2502
2409
2253
1989
1728
1493
1202
795
512
318
-1
-303
-440
-555
-704
-725
-643
-543
-448
-255
-57
52
213
365
438
305
170
83
-120
-436
-644
-882
-1291
-1629
-1896
-2198
-2570
-2720
-2781
-2967
-3053
-2882
-2677
-2583
-2293
-1787
-1318
-965
-377
257
654
1002
1519
1959
2137
2390
2702
2770
2672
2766
2832
2619
2413
2368
2174
1806
1571
1372
1052
709
502
252
-99
-267
-334
-460
-600
-542
-443
-422
-353
-116
47
124
289
373
336
215
109
-62
-333
-547
-727
-1069
-1462
-1739
-1998
-2333
-2575
-2685
-2837
-2952
-2897
-2748
-2605
-2397
-1988
-1526
-1158
-712
-113
378
747
1170
1596
1875
2028
2250
2430
2438
2477
2580
2561
2385
2267
2193
1979
1728
1510
1326
1037
751
499
301
70
-160
-272
-348
-361
-371
-274
-176
-67
74
217
359
409
410
332
166
-49
-235
-446
-692
-1038
-1383
-1670
-1935
-2235
-2473
-2551
-2734
-2856
-2837
-2724
-2635
-2416
-2026
-1670
-1278
-817
-258
170
546
983
1382
1605
1779
2042
2182
2185
2233
2326
2269
2144
2094
2038
1829
1658
1552
1303
1013
830
653
403
137
-17
-137
-304
-363
-279
-252
-249
-98
94
135
203
399
445
291
155
77
-125
-438
-599
-795
-1161
-1545
-1763
-1958
-2317
-2526
-2564
-2701
-2842
-2759
-2527
-2386
-2190
-1763
-1311
-976
-546
18
490
828
1234
1646
1873
1987
2183
2354
2289
2260
2369
2325
2120
1997
1930
1774
1513
1382
1259
951
701
554
387
133
-6
-34
-121
-191
-144
-20
16
92
244
374
371
385
389
245
31
-166
-365
-659
-886
-1160
-1469
-1766
-2049
-2268
-2512
-2651
-2750
-2821
-2822
-2704
-2529
-2336
-2018
-1586
-1182
-773
-271
225
658
1002
1388
1706
1877
2039
2182
2214
2141
2134
2144
2049
1923
1835
1714
1551
1371
1187
1010
815
586
409
232
65
-26
-50
-54
-61
-3
78
162
211
317
419
453
419
316
166
-110
-361
-570
-797
-1080
-1367
-1638
-1896
-2130
-2355
-2499
-2555
-2638
-2696
-2637
-2475
-2340
-2064
-1636
-1224
-851
-410
102
519
852
1207
1557
1738
1843
2006
2110
1997
1970
2049
1956
1749
1692
1690
1496
1309
1235
1100
859
698
615
452
244
169
193
113
81
188
288
289
381
561
564
532
560
493
277
53
-142
-415
-671
-864
-1121
-1519
-1802
-1993
-2231
-2504
-2625
-2651
-2757
-2766
-2587
-2387
-2196
-1873
-1397
-1026
-663
-192
247
569
852
1213
1471
1608
1750
1895
1870
1842
1884
1865
1712
1667
1648
1503
1340
1193
1079
869
714
584
472
347
227
234
213
226
253
346
406
475
581
647
654
631
595
403
210
-31
-307
-581
-830
-1125
-1456
-1742
-2004
-2214
-2427
-2525
-2580
-2627
-2629
-2504
-2326
-2141
-1854
-1460
-1063
-696
-233
185
543
856
1198
1470
1601
1731
1846
1857
1771
1743
1697
1556
1428
1381
1285
1141
1037
942
796
661
548
447
329
234
219
210
244
296
355
397
463
590
677
704
722
728
591
373
132
-129
-476
-770
-1038
-1366
-1668
-1880
-2091
-2312
-2446
-2508
-2535
-2584
-2523
-2343
-2157
-1955
-1623
-1220
-879
-496
-38
346
682
999
1319
1521
1646
1752
1830
1790
1735
1723
1668
1556
1421
1356
1239
1125
1014
900
743
623
548
442
342
262
243
244
246
272
357
431
512
594
652
675
651
542
374
162
-105
-400
-661
-907
-1219
-1545
-1784
-2000
-2235
-2384
-2419
-2450
-2496
-2421
-2227
-2053
-1879
-1544
-1161
-853
-509
-68
350
649
950
1279
1511
1596
1720
1852
1815
1715
1724
1707
1522
1395
1363
1226
1036
904
804
639
508
460
381
241
183
191
184
187
248
347
407
469
563
650
660
646
592
433
214
-43
-331
-599
-830
-1107
-1436
-1730
-1968
-2167
-2371
-2490
-2493
-2479
-2426
-2289
-2089
-1860
-1588
-1242
-862
-518
-169
221
590
861
1113
1355
1513
1617
1699
1727
1691
1628
1561
1504
1382
1238
1147
1021
849
712
628
480
391
332
290
208
139
207
246
281
331
440
498
524
647
697
648
619
603
422
170
-47
-274
-561
-854
-1092
-1422
-1712
-1941
-2107
-2288
-2420
-2397
-2387
-2345
-2174
-1916
-1696
-1409
-1035
-674
-342
-1
331
607
855
1132
1356
1408
1485
1613
1604
1510
1510
1507
1374
1285
1244
1153
1038
913
796
647
512
421
341
243
185
202
212
231
290
390
442
520
600
682
706
694
648
499
261
9
-257
-557
-821
-1083
-1369
-1653
-1861
-2049
-2198
-2315
-2349
-2329
-2314
-2164
-1965
-1771
-1567
-1222
-854
-564
-235
155
493
701
924
1185
1345
1416
1516
1560
1522
1480
1449
1375
1235
1173
1109
999
901
795
696
562
512
470
386
306
277
302
296
320
413
464
508
579
649
655
628
633
595
435
210
-15
-292
-586
-821
-1057
-1344
-1647
-1845
-1995
-2187
-2313
-2281
-2229
-2202
-2054
-1785
-1564
-1361
-1013
-641
-369
-74
302
588
772
944
1151
1260
1278
1360
1391
1289
1226
1233
1157
1028
980
945
832
716
652
575
448
376
370
314
227
248
312
324
336
430
525
570
631
719
739
690
698
644
479
233
-8
-265
-570
-804
-1036
-1302
-1586
-1744
-1875
-2023
-2105
-2097
-2052
-2010
-1886
-1611
-1358
-1134
-835
-495
-238
15
344
606
762
921
1078
1167
1189
1217
1261
1220
1168
1124
1102
992
916
871
775
660
553
481
383
325
278
239
173
160
170
196
229
273
357
413
482
497
533
541
516
485
364
164
-78
-303
-557
-824
-1039
-1242
-1479
-1687
-1797
-1881
-1945
-1926
-1854
-1795
-1679
-1473
-1214
-984
-722
-363
-93
102
362
640
783
894
1040
1148
1166
1153
1181
1166
1090
1050
1058
961
835
781
739
624
488
438
395
293
250
210
169
138
170
198
163
202
285
350
387
448
499
500
440
415
370
222
41
-168
-365
-622
-848
-1023
-1216
-1433
-1560
-1622
-1721
-1754
-1664
-1564
-1494
-1312
-1073
-858
-671
-437
-177
-11
162
373
526
612
699
844
922
922
986
1044
1046
1017
1026
995
893
805
744
644
522
432
377
296
228
245
229
193
191
252
257
235
258
303
300
286
313
296
250
197
169
83
-39
-165
-324
-507
-707
-856
-995
-1161
-1343
-1398
-1470
-1550
-1516
-1462
-1334
-1228
-1052
-855
-697
-526
-300
-75
55
218
415
561
612
677
761
830
856
892
940
951
966
990
937
858
814
773
692
597
577
510
407
360
364
349
303
312
315
305
316
327
313
284
264
246
212
131
86
51
-78
-182
-292
-444
-609
-726
-857
-1005
-1124
-1223
-1283
-1327
-1351
-1355
-1289
-1192
-1106
-966
-812
-648
-518
-383
-225
-119
-38
51
169
248
334
445
583
636
714
809
828
819
822
836
754
686
660
608
483
412
377
315
288
293
336
323
337
376
374
344
352
361
307
271
232
181
150
93
66
26
-26
-102
-175
-261
-336
-431
-510
-587
-674
-759
-843
-890
-915
-919
-897
-850
-801
-710
-600
-495
-433
-380
-274
-180
-121
-32
58
160
259
368
455
530
629
724
749
746
763
739
691
632
585
519
416
374
342
305
268
258
240
208
215
214
183
142
101
48
-17
-82
-89
-133
-165
-158
-127
-155
-194
-166
-207
-267
-329
-345
-406
-474
-546
-624
-668
-713
-722
-735
-698
-657
-599
-549
-471
-403
-352
-280
-212
-163
-120
-20
84
180
278
422
539
626
741
823
833
824
825
772
672
590
562
496
419
381
334
248
214
217
191
124
58
48
5
-75
-106
-138
-207
-267
-266
-272
-284
-254
-196
-154
-131
-89
-45
-46
-80
-120
-160
-244
-293
-330
-416
-492
-527
-522
-558
-558
-559
-537
-526
-472
-420
-409
-357
-262
-175
-119
2
136
243
357
455
557
628
673
703
712
699
677
637
588
533
474
425
362
318
268
246
219
154
113
85
20
-67
-107
-171
-217
-246
-255
-246
-241
-197
-141
-91
-67
-6
32
36
13
20
-13
-90
-153
-206
-293
-420
-478
-510
-572
-631
-630
-641
-672
-653
-590
-560
-557
-436
-318
-232
-114
67
222
282
380
521
587
610
678
704
674
651
661
653
584
544
554
490
442
391
351
301
229
184
112
31
-31
-75
-129
-186
-198
-188
-182
-167
-105
-26
31
58
96
130
106
82
59
0
-92
-174
-207
-296
-376
-441
-502
-586
-642
-686
-743
-809
-855
-840
-822
-762
-718
-604
-469
-319
-159
-47
74
191
311
428
496
555
591
617
623
619
615
618
608
572
559
493
432
375
312
224
135
69
-17
-95
-135
-141
-152
-140
-113
-65
-18
43
116
163
195
226
258
254
230
204
151
78
8
-48
-101
-158
-231
-317
-424
-509
-605
-697
-741
-761
-772
-753
-674
-568
-457
-353
-221
-76
70
184
276
374
461
510
569
628
670
692
683
693
699
665
610
538
462
386
305
200
94
34
-29
-104
-164
-196
-208
-213
-165
-128
-99
-38
52
114
134
167
194
195
173
126
101
56
-22
-75
-133
-184
-238
-297
-385
-489
-611
-708
-785
-876
-899
-886
-871
-827
-749
-647
-552
-437
-306
-180
-72
45
155
240
312
401
478
530
608
638
645
619
582
562
506
422
329
246
143
35
-24
-106
-181
-206
-200
-184
-161
-116
-62
-17
33
92
145
183
210
239
249
263
256
247
222
200
168
138
100
34
-27
-94
-185
-275
-398
-498
-587
-658
-686
-708
-669
-594
-510
-413
-287
-175
-56
70
208
319
433
498
550
618
649
677
693
719
699
662
615
555
474
374
273
154
24
-64
-128
-184
-229
-252
-232
-216
-176
-138
-90
-88
-67
-38
-38
-25
-30
-35
-43
-47
-57
-63
-67
-72
-115
-148
-226
-310
-389
-502
-592
-692
-750
-802
-806
-794
-753
-661
-589
-481
-373
-241
-92
26
132
246
384
498
585
680
747
816
877
905
907
862
798
719
608
484
365
256
149
37
-48
-90
-147
-174
-165
-132
-98
-82
-46
-32
-7
5
0
-16
-48
-62
-72
-67
-69
-68
-68
-64
-61
-97
-150
-214
-298
-402
-499
-588
-667
-706
-722
-701
-654
-604
-535
-434
-344
-236
-134
-52
36
133
238
329
439
525
606
679
719
725
714
703
663
578
484
383
272
150
56
-36
-129
-195
-238
-250
-267
-260
-220
-174
-136
-90
-57
-31
-20
-10
-4
-6
9
39
47
63
85
105
97
66
30
-29
-115
-201
-247
-324
-438
-494
-517
-555
-575
-559
-497
-444
-380
-260
-146
-64
19
134
209
294
395
488
560
605
654
661
642
617
575
486
417
326
232
99
4
-65
-156
-214
-259
-278
-293
-265
-225
-185
-166
-121
-53
9
48
76
138
137
135
168
179
175
182
195
174
128
84
30
-38
-93
-158
-240
-298
-336
-366
-404
-438
-440
-426
-399
-374
-288
-215
-134
-38
64
125
200
290
361
422
469
513
533
530
485
425
329
239
170
62
-57
-131
-190
-283
-362
-405
-434
-454
-445
-399
-350
-329
-273
-226
-175
-114
-74
-39
2
62
97
114
148
182
179
156
110
95
69
25
-24
-67
-126
-173
-198
-234
-256
-260
-233
-221
-217
-191
-141
-72
-12
76
160
251
334
401
462
526
571
596
608
586
547
467
384
297
183
72
-39
-128
-210
-281
-326
-363
-379
-386
-392
-381
-365
-352
-303
-253
-210
-170
-121
-62
-14
51
76
101
144
167
164
135
107
75
6
-25
-58
-93
-119
-156
-166
-169
-167
-128
-90
-89
-64
-25
21
55
117
181
230
266
330
388
441
514
561
587
577
553
513
434
328
240
141
31
-94
-234
-338
-415
-475
-522
-526
-498
-483
-454
-434
-377
-339
-303
-256
-199
-158
-130
-78
-30
9
49
85
82
86
87
83
39
-10
-44
-84
-108
-136
-164
-172
-167
-168
-148
-132
-86
-18
19
50
88
167
226
255
305
360
406
440
467
488
497
475
453
388
294
203
114
-8
-122
-208
-314
-400
-461
-502
-529
-550
-549
-532
-504
-470
-405
-344
-303
-256
-185
-116
-51
43
108
160
194
239
269
271
253
234
181
124
85
50
-24
-61
-71
-100
-104
-101
-83
-48
-13
26
90
154
212
269
302
343
389
436
482
492
517
528
514
481
458
419
346
254
154
38
-78
-185
-293
-374
-451
-505
-538
-581
-573
-546
-521
-490
-453
-395
-331
-287
-208
-147
-103
-56
-15
38
66
97
121
122
110
116
94
73
26
-17
-33
-51
-61
-75
-70
-45
-16
7
29
66
126
186
260
326
389
442
497
538
556
572
575
575
548
515
454
377
311
227
103
-23
-129
-271
-376
-474
-582
-649
-700
-704
-721
-730
-702
-651
-610
-569
-518
-452
-384
-316
-241
-182
-132
-65
-30
6
46
58
78
76
78
58
33
1
-8
-26
-60
-78
-75
-69
-53
-5
40
105
173
245
313
366
416
488
549
580
610
639
651
638
617
586
555
518
454
371
272
157
44
-78
-175
-269
-348
-417
-484
-504
-525
-519
-487
-470
-438
-388
-341
-292
-244
-209
-142
-92
-72
-55
-40
-29
-14
4
20
13
8
-19
-45
-73
-84
-90
-114
-126
-134
-138
-142
-133
-90
-49
-13
46
110
173
238
309
363
422
465
516
537
547
545
519
478
430
360
266
189
103
7
-70
-135
-217
-282
-343
-401
-423
-456
-466
-459
-446
-431
-404
-357
-328
-254
-190
-144
-89
-30
10
27
52
78
106
127
107
89
73
45
11
-9
-22
-30
-36
-32
-44
-42
-24
-14
-1
22
61
106
155
198
259
291
322
358
384
428
434
427
409
371
333
267
184
124
61
-24
-115
-212
-270
-337
-409
-426
-451
-477
-478
-463
-461
-445
-406
-391
-343
-309
-270
-233
-180
-138
-97
-57
-31
11
36
55
56
60
63
55
41
59
53
43
17
17
29
19
22
41
62
88
112
133
170
202
240
274
320
376
406
436
464
461
449
438
412
363
315
262
198
117
51
-15
-66
-129
-182
-208
-229
-234
-232
-231
-245
-263
-277
-271
-269
-262
-244
-231
-209
-175
-151
-122
-91
-51
-26
-10
8
8
15
14
6
12
7
5
12
-5
-18
-20
-10
-30
-40
-6
-1
14
54
74
111
137
164
203
209
232
243
240
232
216
209
167
124
80
15
-32
-87
-151
-186
-217
-252
-289
-315
-323
-329
-345
-322
-333
-315
-287
-279
-258
-227
-199
-178
-146
-125
-95
-67
-46
-10
36
52
72
105
154
160
159
160
156
137
141
152
130
132
129
136
133
136
155
176
193
218
242
263
288
303
320
337
331
312
314
280
247
201
150
101
40
-1
-46
-76
-105
-138
-166
-195
-212
-226
-231
-217
-221
-238
-251
-258
-240
-242
-238
-235
-228
-218
-214
-177
-124
-100
-61
-29
-24
-3
-3
20
24
30
29
27
20
24
37
45
53
54
50
37
29
45
63
64
68
68
88
103
129
142
155
151
143
122
101
75
52
25
-21
-53
-77
-106
-111
-108
-113
-100
-95
-96
-80
-66
-69
-97
-94
-84
-82
-81
-62
-42
-47
-39
-29
-14
-4
11
44
61
73
92
82
82
95
88
87
73
65
79
80
58
49
51
45
62
66
61
79
78
97
110
107
123
109
98
88
75
78
79
69
50
23
3
-25
-51
-66
-80
-98
-112
-130
-122
-126
-138
-147
-159
-165
-192
-186
-174
-192
-179
-177
-173
-173
-166
-144
-134
-127
-94
-80
-58
-35
-12
-2
2
15
13
27
28
44
51
61
82
84
96
117
120
132
137
150
152
157
169
172
178
163
171
158
123
104
87
95
85
77
80
63
56
44
28
8
-17
-45
-69
-88
-105
-126
-123
-118
-124
-104
-115
-123
-118
-134
-120
-125
-136
-146
-149
-134
-122
-133
-115
-79
-48
-35
-20
19
36
38
52
59
88
107
100
117
135
149
147
158
162
143
131
135
137
137
138
126
108
90
72
68
56
33
37
30
18
25
40
38
22
25
20
31
29
15
-1
-23
-37
-56
-61
-80
-89
-103
-125
-138
-156
-165
-174
-189
-191
-197
-199
-204
-195
-184
-178
-155
-141
-132
-110
-84
-71
-56
-44
-17
13
22
34
56
65
74
100
113
115
121
131
119
129
120
118
138
139
146
132
128
122
122
118
116
112
112
101
90
85
79
74
63
46
40
35
23
19
-12
-11
-49
-60
-71
-80
-91
-113
-122
-125
-129
-135
-126
-135
-141
-143
-131
-124
-133
-123
-111
-95
-85
-68
-40
-38
-26
-25
-24
-5
11
20
46
47
51
57
55
65
53
57
64
65
71
63
43
45
25
20
19
29
26
22
35
38
59
53
61
63
54
47
37
30
38
39
32
36
30
27
-7
-11
-7
-18
-31
-47
-58
-68
-66
-76
-71
-70
-86
-103
-103
-93
-82
-55
-12
6
19
31
39
62
61
68
80
77
75
63
52
52
36
31
27
37
39
30
35
47
28
25
20
6
-4
-17
-13
-11
11
30
36
36
37
51
59
57
44
46
32
7
-7
-14
-1
-29
-36
-58
-77
-74
-96
-116
-127
-143
-151
-171
-183
-167
-185
-187
-186
-177
-157
-157
-122
-88
-61
-13
12
22
49
69
68
48
58
83
74
87
91
85
86
81
76
80
85
102
113
111
117
115
120
104
85
76
72
69
74
67
83
95
78
61
64
77
72
60
51
46
31
18
17
15
-12
-34
-50
-66
-87
-109
-118
-137
-164
-179
-187
-188
-172
-159
-148
-129
-108
-76
-47
-45
-21
1
25
38
35
49
54
62
52
62
79
91
85
73
75
81
89
80
76
68
57
62
48
48
53
63
61
69
75
70
83
74
75
77
68
56
48
23
10
-9
-26
-47
-62
-68
-64
-68
-82
-100
-126
-148
-178
-207
-209
-206
-204
-199
-207
-191
-166
-147
-111
-65
-30
-3
23
31
44
61
68
63
64
81
84
82
69
70
66
50
60
67
64
66
67
61
63
68
70
75
83
76
66
84
89
86
85
72
76
95
102
98
92
79
78
77
47
23
3
-15
-24
-36
-62
-93
-113
-135
-143
-154
-157
-144
-143
-134
-138
-132
-107
-90
-71
-42
-47
-30
-10
-7
7
8
14
24
21
14
24
12
5
22
5
20
12
-1
-2
-2
-8
0
20
24
52
62
64
71
78
86
79
80
82
95
90
69
74
66
56
50
32
11
1
-14
-24
-44
-63
-89
-112
-128
-149
-142
-146
-149
-140
-122
-113
-99
-82
-66
-44
-30
-8
16
45
61
62
61
70
67
73
84
72
78
82
65
51
52
40
35
46
54
37
35
51
40
47
48
57
73
61
74
84
86
86
90
86
74
71
52
44
35
32
26
19
5
-24
-20
-52
-90
-118
-139
-146
-165
-170
-181
-184
-175
-165
-144
-118
-109
-91
-80
-64
-46
-39
-27
-23
-18
-4
20
24
28
45
54
55
52
47
32
33
28
35
21
20
9
16
16
4
18
28
40
55
63
60
71
81
79
96
88
73
81
81
75
71
51
26
13
-11
-23
-43
-54
-71
-86
-83
-108
-115
-110
-118
-119
-111
-111
-108
-88
-77
-73
-66
-46
-26
-14
4
12
14
24
30
43
51
47
62
39
38
31
30
31
39
58
66
69
62
73
75
101
106
104
112
115
124
130
144
144
150
132
114
127
118
101
85
66
43
31
8
-19
-38
-50
-63
-101
-121
-131
-142
-160
-166
-169
-165
-148
-155
-162
-149
-133
-124
-113
-101
-93
-80
-67
-66
-62
-51
-59
-60
-47
-43
-47
-57
-40
-32
-24
-28
-24
-10
-6
6
13
43
51
75
76
72
83
91
106
107
114
121
135
122
107
98
88
84
76
82
79
66
54
51
27
18
2
-17
-28
-37
-53
-60
-60
-63
-62
-41
-50
-52
-40
-14
4
-4
1
-15
9
-12
-10
-10
6
-47
-56
-27
-38
-48
-76
-72
-56
-59
-71
-49
-59
-39
-39
-18
-12
-10
7
31
46
61
86
78
85
69
84
89
82
82
83
94
69
57
23
-6
-12
-22
-31
-28
-35
-47
-56
-68
-65
-61
-68
-77
-70
-57
-47
-52
-60
-47
-30
-15
-19
-23
-8
10
13
1
21
38
38
44
51
38
37
36
26
5
-1
17
9
11
12
40
56
82
90
93
105
99
112
107
118
124
117
127
127
108
99
76
59
39
5
-13
-24
-40
-52
-73
-77
-79
-110
-118
-121
-124
-118
-112
-118
-122
-118
-123
-119
-114
-101
-85
-81
-75
-79
-66
-76
-70
-58
-64
-51
-39
-34
-17
-3
-6
2
-12
-20
-31
-49
-52
-44
-40
-51
-25
-17
-26
-10
15
39
50
61
75
90
88
89
88
82
80
81
80
67
70
69
53
32
29
28
7
11
4
7
12
13
16
16
17
26
36
42
46
39
60
61
59
52
44
38
21
21
17
15
12
0
0
14
4
5
-7
-7
-16
-35
-45
-56
-50
-57
-70
-61
-47
-43
-31
-11
-3
14
16
20
34
41
64
81
87
84
70
69
48
33
24
8
-1
0
-10
-20
-7
-3
11
-2
-11
-12
-4
6
4
7
17
28
23
23
23
5
3
1
-4
-4
-18
-29
-40
-34
-44
-57
-70
-82
-88
-91
-105
-127
-132
-134
-141
-151
-144
-149
-135
-131
-114
-90
-56
-29
-21
4
7
20
40
38
59
81
81
86
80
74
75
64
57
69
55
58
46
26
27
27
27
27
42
64
70
78
74
68
78
76
70
66
60
67
56
37
40
40
36
12
-3
-3
-24
-36
-42
-58
-58
-76
-97
-96
-104
-106
-107
-98
-89
-70
-51
-54
-57
-37
-31
-33
-14
0
20
23
34
46
50
36
33
19
14
12
7
11
-10
-7
-17
-13
-11
-21
-14
-8
9
8
11
22
22
15
21
48
57
60
57
52
60
59
43
36
38
21
28
28
26
0
-11
-6
-20
-28
-36
-34
-33
-40
-38
-16
-19
-6
10
17
32
33
42
39
47
40
39
56
66
64
61
66
67
59
47
39
14
11
-5
-23
-39
-48
-42
-52
-57
-58
-57
-45
-30
-27
-14
-15
-13
-7
-9
-18
-19
-18
-26
-13
-21
-17
-15
-26
-30
-45
-54
-61
-79
-82
-93
-105
-110
-120
-138
-138
-131
-127
-106
-91
-78
-61
-47
-38
-46
-28
-2
10
37
62
71
66
72
69
74
63
64
58
46
49
41
27
24
22
13
21
7
26
37
50
64
56
51
51
67
77
84
92
101
89
92
102
104
102
98
118
106
104
94
86
71
42
22
11
5
-6
-18
-34
-28
-41
-40
-43
-54
-46
-40
-34
-31
-27
-4
3
5
26
23
34
32
28
27
26
27
8
4
1
-24
-38
-41
-56
-52
-56
-61
-59
-80
-95
-85
-77
-79
-72
-58
-45
-39
-22
-29
-20
-20
-24
-18
-18
-20
-23
-19
-13
1
-4
-6
-22
-31
-30
-41
-65
-71
-82
-79
-79
-80
-68
-54
-49
-42
-35
-42
-29
-26
-5
26
23
28
37
40
35
41
34
45
39
35
34
18
22
25
36
38
43
39
37
30
36
36
33
48
59
62
63
59
65
63
69
81
77
87
71
82
76
59
55
53
42
38
32
14
0
-3
-16
-16
-18
-34
-30
-49
-69
-73
-72
-77
-80
-81
-88
-91
-88
-76
-67
-66
-62
-59
-41
-40
-35
-30
-39
-42
-49
-48
-56
-52
-51
-43
-43
-25
-11
-15
-18
-12
-14
-17
4
-1
-2
21
38
48
60
66
66
64
61
61
74
81
70
72
72
58
63
51
45
50
43
38
38
41
29
27
23
20
21
4
2
13
19
24
36
36
37
46
45
42
54
60
48
48
46
48
41
26
17
5
-4
-4
-29
-31
-32
-40
-49
-47
-45
-57
-48
-55
-46
-45
-43
-39
-47
-53
-52
-38
-44
-54
-43
-32
-42
-44
-41
-48
-59
-67
-51
-76
-79
-75
-67
-55
-48
-52
-57
-48
-48
-41
-24
-9
-15
-16
-8
-1
7
16
22
13
10
28
36
49
54
59
55
58
51
49
33
17
5
-14
-16
-38
-35
-31
-30
-39
-43
-39
-43
-36
-29
-22
-27
-6
3
12
22
13
21
26
28
16
14
22
30
22
9
13
8
7
4
13
25
23
42
40
39
50
55
62
70
84
75
70
62
64
61
64
68
74
87
89
97
102
113
105
98
92
88
70
63
45
41
32
3
-12
-35
-31
-33
-46
-51
-45
-46
-54
-48
-46
-32
-34
-45
-68
-79
-79
-82
-81
-95
-116
-101
-96
-98
-91
-92
-100
-119
-122
-111
-99
-99
-90
-78
-57
-52
-42
-30
-28
-31
-28
-25
-3
-3
-3
15
14
28
26
24
25
36
53
66
69
74
77
79
88
80
81
77
74
68
61
62
68
73
63
54
54
49
49
58
52
52
61
59
44
36
35
27
12
5
-4
-25
-32
-46
-46
-46
-58
-63
-67
-67
-66
-67
-70
-70
-60
-67
-71
-67
-65
-41
-42
-48
-31
-7
5
4
6
11
28
30
35
21
4
-8
-10
-1
-26
-29
-20
-22
-30
-35
-41
-35
-33
-19
-18
-22
-12
-10
-10
-16
-25
-15
2
-4
2
-1
-4
11
-3
0
9
5
7
1
11
4
6
8
-2
7
-6
-4
12
7
24
26
28
47
50
59
71
78
85
88
91
88
82
83
83
79
74
65
52
54
47
33
24
16
6
-3
1
-12
-18
-22
-17
-6
-7
-10
-13
-16
-20
-23
-28
-31
-24
-28
-36
-31
-35
-31
-38
-47
-56
-75
-74
-84
-79
-85
-93
-88
-89
-80
-75
-69
-63
-54
-40
-29
-20
-19
-12
-12
-4
-1
15
25
25
34
40
59
60
61
71
66
69
73
57
48
37
20
12
7
-3
-14
-11
1
-7
-13
-14
-18
-16
-13
-11
-14
-10
-3
-10
-10
-1
-5
-5
-17
-4
-7
-14
-2
1
-1
1
16
12
16
-1
5
-4
-13
-16
-17
-11
-8
9
11
29
36
39
40
32
32
39
44
43
44
39
30
42
39
34
27
32
24
6
1
-8
-7
-13
-18
-3
6
-4
-5
-14
-15
0
-4
2
2
4
17
15
10
6
3
5
12
10
10
5
11
10
6
-12
-30
-37
-44
-41
-49
-45
-57
-50
-49
-50
-38
-46
-35
-26
-25
-21
-15
-9
4
1
6
14
13
29
24
20
33
30
28
12
6
8
1
-13
-7
0
-4
2
-2
10
9
5
6
10
24
26
28
26
22
21
18
12
10
15
12
14
-10
-16
-12
-9
-14
-23
-15
-14
-5
-16
-20
-22
-17
-28
-29
-29
-14
1
-12
-28
-36
-21
-4
-4
1
5
14
17
25
24
24
37
25
10
5
3
10
4
-10
-19
-16
-27
-29
-32
-33
-43
-45
-33
-35
-24
-25
-18
-6
2
1
7
2
-3
-6
8
3
-18
-22
-32
-42
-46
-45
-50
-59
-55
-47
-54
-51
-29
-31
-28
-26
-15
-8
10
18
23
36
44
52
60
81
85
102
116
108
116
115
103
104
103
99
81
72
52
42
36
18
12
11
5
-5
-17
-27
-38
-41
-31
-41
-38
-17
-6
1
-6
-4
9
9
10
10
10
12
1
0
-25
-28
-19
-22
-29
-39
-26
-24
-31
-31
-23
-9
-7
-15
-11
4
13
17
21
10
14
17
9
13
6
1
1
-15
-18
-26
-42
-39
-51
-51
-51
-51
-61
-75
-63
-57
-51
-62
-56
-45
-37
-34
-34
-17
-9
3
6
15
13
12
-7
-5
16
5
5
-7
-2
-7
-8
-6
-8
-11
-16
-18
-27
-28
-30
-27
-25
-23
-16
-20
2
24
39
65
92
94
103
106
101
101
97
93
81
83
74
82
73
75
80
68
56
38
40
31
25
15
7
4
-12
-14
-23
-28
-29
-14
-4
-5
11
6
14
8
9
3
-3
-7
-8
6
-8
-5
-7
-10
-15
-19
-33
-39
-42
-56
-59
-76
-70
-78
-77
-81
-74
-72
-69
-55
-58
-39
-44
-52
-42
-24
-22
-21
-24
-24
-11
-24
-10
-13
-10
-13
-23
-20
-19
-12
-18
-13
-21
-17
-17
-10
0
6
14
4
8
10
33
26
18
15
27
46
47
50
46
48
32
35
18
19
26
23
10
9
9
4
12
6
19
16
25
22
37
40
45
57
34
41
49
44
49
47
48
59
55
47
50
47
27
26
14
5
9
-3
-23
-20
-36
-46
-50
-75
-63
-59
-45
-45
-54
-61
-66
-62
-52
-47
-45
-28
-22
-10
-11
-13
-13
-26
-29
-37
-25
-29
-27
-31
-25
-29
-30
-25
-39
-31
-25
-17
-20
-15
-1
-7
-2
6
20
32
25
36
54
71
73
74
65
69
84
83
83
65
69
75
64
50
51
45
35
32
31
42
42
45
43
35
40
53
42
27
36
32
32
8
-3
-5
-16
-35
-42
-44
-53
-56
-68
-65
-69
-67
-91
-90
-83
-89
-94
-102
-96
-95
-89
-91
-98
-89
-74
-62
-64
-65
-64
-62
-64
-43
-37
-40
-29
-26
-21
-19
-3
-12
-16
-13
-13
7
12
-2
0
8
-7
-6
12
25
24
26
23
27
44
46
49
49
67
68
72
81
72
80
69
73
62
73
68
68
79
58
74
70
65
59
48
36
35
30
25
24
31
44
32
48
45
31
27
24
13
4
8
-2
-11
-17
-13
8
4
8
6
-3
-10
-12
-5
-6
-4
-14
-14
-23
-23
-38
-48
-43
-29
-20
-17
-12
-26
-7
-8
-13
-21
-6
-1
-9
-6
-19
-11
-11
-2
-3
0
-9
-10
-24
-37
-24
-37
-19
-35
-37
-40
-44
-44
-50
-36
-54
-53
-53
-65
-49
-42
-43
-52
-44
-38
-22
-28
-29
-16
-11
8
-4
4
17
27
19
7
8
5
3
-9
3
8
15
8
11
13
15
28
23
30
21
23
25
24
25
30
38
30
26
25
30
18
8
7
6
10
-1
-6
-2
0
2
1
-8
-1
1
2
-9
-15
5
15
17
15
22
41
33
42
24
24
23
23
15
1
11
21
31
8
23
31
23
12
10
21
13
11
-9
-6
2
2
-22
-29
-28
-27
-22
-26
-16
-5
1
-17
-8
-13
-14
-10
-20
-9
-12
-5
-24
-12
-8
-16
-23
-32
-26
-31
-20
-17
-3
3
8
9
6
2
1
19
13
13
11
12
18
12
25
20
24
22
18
18
5
6
11
0
-4
10
10
11
11
12
14
25
27
20
18
13
13
8
17
13
23
20
9
16
2
6
-6
-13
-21
-22
-28
-40
-39
-47
-47
-56
-55
-54
-53
-57
-73
-56
-65
-59
-60
-60
-63
-56
-51
-48
-30
-38
-14
-16
-12
-14
-24
-25
-25
-19
-15
1
-18
-21
-18
-15
-10
-10
1
-2
6
9
28
26
23
29
28
31
27
32
41
53
49
65
70
63
60
45
54
60
54
56
55
61
64
48
47
49
38
38
22
18
29
42
35
19
18
18
19
17
16
4
11
8
7
-1
-2
12
-2
5
-5
-3
5
-2
-10
-11
-1
-9
-8
-15
-8
-3
-8
-6
5
-2
-8
13
17
25
23
16
11
5
6
5
0
-6
-8
-13
-2
-5
-4
1
-6
-6
-19
-9
-16
-6
-10
-18
-22
-19
-22
-41
-35
-42
-37
-28
-34
-24
-28
-23
-27
-21
-27
-42
-34
-22
-25
-30
-24
-23
-24
-37
-28
-33
-28
-33
-36
-29
-41
-26
-37
-42
-42
-42
-44
-29
-29
-33
-27
-31
-19
-19
-19
-20
-19
-20
-23
-17
-10
-16
-13
-8
-20
-2
16
13
6
12
21
20
20
17
18
23
26
43
38
45
50
51
58
48
61
60
59
55
68
64
66
64
65
70
57
60
55
54
57
47
43
40
29
24
23
21
29
17
19
18
27
36
16
28
25
14
7
2
-16
-26
-20
-20
-29
-36
-22
-33
-40
-46
-54
-54
-63
-60
-72
-61
-54
-45
-57
-62
-53
-50
-39
-51
-39
-46
-37
-32
-20
-9
-14
-16
-14
0
1
13
15
12
7
11
19
11
12
20
17
12
15
11
7
20
17
17
20
21
24
21
21
25
15
12
6
9
24
37
33
30
27
19
25
23
26
35
23
21
22
17
11
6
11
7
9
7
6
2
15
17
7
-2
-7
-2
-18
-12
-27
-13
-9
-21
-37
-51
-41
-50
-43
-45
-51
-48
-51
-47
-49
-49
-40
-28
-36
-38
-30
-31
-25
-26
-19
-20
-23
-16
-12
-17
-15
12
7
18
20
15
11
10
12
4
6
-3
13
9
17
19
10
14
18
25
24
30
18
24
24
15
17
22
29
16
22
26
31
21
30
21
16
19
27
30
28
30
23
35
16
20
19
7
-3
0
8
3
9
3
13
14
-1
-7
-9
-1
-5
-3
-3
-7
-13
-11
-18
-29
-18
-16
-20
-38
-30
-20
-26
-19
-25
-35
-37
-29
-38
-37
-27
-29
-28
-38
-17
-26
-16
1
7
3
13
3
-17
-12
-14
1
-14
-8
-2
-4
0
0
9
13
17
23
33
32
44
44
34
38
37
38
35
38
28
29
31
32
38
32
38
50
43
35
38
34
18
15
11
0
-6
-13
-14
-8
-8
-10
-10
-15
-9
-8
-10
-17
-12
-10
-6
-16
-10
-7
-6
0
1
-1
0
6
-1
-6
-11
-10
-15
-30
-35
-37
-38
-44
-44
-42
-38
-34
-41
-29
-32
-25
-28
-30
-18
-19
-7
-7
1
2
2
0
-7
-19
-7
-6
-11
2
6
13
3
1
-10
-16
-17
-20
-13
-15
-9
-14
-18
-20
-21
-18
-15
-9
-8
6
6
0
6
0
-1
4
-3
-7
-2
5
15
1
1
-4
-1
10
4
21
28
34
27
30
29
28
26
37
48
55
63
57
64
65
66
58
54
62
56
50
33
36
36
30
27
23
34
21
19
9
-1
-2
-2
-13
-32
-27
-31
-24
-29
-26
-23
-30
-30
-40
-41
-39
-34
-40
-41
-40
-30
-29
-30
-27
-36
-30
-29
-20
-11
-8
-7
-7
-3
-9
-7
1
0
-10
-8
-4
-8
-4
-2
-3
-1
4
-1
9
5
7
2
-9
-5
-7
-2
-5
-7
-10
-7
-13
-18
-17
-26
-26
-34
-26
-27
-23
-16
-18
-16
-19
-6
-14
-11
-2
6
5
10
18
12
19
17
24
11
18
18
17
25
20
36
28
34
21
24
34
30
36
34
38
25
26
16
19
19
14
19
17
29
22
19
16
16
7
3
-8
-22
-16
-19
-25
-33
-36
-40
-29
-37
-35
-31
-32
-19
-19
-13
-13
-17
-15
-5
-6
-17
-2
-6
-7
-10
-4
10
11
16
13
21
14
20
21
19
18
21
18
10
14
11
8
-1
5
6
12
17
17
21
18
19
9
9
4
-5
-4
-2
7
4
13
9
10
4
-3
2
2
6
2
12
11
13
7
5
4
3
0
-10
-1
-8
-2
-8
-7
-12
-13
-8
-19
-20
-19
-13
-27
-30
-38
-42
-40
-41
-31
-30
-25
-29
-34
-33
-31
-22
-25
-22
-19
-21
-14
-9
-7
-7
-4
-7
-1
2
8
4
5
10
5
7
1
11
9
15
11
7
6
1
6
-1
-1
-7
1
-7
-5
-2
-4
-2
3
10
6
3
8
9
-1
8
14
15
10
4
16
21
19
19
22
30
24
17
15
18
9
9
4
4
8
6
10
6
8
9
13
10
8
11
8
3
-1
7
1
5
3
5
3
9
14
2
0
-6
6
-5
-4
-5
-4
-6
-18
-20
-20
-14
-9
-4
-5
-1
5
0
5
4
9
3
-2
3
5
12
11
16
13
16
7
11
9
13
13
12
15
3
10
7
7
0
5
8
1
1
-2
3
2
12
7
5
4
7
2
-7
-7
-13
-15
-18
-19
-23
-20
-22
-30
-24
-26
-21
-19
-17
-15
-5
-7
-5
-2
-6
0
-6
-12
-14
-10
-4
-13
-16
-10
-4
3
8
13
15
14
17
16
14
17
9
2
-5
1
-1
-4
-4
-5
2
-4
4
-1
2
6
-3
0
-3
2
6
8
1
-1
0
0
-5
-7
-10
-11
-12
-15
-7
-10
-13
-15
-13
-8
-11
-7
-7
-6
-10
-10
-6
-10
-4
-7
-6
-6
-3
2
4
1
0
0
-1
1
-5
2
2
0
-2
4
5
0
4
-2
-3
0
4
6
9
16
18
23
17
18
18
19
15
15
17
13
19
20
20
12
17
26
18
17
16
14
10
11
7
9
10
11
11
5
4
5
7
-3
-1
-3
-5
-8
-9
-9
-14
-15
-20
-17
-17
-20
-25
-27
-30
-39
-38
-41
-33
-30
-31
-27
-30
-35
-31
-21
-24
-23
-19
-19
-16
-11
-7
-4
-2
2
10
5
3
12
16
25
23
21
16
25
25
23
20
23
23
17
23
16
18
20
20
15
9
14
6
6
9
11
4
6
6
6
6
4
6
6
10
12
8
5
8
7
8
6
3
6
5
10
11
9
10
12
13
10
8
8
8
1
-1
-4
-3
-12
-18
-19
-23
-24
-28
-25
-25
-25
-20
-19
-20
-18
-16
-23
-17
-15
-14
-14
-10
-9
-9
-5
0
1
1
8
20
20
19
22
28
27
27
29
28
26
23
22
20
28
27
24
21
15
14
15
10
1
2
-4
-6
-14
-15
-14
-17
-22
-22
-20
-21
-18
-25
-23
-26
-25
-24
-27
-25
-30
-28
-25
-16
-11
-10
-9
-14
-12
-10
-2
-3
2
1
-2
6
0
-1
-5
0
-4
-9
-6
-7
-2
-1
-4
0
4
4
3
7
7
8
5
0
-3
-7
-5
-6
-3
5
9
15
16
16
21
25
22
15
22
26
22
20
25
25
22
23
20
21
17
18
16
8
8
6
2
-1
-1
-2
-2
3
2
0
0
-1
-6
-12
-12
-9
-9
-16
-18
-21
-16
-17
-17
-17
-19
-21
-26
-20
-18
-18
-17
-18
-20
-18
-18
-19
-14
-12
-9
-13
-17
-17
-17
-13
-18
-16
-11
-11
-8
-8
-11
-5
2
4
6
5
8
12
9
8
12
10
11
11
15
20
22
20
14
18
20
26
24
20
27
27
25
26
26
24
16
16
13
16
22
24
27
24
23
12
3
-2
-3
-6
-6
-6
-7
-7
-6
-1
-3
-5
-7
-5
-6
-13
-16
-14
-6
-9
-13
-17
-17
-13
-13
-12
-14
-15
-14
-16
-18
-17
-19
-19
-14
-11
-8
-14
-12
-9
-7
-2
-7
-10
-8
-7
-9
-10
-12
-9
-8
0
0
0
7
8
7
4
8
10
12
11
12
9
10
9
4
6
7
6
10
16
13
21
25
26
20
20
21
13
12
13
13
11
9
8
8
5
3
7
5
6
10
6
3
0
-1
-3
-6
-5
-3
-3
1
-2
-3
-1
-4
-2
-3
-3
5
4
0
-3
-5
-9
-12
-10
-12
-15
-18
-18
-12
-11
-8
-10
-9
-9
-9
-8
-10
-8
-9
-5
-7
-10
-9
-8
-5
-9
-8
-7
-11
-5
-4
-9
-10
-7
-9
-8
-7
-8
-4
-5
-6
-12
-12
-10
-8
-7
-6
-1
1
2
3
-1
2
3
1
1
8
7
9
10
10
13
17
18
16
15
13
16
11
12
13
11
10
8
9
15
13
9
9
9
10
8
6
5
8
11
6
3
2
2
1
-1
-1
4
5
6
7
7
8
9
11
9
13
14
11
8
4
2
3
3
1
1
1
0
-4
-6
-4
-8
-11
-13
-15
-18
-20
-20
-25
-27
-27
-22
-25
-25
-23
-25
-26
-28
-27
-27
-26
-27
-26
-23
-23
-21
-17
-14
-11
-8
-6
-4
1
1
3
5
6
5
9
16
18
20
18
16
22
23
20
21
23
23
27
29
31
29
30
28
28
28
26
25
28
26
29
25
26
30
21
21
16
14
13
12
9
6
3
0
0
-1
-3
-4
0
-5
-5
-5
-10
-7
-7
-7
-12
-14
-14
-21
-29
-28
-29
-29
-29
-30
-29
-31
-32
-27
-33
-30
-33
-29
-28
-34
-33
-32
-27
-29
-28
-29
-26
-31
-34
-32
-28
-26
-22
-21
-18
-12
-15
-11
-9
-2
-2
4
5
8
13
12
14
22
24
23
26
29
32
33
40
39
40
43
43
45
46
49
54
52
48
50
52
48
41
42
37
37
36
31
25
24
18
20
14
5
7
4
0
1
2
-1
-7
-12
-16
-18
-21
-20
-22
-27
-28
-29
-31
-30
-29
-26
-26
-28
-27
-25
-22
-22
-22
-24
-20
-15
-16
-18
-14
-12
-10
-8
-4
-1
0
6
7
7
9
8
9
8
8
14
13
13
13
12
13
14
13
14
9
9
8
2
2
2
2
-3
-4
-6
-9
-10
-16
-15
-16
-18
-17
-17
-19
-21
-24
-24
-21
-23
-25
-24
-22
-20
-18
-15
-12
-15
-15
-13
-14
-10
-7
-7
-6
-9
-5
-7
-3
-3
-2
-4
2
5
5
7
8
10
10
13
9
8
8
9
10
11
13
17
14
15
17
19
21
21
18
19
18
16
15
18
19
15
14
16
14
10
15
16
18
19
19
17
15
17
14
13
6
3
4
3
1
-6
-5
1
-3
-8
-12
-11
-16
-20
-20
-18
-23
-20
-18
-18
-20
-22
-20
-19
-14
-15
-15
-12
-11
-10
-8
-7
-6
-7
-10
-6
-6
-5
-1
0
4
8
4
1
4
1
-1
-5
-6
1
0
-1
5
9
12
15
18
18
21
21
21
20
23
20
17
20
21
20
17
16
12
10
10
8
6
5
12
8
7
4
0
-1
2
3
2
3
-2
-3
-4
-6
-7
-7
-8
-11
-16
-16
-20
-22
-23
-25
-22
-23
-24
-29
-28
-27
-26
-26
-24
-26
-24
-18
-16
-17
-16
-16
-13
-11
-8
