SAMPLES:	19344
BITSPERSAMPLE:	16
CHANNELS:	1
SAMPLERATE:	16000
NORMALIZED:	FALSE
87
75
39
41
40
19
22
24
9
-27
-14
-39
-47
-22
-28
-15
-26
-31
-44
-44
-49
-72
-79
-50
-56
-42
-36
-27
12
-3
8
5
12
7
-19
6
20
4
5
-14
-3
-24
-41
-49
-39
-12
-8
-4
4
32
22
28
32
14
18
9
4
28
31
57
23
16
25
32
20
26
28
2
-10
-23
-27
-40
-52
-54
-51
-48
-55
-55
-58
-84
-81
-83
-85
-92
-96
-80
-76
-70
-61
-61
-41
-43
-33
-23
-3
-17
-9
7
-1
22
17
51
35
12
17
21
37
55
61
69
79
76
93
71
89
107
103
100
97
83
67
63
47
38
38
35
22
5
-27
-35
-30
-54
-58
-57
-62
-78
-86
-94
-104
-108
-115
-91
-86
-98
-67
-54
-38
-38
-27
-20
-9
6
-1
31
39
43
48
71
79
73
82
79
102
103
105
108
106
99
99
99
100
111
113
101
93
98
89
81
82
56
57
36
41
45
25
10
-4
1
-26
-74
-117
-110
-116
-93
-95
-97
-66
-76
-91
-110
-129
-137
-128
-131
-117
-105
-99
-84
-72
-54
-79
-72
-62
-56
-45
-40
-34
-37
-36
-55
-27
-20
-11
25
48
55
50
72
107
92
84
83
64
71
62
61
30
20
48
23
12
4
-24
-23
-23
-33
-45
-51
-58
-48
-56
-66
-65
-62
-48
-63
-54
-65
-39
-21
-30
-12
-10
-6
26
47
58
57
51
51
46
61
58
52
67
49
42
34
44
57
43
45
25
20
-1
-3
-7
-13
-13
2
15
11
23
21
46
19
25
30
18
12
16
27
9
-10
-2
1
14
18
25
28
23
41
32
39
21
2
-7
-2
9
-1
-2
8
-8
-23
-35
-39
-38
-43
4
20
24
41
44
41
45
34
29
42
27
20
15
39
28
32
14
8
27
25
21
8
15
19
7
17
27
23
6
-15
-25
-19
-19
-11
-13
-25
-28
-57
-67
-85
-96
-86
-120
-142
-122
-119
-114
-112
-126
-140
-127
-127
-123
-112
-119
-123
-115
-130
-111
-85
-73
-75
-56
-37
-25
12
29
32
51
53
83
94
99
110
95
103
99
86
75
100
120
106
101
139
158
121
110
108
117
109
89
100
88
80
53
53
49
35
38
45
26
16
-3
-29
-31
-37
-50
-40
-57
-66
-59
-65
-60
-84
-84
-99
-122
-115
-127
-135
-122
-99
-98
-78
-58
-56
-33
-27
-47
-15
-2
11
26
45
81
89
96
97
86
108
100
107
104
106
113
81
100
91
82
66
58
55
38
44
33
20
19
7
4
-6
-31
-34
-49
-50
-55
-72
-65
-49
-78
-90
-73
-82
-95
-87
-96
-95
-93
-86
-81
-70
-49
-30
10
6
7
18
28
54
42
66
54
59
63
60
71
56
56
46
61
30
8
19
5
-8
-14
-7
-17
2
3
17
-2
-21
-8
-26
-35
-50
-37
-48
-51
-68
-65
-63
-60
-58
-72
-48
-47
-69
-63
-82
-78
-69
-94
-68
-66
-60
-64
-49
-51
-59
-58
-38
-18
1
20
35
44
44
50
71
82
100
99
83
75
93
120
130
121
126
162
166
161
153
165
144
128
126
137
120
86
98
68
63
75
72
45
24
23
-11
-30
-42
-34
-56
-66
-68
-100
-81
-60
-70
-77
-70
-81
-100
-95
-92
-91
-92
-104
-95
-79
-79
-58
-63
-60
-55
-67
-81
-65
-49
-61
-52
-33
-33
-29
-21
-3
23
26
34
44
62
73
57
65
85
65
71
54
49
18
10
28
13
16
-3
5
-3
-4
2
-9
-18
-19
-23
-38
-19
2
0
-25
-39
-16
-33
-35
-32
-58
-44
-56
-43
-54
-51
-36
-28
-35
-37
-38
-24
-18
-32
-17
-11
11
5
-7
-3
-9
-3
2
-5
17
39
53
61
51
75
57
62
86
58
67
67
41
38
33
13
27
7
8
-1
-10
-5
-23
-8
-13
-6
-24
-49
-39
-48
-49
-39
-43
-41
-13
-12
-18
-28
-41
-27
-39
-30
-25
-50
-51
-38
-24
-37
-22
-8
2
0
8
12
6
45
32
42
44
37
55
47
78
88
96
94
77
90
56
52
45
47
49
42
30
27
34
14
29
8
17
0
3
-8
-6
-8
-22
-6
-22
-33
-33
-41
-27
-25
-61
-39
-35
-37
-41
-47
-72
-60
-52
-60
-62
-54
-20
-44
-36
-13
-19
-27
-4
-3
5
31
23
34
61
62
49
59
66
50
57
67
67
68
64
61
57
63
64
68
81
69
52
32
33
-5
-31
-33
-23
-22
-42
-53
-66
-54
-41
-37
-41
-45
-58
-65
-55
-58
-70
-68
-61
-59
-53
-58
-56
-47
-55
-33
-18
-18
-11
1
6
-13
-19
-7
17
2
-1
-4
-9
-13
7
13
-7
6
2
15
29
35
42
40
46
23
19
11
24
28
17
5
6
27
-4
-9
-13
-25
-27
-26
-33
-33
-29
-25
-39
-53
-53
-78
-74
-82
-96
-90
-92
-69
-56
-35
-22
-18
-15
-18
7
28
42
55
55
58
95
73
89
98
89
108
94
91
104
114
107
124
116
118
113
96
99
81
100
79
81
83
51
50
36
25
-12
-5
-12
-6
-6
-23
-29
-33
-37
-66
-63
-70
-80
-102
-121
-109
-119
-139
-141
-140
-143
-121
-97
-96
-73
-54
-45
-30
-27
-28
-17
-12
-18
-5
-13
1
11
23
26
40
53
45
48
47
38
36
28
12
23
24
19
28
22
13
1
16
27
47
56
57
53
39
38
16
26
8
-14
-33
-36
-43
-39
-6
-34
-28
-15
-15
-10
-20
-20
-16
-16
-8
-17
-25
-29
-39
-18
-20
-24
-21
-5
-2
-8
0
12
22
22
10
0
17
24
13
16
6
-3
14
1
28
16
26
39
26
36
30
44
35
49
44
3
19
29
24
18
6
14
13
11
13
-7
-23
-25
-52
-48
-63
-69
-58
-60
-52
-37
-39
-53
-37
-50
-36
-50
-42
-21
-8
13
16
33
53
67
62
57
56
64
69
70
67
81
82
56
59
62
63
69
52
49
43
7
11
19
8
-3
-3
-34
-46
-49
-57
-68
-70
-80
-79
-57
-57
-68
-54
-48
-30
-35
-52
-40
-22
-35
-45
-38
-26
-16
-14
-17
-29
-29
-35
-28
-34
-42
-34
-14
-23
-29
-1
-3
-9
-4
-17
-14
-11
-29
-24
-16
-19
-15
-13
-8
0
-16
-4
23
32
37
32
54
57
74
88
77
81
72
63
57
56
62
40
27
41
33
30
10
7
-13
-23
-10
8
2
38
34
11
32
20
24
1
-10
-12
-22
-24
-24
-29
-19
-7
-17
-1
-9
10
12
13
10
-20
21
14
3
-5
-24
-41
-44
-25
-44
-31
-12
-15
-20
-1
-3
10
14
3
11
-9
-11
-9
0
4
5
12
-7
-7
-18
-4
3
-13
2
2
24
3
-3
-14
-3
14
17
20
9
35
19
23
28
38
32
30
32
17
35
29
28
33
22
21
0
-4
13
11
7
-20
2
1
-6
16
6
20
5
3
26
-3
-9
-14
-29
-31
-52
-39
-37
-45
-64
-79
-94
-103
-89
-92
-79
-77
-58
-57
-66
-64
-43
-45
-41
-42
-39
-30
-26
-34
-25
-19
-35
-27
-36
-29
-7
-1
17
40
29
51
81
80
78
90
118
108
82
96
87
86
99
95
101
99
105
94
89
87
60
67
52
44
36
38
21
13
24
16
8
-7
-27
-56
-46
-55
-75
-64
-85
-66
-74
-76
-52
-57
-45
-53
-68
-74
-66
-59
-59
-39
-38
-43
-43
-33
-27
-13
-11
22
26
8
1
-5
-7
-9
-8
-3
-9
3
9
14
27
38
26
24
25
1
9
-3
-13
-22
-22
-26
-34
-13
-27
-12
-33
-27
-9
2
-1
-10
10
-5
-13
-30
-56
-44
-43
-37
-63
-53
-14
-25
-6
6
13
3
-7
0
-15
-6
-5
3
37
31
5
17
29
25
22
24
53
55
58
72
78
66
71
69
57
55
58
65
63
43
20
16
21
18
24
30
25
37
36
44
25
-10
15
29
29
21
14
26
9
-6
-12
12
5
7
4
-16
-20
-41
-42
-46
-41
-44
-23
0
1
10
13
29
42
36
35
38
48
30
16
1
-21
-20
-27
-18
-5
-29
-31
-8
-37
9
25
-12
-10
-26
-67
-31
-8
-28
-25
-24
-31
-48
-41
-48
-30
-46
-62
-52
-64
-69
-55
-64
-63
-29
-46
-41
-24
-62
-58
-35
-27
-26
-17
-39
-34
-26
-40
-46
-49
-46
-25
-22
-18
5
-6
3
14
26
26
18
17
34
34
56
89
102
91
78
76
76
88
87
64
45
58
56
36
31
28
20
9
9
-4
-17
4
2
2
14
19
20
27
-2
-38
-54
-64
-65
-55
-45
-53
-29
-15
-31
-33
-38
-38
-23
-40
-57
-50
-38
-52
-35
-1
25
30
16
18
51
71
70
52
42
40
43
36
43
49
32
40
48
40
44
45
42
40
38
42
65
49
19
24
41
47
23
20
20
12
19
34
26
16
-6
-18
-21
-30
-48
-57
-51
-41
-24
-44
-40
-46
-47
-33
-59
-90
-97
-73
-67
-47
-16
-14
-23
-35
-9
-31
-3
15
1
17
17
17
19
24
21
36
30
21
38
32
26
40
42
45
40
8
-36
-32
-43
-34
-36
-46
-27
-16
-21
-25
-2
-13
-4
-7
-31
-64
-65
-80
-105
-96
-84
-80
-53
-41
-59
-47
-44
-31
-19
-5
13
19
28
25
-3
-2
5
-8
-4
3
14
11
27
42
39
55
62
68
86
64
44
46
39
49
65
64
68
70
86
90
74
92
83
53
37
40
22
38
43
45
35
28
28
19
13
10
10
15
-10
-43
-57
-65
-38
-23
-11
-31
-6
6
-38
-48
-66
-70
-50
-45
-40
-29
-39
-16
-1
10
19
17
-3
0
-20
-29
-16
-3
5
24
12
-21
-9
10
13
5
-5
-46
-42
-9
-7
-11
0
6
7
-7
-22
-17
-18
-36
-37
-35
-64
-44
-63
-70
-49
-29
-17
3
7
-20
-20
-28
-19
-11
-17
-10
-2
-42
-33
-3
-25
0
23
22
23
58
38
21
42
23
30
36
23
11
10
18
47
54
41
36
15
13
35
34
38
62
70
62
64
49
17
26
-4
-42
-27
-48
-87
-76
-58
-61
-56
-47
-37
-34
-33
-35
-23
4
22
20
15
37
32
31
39
33
31
40
37
15
9
2
10
7
23
28
35
42
27
33
46
50
45
34
24
14
-3
-26
-36
-28
3
-2
-6
7
-4
-12
-21
-29
-17
-22
-55
-59
-49
-75
-63
-36
-40
-29
-30
-16
8
12
2
-11
-27
-17
-1
5
19
26
2
-7
1
9
26
19
20
27
49
51
78
80
52
46
32
10
-14
2
-14
0
28
12
13
7
-6
-4
-10
1
-30
-51
-36
-29
-29
-57
-42
-17
9
30
20
25
22
3
-11
-18
-20
-30
-41
-43
-39
-58
-43
-31
-20
-11
-27
-27
-19
-43
-59
-71
-67
-32
-11
-6
-26
-19
-10
-23
-13
-23
-20
-9
8
29
21
26
41
50
50
52
27
46
41
26
30
23
35
51
63
76
89
75
64
38
29
26
14
14
-7
0
-31
-34
-3
-4
-3
-5
-15
-2
24
8
5
23
15
-14
-35
-35
-6
19
1
14
4
-8
10
-6
-3
-4
-13
2
16
5
16
2
4
6
16
28
16
-7
-22
-13
-9
7
-3
-17
-31
-40
-45
-74
-71
-59
-44
-18
-23
-8
13
2
0
16
-1
-11
-30
-25
-17
-11
4
-6
-2
-15
-36
-52
-55
-52
-53
-57
-65
-54
-46
-77
-56
-39
-42
-35
-39
-32
-43
-33
-16
-21
-25
-44
-29
1
13
26
25
44
59
76
71
72
88
101
86
84
102
82
75
52
49
35
47
78
81
84
109
107
95
69
57
59
65
73
67
72
63
82
82
62
60
55
54
45
23
-10
-18
-25
-39
-43
-64
-68
-63
-70
-83
-74
-67
-90
-86
-67
-59
-62
-68
-72
-63
-42
-35
-23
-27
-25
-21
-43
-26
-20
-11
-4
-25
-11
-5
0
-5
-7
9
0
15
15
-3
-19
-18
-2
-26
-38
-34
-32
-36
-28
-16
-28
-39
-39
-35
-27
-36
-40
-43
-45
-49
-57
-46
-22
-15
-25
-28
-14
-9
-18
-6
9
14
-25
-31
-23
-32
-13
5
20
39
56
20
28
28
29
35
25
15
15
21
26
42
50
62
74
72
38
31
25
1
-2
11
26
19
10
2
2
-2
-7
8
10
19
22
20
25
16
3
17
12
-5
14
10
0
4
5
2
2
-11
-25
-1
13
16
-4
9
29
9
6
-6
-15
-31
-16
1
-15
-8
-15
-11
2
5
12
26
25
5
4
10
21
38
36
38
45
38
38
51
29
-3
10
13
7
11
18
-7
-20
-3
-9
-30
-37
-35
-29
-10
16
39
22
19
17
16
14
32
44
34
29
21
18
12
6
6
7
-8
7
-4
-22
-18
-15
-29
-21
-10
-18
-13
-21
-34
-36
-30
-31
-27
-30
-38
-48
-62
-60
-48
-54
-30
-12
-26
-47
-43
-52
-44
-31
-18
-8
-14
-31
-42
-39
-49
-59
-51
-61
-47
-12
-10
-17
-5
5
-13
2
13
10
3
7
21
18
19
12
23
23
18
10
8
21
39
27
26
18
11
36
22
42
58
61
58
35
20
24
28
15
22
20
28
33
25
26
40
35
17
5
-16
-30
-20
-26
-48
-42
-48
-66
-49
-28
-24
-23
-3
13
25
21
27
41
46
51
48
33
41
56
47
41
40
23
-11
-23
-27
-32
-37
-46
-40
-33
-46
-35
-15
-31
-44
-41
-50
-20
-7
15
41
41
44
30
35
37
21
19
15
34
35
29
22
20
11
-3
6
18
19
6
17
10
19
5
-3
-7
-20
-16
-16
-12
-18
-17
-16
-18
-26
-38
-39
-33
-35
-41
-38
-33
-25
-3
1
-8
-6
-8
8
14
0
3
-14
-29
-27
-17
-8
-17
-16
-12
-10
3
-9
-9
22
7
23
19
3
25
16
17
8
-10
-7
-11
-14
-26
-25
-9
-19
-4
6
-4
11
16
10
13
1
-4
-3
2
14
8
6
24
41
22
9
24
25
13
12
4
0
14
6
11
14
1
0
-18
-12
-7
-13
-3
-18
-8
-2
0
9
5
-2
1
9
9
10
6
18
12
24
30
25
26
14
29
22
23
51
47
34
34
26
27
20
15
17
24
31
17
-4
-10
-23
-18
-9
-7
-1
-13
-27
-35
-37
-36
-38
-50
-61
-62
-63
-63
-70
-70
-68
-63
-61
-55
-46
-42
-39
-36
-21
3
-6
-5
12
31
33
33
30
29
25
26
13
12
10
17
30
28
35
45
39
35
33
32
37
35
32
19
24
12
-1
0
-8
-8
-18
-20
-11
-3
11
18
15
15
8
-1
-10
-13
-9
-23
-19
-15
-10
-19
-32
-22
-25
-15
0
14
6
7
18
9
6
4
3
-1
2
2
-18
-18
-14
-7
-6
-13
-4
-7
-8
-4
9
-1
8
15
11
20
17
19
11
16
4
-24
-30
-26
-29
-34
-30
-30
-22
-22
-12
-13
-34
-31
-36
-31
-41
-58
-42
-43
-39
-34
-35
-18
-15
-12
-3
3
8
7
14
18
9
17
25
31
46
57
82
99
102
94
89
81
79
69
70
67
57
73
51
40
52
52
48
41
39
20
11
8
7
-10
-23
-26
-41
-44
-44
-35
-27
-20
-14
-9
-15
-23
-30
-29
-22
-16
-9
-28
-37
-31
-34
-34
-46
-35
-32
-22
-10
-4
-1
-5
4
-14
-26
-30
-19
-36
-42
-31
-35
-17
-18
-17
-8
-3
-9
-1
-5
-9
-2
-11
11
11
5
13
12
11
-6
-13
-19
-9
3
1
-3
-8
-10
-9
-14
-19
-16
-11
-4
-5
-9
-4
4
-7
-6
12
15
0
-5
-4
-13
-9
-14
-15
-9
-11
-9
-6
8
18
26
26
17
16
15
15
23
36
42
41
37
24
18
22
21
18
15
11
12
21
26
26
34
23
16
13
6
0
-6
-16
-24
-34
-27
-24
-29
-26
-31
-16
-25
-23
-13
-10
-11
-5
12
15
27
36
40
25
16
27
20
8
5
14
5
-1
10
19
18
20
25
28
34
23
15
24
19
19
27
7
-1
0
-6
-12
-4
-2
-5
1
3
-10
-11
-17
-13
-4
-4
3
11
0
-11
-8
-10
-13
-24
-34
-29
-28
-28
-27
-29
-37
-42
-38
-49
-53
-48
-51
-54
-46
-39
-40
-40
-36
-49
-56
-58
-46
-28
-21
-14
-6
-1
2
-3
3
10
4
23
38
52
53
59
59
49
47
60
55
57
56
39
47
31
19
29
20
14
22
3
-4
-4
-3
2
8
16
19
17
17
15
16
21
15
7
21
29
31
29
28
24
9
4
-6
2
-9
-16
-28
-39
-26
-14
-13
-1
24
47
53
59
60
47
49
55
50
23
17
-13
-58
-86
-118
-165
-221
-243
-252
-298
-325
-331
-345
-344
-327
-303
-292
-243
-172
-106
-44
28
102
152
212
266
313
368
405
421
430
444
448
427
419
414
384
367
350
321
286
254
219
185
147
94
38
-6
-23
-55
-120
-171
-194
-228
-269
-314
-346
-362
-360
-353
-346
-331
-312
-280
-249
-207
-182
-147
-106
-96
-82
-61
-42
-29
-15
-7
22
28
34
40
53
66
34
43
38
30
38
34
38
26
33
60
68
75
74
79
105
142
189
226
253
279
291
310
308
288
249
177
102
32
-46
-163
-297
-418
-542
-658
-746
-814
-877
-928
-907
-837
-770
-690
-597
-513
-406
-247
-120
-4
147
268
368
468
547
637
698
754
817
865
903
938
977
1001
981
957
956
920
882
830
769
688
575
444
327
214
92
-29
-134
-235
-355
-458
-540
-605
-660
-706
-749
-740
-721
-705
-678
-644
-586
-533
-493
-421
-353
-321
-283
-227
-181
-144
-116
-51
-1
44
114
171
208
260
314
318
306
310
260
185
161
109
47
-4
-65
-125
-169
-196
-245
-261
-248
-245
-197
-170
-120
-63
-13
45
86
131
192
275
330
386
416
403
409
378
298
175
57
-50
-195
-364
-527
-689
-860
-1000
-1128
-1228
-1310
-1325
-1300
-1255
-1155
-1047
-937
-754
-576
-377
-181
36
248
400
575
712
824
921
1012
1051
1072
1118
1174
1196
1230
1265
1262
1263
1228
1207
1183
1108
1064
964
852
758
670
553
410
284
133
8
-106
-202
-306
-394
-468
-526
-545
-553
-555
-560
-558
-545
-511
-486
-445
-384
-344
-307
-231
-170
-103
-23
24
65
89
110
90
56
-8
-74
-174
-276
-441
-599
-747
-948
-1094
-1234
-1354
-1462
-1524
-1532
-1496
-1428
-1346
-1214
-1039
-858
-683
-461
-242
-28
190
375
583
737
872
979
1101
1181
1247
1344
1396
1404
1416
1420
1397
1351
1317
1305
1230
1156
1087
979
873
781
658
534
421
315
215
132
63
-20
-64
-73
-75
-83
-65
-60
-53
-65
-119
-197
-342
-488
-620
-812
-1022
-1221
-1430
-1634
-1804
-1896
-2003
-2076
-2052
-1949
-1793
-1615
-1361
-1125
-851
-547
-249
38
274
478
679
818
931
1027
1100
1118
1127
1159
1149
1156
1126
1115
1106
1082
1064
1040
1076
1051
971
864
738
619
512
399
273
120
-5
-108
-170
-234
-297
-321
-355
-320
-288
-247
-168
-91
-15
62
143
199
212
220
256
263
275
280
262
259
253
231
172
103
15
-112
-249
-393
-570
-822
-1076
-1284
-1527
-1738
-1898
-2056
-2182
-2234
-2241
-2211
-2125
-1955
-1740
-1481
-1153
-809
-486
-162
177
474
732
998
1228
1398
1559
1702
1812
1901
1995
2057
2077
2106
2122
2111
2072
2020
1962
1853
1716
1567
1425
1247
1041
806
588
416
231
83
-44
-144
-178
-222
-240
-216
-189
-166
-190
-236
-350
-484
-657
-843
-1069
-1344
-1612
-1896
-2146
-2403
-2565
-2719
-2832
-2830
-2728
-2546
-2361
-2064
-1746
-1376
-975
-585
-201
149
441
705
932
1106
1257
1333
1403
1480
1511
1490
1485
1523
1538
1540
1551
1563
1543
1513
1479
1384
1242
1068
875
674
481
282
36
-160
-314
-454
-584
-700
-766
-753
-684
-586
-465
-327
-144
17
206
393
542
698
771
839
821
764
633
431
256
49
-219
-528
-817
-1109
-1356
-1600
-1815
-1994
-2128
-2180
-2155
-2084
-1998
-1855
-1676
-1461
-1211
-942
-698
-467
-222
4
207
401
588
762
905
1080
1217
1346
1503
1634
1783
1914
2008
2086
2122
2151
2141
2071
2003
1883
1733
1577
1419
1207
1000
806
631
502
350
248
133
67
34
-26
-55
-127
-212
-370
-551
-749
-988
-1235
-1536
-1833
-2157
-2460
-2726
-2919
-3046
-3107
-3142
-3040
-2870
-2679
-2404
-2124
-1762
-1378
-955
-542
-178
176
472
791
1047
1257
1444
1593
1720
1821
1926
1983
2074
2119
2125
2162
2150
2096
2038
1968
1829
1658
1463
1248
1005
763
534
298
68
-136
-312
-416
-467
-480
-477
-386
-256
-118
50
210
370
473
530
502
367
175
-45
-278
-602
-936
-1282
-1656
-1953
-2215
-2418
-2613
-2737
-2763
-2673
-2519
-2316
-2056
-1784
-1466
-1150
-785
-497
-225
49
270
497
671
822
981
1144
1291
1391
1487
1615
1721
1815
1913
1961
1996
1983
1940
1878
1769
1650
1470
1300
1129
949
819
657
536
483
436
417
446
532
602
636
690
710
640
533
386
156
-114
-430
-807
-1195
-1635
-2045
-2426
-2787
-3062
-3242
-3381
-3419
-3346
-3183
-2927
-2607
-2240
-1865
-1430
-1024
-591
-199
154
446
735
1001
1196
1365
1494
1637
1762
1894
1983
2089
2159
2213
2264
2276
2257
2198
2086
1923
1716
1506
1266
1008
783
519
256
56
-94
-162
-181
-141
-70
26
178
320
478
608
667
687
641
462
220
-63
-390
-751
-1177
-1610
-2042
-2423
-2761
-3017
-3198
-3283
-3296
-3182
-2945
-2691
-2365
-2054
-1710
-1353
-982
-645
-373
-117
129
336
517
680
864
1036
1223
1412
1568
1702
1871
2009
2112
2218
2262
2289
2232
2156
2022
1869
1678
1466
1284
1091
910
742
633
575
574
649
743
859
983
1091
1185
1277
1286
1180
1004
719
375
0
-415
-910
-1436
-1944
-2454
-2873
-3209
-3505
-3726
-3812
-3777
-3656
-3462
-3186
-2841
-2480
-2085
-1687
-1315
-903
-562
-256
64
329
536
739
951
1130
1337
1561
1773
1974
2192
2365
2490
2560
2582
2525
2421
2287
2074
1849
1576
1329
1061
767
566
388
210
163
180
243
350
476
631
778
956
1071
1082
1026
873
614
285
-65
-510
-1013
-1499
-1958
-2399
-2794
-3069
-3296
-3415
-3396
-3260
-3036
-2762
-2414
-2053
-1653
-1251
-834
-473
-179
70
280
454
591
696
784
878
982
1096
1187
1273
1410
1524
1641
1710
1805
1827
1776
1743
1662
1543
1334
1162
987
797
623
478
414
374
440
513
623
789
977
1146
1286
1434
1462
1390
1221
992
645
260
-216
-761
-1308
-1843
-2322
-2771
-3096
-3348
-3523
-3545
-3431
-3240
-2965
-2611
-2191
-1750
-1333
-888
-500
-174
100
280
454
584
672
740
784
837
924
1030
1108
1246
1398
1511
1640
1756
1837
1867
1843
1789
1687
1532
1390
1197
990
807
646
522
459
432
414
459
561
661
775
873
922
878
744
524
263
-38
-432
-878
-1395
-1879
-2322
-2741
-3072
-3298
-3415
-3420
-3255
-2999
-2652
-2251
-1789
-1308
-811
-300
156
600
949
1234
1444
1582
1653
1696
1711
1673
1645
1616
1598
1591
1617
1635
1654
1674
1673
1626
1548
1428
1243
1029
806
590
326
111
-103
-240
-318
-336
-320
-236
-97
16
177
368
455
461
402
228
5
-269
-625
-1105
-1563
-2028
-2470
-2833
-3154
-3386
-3561
-3567
-3465
-3232
-2899
-2499
-2002
-1497
-930
-417
99
595
989
1320
1578
1768
1880
1982
2006
2004
2017
2014
1992
1979
1985
1955
1953
1946
1967
1931
1878
1795
1660
1503
1323
1101
859
673
519
390
308
278
273
290
344
415
513
608
634
572
450
241
-51
-373
-801
-1293
-1787
-2325
-2841
-3277
-3679
-4016
-4200
-4255
-4162
-3925
-3592
-3156
-2662
-2087
-1513
-900
-311
237
756
1184
1567
1867
2091
2280
2409
2495
2546
2591
2611
2603
2617
2632
2632
2603
2527
2433
2325
2171
1980
1791
1562
1309
1078
802
571
343
169
25
-89
-171
-237
-256
-221
-234
-281
-383
-523
-701
-928
-1183
-1560
-1955
-2368
-2788
-3192
-3525
-3788
-3989
-4088
-4050
-3872
-3628
-3250
-2797
-2262
-1661
-1051
-417
166
738
1227
1649
2012
2265
2507
2650
2734
2752
2784
2749
2686
2634
2543
2495
2411
2352
2249
2119
1991
1831
1666
1503
1314
1107
900
749
581
432
346
283
210
171
131
120
121
58
-63
-253
-424
-677
-918
-1224
-1623
-2019
-2418
-2790
-3123
-3383
-3639
-3754
-3787
-3693
-3499
-3270
-2896
-2496
-2007
-1501
-1001
-450
51
497
927
1324
1615
1884
2092
2247
2346
2373
2414
2382
2331
2276
2218
2152
2062
1990
1868
1773
1646
1513
1415
1322
1228
1142
1085
1010
996
957
962
941
871
812
743
645
471
261
-54
-392
-748
-1146
-1579
-2056
-2488
-2894
-3252
-3582
-3809
-3969
-4055
-4023
-3901
-3633
-3345
-2933
-2476
-1979
-1451
-896
-360
160
654
1078
1483
1850
2140
2376
2558
2678
2752
2790
2805
2802
2724
2621
2501
2329
2168
2029
1848
1633
1449
1275
1138
1035
930
870
838
833
835
880
904
896
862
760
664
468
233
-100
-468
-861
-1316
-1795
-2341
-2803
-3232
-3602
-3891
-4099
-4258
-4301
-4174
-3987
-3686
-3302
-2836
-2311
-1725
-1169
-609
-29
488
967
1400
1772
2096
2361
2553
2725
2859
2956
2994
3037
3011
2927
2820
2715
2544
2347
2157
1906
1651
1404
1194
929
729
568
434
367
338
346
356
431
459
485
463
413
313
109
-179
-573
-986
-1455
-1961
-2506
-3019
-3523
-3937
-4227
-4446
-4545
-4563
-4416
-4154
-3781
-3299
-2768
-2178
-1561
-921
-330
238
785
1281
1682
2057
2349
2576
2779
2943
3059
3102
3172
3208
3208
3156
3093
2994
2828
2654
2426
2192
1914
1640
1366
1065
833
644
487
364
351
348
395
514
598
681
741
764
657
498
207
-190
-635
-1145
-1695
-2341
-2936
-3526
-4046
-4469
-4755
-4953
-5017
-4887
-4637
-4251
-3765
-3200
-2600
-1923
-1252
-600
24
582
1096
1514
1876
2186
2421
2634
2797
2957
3055
3131
3206
3244
3278
3277
3235
3112
2988
2803
2557
2290
1989
1647
1299
1048
757
527
366
282
203
182
220
256
336
385
415
340
225
-40
-397
-762
-1241
-1780
-2385
-2991
-3580
-4101
-4510
-4849
-5039
-5091
-4994
-4718
-4341
-3815
-3211
-2559
-1856
-1126
-416
218
854
1410
1896
2279
2579
2807
3003
3143
3235
3333
3391
3431
3452
3463
3406
3328
3261
3096
2871
2632
2360
2034
1708
1351
993
681
421
203
47
-45
-140
-195
-177
-161
-104
-71
-138
-278
-476
-727
-1070
-1449
-1912
-2450
-2944
-3444
-3908
-4282
-4570
-4757
-4787
-4658
-4386
-4009
-3524
-2975
-2347
-1705
-1038
-389
233
814
1284
1758
2102
2425
2697
2869
3001
3113
3206
3266
3366
3409
3444
3455
3398
3307
3183
3053
2851
2600
2311
2021
1670
1363
1044
740
473
268
134
0
-82
-167
-211
-248
-318
-451
-673
-954
-1275
-1651
-2098
-2586
-3083
-3545
-3976
-4363
-4670
-4890
-4970
-4906
-4701
-4357
-3905
-3387
-2805
-2131
-1483
-779
-97
499
1072
1572
2002
2362
2672
2927
3121
3291
3424
3563
3631
3682
3697
3682
3623
3529
3424
3246
3082
2858
2625
2327
2004
1691
1359
1094
817
581
414
259
94
-11
-90
-185
-262
-400
-622
-905
-1254
-1637
-2049
-2540
-3077
-3614
-4076
-4490
-4806
-5051
-5199
-5163
-5022
-4710
-4306
-3780
-3202
-2543
-1837
-1164
-497
164
737
1246
1723
2097
2457
2732
2974
3166
3306
3418
3529
3640
3677
3731
3789
3772
3694
3617
3522
3318
3105
2809
2475
2162
1839
1529
1206
977
734
545
387
237
107
5
-127
-337
-535
-841
-1205
-1607
-2041
-2546
-3110
-3618
-4147
-4590
-4941
-5225
-5407
-5458
-5349
-5089
-4680
-4169
-3561
-2901
-2156
-1447
-787
-88
541
1095
1602
2001
2317
2586
2849
3044
3183
3314
3444
3546
3614
3708
3746
3777
3803
3813
3731
3619
3484
3251
2987
2730
2404
2054
1730
1445
1182
968
791
561
433
266
132
-40
-267
-567
-962
-1342
-1844
-2369
-2942
-3531
-4145
-4691
-5184
-5574
-5846
-5990
-5930
-5762
-5387
-4900
-4282
-3575
-2795
-1980
-1172
-367
334
1016
1566
2018
2427
2755
3011
3191
3348
3476
3582
3639
3703
3754
3772
3813
3839
3855
3832
3787
3639
3445
3223
2958
2679
2354
2016
1671
1342
1070
838
602
406
231
52
-111
-345
-627
-973
-1353
-1783
-2302
-2851
-3408
-4006
-4569
-5093
-5518
-5836
-6047
-6060
-5917
-5589
-5165
-4572
-3892
-3100
-2258
-1406
-553
260
1006
1657
2279
2737
3116
3422
3610
3760
3837
3878
3858
3863
3848
3812
3757
3722
3688
3595
3579
3477
3359
3175
2951
2698
2422
2147
1783
1515
1240
949
699
500
255
60
-112
-377
-655
-1013
-1370
-1785
-2228
-2770
-3311
-3848
-4422
-4921
-5355
-5725
-5987
-6063
-5984
-5744
-5339
-4794
-4173
-3436
-2596
-1731
-864
-41
763
1481
2109
2616
3031
3362
3579
3756
3835
3861
3849
3821
3755
3668
3639
3592
3530
3467
3394
3307
3194
3035
2841
2656
2430
2165
1932
1705
1452
1252
1041
816
607
418
186
-52
-323
-700
-1086
-1490
-1962
-2536
-3083
-3692
-4285
-4816
-5284
-5719
-6017
-6169
-6196
-5986
-5678
-5211
-4656
-3940
-3147
-2296
-1377
-539
302
1087
1780
2383
2911
3348
3679
3932
4104
4226
4215
4215
4152
4061
3978
3912
3851
3756
3698
3576
3453
3312
3182
2976
2722
2517
2265
1991
1776
1540
1222
966
741
480
172
-142
-569
-994
-1407
-1892
-2405
-2963
-3525
-4166
-4694
-5178
-5629
-5982
-6189
-6263
-6233
-6008
-5716
-5262
-4691
-3996
-3251
-2439
-1578
-766
48
816
1495
2116
2660
3111
3487
3799
4040
4199
4287
4343
4335
4281
4282
4223
4137
4032
3916
3783
3612
3481
3302
3089
2889
2673
2428
2195
1971
1676
1436
1151
890
580
236
-154
-635
-1112
-1657
-2171
-2744
-3316
-3911
-4496
-5015
-5467
-5818
-6119
-6239
-6225
-6085
-5806
-5413
-4882
-4289
-3570
-2848
-2053
-1262
-496
226
930
1568
2131
2661
3103
3464
3748
3971
4153
4251
4284
4318
4270
4222
4172
4113
3966
3833
3717
3549
3374
3218
3038
2805
2614
2373
2141
1942
1745
1475
1247
1011
673
355
-37
-515
-1036
-1558
-2127
-2779
-3400
-4016
-4636
-5180
-5621
-6029
-6308
-6401
-6391
-6225
-5921
-5470
-4963
-4306
-3580
-2839
-2031
-1234
-468
265
952
1545
2090
2558
2979
3354
3647
3854
4019
4104
4152
4174
4174
4132
4106
4049
3970
3885
3761
3643
3524
3384
3131
2925
2744
2519
2315
2115
1853
1560
1341
1059
701
337
-107
-579
-1073
-1593
-2181
-2805
-3382
-4028
-4606
-5111
-5548
-5905
-6111
-6206
-6201
-5997
-5685
-5255
-4732
-4074
-3388
-2637
-1864
-1102
-314
346
1005
1570
2108
2569
2951
3306
3548
3765
3890
3974
4004
4029
3990
3936
3876
3763
3699
3599
3497
3371
3272
3141
2991
2859
2712
2605
2453
2257
2028
1759
1511
1188
773
369
-138
-729
-1275
-1859
-2532
-3143
-3746
-4377
-4880
-5300
-5669
-5943
-6033
-6031
-5908
-5642
-5255
-4788
-4202
-3504
-2821
-2081
-1365
-672
21
649
1261
1779
2273
2699
3033
3344
3545
3709
3793
3831
3802
3808
3759
3674
3592
3469
3311
3175
3046
2888
2779
2672
2552
2437
2334
2239
2115
1959
1788
1567
1366
1060
713
307
-178
-740
-1343
-1950
-2652
-3287
-3959
-4564
-5089
-5521
-5839
-6033
-6049
-5979
-5714
-5378
-4897
-4356
-3677
-2991
-2274
-1506
-831
-116
492
1115
1656
2149
2599
2930
3263
3480
3676
3776
3833
3881
3868
3844
3757
3661
3525
3383
3191
3049
2872
2705
2540
2342
2212
2062
1967
1857
1768
1640
1472
1321
1046
731
350
-104
-616
-1179
-1757
-2422
-3061
-3707
-4354
-4927
-5377
-5732
-5959
-6007
-5972
-5771
-5483
-5046
-4515
-3918
-3189
-2449
-1675
-920
-201
484
1123
1723
2226
2721
3106
3439
3733
3928
4067
4146
4210
4196
4190
4157
4084
3946
3786
3636
3407
3182
2952
2690
2498
2264
2044
1882
1726
1531
1374
1192
995
756
453
111
-346
-790
-1304
-1864
-2513
-3171
-3840
-4478
-5036
-5551
-5934
-6174
-6259
-6269
-6079
-5767
-5340
-4795
-4164
-3438
-2687
-1866
-1077
-304
429
1128
1768
2308
2824
3235
3540
3830
4068
4210
4320
4409
4391
4376
4348
4244
4125
3989
3795
3554
3364
3134
2850
2624
2377
2107
1868
1703
1457
1216
1007
793
555
262
-36
-489
-950
-1456
-1986
-2597
-3234
-3849
-4498
-5069
-5575
-5963
-6302
-6420
-6397
-6286
-6008
-5586
-5030
-4364
-3589
-2836
-2041
-1186
-387
373
1082
1732
2291
2851
3307
3673
4004
4252
4412
4535
4636
4633
4635
4619
4533
4431
4297
4135
3955
3780
3557
3325
3067
2798
2541
2290
2073
1786
1526
1256
1005
720
389
30
-446
-943
-1480
-2057
-2695
-3343
-3999
-4630
-5231
-5758
-6149
-6479
-6635
-6675
-6549
-6290
-5910
-5349
-4718
-3989
-3251
-2407
-1569
-738
60
790
1486
2083
2691
3191
3627
3989
4264
4449
4597
4721
4777
4786
4739
4704
4594
4490
4356
4181
3961
3782
3552
3291
3113
2856
2634
2422
2178
1853
1585
1347
992
610
197
-314
-901
-1470
-2123
-2864
-3557
-4274
-4952
-5550
-6023
-6472
-6797
-6895
-6954
-6828
-6546
-6164
-5652
-5014
-4280
-3535
-2691
-1855
-1027
-197
629
1350
1998
2656
3187
3670
4058
4394
4601
4775
4920
4977
4992
4928
4894
4756
4609
4455
4266
4088
3894
3680
3415
3208
2995
2750
2538
2321
2059
1766
1506
1157
733
280
-239
-829
-1443
-2090
-2849
-3600
-4310
-5017
-5631
-6135
-6562
-6897
-7042
-7080
-6965
-6694
-6286
-5755
-5119
-4378
-3669
-2844
-2023
-1224
-386
406
1167
1859
2511
3083
3608
4043
4407
4692
4915
5111
5193
5218
5177
5116
4998
4848
4672
4425
4200
3940
3741
3514
3288
3091
2906
2729
2531
2297
2026
1756
1396
987
508
-55
-654
-1300
-2019
-2810
-3571
-4341
-5024
-5617
-6090
-6517
-6781
-6887
-6951
-6786
-6530
-6115
-5627
-5025
-4335
-3679
-2905
-2123
-1380
-648
90
775
1455
2096
2656
3161
3616
4057
4354
4643
4850
4964
5041
5062
4999
4863
4755
4571
4335
4094
3847
3580
3313
3116
2894
2696
2495
2289
2035
1834
1577
1218
856
389
-159
-766
-1393
-2146
-2901
-3630
-4354
-5003
-5590
-6087
-6509
-6752
-6873
-6860
-6688
-6427
-6020
-5530
-4904
-4235
-3522
-2755
-2022
-1265
-517
219
898
1574
2195
2773
3290
3736
4136
4477
4781
5003
5178
5288
5335
5321
5236
5102
4908
4670
4386
4129
3863
3562
3326
3075
2833
2573
2340
2066
1821
1526
1116
692
148
-425
-1052
-1744
-2523
-3256
-3982
-4720
-5335
-5880
-6328
-6703
-6885
-6963
-6892
-6677
-6349
-5909
-5395
-4749
-4095
-3375
-2658
-1946
-1242
-547
143
771
1433
2026
2568
3072
3492
3918
4309
4667
4936
5154
5286
5370
5410
5344
5241
5035
4821
4555
4284
4019
3746
3506
3246
3007
2749
2495
2238
1974
1657
1258
809
251
-353
-1034
-1746
-2548
-3344
-4122
-4864
-5490
-6019
-6456
-6792
-6940
-6991
-6854
-6580
-6216
-5730
-5149
-4500
-3839
-3109
-2416
-1736
-1080
-462
144
736
1330
1869
2400
2905
3317
3697
4081
4417
4678
4925
5077
5151
5212
5152
5042
4877
4702
4463
4211
3972
3719
3490
3247
3042
2812
2594
2350
2089
1782
1408
921
332
-314
-1009
-1756
-2585
-3393
-4176
-4922
-5562
-6094
-6571
-6880
-7008
-7030
-6884
-6577
-6168
-5652
-5015
-4362
-3677
-2949
-2259
-1585
-966
-339
220
755
1291
1773
2226
2627
2994
3355
3723
4057
4352
4623
4811
4954
5047
5051
5007
4912
4750
4557
4394
4149
3932
3701
3484
3231
2983
2759
2465
2205
1844
1414
886
335
-331
-1043
-1794
-2611
-3409
-4206
-4874
-5534
-6073
-6518
-6807
-6907
-6891
-6703
-6374
-5886
-5322
-4666
-4002
-3275
-2552
-1864
-1195
-597
-6
528
1074
1537
1939
2368
2703
3018
3344
3673
3951
4223
4464
4598
4739
4851
4887
4824
4728
4584
4394
4226
4026
3825
3618
3432
3207
2963
2711
2432
2096
1709
1278
721
134
-541
-1259
-2067
-2907
-3729
-4495
-5159
-5777
-6282
-6699
-6936
-7028
-6945
-6694
-6340
-5870
-5279
-4592
-3904
-3141
-2405
-1724
-1062
-446
151
669
1160
1599
1982
2357
2681
2975
3295
3566
3783
4021
4203
4354
4465
4532
4556
4503
4475
4346
4236
4113
3948
3795
3612
3494
3285
3113
2927
2663
2338
1950
1465
868
286
-411
-1180
-2047
-2874
-3695
-4463
-5089
-5700
-6201
-6580
-6774
-6826
-6702
-6447
-6061
-5534
-4947
-4297
-3619
-2910
-2220
-1555
-917
-306
253
791
1279
1673
2041
2377
2668
2935
3177
3409
3598
3793
3933
3998
4061
4092
4062
4008
3974
3852
3749
3647
3553
3464
3373
3264
3131
3050
2871
2610
2291
1890
1387
795
155
-594
-1401
-2253
-3086
-3883
-4578
-5175
-5785
-6233
-6525
-6685
-6667
-6492
-6187
-5764
-5230
-4628
-3984
-3272
-2556
-1863
-1180
-527
50
601
1086
1538
1949
2304
2665
2955
3233
3464
3647
3820
3986
4099
4137
4181
4152
4074
4013
3938
3841
3754
3679
3563
3475
3393
3299
3143
3006
2827
2528
2205
1720
1147
533
-149
-965
-1834
-2669
-3510
-4272
-5006
-5633
-6203
-6576
-6823
-6969
-6864
-6656
-6301
-5850
-5226
-4595
-3915
-3184
-2476
-1759
-1094
-448
129
734
1281
1765
2188
2583
2946
3215
3520
3701
3875
4041
4112
4163
4173
4157
4079
3990
3858
3701
3596
3519
3410
3332
3244
3125
3064
2991
2877
2670
2421
2065
1584
1037
413
-313
-1145
-1941
-2812
-3644
-4389
-5072
-5649
-6157
-6484
-6715
-6742
-6605
-6359
-6008
-5514
-4924
-4325
-3594
-2904
-2230
-1555
-863
-222
362
949
1432
1887
2294
2672
2991
3303
3589
3810
3995
4104
4168
4145
4134
4044
3908
3785
3661
3524
3429
3372
3296
3221
3173
3129
3079
3048
2920
2668
2367
1954
1437
880
232
-571
-1386
-2210
-3070
-3862
-4565
-5204
-5790
-6162
-6456
-6590
-6534
-6360
-6068
-5686
-5168
-4644
-4028
-3375
-2741
-2103
-1488
-871
-261
310
848
1329
1794
2218
2599
2965
3258
3469
3631
3787
3839
3843
3829
3770
3639
3498
3350
3200
3088
3012
3001
2980
2997
2994
2976
2985
2987
2886
2677
2406
1989
1463
866
215
-604
-1389
-2186
-2991
-3739
-4405
-5007
-5527
-5855
-6112
-6168
-6082
-5869
-5606
-5185
-4715
-4231
-3638
-3046
-2462
-1880
-1269
-736
-157
414
918
1372
1828
2233
2559
2899
3179
3372
3565
3684
3738
3734
3701
3637
3494
3332
3137
3001
2869
2785
2731
2683
2701
2723
2761
2758
2747
2569
2385
2066
1661
1159
556
-151
-1017
-1795
-2655
-3408
-4108
-4725
-5292
-5699
-5960
-6120
-6028
-5861
-5571
-5221
-4718
-4208
-3694
-3094
-2574
-2015
-1471
-933
-441
73
601
1021
1483
1893
2257
2640
3001
3266
3488
3691
3792
3840
3818
3737
3630
3439
3242
3034
2859
2718
2632
2582
2549
2571
2607
2668
2682
2668
2536
2333
2017
1563
1047
404
-378
-1207
-1994
-2818
-3571
-4219
-4842
-5336
-5636
-5839
-5922
-5820
-5618
-5315
-4908
-4398
-3896
-3344
-2773
-2244
-1696
-1167
-689
-227
250
678
1082
1493
1875
2218
2574
2898
3164
3395
3550
3615
3641
3612
3479
3338
3172
2967
2794
2643
2527
2427
2366
2342
2337
2359
2422
2416
2332
2180
1940
1616
1144
643
-45
-809
-1559
-2347
-3101
-3843
-4457
-5035
-5432
-5693
-5835
-5798
-5662
-5416
-5081
-4612
-4141
-3600
-3017
-2456
-1942
-1412
-889
-443
55
525
942
1328
1757
2158
2529
2907
3208
3465
3659
3790
3844
3832
3768
3654
3484
3274
3075
2893
2695
2600
2508
2428
2404
2427
2438
2478
2459
2330
2146
1861
1490
999
441
-278
-1056
-1855
-2643
-3420
-4074
-4669
-5231
-5566
-5787
-5871
-5799
-5593
-5279
-4867
-4366
-3850
-3260
-2699
-2151
-1628
-1115
-620
-189
287
698
1121
1509
1902
2234
2556
2877
3140
3394
3557
3682
3686
3635
3534
3358
3178
2972
2761
2535
2399
2234
2137
2069
2014
2051
2081
2133
2067
2010
1801
1476
1059
547
-43
-767
-1469
-2226
-2943
-3609
-4238
-4780
-5201
-5460
-5634
-5624
-5480
-5239
-4878
-4437
-3934
-3381
-2800
-2238
-1710
-1211
-720
-279
160
583
994
1384
1719
2066
2404
2716
3000
3254
3467
3574
3628
3616
3544
3410
3243
3053
2836
2640
2417
2268
2151
2045
2027
2034
2041
2066
2055
1957
1824
1604
1258
834
357
-277
-972
-1644
-2381
-3068
-3695
-4233
-4734
-5084
-5291
-5410
-5362
-5180
-4933
-4585
-4142
-3668
-3145
-2623
-2136
-1639
-1145
-676
-245
201
632
1014
1420
1760
2108
2425
2707
2942
3158
3316
3401
3431
3357
3285
3130
2941
2720
2514
2349
2179
2087
1980
1929
1918
1925
1971
2030
1972
1835
1684
1406
1045
600
58
-603
-1248
-1901
-2586
-3170
-3699
-4183
-4578
-4790
-4942
-4959
-4843
-4658
-4375
-3963
-3528
-3101
-2578
-2111
-1674
-1241
-834
-438
-12
387
758
1146
1512
1879
2208
2541
2822
3029
3241
3353
3410
3402
3294
3152
2993
2765
2529
2355
2173
2040
1927
1838
1772
1779
1817
1843
1869
1778
1640
1375
1042
584
68
-580
-1308
-1965
-2672
-3320
-3912
-4393
-4823
-5111
-5250
-5295
-5156
-4927
-4617
-4234
-3764
-3290
-2798
-2290
-1816
-1389
-954
-514
-118
294
701
1064
1488
1860
2235
2601
2936
3216
3423
3628
3677
3686
3618
3490
3307
3067
2815
2557
2317
2128
1973
1830
1758
1760
1772
1787
1814
1793
1682
1526
1236
858
404
-144
-831
-1504
-2154
-2841
-3437
-3965
-4437
-4830
-5005
-5079
-5080
-4899
-4619
-4260
-3813
-3332
-2856
-2356
-1862
-1456
-1019
-617
-243
128
494
883
1232
1582
1936
2268
2614
2912
3147
3353
3517
3574
3592
3521
3385
3203
2950
2664
2381
2160
1929
1786
1677
1595
1536
1524
1563
1572
1508
1382
1190
858
471
-8
-640
-1293
-1956
-2593
-3222
-3791
-4292
-4719
-4982
-5161
-5212
-5130
-4884
-4585
-4171
-3682
-3207
-2681
-2172
-1656
-1214
-763
-355
46
447
784
1118
1435
1789
2111
2432
2736
3016
3257
3437
3541
3562
3563
3479
3366
3176
2945
2703
2474
2286
2070
1931
1799
1704
1645
1640
1642
1542
1419
1224
971
599
189
-331
-987
-1600
-2281
-2906
-3462
-3966
-4427
-4767
-4950
-5075
-5039
-4901
-4642
-4303
-3807
-3338
-2852
-2308
-1822
-1329
-884
-447
-63
323
701
1040
1355
1687
2026
2302
2626
2911
3129
3318
3462
3515
3471
3421
3267
3052
2852
2588
2324
2090
1893
1680
1555
1473
1402
1381
1417
1403
1297
1203
989
688
329
-90
-684
-1268
-1851
-2500
-3077
-3577
-4043
-4414
-4650
-4776
-4830
-4686
-4470
-4176
-3750
-3305
-2829
-2342
-1830
-1363
-928
-508
-121
247
631
1004
1305
1612
1901
2198
2491
2727
2955
3121
3243
3333
3330
3259
3135
2963
2707
2469
2229
1976
1758
1613
1452
1343
1348
1321
1300
1331
1296
1160
1021
823
464
94
-350
-957
-1554
-2135
-2787
-3350
-3805
-4262
-4597
-4770
-4880
-4863
-4684
-4418
-4099
-3673
-3194
-2763
-2263
-1747
-1288
-821
-372
13
415
792
1112
1434
1777
2122
2453
2750
3000
3204
3412
3529
3549
3556
3466
3312
3109
2847
2568
2271
2017
1806
1633
1494
1382
1324
1276
1266
1271
1200
1084
927
667
283
-134
-630
-1247
-1845
-2441
-3044
-3555
-4019
-4433
-4743
-4888
-4953
-4893
-4645
-4322
-3945
-3484
-2980
-2505
-1955
-1478
-1017
-545
-108
275
662
1108
1431
1781
2122
2406
2703
2988
3227
3413
3559
3638
3643
3558
3413
3240
3006
2725
2414
2132
1875
1639
1449
1288
1194
1142
1112
1105
1093
994
834
644
341
-45
-428
-962
-1615
-2185
-2796
-3408
-3918
-4353
-4757
-5027
-5129
-5159
-5031
-4774
-4445
-4034
-3554
-3030
-2514
-1958
-1459
-977
-481
-10
406
828
1247
1623
2019
2386
2732
3042
3362
3585
3767
3906
3930
3890
3782
3601
3352
3101
2821
2512
2233
2008
1791
1599
1470
1357
1302
1270
1252
1199
1077
954
697
319
-103
-568
-1140
-1772
-2351
-2958
-3509
-3985
-4425
-4811
-5027
-5102
-5112
-4931
-4701
-4370
-3954
-3460
-2962
-2466
-1905
-1456
-975
-519
-88
316
771
1186
1563
1959
2296
2644
2955
3262
3473
3631
3754
3747
3680
3577
3375
3160
2883
2560
2244
1994
1758
1553
1430
1309
1238
1227
1217
1223
1211
1093
904
648
275
-164
-643
-1245
-1877
-2499
-3089
-3646
-4122
-4514
-4864
-5048
-5099
-5038
-4851
-4566
-4200
-3769
-3253
-2742
-2196
-1677
-1185
-709
-234
220
637
1081
1482
1861
2242
2609
2934
3253
3532
3719
3872
3983
3942
3852
3706
3473
3202
2903
2559
2228
1951
1668
1454
1287
1190
1094
1070
1050
1040
1016
924
796
527
191
-228
-690
-1301
-1936
-2536
-3159
-3690
-4177
-4593
-4937
-5118
-5156
-5108
-4895
-4598
-4205
-3734
-3162
-2649
-2106
-1548
-1090
-596
-160
262
644
1085
1483
1867
2259
2587
2908
3190
3471
3653
3804
3888
3861
3775
3604
3380
3081
2770
2443
2107
1830
1545
1342
1152
1038
955
919
907
898
873
722
596
314
-17
-419
-892
-1468
-2091
-2649
-3241
-3740
-4186
-4573
-4874
-5037
-5063
-4992
-4773
-4453
-4053
-3605
-3076
-2546
-2027
-1474
-985
-465
2
442
886
1302
1723
2111
2499
2858
3173
3459
3707
3884
3981
4034
3942
3823
3646
3380
3085
2719
2381
2031
1728
1462
1246
1094
993
954
930
933
921
843
729
582
278
-53
-446
-927
-1513
-2120
-2729
-3361
-3839
-4286
-4702
-5052
-5192
-5241
-5177
-4923
-4633
-4220
-3746
-3232
-2731
-2123
-1572
-1093
-566
-66
420
858
1333
1734
2156
2546
2904
3245
3539
3833
3967
4098
4130
4071
3935
3761
3504
3147
2840
2489
2175
1872
1644
1406
1226
1155
1040
1027
1007
1042
947
821
637
324
20
-409
-906
-1528
-2086
-2733
-3316
-3827
-4359
-4765
-5075
-5187
-5298
-5152
-4950
-4669
-4228
-3780
-3203
-2660
-2031
-1514
-970
-440
45
557
988
1468
1825
2284
2650
2981
3309
3562
3821
3964
4079
4067
4020
3841
3605
3322
2988
2645
2258
1956
1621
1367
1125
954
896
805
811
770
800
713
611
466
155
-143
-561
-1066
-1678
-2224
-2850
-3450
-3956
-4431
-4818
-5103
-5197
-5247
-5084
-4877
-4538
-4119
-3612
-3059
-2541
-1937
-1444
-910
-397
90
574
1031
1514
1914
2356
2728
3050
3397
3667
3903
4022
4146
4116
4045
3894
3649
3360
3012
2657
2264
1956
1667
1415
1200
1054
980
896
914
908
947
914
807
608
338
31
-419
-936
-1551
-2143
-2763
-3319
-3858
-4344
-4750
-5045
-5198
-5253
-5137
-4936
-4595
-4177
-3676
-3147
-2609
-2008
-1482
-942
-398
105
572
1043
1514
1940
2358
2764
3114
3425
3689
3907
4053
4154
4116
4011
3828
3582
3278
2915
2530
2163
1855
1477
1241
1022
902
847
817
845
858
947
860
833
653
386
57
-304
-825
-1454
-2005
-2687
-3265
-3819
-4285
-4766
-5071
-5208
-5306
-5151
-4960
-4619
-4249
-3756
-3245
-2726
-2114
-1619
-1033
-509
12
489
1000
1486
1895
2320
2702
3048
3341
3651
3837
3972
4065
4038
3973
3793
3571
3256
2911
2519
2153
1820
1465
1219
999
881
786
769
792
851
943
916
886
738
486
170
-200
-694
-1322
-1893
-2532
-3145
-3703
-4181
-4630
-4966
-5144
-5229
-5124
-4920
-4585
-4221
-3729
-3233
-2706
-2118
-1585
-1050
-526
-11
483
1014
1483
1932
2392
2797
3128
3426
3737
3900
4018
4085
4031
3886
3724
3484
3121
2811
2418
1992
1662
1363
1076
913
808
731
752
778
823
913
973
938
822
635
342
-25
-463
-1069
-1690
-2314
-2945
-3532
-4034
-4490
-4884
-5103
-5211
-5154
-4972
-4681
-4329
-3861
-3338
-2823
-2222
-1673
-1128
-572
-59
441
954
1478
1963
2397
2801
3130
3432
3723
3923
4059
4129
4090
3962
3772
3503
3167
2786
2397
2006
1633
1292
1024
855
743
695
717
752
832
955
1005
979
889
710
398
48
-439
-1059
-1660
-2328
-3015
-3640
-4135
-4632
-5017
-5241
-5359
-5362
-5204
-4919
-4575
-4106
-3548
-3009
-2428
-1851
-1295
-730
-173
338
861
1402
1876
2346
2764
3134
3447
3755
3954
4075
4139
4126
3966
3766
3527
3159
2782
2365
1965
1601
1285
1025
836
738
681
720
803
941
1086
1221
1213
1163
1019
728
387
-55
-646
-1317
-1939
-2624
-3260
-3786
-4300
-4749
-5025
-5179
-5245
-5108
-4847
-4526
-4080
-3578
-3066
-2497
-1882
-1350
-778
-203
299
829
1350
1845
2259
2681
3041
3341
3608
3789
3911
3986
3956
3804
3605
3294
2984
2635
2250
1854
1492
1187
930
776
669
636
678
749
889
1033
1178
1197
1209
1113
836
517
127
-426
-1109
-1731
-2431
-3123
-3699
-4237
-4708
-5057
-5233
-5334
-5256
-5053
-4786
-4402
-3922
-3395
-2881
-2259
-1702
-1136
-539
-6
508
1049
1590
2066
2524
2930
3246
3523
3752
3909
4013
4007
3878
3700
3438
3102
2743
2386
2015
1680
1395
1145
979
924
863
895
1034
1131
1277
1467
1556
1499
1409
1170
800
396
-116
-783
-1483
-2140
-2892
-3494
-4034
-4547
-4965
-5198
-5302
-5333
-5138
-4872
-4505
-4067
-3582
-3067
-2462
-1861
-1322
-716
-153
406
945
1506
2026
2470
2899
3230
3526
3750
3897
3947
3948
3853
3646
3427
3074
2720
2351
1957
1591
1285
1061
856
812
774
809
955
1093
1203
1357
1511
1478
1434
1277
916
516
38
-595
-1327
-1995
-2735
-3441
-3987
-4489
-4918
-5261
-5379
-5430
-5319
-5078
-4801
-4381
-3905
-3376
-2839
-2243
-1662
-1066
-448
124
698
1247
1798
2252
2664
3047
3322
3618
3801
3888
3908
3839
3672
3420
3147
2808
2456
2099
1772
1495
1274
1179
1122
1154
1201
1337
1496
1645
1831
1929
1994
1932
1789
1454
1076
611
-13
-715
-1495
-2238
-2995
-3639
-4222
-4717
-5067
-5317
-5448
-5429
-5268
-5083
-4700
-4263
-3777
-3218
-2602
-1991
-1452
-818
-257
313
884
1409
1901
2323
2735
3033
3298
3509
3634
3652
3586
3458
3216
2968
2670
2361
2040
1753
1491
1283
1175
1126
1134
1232
1394
1526
1700
1878
2004
2077
2045
1934
1634
1248
769
178
-516
-1277
-2000
-2739
-3419
-4005
-4519
-4955
-5239
-5391
-5432
-5310
-5115
-4805
-4407
-3940
-3415
-2833
-2208
-1605
-974
-373
194
781
1327
1827
2267
2658
2994
3246
3459
3588
3579
3531
3445
3249
3016
2715
2439
2154
1849
1622
1425
1305
1268
1323
1396
1524
1708
1886
2041
2187
2288
2226
2103
1852
1417
939
383
-289
-1064
-1820
-2581
-3349
-3923
-4476
-4931
-5248
-5424
-5511
-5450
-5243
-5003
-4621
-4150
-3620
-3084
-2456
-1858
-1263
-629
-46
510
1049
1587
2030
2431
2763
2993
3214
3351
3396
3381
3293
3113
2881
2639
2356
2113
1855
1616
1452
1356
1308
1353
1485
1604
1789
1966
2098
2243
2369
2353
2186
1989
1618
1096
548
-80
-873
-1651
-2368
-3141
-3762
-4282
-4773
-5163
-5380
-5485
-5501
-5327
-5066
-4697
-4242
-3727
-3189
-2562
-1945
-1351
-700
-103
502
1078
1609
2090
2503
2864
3140
3365
3527
3578
3548
3483
3330
3102
2850
2561
2292
2033
1817
1643
1533
1498
1533
1633
1746
1901
2077
2235
2391
2474
2483
2341
2110
1749
1238
643
2
-746
-1580
-2338
-3109
-3791
-4393
-4931
-5355
-5633
-5800
-5809
-5661
-5440
-5117
-4679
-4169
-3624
-3034
-2367
-1741
-1094
-457
127
734
1281
1809
2241
2628
2914
3131
3299
3395
3422
3371
3275
3059
2893
2641
2371
2164
1947
1801
1696
1682
1686
1767
1890
2052
2232
2382
2533
2600
2658
2531
2314
2025
1552
984
354
-346
-1137
-1907
-2656
-3375
-3972
-4512
-4970
-5334
-5514
-5625
-5558
-5368
-5117
-4719
-4274
-3740
-3187
-2563
-1953
-1317
-695
-119
467
1023
1544
1977
2380
2711
2943
3103
3193
3242
3200
3121
2941
2736
2503
2259
2078
1894
1760
1688
1662
1697
1827
1945
2081
2264
2427
2563
2676
2719
2637
2442
2166
1732
1191
577
-94
-855
-1637
-2400
-3114
-3745
-4320
-4829
-5256
-5487
-5611
-5616
-5463
-5229
-4887
-4456
-3965
-3439
-2854
-2239
-1667
-1063
-427
157
711
1263
1733
2139
2484
2745
2944
3089
3162
3106
3033
2913
2715
2512
2318
2153
2028
1952
1891
1867
1916
2024
2188
2360
2536
2704
2814
2915
2946
2915
2681
2411
1979
1406
810
115
-650
-1468
-2204
-2971
-3669
-4235
-4719
-5130
-5451
-5593
-5632
-5505
-5317
-5023
-4609
-4139
-3608
-3061
-2437
-1867
-1258
-638
-75
488
1032
1524
1934
2302
2584
2786
2907
2951
2943
2865
2745
2602
2452
2259
2093
1991
1877
1844
1877
1954
2053
2248
2431
2581
2796
2912
3009
3044
3005
2797
2497
2114
1518
907
248
-508
-1348
-2108
-2853
-3585
-4154
-4677
-5125
-5453
-5628
-5724
-5652
-5454
-5226
-4839
-4390
-3881
-3338
-2683
-2058
-1440
-799
-240
317
840
1352
1782
2142
2433
2650
2836
2941
3002
2979
2879
2782
2651
2507
2366
2287
2171
2136
2155
2197
2297
2455
2655
2778
2969
3052
3104
3128
3097
2903
2608
2266
1698
1127
461
-287
-1134
-1905
-2656
-3407
-3977
-4505
-4975
-5318
-5517
-5651
-5617
-5436
-5207
-4846
-4391
-3913
-3398
-2780
-2185
-1607
-967
-419
131
659
1161
1596
1945
2260
2464
2627
2746
2787
2753
2690
2594
2489
2372
2255
2199
2092
2060
2090
2162
2261
2397
2584
2735
2908
3050
3117
3128
3094
2935
2627
2279
1762
1163
553
-180
-1014
-1794
-2523
-3282
-3902
-4443
-4941
-5325
-5545
-5680
-5664
-5515
-5297
-4952
-4502
-4035
-3519
-2890
-2293
-1726
-1127
-575
-28
545
1064
1521
1904
2240
2462
2628
2762
2817
2861
2829
2749
2643
2524
2389
2298
2254
2191
2228
2277
2353
2481
2618
2774
2943
3105
3157
3201
3188
3022
2733
2368
1863
1263
656
-68
-885
-1681
-2442
-3200
-3845
-4380
-4912
-5291
-5542
-5713
-5756
-5615
-5378
-5083
-4686
-4252
-3789
-3194
-2602
-2049
-1451
-882
-319
241
763
1214
1616
1981
2270
2483
2669
2776
2823
2841
2784
2724
2643
2572
2517
2447
2404
2419
2480
2558
2683
2825
2992
3150
3277
3343
3370
3375
3245
2990
2662
2194
1622
1052
362
-440
-1276
-2060
-2830
-3549
-4112
-4663
-5143
-5454
-5657
-5723
-5640
-5504
-5267
-4876
-4467
-3980
-3426
-2838
-2298
-1725
-1142
-604
-38
468
944
1367
1723
2016
2225
2409
2536
2589
2598
2581
2562
2480
2421
2385
2357
2344
2379
2461
2531
2688
2870
3036
3167
3310
3383
3423
3438
3336
3101
2776
2367
1794
1175
522
-223
-1044
-1843
-2606
-3322
-3947
-4493
-4975
-5349
-5595
-5722
-5703
-5569
-5338
-4998
-4597
-4133
-3603
-3041
-2469
-1914
-1344
-813
-286
230
734
1166
1493
1791
2020
2211
2335
2440
2497
2507
2512
2479
2450
2430
2432
2405
2426
2504
2566
2700
2851
2999
3116
3246
3327
3351
3393
3313
3143
2873
2524
1996
1418
826
104
-672
-1479
-2238
-2968
-3602
-4184
-4706
-5124
-5402
-5562
-5606
-5505
-5331
-5039
-4673
-4274
-3784
-3225
-2661
-2090
-1528
-1006
-508
0
491
921
1313
1656
1933
2171
2343
2481
2580
2653
2702
2704
2691
2651
2679
2672
2657
2709
2758
2854
2970
3081
3167
3277
3360
3354
3317
3247
3090
2817
2493
2003
1448
851
169
-593
-1402
-2160
-2925
-3602
-4207
-4759
-5204
-5537
-5754
-5858
-5797
-5625
-5348
-4961
-4532
-4042
-3472
-2893
-2314
-1731
-1173
-631
-111
394
860
1248
1616
1881
2119
2321
2469
2578
2636
2695
2739
2749
2728
2744
2756
2758
2796
2854
2913
3013
3117
3215
3308
3354
3360
3355
3330
3225
2981
2673
2266
1733
1165
533
-161
-941
-1738
-2506
-3213
-3846
-4433
-4947
-5368
-5645
-5838
-5837
-5726
-5502
-5161
-4753
-4300
-3784
-3216
-2654
-2051
-1500
-966
-426
87
580
1019
1379
1695
1960
2187
2353
2512
2625
2733
2788
2819
2797
2780
2812
2812
2847
2887
2933
2998
3104
3199
3273
3349
3432
3411
3382
3317
3131
2824
2497
2038
1447
838
169
-593
-1386
-2152
-2930
-3621
-4231
-4780
-5259
-5591
-5795
-5894
-5825
-5655
-5404
-5037
-4613
-4128
-3578
-3004
-2432
-1859
-1313
-782
-251
279
716
1113
1450
1727
1980
2164
2341
2488
2613
2709
2792
2840
2875
2911
2941
2956
2976
2995
3060
3162
3241
3329
3398
3478
3483
3464
3371
3222
2994
2639
2276
1730
1157
535
-201
-989
-1771
-2521
-3261
-3890
-4482
-4987
-5399
-5658
-5812
-5813
-5677
-5487
-5118
-4728
-4246
-3702
-3118
-2541
-1994
-1399
-900
-357
125
570
947
1290
1583
1825
2082
2261
2452
2598
2709
2810
2872
2926
2946
2984
3001
3022
3027
3046
3117
3159
3242
3279
3320
3358
3359
3322
3229
3083
2758
2432
1978
1407
792
115
-664
-1494
-2264
-3079
-3773
-4409
-4939
-5390
-5728
-5929
-6043
-5951
-5764
-5462
-5075
-4621
-4109
-3560
-2965
-2381
-1821
-1275
-748
-258
235
683
1056
1446
1751
2015
2230
2419
2608
2744
2860
2928
3030
3056
3081
3101
3114
3160
3187
3263
3317
3383
3424
3469
3482
3459
3435
3370
3269
3029
2717
2318
1778
1169
515
-205
-1024
-1843
-2618
-3377
-4037
-4605
-5113
-5526
-5776
-5959
-5986
-5860
-5643
-5276
-4859
-4362
-3845
-3267
-2694
-2168
-1586
-1078
-562
-64
403
822
1197
1542
1803
2075
2322
2524
2706
2870
3006
3101
3186
3205
3203
3247
3235
3245
3284
3312
3350
3400
3433
3430
3436
3413
3379
3286
3108
2814
2496
2013
1403
758
74
-718
-1580
-2364
-3148
-3885
-4529
-5101
-5568
-5886
-6058
-6136
-6019
-5813
-5524
-5115
-4679
-4143
-3565
-2962
-2387
-1827
-1261
-741
-215
283
738
1114
1502
1847
2153
2466
2693
2910
3063
3221
3292
3342
3371
3369
3376
3358
3345
3347
3376
3375
3413
3432
3410
3428
3405
3333
3212
3074
2815
2477
2099
1516
924
275
-485
-1327
-2144
-2944
-3743
-4401
-4979
-5482
-5844
-6040
-6150
-6121
-5946
-5732
-5375
-4929
-4440
-3898
-3278
-2658
-2117
-1576
-1058
-544
-45
433
866
1286
1685
2018
2372
2638
2874
3085
3249
3370
3446
3516
3502
3506
3508
3479
3430
3428
3421
3401
3427
3412
3412
3417
3381
3307
3215
3071
2769
2424
1959
1361
731
24
-820
-1660
-2457
-3281
-4023
-4657
-5197
-5656
-5959
-6149
-6218
-6120
-5932
-5638
-5227
-4748
-4210
-3638
-3031
-2453
-1874
-1327
-796
-285
203
683
1100
1535
1873
2201
2506
2761
2979
3127
3287
3386
3473
3476
3467
3453
3429
3389
3352
3371
3375
3418
3411
3421
3425
3414
3366
3280
3163
2904
2587
2208
1690
1061
391
-360
-1228
-2068
-2899
-3685
-4382
-4948
-5422
-5827
-6037
-6173
-6188
-6043
-5790
-5429
-5006
-4505
-3958
-3371
-2784
-2196
-1641
-1102
-574
-68
415
838
1266
1665
2005
2336
2598
2872
3066
3221
3346
3413
3456
3461
3438
3403
3382
3311
3284
3279
3286
3294
3313
3325
3347
3354
3298
3202
3038
2758
2411
1997
1399
730
47
-709
-1556
-2400
-3196
-3974
-4601
-5127
-5590
-5925
-6082
-6150
-6116
-5903
-5619
-5224
-4754
-4235
-3640
-3046
-2455
-1904
-1343
-789
-277
237
735
1210
1638
2051
2420
2719
2979
3212
3392
3498
3560
3603
3618
3576
3553
3508
3444
3387
3333
3322
3304
3303
3296
3273
3276
3201
3122
2978
2754
2428
2026
1557
923
238
-470
-1276
-2112
-2907
-3696
-4392
-4981
-5480
-5886
-6155
-6288
-6323
-6194
-5968
-5644
-5194
-4702
-4171
-3575
-2991
-2413
-1856
-1294
-751
-208
330
829
1319
1761
2180
2553
2890
3133
3379
3561
3685
3800
3846
3851
3802
3752
3692
3615
3552
3476
3442
3430
3430
3418
3403
3369
3266
3120
2935
2685
2313
1900
1354
720
39
-724
-1524
-2369
-3139
-3902
-4576
-5149
-5593
-5912
-6138
-6187
-6190
-6021
-5760
-5384
-4938
-4458
-3896
-3354
-2771
-2199
-1623
-1078
-546
-36
469
975
1421
1871
2257
2634
2911
3167
3390
3530
3675
3718
3701
3678
3646
3582
3526
3464
3407
3358
3349
3326
3279
3299
3274
3213
3132
2973
2787
2518
2136
1670
1115
470
-229
-956
-1761
-2570
-3351
-4070
-4699
-5184
-5579
-5906
-6098
-6156
-6110
-5941
-5675
-5309
-4861
-4352
-3812
-3244
-2637
-2040
-1447
-903
-363
172
711
1225
1680
2141
2525
2868
3169
3413
3574
3698
3788
3815
3823
3781
3725
3672
3597
3495
3427
3391
3336
3307
3293
3234
3184
3119
2959
2764
2548
2216
1814
1349
745
70
-612
-1343
-2157
-2934
-3662
-4366
-4932
-5376
-5747
-6022
-6137
-6165
-6069
-5832
-5513
-5118
-4642
-4140
-3600
-2987
-2423
-1864
-1289
-730
-203
327
861
1359
1843
2253
2642
2980
3244
3463
3629
3771
3852
3896
3873
3827
3790
3705
3622
3506
3444
3368
3286
3258
3205
3171
3084
2990
2846
2650
2392
2029
1629
1125
507
-159
-861
-1614
-2399
-3185
-3900
-4515
-5047
-5463
-5778
-5986
-6079
-6082
-5977
-5743
-5399
-5009
-4540
-4023
-3478
-2909
-2318
-1740
-1182
-631
-95
450
970
1476
1959
2402
2801
3144
3428
3651
3826
3933
3979
4001
3962
3896
3828
3761
3670
3577
3504
3434
3396
3326
3265
3170
3079
2957
2756
2527
2244
1881
1415
916
258
-438
-1137
-1893
-2680
-3405
-4067
-4685
-5165
-5570
-5849
-6048
-6097
-6086
-5923
-5675
-5304
-4844
-4371
-3830
-3285
-2699
-2136
-1539
-965
-436
95
635
1171
1666
2166
2589
2971
3303
3555
3756
3897
3996
4018
4032
3965
3886
3819
3721
3605
3505
3436
3351
3282
3242
3159
3058
2972
2797
2584
2347
2018
1559
1098
521
-153
-849
-1532
-2272
-3046
-3730
-4391
-4923
-5385
-5703
-5971
-6109
-6118
-6064
-5840
-5548
-5180
-4769
-4283
-3788
-3215
-2636
-2071
-1464
-893
-310
258
848
1398
1902
2411
2816
3197
3532
3759
3949
4111
4192
4220
4217
4133
4032
3911
3803
3667
3571
3498
3378
3311
3261
3151
3053
2942
2735
2491
2245
1873
1413
907
304
-373
-1069
-1775
-2561
-3269
-3913
-4509
-5012
-5377
-5681
-5903
-5984
-6012
-5932
-5724
-5423
-5059
-4595
-4100
-3582
-3015
-2424
-1835
-1260
-690
-112
450
1014
1549
2066
2540
2930
3295
3573
3763
3941
4070
4075
4062
4018
3911
3799
3712
3590
3470
3421
3347
3255
3218
3135
3021
2927
2777
2537
2311
2061
1633
1182
688
57
-626
-1293
-1989
-2759
-3439
-4077
-4649
-5065
-5421
-5692
-5878
-5925
-5923
-5777
-5545
-5241
-4841
-4397
-3893
-3359
-2767
-2210
-1615
-1042
-475
120
689
1263
1806
2338
2769
3163
3505
3750
3914
4053
4131
4104
4119
4053
3939
3839
3742
3589
3461
3427
3315
3222
3170
3051
2925
2775
2583
2323
2115
1746
1272
795
202
-467
-1128
-1768
-2522
-3195
-3815
-4401
-4868
-5253
-5543
-5765
-5866
-5893
-5807
-5605
-5346
-4992
-4578
-4104
-3612
-3023
-2480
-1906
-1295
-710
-109
470
1079
1620
2147
2625
3021
3374
3623
3825
3956
4068
4052
4028
3988
3876
3750
3618
3496
3340
3244
3142
3046
2978
2906
2810
2659
2535
2320
2098
1835
1451
1020
540
-52
-701
-1308
-1964
-2675
-3323
-3897
-4442
-4893
-5217
-5468
-5638
-5700
-5692
-5582
-5349
-5038
-4675
-4225
-3750
-3239
-2681
-2116
-1536
-960
-378
211
802
1392
1934
2431
2882
3255
3579
3819
3931
4053
4078
4052
4011
3908
3788
3659
3533
3398
3245
3134
3056
2951
2902
2806
2703
2591
2409
2199
1934
1620
1198
733
189
-416
-1023
-1659
-2326
-3007
-3603
-4186
-4664
-5037
-5336
-5551
-5708
-5745
-5718
-5580
-5357
-5021
-4630
-4223
-3740
-3216
-2640
-2060
-1457
-860
-252
358
954
1572
2107
2622
3021
3371
3668
3844
3981
4078
4110
4095
4046
3930
3798
3658
3521
3384
3264
3183
3086
3014
2905
2785
2639
2438
2234
1977
1693
1350
950
470
-86
-673
-1269
-1874
-2535
-3147
-3718
-4221
-4677
-5045
-5298
-5488
-5573
-5623
-5544
-5390
-5136
-4796
-4421
-3978
-3489
-2900
-2332
-1762
-1156
-550
77
670
1272
1848
2386
2860
3269
3614
3868
4026
4108
4138
4095
4021
3922
3798
3625
3472
3338
3197
3082
2980
2868
2746
2671
2557
2421
2243
1989
1721
1430
1072
630
184
-360
-969
-1546
-2131
-2750
-3350
-3857
-4368
-4769
-5081
-5315
-5471
-5556
-5558
-5486
-5299
-5039
-4682
-4274
-3809
-3309
-2729
-2132
-1530
-910
-301
323
931
1522
2089
2605
3054
3407
3682
3884
3974
4071
4110
4073
3996
3907
3785
3657
3535
3393
3249
3114
2995
2892
2801
2690
2518
2365
2160
1900
1648
1347
947
509
56
-479
-1021
-1576
-2146
-2742
-3291
-3834
-4303
-4648
-4952
-5174
-5361
-5446
-5470
-5360
-5182
-4962
-4605
-4215
-3748
-3248
-2684
-2081
-1461
-829
-206
410
988
1575
2095
2595
2986
3329
3609
3785
3914
3976
3966
3893
3822
3690
3539
3378
3221
3096
2955
2824
2703
2610
2505
2390
2263
2072
1864
1636
1378
1086
705
298
-137
-643
-1168
-1688
-2205
-2773
-3298
-3777
-4220
-4597
-4891
-5094
-5262
-5313
-5303
-5180
-4986
-4729
-4394
-4012
-3512
-2990
-2403
-1788
-1162
-537
73
689
1289
1838
2327
2791
3169
3469
3715
3894
3989
4040
4044
3966
3871
3740
3639
3507
3361
3233
3100
2994
2877
2746
2602
2464
2311
2109
1881
1611
1331
1006
623
232
-207
-702
-1218
-1720
-2268
-2820
-3308
-3791
-4226
-4581
-4879
-5105
-5236
-5314
-5305
-5201
-5018
-4747
-4394
-3986
-3526
-2957
-2351
-1744
-1126
-505
117
715
1284
1816
2315
2746
3111
3375
3582
3739
3809
3859
3830
3764
3689
3574
3440
3313
3190
3074
2906
2772
2653
2499
2356
2207
2040
1825
1614
1376
1122
801
453
52
-386
-859
-1373
-1851
-2399
-2925
-3429
-3906
-4333
-4693
-4922
-5110
-5238
-5278
-5249
-5141
-4937
-4609
-4230
-3763
-3227
-2661
-2058
-1418
-778
-175
458
1077
1635
2161
2642
3050
3387
3645
3827
3956
4010
4034
3991
3903
3809
3681
3545
3397
3269
3134
2995
2847
2687
2526
2341
2169
1948
1732
1498
1234
975
642
284
-117
-571
-1043
-1534
-2029
-2542
-3051
-3533
-3979
-4378
-4684
-4950
-5133
-5229
-5311
-5289
-5151
-4929
-4610
-4228
-3788
-3265
-2657
-2044
-1413
-779
-147
481
1078
1655
2163
2631
3023
3331
3550
3708
3829
3870
3873
3834
3767
3678
3571
3475
3346
3226
3081
2939
2811
2669
2519
2356
2174
1971
1776
1527
1274
1019
696
322
-72
-472
-937
-1379
-1867
-2384
-2890
-3378
-3827
-4230
-4532
-4801
-5001
-5127
-5151
-5094
-4967
-4733
-4413
-4010
-3545
-2985
-2392
-1769
-1133
-503
117
701
1258
1761
2252
2629
2966
3253
3445
3568
3620
3666
3647
3609
3546
3442
3319
3194
3038
2891
2782
2640
2480
2351
2208
2006
1805
1626
1392
1157
926
672
362
35
-337
-753
-1159
-1590
-2017
-2507
-2947
-3413
-3831
-4192
-4495
-4707
-4900
-4984
-5001
-4920
-4779
-4527
-4191
-3767
-3271
-2722
-2122
-1493
-853
-245
373
962
1520
2029
2475
2879
3166
3400
3593
3699
3754
3743
3709
3622
3542
3435
3300
3162
3007
2871
2717
2591
2443
2281
2118
1955
1768
1565
1367
1121
906
638
337
6
-353
-749
-1178
-1598
-2081
-2555
-2997
-3438
-3881
-4220
-4494
-4735
-4890
-4993
-5003
-4917
-4730
-4463
-4112
-3640
-3124
-2556
-1932
-1297
-666
-39
593
1138
1665
2152
2554
2898
3170
3404
3543
3646
3691
3700
3638
3551
3454
3326
3219
3072
2917
2767
2639
2481
2297
2157
1975
1772
1572
1391
1188
994
775
513
233
-69
-429
-824
-1225
-1633
-2075
-2556
-3013
-3468
-3878
-4236
-4511
-4731
-4904
-4965
-4934
-4832
-4645
-4341
-3944
-3502
-2991
-2401
-1800
-1183
-562
33
596
1124
1643
2113
2505
2821
3061
3276
3421
3509
3551
3549
3514
3482
3420
3304
3203
3069
2922
2785
2619
2453
2279
2134
1933
1764
1583
1372
1178
956
762
521
237
-37
-358
-760
-1157
-1574
-2010
-2496
-2968
-3423
-3873
-4218
-4500
-4750
-4908
-4969
-4972
-4852
-4644
-4325
-3931
-3446
-2885
-2318
-1693
-1081
-474
151
746
1301
1806
2273
2647
2957
3198
3389
3508
3584
3618
3610
3562
3471
3379
3263
3132
2984
2844
2702
2537
2364
2188
1989
1804
1609
1388
1193
979
772
558
331
75
-192
-478
-823
-1217
-1612
-2041
-2522
-2951
-3393
-3806
-4157
-4462
-4692
-4852
-4903
-4894
-4770
-4593
-4303
-3909
-3416
-2866
-2296
-1653
-1039
-431
153
709
1227
1709
2140
2534
2867
3129
3337
3458
3577
3636
3628
3622
3557
3497
3370
3238
3095
2938
2791
2601
2427
2235
2038
1829
1640
1428
1240
1048
831
646
446
191
-92
-410
-761
-1149
-1532
-1963
-2426
-2858
-3286
-3692
-4057
-4345
-4564
-4737
-4809
-4786
-4672
-4452
-4153
-3741
-3278
-2760
-2221
-1643
-1080
-508
49
567
1061
1525
1951
2300
2610
2858
3078
3219
3314
3386
3385
3370
3341
3262
3152
3033
2892
2715
2537
2354
2184
2002
1804
1627
1437
1256
1082
911
747
561
397
191
-59
-319
-671
-1025
-1400
-1792
-2221
-2661
-3058
-3442
-3781
-4065
-4285
-4455
-4513
-4491
-4376
-4166
-3888
-3521
-3096
-2582
-2040
-1503
-964
-411
146
635
1117
1554
1955
2321
2610
2862
3084
3241
3350
3437
3440
3421
3378
3309
3183
3028
2870
2687
2518
2317
2102
1906
1708
1494
1293
1117
927
777
589
396
224
34
-203
-459
-727
-1065
-1417
-1787
-2200
-2607
-3008
-3420
-3774
-4066
-4291
-4450
-4509
-4482
-4406
-4198
-3924
-3551
-3111
-2609
-2083
-1563
-1017
-469
84
606
1073
1493
1891
2257
2550
2809
3012
3217
3356
3450
3476
3441
3390
3286
3167
3019
2862
2655
2454
2267
2068
1858
1665
1490
1284
1100
914
756
597
418
238
52
-167
-427
-682
-991
-1323
-1687
-2055
-2440
-2824
-3174
-3525
-3809
-4042
-4199
-4284
-4290
-4193
-4045
-3790
-3471
-3102
-2650
-2177
-1679
-1143
-605
-88
417
886
1325
1707
2069
2400
2685
2960
3167
3346
3479
3542
3550
3490
3394
3254
3094
2922
2703
2504
2315
2104
1894
1665
1453
1261
1081
899
735
567
402
222
24
-207
-486
-753
-1047
-1391
-1753
-2099
-2459
-2837
-3177
-3514
-3821
-4050
-4213
-4310
-4322
-4255
-4125
-3900
-3616
-3258
-2845
-2361
-1871
-1368
-841
-339
151
636
1102
1521
1934
2297
2624
2931
3171
3364
3493
3576
3581
3537
3459
3348
3208
3023
2832
2632
2401
2185
1980
1762
1547
1338
1156
967
803
649
471
297
106
-102
-321
-559
-812
-1128
-1441
-1766
-2115
-2478
-2815
-3125
-3420
-3658
-3844
-3960
-4029
-4003
-3885
-3726
-3499
-3199
-2805
-2405
-1945
-1489
-977
-470
10
487
967
1416
1805
2177
2500
2782
3019
3212
3321
3369
3358
3319
3231
3128
2968
2789
2605
2422
2218
2006
1803
1561
1342
1136
945
747
574
426
252
73
-122
-321
-504
-731
-962
-1207
-1498
-1780
-2050
-2349
-2677
-2950
-3206
-3456
-3634
-3769
-3863
-3869
-3781
-3655
-3446
-3156
-2813
-2440
-1983
-1540
-1078
-555
-58
447
926
1372
1781
2148
2497
2780
3011
3208
3345
3430
3466
3416
3335
3237
3074
2897
2702
2514
2304
2083
1873
1654
1450
1237
1053
867
696
523
346
177
-43
-243
-455
-695
-922
-1158
-1433
-1724
-1986
-2243
-2519
-2786
-3044
-3287
-3474
-3614
-3713
-3752
-3709
-3573
-3403
-3171
-2887
-2534
-2130
-1705
-1217
-722
-210
290
763
1215
1624
2012
2354
2658
2907
3094
3229
3322
3358
3336
3269
3183
3064
2908
2763
2566
2353
2163
1958
1739
1522
1302
1079
872
663
439
230
24
-188
-370
-576
-782
-1012
-1224
-1447
-1706
-1945
-2192
-2460
-2737
-2983
-3229
-3438
-3601
-3691
-3740
-3713
-3584
-3418
-3185
-2912
-2584
-2198
-1738
-1240
-733
-230
257
729
1162
1597
1967
2313
2622
2871
3073
3222
3336
3372
3388
3368
3281
3166
3018
2841
2655
2448
2224
1994
1792
1563
1318
1109
906
683
472
278
72
-157
-356
-556
-752
-953
-1160
-1363
-1590
-1813
-2061
-2310
-2579
-2824
-3037
-3250
-3424
-3525
-3569
-3582
-3512
-3395
-3201
-2959
-2664
-2300
-1923
-1457
-981
-504
-22
448
904
1344
1732
2075
2391
2654
2884
3037
3157
3236
3271
3250
3181
3092
2951
2792
2614
2413
2218
2031
1801
1568
1353
1134
926
699
489
284
64
-152
-381
-578
-768
-929
-1123
-1324
-1551
-1768
-1978
-2189
-2409
-2619
-2795
-2987
-3131
-3229
-3290
-3347
-3332
-3204
-3057
-2817
-2520
-2157
-1764
-1333
-887
-423
58
499
938
1356
1752
2087
2403
2662
2855
2991
3084
3150
3176
3165
3138
3047
2907
2757
2570
2350
2128
1908
1701
1456
1224
961
710
472
238
35
-188
-369
-554
-746
-919
-1067
-1264
-1447
-1633
-1859
-2047
-2223
-2431
-2635
-2790
-2946
-3100
-3175
-3238
-3261
-3217
-3104
-2961
-2736
-2466
-2128
-1743
-1323
-879
-418
64
503
951
1352
1732
2073
2394
2673
2901
3073
3184
3264
3296
3292
3230
3143
2997
2837
2645
2412
2193
1956
1728
1487
1259
1005
775
553
318
75
-153
-341
-561
-740
-900
-1090
-1272
-1445
-1644
-1848
-2031
-2230
-2427
-2588
-2738
-2886
-2974
-3025
-3076
-3057
-3020
-2933
-2795
-2593
-2321
-2015
-1635
-1248
-826
-398
51
489
935
1344
1707
2056
2342
2599
2790
2953
3050
3121
3140
3117
3065
2952
2803
2627
2447
2219
2018
1800
1559
1325
1055
815
569
333
90
-131
-330
-543
-730
-937
-1106
-1303
-1462
-1655
-1832
-2000
-2159
-2331
-2512
-2643
-2768
-2847
-2893
-2910
-2911
-2863
-2786
-2667
-2492
-2265
-2000
-1696
-1341
-959
-540
-122
315
762
1163
1557
1928
2256
2553
2777
2950
3065
3181
3238
3217
3163
3074
2944
2763
2577
2362
2161
1943
1697
1463
1201
970
736
493
264
-6
-256
-515
-742
-943
-1161
-1350
-1543
-1735
-1913
-2089
-2220
-2343
-2471
-2553
-2641
-2719
-2747
-2749
-2745
-2705
-2635
-2508
-2364
-2206
-1980
-1698
-1377
-1017
-621
-233
193
616
1002
1380
1744
2063
2345
2570
2748
2890
2970
3020
3009
2952
2881
2776
2605
2424
2233
2036
1830
1619
1383
1179
944
715
505
296
79
-168
-392
-629
-854
-1074
-1273
-1468
-1623
-1764
-1927
-2061
-2181
-2310
-2398
-2439
-2496
-2550
-2573
-2563
-2527
-2472
-2384
-2244
-2071
-1865
-1642
-1386
-1072
-769
-417
-21
379
762
1120
1466
1790
2058
2321
2517
2680
2828
2885
2916
2906
2854
2762
2661
2531
2364
2188
1999
1790
1552
1334
1121
922
690
459
213
-51
-308
-571
-820
-1064
-1270
-1490
-1675
-1849
-2029
-2164
-2278
-2374
-2454
-2504
-2542
-2568
-2567
-2541
-2505
-2437
-2348
-2245
-2087
-1929
-1708
-1453
-1169
-854
-529
-154
222
590
958
1309
1622
1916
2169
2399
2558
2656
2729
2776
2775
2728
2678
2608
2513
2412
2297
2159
1989
1807
1594
1352
1119
886
651
414
156
-117
-398
-684
-915
-1128
-1335
-1513
-1672
-1811
-1932
-2007
-2090
-2165
-2214
-2248
-2294
-2326
-2318
-2277
-2217
-2133
-2032
-1920
-1776
-1592
-1396
-1164
-899
-620
-309
5
314
642
962
1258
1507
1749
1974
2161
2296
2398
2449
2480
2491
2445
2403
2316
2233
2119
1984
1842
1680
1484
1251
1024
808
569
313
65
-205
-452
-718
-970
-1191
-1404
-1573
-1741
-1851
-1944
-2015
-2073
-2110
-2129
-2124
-2127
-2133
-2099
-2071
-2004
-1924
-1821
-1709
-1567
-1396
-1222
-1010
-783
-551
-305
-18
270
547
821
1096
1346
1577
1808
1975
2129
2258
2365
2400
2432
2444
2429
2384
2291
2182
2047
1896
1731
1557
1342
1129
910
692
433
179
-68
-330
-567
-807
-1039
-1248
-1433
-1596
-1726
-1841
-1913
-1965
-1993
-1996
-1993
-1953
-1920
-1873
-1830
-1756
-1681
-1605
-1494
-1374
-1238
-1096
-913
-720
-511
-294
-57
195
430
657
886
1117
1320
1503
1669
1839
1963
2053
2122
2172
2160
2164
2129
2059
1994
1874
1742
1594
1432
1223
1018
815
566
324
68
-162
-387
-634
-866
-1085
-1270
-1426
-1560
-1673
-1763
-1831
-1875
-1880
-1856
-1822
-1811
-1767
-1709
-1655
-1589
-1521
-1421
-1316
-1211
-1086
-930
-788
-649
-486
-321
-149
55
284
493
699
910
1120
1303
1475
1630
1783
1900
1986
2057
2096
2121
2098
2050
1986
1913
1808
1670
1531
1367
1192
978
774
561
346
112
-119
-349
-573
-770
-982
-1152
-1319
-1461
-1565
-1635
-1682
-1697
-1691
-1677
-1661
-1621
-1567
-1521
-1444
-1370
-1312
-1236
-1158
-1056
-974
-868
-747
-633
-501
-370
-244
-111
40
216
399
553
726
899
1057
1204
1317
1419
1501
1573
1624
1675
1687
1679
1667
1613
1529
1422
1313
1176
1038
844
646
454
279
95
-119
-313
-504
-673
-807
-929
-1039
-1118
-1184
-1228
-1255
-1280
-1295
-1258
-1221
-1186
-1151
-1091
-1028
-984
-908
-846
-792
-714
-647
-576
-495
-404
-316
-211
-128
-29
86
196
337
479
631
759
874
981
1093
1188
1265
1343
1398
1440
1438
1409
1375
1333
1269
1185
1070
942
796
639
469
291
127
-45
-225
-390
-563
-710
-835
-947
-1027
-1113
-1192
-1213
-1229
-1206
-1170
-1119
-1062
-993
-915
-881
-837
-782
-715
-644
-589
-516
-433
-372
-304
-241
-184
-121
-44
27
124
221
332
447
566
682
773
875
975
1041
1106
1161
1195
1212
1207
1195
1169
1116
1049
973
891
791
677
542
409
289
148
-12
-139
-282
-435
-551
-664
-768
-832
-880
-942
-978
-997
-990
-978
-955
-928
-898
-848
-816
-768
-729
-693
-650
-588
-530
-495
-449
-425
-378
-319
-264
-196
-124
-52
31
128
235
370
496
616
729
829
923
982
1031
1058
1074
1070
1061
1009
972
918
841
783
706
617
515
386
258
146
17
-109
-239
-342
-457
-555
-657
-711
-743
-782
-800
-807
-778
-738
-711
-687
-636
-584
-545
-506
-478
-447
-409
-387
-361
-345
-320
-314
-291
-268
-231
-181
-142
-60
19
89
189
291
385
475
581
667
753
809
861
912
925
913
887
868
819
782
736
666
588
506
430
337
240
146
34
-67
-183
-280
-380
-455
-513
-567
-605
-642
-658
-654
-653
-643
-626
-607
-576
-559
-515
-476
-433
-407
-374
-358
-362
-345
-341
-339
-326
-300
-261
-226
-152
-96
-36
41
135
233
333
421
510
598
667
724
754
792
799
802
786
754
736
699
655
598
538
476
400
303
214
119
49
-44
-123
-208
-315
-381
-446
-487
-529
-549
-563
-581
-583
-579
-570
-569
-538
-519
-495
-470
-449
-425
-420
-414
-415
-420
-423
-425
-400
-380
-345
-276
-218
-143
-72
22
88
200
311
408
500
596
669
713
753
768
785
791
772
743
708
680
639
589
535
468
399
321
225
125
33
-47
-115
-193
-290
-389
-471
-548
-593
-614
-611
-600
-585
-566
-561
-536
-514
-487
-482
-460
-429
-395
-366
-365
-355
-327
-319
-309
-267
-229
-175
-119
-65
5
86
184
274
348
431
498
567
624
662
722
747
772
800
810
810
801
797
756
717
674
626
585
514
432
330
222
121
36
-70
-182
-288
-357
-414
-488
-535
-583
-610
-630
-639
-620
-619
-596
-579
-583
-558
-550
-525
-510
-505
-503
-493
-479
-482
-471
-456
-426
-390
-355
-317
-238
-173
-118
-32
49
120
214
290
358
428
476
508
556
587
585
615
633
637
636
637
620
594
558
484
418
365
293
222
138
45
-35
-107
-160
-235
-290
-325
-351
-360
-365
-353
-350
-352
-329
-314
-288
-262
-243
-232
-222
-212
-218
-224
-213
-206
-221
-223
-190
-181
-156
-129
-82
-55
-11
38
81
143
188
249
290
350
377
395
416
445
463
489
512
509
514
497
473
440
403
371
306
246
161
78
-16
-98
-176
-253
-322
-406
-462
-499
-543
-573
-567
-569
-536
-498
-464
-442
-395
-369
-364
-326
-302
-285
-259
-243
-258
-256
-258
-246
-217
-202
-185
-143
-94
-43
8
61
130
222
277
327
378
452
509
551
606
637
678
698
683
681
670
637
603
566
543
492
455
395
335
276
199
124
29
-51
-136
-226
-302
-374
-416
-459
-474
-497
-473
-443
-436
-418
-418
-403
-380
-345
-342
-338
-331
-322
-321
-309
-308
-306
-313
-310
-295
-295
-260
-234
-185
-126
-74
-26
25
76
158
234
295
365
412
458
491
508
533
535
535
528
510
498
466
436
387
311
261
192
111
24
-73
-146
-239
-303
-361
-408
-428
-453
-454
-436
-425
-406
-385
-360
-315
-268
-220
-175
-152
-116
-109
-129
-146
-156
-173
-174
-182
-183
-168
-152
-126
-104
-58
-13
29
77
128
163
206
276
336
374
426
486
532
558
582
613
622
620
599
581
557
513
447
395
333
225
124
35
-52
-126
-218
-265
-305
-338
-365
-389
-375
-365
-345
-335
-301
-274
-263
-260
-260
-248
-239
-246
-253
-262
-302
-317
-325
-342
-360
-370
-354
-329
-310
-264
-245
-205
-164
-147
-85
-15
65
133
217
275
313
357
372
392
409
416
425
446
451
436
421
380
338
287
206
137
74
-1
-59
-114
-144
-192
-220
-239
-265
-271
-260
-259
-242
-193
-157
-124
-93
-42
-28
-15
-16
-32
-16
-24
-38
-63
-104
-123
-155
-178
-197
-194
-162
-146
-103
-77
-42
9
73
142
189
216
245
284
324
362
380
409
430
447
444
444
426
388
369
321
302
270
218
138
70
-3
-79
-148
-205
-234
-260
-288
-324
-328
-328
-326
-315
-285
-250
-238
-230
-226
-213
-201
-201
-198
-226
-228
-234
-263
-274
-306
-313
-319
-315
-308
-275
-234
-188
-154
-131
-96
-51
9
57
116
164
224
278
324
348
393
413
419
442
446
446
438
434
419
393
339
285
238
188
149
119
110
70
28
7
-1
-31
-40
-42
-33
-15
-43
-49
-46
-47
-66
-87
-106
-127
-155
-205
-252
-290
-312
-340
-350
-365
-377
-372
-373
-365
-357
-355
-326
-299
-250
-206
-148
-87
-26
7
61
131
160
209
273
341
354
376
388
388
385
375
364
342
323
277
249
203
161
134
94
61
49
-1
-15
-25
-57
-75
-86
-87
-121
-132
-128
-134
-117
-113
-127
-154
-176
-185
-185
-206
-235
-253
-263
-270
-272
-271
-269
-244
-202
-193
-170
-141
-114
-92
-50
12
74
124
156
200
224
259
298
332
354
384
400
402
400
388
359
310
275
230
189
157
122
83
38
20
8
-19
-39
-50
-41
-36
-43
-51
-46
-53
-75
-103
-134
-165
-208
-236
-254
-273
-277
-302
-312
-315
-315
-301
-289
-273
-263
-242
-222
-211
-179
-151
-110
-62
-27
22
51
84
130
183
240
278
305
313
330
352
351
340
329
305
264
243
201
169
154
118
72
29
-4
-24
-59
-80
-103
-134
-140
-136
-133
-141
-149
-162
-179
-196
-201
-206
-224
-240
-249
-246
-258
-245
-242
-244
-225
-215
-180
-150
-105
-75
-64
-29
8
38
63
84
101
115
141
181
206
239
266
291
320
344
354
383
400
390
358
346
332
310
312
285
260
219
195
159
143
116
82
48
17
-17
-51
-72
-93
-116
-159
-200
-238
-267
-298
-327
-356
-358
-390
-409
-395
-398
-398
-378
-352
-333
-315
-296
-274
-257
-223
-192
-166
-121
-73
-43
-20
14
54
87
125
161
187
221
254
285
297
305
295
286
282
255
247
228
205
198
190
179
158
148
119
113
109
72
78
47
24
21
-14
-40
-45
-58
-97
-121
-137
-165
-173
-180
-194
-205
-181
-164
-167
-139
-117
-103
-75
-51
-20
-13
-17
-22
-9
-17
-7
19
22
54
73
91
120
150
167
175
189
191
197
196
164
135
108
98
90
79
57
41
32
18
14
12
24
10
-16
-39
-48
-77
-100
-118
-133
-164
-190
-207
-225
-239
-253
-241
-233
-231
-234
-217
-211
-202
-192
-185
-184
-157
-133
-115
-86
-76
-47
-37
-10
26
57
81
108
155
187
218
261
282
299
315
313
316
327
328
314
286
271
258
230
221
189
163
126
115
97
69
41
9
-24
-57
-75
-111
-146
-173
-195
-210
-242
-257
-263
-264
-262
-248
-241
-242
-236
-223
-210
-224
-200
-185
-162
-139
-112
-84
-74
-45
-10
14
25
58
84
93
112
131
152
167
184
207
208
231
243
244
241
219
220
225
240
231
238
240
220
195
162
147
114
100
75
46
20
0
-37
-78
-111
-146
-189
-216
-234
-270
-300
-325
-335
-328
-333
-332
-327
-312
-299
-277
-254
-222
-194
-170
-149
-137
-115
-74
-59
-56
-37
-18
-9
17
49
76
113
153
193
239
244
262
286
310
325
342
349
357
360
341
343
327
296
242
188
153
124
95
76
46
22
-13
-32
-53
-88
-123
-151
-179
-201
-217
-247
-255
-258
-268
-279
-282
-279
-270
-266
-253
-237
-227
-217
-199
-185
-179
-136
-135
-127
-93
-69
-46
-24
16
36
70
138
167
192
185
193
201
199
209
202
235
248
241
260
258
240
229
213
206
187
156
135
107
71
42
15
-4
-22
-52
-85
-109
-110
-126
-151
-158
-181
-183
-203
-203
-212
-235
-223
-207
-214
-208
-180
-180
-180
-154
-142
-126
-109
-82
-58
-33
2
38
66
93
93
123
129
128
139
129
146
156
189
217
235
262
268
281
263
240
238
234
239
220
224
211
193
167
152
96
55
21
-12
-63
-95
-118
-170
-178
-195
-195
-224
-221
-222
-215
-208
-210
-200
-212
-213
-213
-220
-190
-167
-153
-135
-140
-126
-114
-116
-99
-91
-78
-62
-34
-10
-6
17
28
41
68
112
132
153
152
162
161
157
174
176
204
202
178
172
160
144
139
121
115
99
57
21
-13
-50
-63
-91
-103
-117
-138
-150
-165
-177
-186
-183
-149
-162
-172
-180
-173
-167
-174
-164
-170
-180
-172
-136
-118
-117
-100
-80
-56
-32
-1
41
57
104
141
152
190
210
218
225
243
234
221
240
269
273
292
318
308
299
299
270
242
210
154
126
106
68
53
27
9
-6
-32
-39
-51
-72
-99
-121
-134
-146
-164
-170
-183
-174
-170
-185
-179
-183
-235
-245
-237
-242
-239
-236
-218
-209
-173
-141
-125
-117
-103
-84
-69
-64
-44
-20
-15
4
22
40
53
86
95
94
95
106
129
144
163
192
224
239
237
221
186
167
152
113
95
72
39
25
11
-22
-49
-56
-57
-62
-70
-93
-64
-62
-69
-64
-51
-49
-48
-50
-72
-85
-99
-91
-96
-85
-76
-67
-54
-40
-43
-24
14
21
35
55
78
61
52
62
59
86
79
51
55
58
46
45
46
77
96
93
106
108
104
113
94
87
49
-5
-2
-51
-79
-87
-117
-130
-160
-159
-147
-168
-183
-156
-153
-152
-136
-130
-134
-147
-142
-136
-113
-94
-87
-73
-54
-39
-20
-7
25
23
33
55
68
82
78
74
69
77
76
86
83
68
59
51
41
31
45
44
62
87
86
114
131
154
173
179
191
183
179
167
141
153
127
97
93
101
82
82
74
49
31
18
11
-21
-22
-36
-49
-62
-96
-93
-99
-108
-136
-157
-150
-128
-136
-132
-111
-119
-117
-109
-100
-92
-85
-85
-86
-88
-86
-117
-119
-103
-97
-84
-54
-29
-12
9
16
56
60
87
107
121
135
123
129
123
140
132
117
111
97
114
65
29
28
-1
-4
-10
-9
-6
-22
-14
-18
-17
-31
-38
-71
-88
-102
-111
-108
-118
-132
-130
-115
-100
-78
-91
-86
-96
-73
-53
-41
-26
-29
-13
-21
-25
-34
-28
-12
-12
-7
14
21
30
53
64
81
90
109
141
131
127
136
114
100
101
49
18
17
-1
-23
-34
-16
-35
-25
-20
-10
4
9
13
6
7
18
27
19
6
17
31
13
22
36
29
32
33
17
2
4
-13
-35
-41
-38
-48
-51
-69
-79
-60
-66
-70
-62
-42
-16
-4
9
28
31
43
58
57
58
82
106
100
114
120
107
66
57
27
-2
-5
-29
-28
-39
-36
-49
-52
-42
-38
-38
-43
-30
-51
-53
-51
-66
-61
-50
-51
-39
-16
-26
-9
-2
6
-8
-20
-32
-42
-44
-51
-34
-45
-46
-32
-12
16
33
48
73
73
76
94
98
115
120
144
157
162
158
137
128
116
91
82
74
63
51
39
0
-27
-30
-37
-35
-41
-62
-66
-74
-111
-107
-115
-121
-119
-117
-124
-148
-160
-159
-161
-175
-155
-163
-165
-136
-129
-113
-103
-89
-94
-93
-85
-69
-82
-59
-55
-53
-32
-49
-23
-23
5
33
38
51
66
69
72
88
107
137
130
148
147
151
146
133
138
140
121
116
116
107
81
65
67
63
67
64
44
55
49
35
36
26
22
12
5
-11
-30
-43
-40
-32
-38
-44
-31
-31
-23
-16
-33
-34
-4
30
16
21
5
-1
0
4
-5
-2
3
23
29
36
53
52
60
53
48
24
33
23
15
16
18
24
16
35
16
10
8
17
3
-6
3
-5
-7
-17
-22
-29
-47
-76
-68
-68
-79
-88
-95
-86
-96
-101
-93
-96
-102
-111
-103
-100
-122
-130
-135
-139
-144
-144
-130
-120
-106
-91
-77
-51
-49
-22
9
19
18
39
68
65
58
75
89
96
106
131
144
141
135
126
124
109
99
99
96
79
62
62
56
45
39
31
27
46
64
42
30
40
39
28
16
22
30
18
-6
-12
-22
-53
-65
-83
-79
-97
-127
-130
-112
-109
-106
-100
-102
-88
-69
-39
-20
-2
7
0
-5
7
17
30
44
59
98
105
119
101
97
108
100
100
93
93
87
82
73
63
63
77
52
34
27
10
-5
-7
-2
2
-1
-10
0
-1
-19
-35
-49
-51
-57
-55
-58
-61
-85
-96
-95
-84
-94
-87
-92
-102
-128
-125
-113
-103
-90
-100
-75
-59
-42
-29
-15
-11
-11
3
41
44
46
83
89
96
116
122
130
137
127
120
101
100
106
99
104
99
85
51
51
49
20
11
3
-24
-43
-41
-71
-69
-81
-92
-84
-73
-72
-99
-97
-115
-122
-114
-109
-103
-107
-120
-119
-137
-135
-127
-124
-115
-85
-66
-49
-28
-31
-14
-21
3
30
51
91
106
126
132
118
127
136
140
125
122
119
146
152
134
141
127
140
125
106
116
109
100
88
81
65
44
25
11
-4
-19
-39
-67
-93
-102
-131
-141
-141
-152
-169
-172
-177
-172
-168
-179
-170
-171
-161
-157
-145
-133
-108
-99
-77
-47
-21
12
2
16
49
51
63
95
104
114
130
124
133
146
145
154
145
159
173
163
158
148
160
142
113
100
86
71
43
38
68
50
38
23
21
-9
-24
-28
-43
-59
-58
-63
-81
-96
-121
-108
-130
-141
-162
-172
-180
-163
-152
-148
-138
-132
-123
-108
-86
-73
-42
-21
-10
32
61
69
94
105
122
128
136
163
147
158
188
200
210
211
199
180
163
156
127
110
93
57
47
46
11
-11
-24
-50
-77
-95
-117
-149
-175
-197
-207
-226
-238
-232
-259
-275
-291
-312
-310
-297
-279
-256
-256
-250
-224
-245
-200
-160
-125
-83
-60
-33
-3
9
38
81
116
139
193
228
225
264
265
287
310
307
343
332
321
309
302
286
273
255
231
226
189
169
167
153
127
85
72
54
36
25
1
-21
-9
-19
-43
-85
-112
-118
-152
-180
-192
-186
-198
-227
-230
-223
-241
-243
-238
-232
-238
-227
-208
-198
-176
-156
-142
-116
-77
-61
-52
-10
20
62
83
117
154
153
176
195
202
197
186
191
202
186
165
167
156
158
153
148
132
120
102
60
46
2
-16
-21
-44
-64
-105
-109
-127
-149
-177
-206
-233
-256
-262
-266
-246
-232
-227
-209
-192
-172
-155
-125
-101
-68
-43
-22
1
1
11
45
66
81
114
140
162
172
186
208
214
219
225
232
236
227
220
203
193
178
176
167
139
122
95
81
70
30
15
-15
-41
-57
-55
-72
-101
-87
-112
-135
-125
-133
-143
-181
-197
-221
-245
-236
-246
-233
-241
-215
-187
-190
-169
-157
-144
-139
-122
-84
-52
-25
12
45
72
91
109
137
159
186
187
178
192
212
201
204
202
203
204
190
187
177
186
172
161
154
131
121
106
87
66
35
12
-14
-50
-70
-107
-135
-160
-166
-175
-215
-214
-220
-221
-215
-213
-204
-191
-196
-199
-196
-192
-186
-170
-140
-147
-105
-86
-49
-12
33
54
85
115
164
198
201
202
202
218
215
208
203
192
201
211
213
223
181
169
137
127
138
120
115
117
88
53
57
17
-26
-53
-77
-90
-103
-131
-158
-176
-191
-235
-249
-261
-277
-279
-280
-290
-298
-264
-263
-248
-238
-240
-205
-172
-149
-115
-102
-63
-48
-41
3
45
61
89
123
137
182
178
199
210
228
245
253
269
272
266
246
244
219
202
170
138
117
122
106
88
72
47
26
1
-4
-8
-31
-62
-67
-81
-97
-91
-119
-138
-140
-139
-137
-148
-149
-163
-162
-127
-116
-115
-118
-99
-73
-66
-53
-16
16
33
38
58
99
101
112
129
144
160
186
203
222
218
192
196
191
180
148
149
137
105
89
68
61
42
19
14
-13
-46
-36
-57
-92
-107
-97
-109
-146
-138
-159
-173
-184
-191
-226
-231
-247
-273
-258
-248
-269
-255
-238
-238
-223
-190
-154
-163
-150
-95
-63
-50
-9
11
40
64
91
105
143
169
190
211
219
221
215
229
231
222
222
223
211
178
160
171
150
142
130
105
89
67
43
23
6
-23
-33
-30
-50
-64
-92
-97
-89
-113
-128
-134
-139
-154
-163
-153
-160
-141
-136
-123
-119
-131
-117
-105
-69
-64
-66
-52
-42
-24
1
4
1
14
19
44
57
64
72
95
106
116
138
151
175
168
169
165
153
133
128
99
97
104
100
78
51
56
28
-1
-20
-46
-60
-71
-89
-85
-89
-110
-125
-137
-139
-157
-170
-159
-151
-159
-139
-141
-144
-120
-96
-94
-73
-58
-53
-37
-2
30
56
88
106
124
137
145
162
169
189
196
199
206
200
190
198
212
214
215
202
194
179
167
149
108
84
66
30
15
-9
-32
-67
-77
-91
-116
-123
-162
-184
-201
-221
-235
-258
-258
-261
-280
-285
-304
-292
-286
-290
-275
-275
-240
-211
-174
-153
-141
-104
-78
-42
-17
5
37
66
78
104
140
137
149
166
188
201
206
214
231
216
213
216
206
195
188
173
166
143
125
104
66
50
31
27
12
2
-27
-27
-23
-33
-40
-64
-78
-102
-118
-127
-162
-163
-145
-147
-161
-169
-170
-153
-158
-136
-97
-83
-62
-43
-23
-20
-7
0
39
51
71
81
78
107
135
136
145
174
197
202
217
229
211
222
210
192
160
155
143
121
123
111
104
63
58
53
36
19
7
-1
-11
-12
-32
-48
-73
-101
-128
-159
-162
-175
-195
-220
-232
-245
-257
-249
-240
-232
-225
-210
-219
-208
-190
-170
-142
-112
-97
-89
-65
-32
-2
18
49
61
57
82
117
110
122
145
149
157
150
150
163
169
159
153
169
169
140
133
129
120
114
103
82
62
66
47
38
27
2
-41
-43
-62
-53
-52
-71
-61
-70
-74
-70
-80
-83
-95
-71
-85
-98
-82
-80
-111
-112
-92
-82
-73
-86
-61
-64
-54
-41
-25
-16
-6
17
26
29
35
34
35
49
46
31
32
39
36
31
35
47
40
50
23
-15
-4
-2
-1
-12
-7
-17
-46
-22
-16
-17
-30
-35
-43
-49
-31
-28
-37
-39
-49
-61
-57
-50
-60
-65
-54
-62
-54
-41
-34
-25
-6
4
19
48
85
86
88
89
94
96
87
108
113
123
138
141
140
151
178
191
187
172
163
165
148
123
97
86
90
75
59
49
54
25
-4
8
-10
-39
-41
-62
-74
-79
-94
-102
-118
-124
-148
-138
-138
-155
-149
-158
-120
-114
-119
-103
-94
-88
-82
-61
-39
-41
-47
-33
-30
-21
-15
-9
-6
-8
0
23
29
44
16
20
23
28
62
46
57
66
74
71
58
56
63
35
12
2
-11
-17
-24
-49
-49
-56
-68
-70
-85
-101
-105
-107
-108
-115
-110
-118
-129
-124
-118
-109
-108
-107
-122
-102
-92
-83
-91
-99
-84
-56
-39
-31
-18
-2
17
22
51
65
68
82
81
84
99
104
108
121
113
139
145
139
137
147
151
116
116
121
128
130
129
119
124
111
106
104
110
96
67
84
93
95
98
74
59
37
27
31
28
28
8
-13
-42
-54
-51
-59
-46
-43
-77
-79
-75
-80
-85
-87
-83
-81
-39
-59
-63
-40
-29
-17
-11
18
16
4
3
-2
5
8
-11
3
12
7
21
12
17
15
14
8
-6
2
0
-7
-24
-20
-21
-49
-47
-45
-56
-92
-99
-85
-116
-125
-114
-114
-105
-108
-114
-117
-111
-96
-95
-99
-89
-64
-75
-61
-42
-41
-9
0
16
20
40
51
65
85
72
80
89
87
94
108
97
100
113
100
103
104
101
101
90
66
70
79
79
62
54
47
35
8
7
19
-2
4
7
0
15
-17
-58
-49
-72
-81
-80
-78
-85
-88
-92
-110
-106
-114
-106
-99
-115
-106
-101
-112
-127
-112
-98
-82
-58
-41
-24
-12
18
36
48
51
59
87
98
105
106
115
123
138
136
136
142
145
120
112
123
94
104
106
93
80
63
64
64
55
55
52
39
42
11
9
7
4
-17
-40
-39
-68
-89
-79
-79
-98
-98
-110
-109
-113
-127
-108
-105
-72
-46
-73
-71
-64
-76
-62
-57
-46
-37
-27
-12
7
9
-2
16
16
30
31
32
47
68
76
69
74
86
76
83
98
106
110
122
131
128
114
89
97
83
72
62
64
49
28
19
14
-8
-31
-37
-72
-77
-96
-127
-137
-144
-158
-136
-143
-167
-155
-149
-149
-148
-159
-139
-104
-91
-90
-70
-45
-42
-15
-30
-19
-8
-8
18
3
3
1
6
12
19
20
33
30
28
38
39
46
49
56
48
46
66
53
44
31
24
19
-8
8
-4
-15
-18
-38
-44
-32
-43
-38
-55
-49
-39
-50
-25
-38
-23
-37
-44
-34
-3
10
29
43
31
41
51
68
74
96
97
96
108
129
121
124
118
110
110
116
114
115
134
139
129
124
100
99
109
92
87
84
100
89
62
48
49
53
22
10
5
-3
-36
-72
-86
-116
-140
-143
-161
-178
-185
-189
-171
-193
-206
-183
-167
-172
-143
-140
-129
-119
-131
-110
-80
-51
-32
-25
-3
10
16
44
62
70
72
65
59
68
72
62
76
91
105
108
109
93
85
108
100
95
77
71
72
60
87
85
60
42
22
17
-16
-11
-15
-35
-29
-61
-66
-69
-86
-101
-103
-105
-122
-126
-142
-141
-137
-142
-131
-137
-130
-104
-114
-90
-69
-50
-27
-26
-7
27
35
33
20
37
42
55
63
67
84
70
84
82
85
99
104
120
117
102
99
114
96
78
64
57
59
46
33
34
31
-6
-20
-17
-31
-54
-39
-48
-79
-78
-78
-75
-63
-67
-66
-79
-88
-102
-118
-118
-108
-82
-79
-76
-70
-51
-23
-6
2
37
35
45
60
64
99
102
91
73
71
88
106
87
86
95
96
82
88
100
101
105
92
89
81
87
69
78
78
75
61
45
37
4
-6
-22
-36
-54
-82
-103
-93
-98
-106
-117
-115
-95
-91
-92
-83
-86
-84
-91
-79
-83
-68
-62
-64
-57
-39
-11
4
13
13
14
14
25
38
33
38
54
36
36
39
38
29
22
1
26
32
16
2
0
-19
-20
-12
-31
-44
-55
-52
-63
-65
-67
-67
-73
-74
-84
-86
-81
-82
-73
-53
-42
-37
-35
-17
-11
-4
14
31
45
45
68
62
72
77
63
76
86
100
81
88
102
92
87
91
94
85
83
98
88
75
81
80
82
91
69
67
53
41
52
37
44
16
0
8
20
12
0
-2
-21
-39
-45
-50
-44
-49
-86
-81
-90
-94
-97
-92
-95
-104
-97
-93
-104
-118
-137
-134
-122
-127
-121
-118
-111
-108
-107
-94
-62
-56
-36
-27
-24
-25
3
7
6
18
18
39
46
73
63
81
90
96
115
120
120
109
105
87
79
87
86
85
78
51
66
68
59
61
50
46
44
54
45
54
60
49
41
29
32
22
12
8
3
-18
-22
-24
-29
-28
-43
-40
-42
-26
-40
-37
-20
-49
-27
-26
-18
-23
-28
-22
-43
-47
-53
-49
-69
-81
-63
-58
-63
-46
-63
-52
-50
-55
-44
-52
-49
-53
-52
-40
-42
-32
-36
-41
-41
-32
-27
-17
-13
-27
-32
-37
-23
-25
-11
-27
-45
-38
-25
-22
-19
-1
4
11
-1
5
12
45
50
42
51
77
83
93
103
112
106
102
118
137
129
136
128
137
133
111
99
80
92
92
73
45
65
59
47
56
77
85
67
42
31
8
-3
-4
-7
-21
-38
-46
-46
-46
-50
-48
-69
-80
-78
-73
-72
-89
-96
-108
-123
-95
-98
-105
-111
-120
-115
-118
-105
-78
-72
-70
-75
-69
-46
-47
-41
-42
-44
-41
-38
-28
-13
-10
-16
-6
16
30
20
14
23
3
11
22
41
40
9
13
10
8
16
11
19
19
15
14
17
24
10
13
12
4
5
-2
-18
-13
-28
-48
-36
-45
-42
-32
-12
-6
0
20
34
34
27
62
83
74
67
53
47
46
62
63
77
85
95
86
98
111
116
108
78
67
60
87
88
83
88
75
68
60
43
34
29
38
39
35
34
-7
-20
-1
-7
-36
-42
-29
-41
-52
-46
-44
-43
-52
-51
-50
-53
-67
-68
-84
-87
-96
-113
-102
-111
-98
-113
-102
-100
-99
-85
-95
-104
-98
-86
-78
-75
-73
-60
-65
-62
-54
-44
-58
-52
-66
-60
-47
-10
-14
-38
-13
-16
13
30
67
85
104
101
99
84
74
71
53
56
56
58
70
76
73
70
54
44
37
41
21
32
26
21
26
33
27
36
45
34
31
22
4
16
9
-6
-9
-1
5
0
-1
7
28
13
27
26
2
24
25
16
10
16
14
9
14
7
12
20
36
13
21
23
31
31
18
17
-5
20
4
-34
-37
-41
-42
-44
-56
-78
-92
-84
-82
-93
-75
-62
-77
-96
-60
-86
-70
-37
-41
-27
-27
-31
-39
-37
-42
-19
-6
-14
-13
-14
23
40
40
59
50
33
36
46
45
38
60
54
49
60
75
66
41
47
33
33
56
54
68
75
94
82
83
80
76
82
54
56
43
27
-2
-22
-35
-46
-56
-58
-57
-58
-54
-56
-49
-30
-38
-44
-63
-78
-100
-119
-96
-75
-57
-44
-29
-33
-22
1
12
23
12
15
22
18
22
23
14
16
16
13
12
29
29
18
12
-8
-11
-7
21
12
2
15
-6
-7
-13
-12
-14
-6
-9
-22
-44
-68
-55
-50
-38
-21
-4
16
10
6
9
3
-16
-26
-40
-47
-54
-15
9
9
17
13
34
33
36
22
21
34
8
6
12
-10
-1
1
4
18
17
22
10
23
14
20
39
39
19
17
0
12
21
16
35
1
-11
-24
-13
3
22
30
8
7
-7
-27
-17
-33
-32
-28
-16
-27
-40
-22
-11
-5
3
-6
0
-1
5
-2
-6
-11
-25
16
35
37
21
9
7
6
9
31
29
39
44
27
31
37
43
40
55
53
65
49
45
49
59
57
27
18
-2
14
6
12
5
-3
-5
-3
-15
-29
-34
-42
-27
-30
-21
-23
-33
-33
-31
0
-3
-17
-33
-41
-58
-46
-25
-26
-19
-35
-42
-58
-55
-32
-10
-2
-6
4
-2
-6
-15
-11
3
3
22
7
8
14
-5
-12
-19
-14
-33
-23
-36
-45
-25
-29
-31
-41
-24
-29
-24
-24
6
-1
-11
-35
-55
-47
-32
-19
-35
-45
-49
-42
-38
-8
-12
-17
3
11
3
-9
-23
-11
-10
-27
-21
-3
-7
-3
17
22
24
50
34
17
29
54
60
56
80
92
95
84
110
92
83
99
88
75
56
63
50
74
76
43
56
63
64
39
33
15
5
13
-5
-11
5
15
5
17
13
-5
-24
-35
-54
-33
-28
-42
-52
-81
-54
-51
-27
-2
-1
-33
-48
-43
-30
-2
-10
-13
-4
-5
6
-6
-27
-12
-21
-3
2
-15
-4
-6
4
3
5
-5
-3
-8
-28
-22
-12
-7
-23
-13
-12
-30
-39
-47
-15
-12
-9
-4
-11
14
5
3
0
-7
-34
-29
-16
0
-11
-23
-15
-9
-7
-19
-6
0
4
-11
-20
-44
-43
-43
-51
-38
-13
-12
-6
-12
3
32
25
6
20
13
12
3
-5
9
19
36
34
56
48
47
55
51
48
44
35
22
8
-6
-16
-35
-36
-21
-6
-10
9
28
15
-3
-31
-37
-54
-43
-55
-70
-68
-44
-37
-48
-27
-13
0
14
29
37
28
25
17
23
49
23
31
39
43
51
67
54
45
57
54
27
52
67
63
72
63
73
42
43
47
46
59
87
70
46
44
33
26
-4
-13
-17
-13
-22
-9
-5
-12
-20
-25
-36
-64
-68
-74
-96
-119
-99
-72
-42
-33
-25
-15
-39
-49
-45
-39
-44
-29
-53
-76
-96
-67
-44
-29
-15
-6
-25
-41
-33
-32
-25
-23
-10
-19
-37
-34
-33
-8
-16
-8
10
29
44
21
30
26
26
34
26
28
45
40
47
51
64
77
48
32
31
22
6
1
-4
4
7
10
6
26
36
50
47
29
9
-1
-17
-17
-2
-9
-1
6
13
14
21
18
3
1
6
-27
-35
-34
-48
-49
-46
-39
-30
-36
-17
5
9
-3
-13
-1
-15
-19
-23
-30
-33
-15
-5
-3
10
-4
-14
-4
7
-16
-24
-31
-27
-39
-55
-61
-59
-48
-39
-28
-22
-9
-6
-13
-16
-23
-17
-23
-35
-10
-18
-1
26
22
49
65
58
55
61
67
54
57
60
64
90
85
82
101
86
73
70
60
60
66
52
74
95
92
93
96
75
60
61
78
102
70
61
55
36
33
12
0
-12
-33
-34
-29
-27
-35
-56
-55
-65
-70
-73
-88
-91
-84
-89
-90
-88
-82
-87
-92
-76
-65
-64
-65
-70
-69
-52
-48
-41
-17
-2
-13
-31
-18
1
6
4
7
0
-6
-17
-18
-18
-10
-24
-39
-24
-32
-25
-29
-15
-35
-41
-23
-48
-29
-24
-14
-20
-14
-12
-8
-7
-17
-7
0
5
0
-4
-21
-27
-23
-27
-16
-17
-5
-8
-18
9
23
44
55
53
37
7
17
42
42
61
63
67
84
71
76
87
81
84
81
67
67
64
49
39
41
46
41
39
52
60
33
26
5
1
4
-34
-40
-31
-50
-45
-63
-73
-58
-51
-55
-83
-65
-46
-50
-35
-46
-43
-31
-52
-34
-23
-4
-4
-11
-15
-13
-5
-17
-10
-20
-11
-17
0
17
16
38
21
27
37
39
46
46
36
28
25
29
32
26
27
28
37
41
34
29
30
31
29
35
20
24
11
5
20
17
13
20
17
3
7
-1
7
4
11
20
13
0
4
-8
-25
-18
1
27
17
6
-14
-40
-59
-51
-38
-41
-51
-38
-37
-52
-31
-44
-50
-29
-19
-12
-16
-21
-8
-15
-17
-11
-18
-4
-8
6
14
20
3
-23
-33
-40
-51
-53
-36
-40
-47
-50
-57
-43
-29
-21
-30
-39
-46
-57
-51
-45
-27
-31
-32
-35
-44
-40
-19
-5
-17
-11
-23
-19
-17
-19
-10
-13
-2
-4
-3
11
10
24
46
60
75
78
68
66
66
55
59
54
64
79
70
81
100
100
86
94
77
82
79
66
71
57
45
41
44
47
64
55
66
49
39
20
-2
5
5
0
-18
-16
-15
-9
-14
5
-7
-14
6
16
8
3
-17
-48
-73
-80
-86
-77
-53
-33
-30
-25
-24
-15
-14
-37
-25
-38
-27
-12
-19
-4
-1
3
12
17
-2
3
1
-7
1
13
16
4
-9
-10
-11
-10
-6
-7
-8
-23
-22
-29
-29
-32
-27
-34
-40
-60
-47
-38
-53
-37
-33
-27
-24
-24
-38
-28
-17
-5
1
4
-14
-22
-21
-16
0
-6
-2
-7
-15
-14
-4
-5
2
16
12
27
37
39
33
17
12
16
3
13
18
-8
-20
-18
-13
-30
-57
-60
-51
-53
-54
-39
-21
-15
-11
-4
3
4
12
19
14
-11
10
29
35
40
33
68
89
73
75
76
67
45
34
51
65
65
54
53
73
59
44
66
48
47
36
41
51
50
48
46
36
18
27
20
28
25
19
20
-6
17
-7
-12
-14
-17
-19
-16
2
-5
19
14
-5
-16
-26
-35
-58
-69
-65
-66
-66
-69
-71
-62
-64
-68
-75
-75
-89
-77
-89
-92
-86
-89
-59
-63
-65
-44
-43
-44
-48
-18
-11
-29
-29
-32
-36
-19
-15
-8
10
24
34
20
32
44
55
60
56
56
42
23
20
38
32
51
51
51
65
78
82
85
69
54
44
20
23
0
1
0
0
-2
-6
-18
-19
-26
-25
-30
-26
-24
-22
-20
-19
-10
0
-3
-17
-38
-33
-29
-42
-45
-51
-28
-50
-56
-40
-40
-23
-23
-13
-17
-6
9
-10
-4
-15
-15
-9
3
19
12
17
10
30
39
40
63
68
71
85
92
90
86
85
72
59
61
61
44
31
24
7
13
6
-3
-2
0
23
24
4
-11
-19
-27
-37
-43
-30
-37
-31
-6
-1
-11
-22
-12
-6
6
-7
-11
-2
-9
-12
-14
-21
-33
-18
-16
-23
-21
-15
-14
-9
-19
-3
-4
-5
-10
-34
-33
-19
-2
-10
-1
-10
6
13
8
2
3
-2
-11
-12
-21
-26
-28
-22
-29
-41
-42
-34
-18
-7
-9
-17
-1
4
2
11
17
8
17
34
24
27
33
34
9
7
-3
6
20
13
2
-8
-10
-1
2
-9
-7
-10
-1
-14
-24
-20
-23
-24
-27
-26
-26
-15
1
-1
11
28
23
13
11
15
9
1
-9
-7
-19
-3
1
4
5
26
41
34
22
25
19
11
10
0
13
14
-3
7
5
8
25
23
31
27
38
30
31
33
25
27
18
23
28
37
33
27
24
30
26
17
13
2
-10
-11
-8
-4
4
0
6
-10
-4
13
8
-3
-17
-21
-14
-18
-22
-32
-32
-24
-24
-13
-26
-32
-25
-29
-25
-30
-21
-8
-4
5
-4
-14
-28
-47
-40
-30
-47
-48
-51
-57
-75
-73
-67
-62
-68
-70
-57
-48
-35
-32
-32
-33
-25
-16
-18
-17
-5
4
2
-1
18
33
36
37
40
55
53
53
52
51
54
43
51
54
55
61
40
28
28
22
11
2
10
12
6
17
18
26
35
29
24
33
43
36
29
26
29
30
21
23
30
25
19
18
15
14
13
3
2
0
-13
-16
-19
-17
-13
-14
-16
-16
-15
-15
-15
-22
-37
-36
-42
-43
-47
-46
-32
-19
-44
-41
-24
-34
-36
-32
-29
-42
-33
-39
-36
-38
-36
-31
-35
-29
-19
-13
-14
-9
5
6
24
43
34
53
68
58
