SAMPLES:	21164
BITSPERSAMPLE:	16
CHANNELS:	1
SAMPLERATE:	16000
NORMALIZED:	FALSE
-8
-9
-9
-12
-9
-6
-5
-5
2
6
8
4
6
8
4
6
6
5
4
12
12
16
16
17
18
23
25
19
23
22
19
17
11
13
17
9
15
19
16
21
20
19
11
15
10
8
13
9
12
11
13
9
11
10
3
1
-7
-12
-16
-15
-18
-14
-18
-19
-19
-24
-17
-22
-22
-21
-26
-28
-28
-25
-23
-21
-18
-20
-23
-21
-26
-22
-19
-23
-15
-9
-9
-4
-4
5
5
6
7
4
6
5
7
15
16
22
23
19
15
12
12
3
2
1
7
11
12
14
21
18
25
23
18
19
20
17
19
16
15
10
5
8
8
13
14
15
12
10
7
4
1
4
5
6
10
9
10
8
7
6
4
3
5
4
4
-1
-5
-4
-8
-10
-15
-16
-18
-23
-25
-25
-24
-25
-27
-30
-27
-27
-27
-26
-27
-26
-26
-28
-30
-25
-25
-25
-28
-26
-26
-27
-32
-26
-21
-17
-14
-11
-3
-1
-1
-3
0
5
3
-2
2
4
3
9
10
12
19
19
19
22
22
22
23
20
22
21
22
22
18
16
16
19
12
16
16
11
7
10
11
9
9
8
7
9
7
9
10
11
14
8
7
9
9
5
8
7
5
10
10
11
17
15
11
11
7
3
1
-1
-2
-3
1
4
-1
-4
-1
1
1
1
2
7
6
5
8
10
10
13
11
13
13
9
13
12
15
15
13
13
16
11
4
5
-1
1
2
4
-3
-4
-8
-8
-6
-9
-16
-22
-25
-33
-37
-39
-37
-33
-34
-35
-31
-33
-32
-26
-33
-34
-35
-40
-40
-41
-41
-39
-39
-38
-38
-36
-37
-37
-34
-29
-31
-27
-24
-26
-24
-23
-20
-18
-14
-8
-7
-4
8
6
9
15
12
18
22
28
27
26
32
32
37
37
36
37
38
41
42
45
46
50
49
52
51
50
51
50
51
44
43
43
45
40
35
31
26
22
18
19
14
10
2
-3
-8
-13
-12
-16
-17
-24
-25
-27
-30
-29
-30
-30
-28
-29
-29
-27
-30
-30
-31
-29
-27
-27
-25
-20
-17
-18
-18
-15
-13
-11
-8
-7
-3
-1
-1
1
2
6
8
11
10
10
11
9
6
7
6
1
4
10
13
16
17
20
19
16
18
18
20
17
19
15
14
14
13
10
10
11
13
13
9
6
10
10
12
13
13
13
8
1
-2
2
-4
-2
-4
-9
-8
-12
-13
-11
-10
-8
-7
-12
-8
-11
-11
-6
-5
-4
-9
-11
-11
-14
-14
-18
-18
-22
-22
-21
-22
-23
-24
-24
-20
-22
-21
-18
-18
-16
-20
-16
-16
-17
-18
-19
-19
-20
-19
-16
-15
-9
-8
-6
-5
-12
-12
-9
-8
-9
-9
-5
-3
-2
-4
-3
-2
-1
-4
-4
-2
3
7
5
6
9
6
1
0
0
1
4
4
3
3
9
10
11
16
15
16
19
21
27
23
25
24
20
22
18
15
19
18
19
21
22
27
28
30
28
26
26
24
26
27
31
29
29
30
30
28
27
27
23
23
19
13
14
12
9
6
2
2
4
1
0
-2
-2
-4
0
-1
-1
0
2
2
0
-1
-3
-9
-17
-20
-24
-24
-24
-25
-23
-28
-29
-30
-31
-31
-37
-37
-35
-35
-35
-37
-38
-38
-41
-43
-46
-47
-42
-40
-37
-35
-33
-27
-22
-17
-13
-6
-2
1
0
-2
-4
-8
-8
-5
-5
-1
4
9
16
17
16
16
16
18
19
24
26
29
32
34
34
29
33
29
26
22
18
17
13
12
11
14
11
13
10
9
8
6
5
7
5
1
1
-1
-2
-7
-8
-8
-4
-2
-2
0
-1
1
1
-2
-6
-6
-4
-9
-7
-11
-10
-8
-11
-12
-14
-13
-14
-11
-13
-15
-16
-17
-18
-14
-11
-12
-11
-13
-11
-9
-7
-3
-4
0
-1
2
3
6
4
3
3
4
9
10
16
23
26
27
28
32
34
35
39
35
36
34
33
34
34
39
37
33
32
28
24
21
18
21
19
18
17
18
14
10
9
7
5
0
0
-1
-6
-9
-11
-17
-22
-24
-28
-30
-35
-32
-35
-34
-33
-37
-35
-36
-37
-39
-38
-39
-35
-35
-37
-36
-34
-32
-31
-30
-24
-26
-22
-20
-17
-17
-18
-12
-17
-15
-13
-15
-13
-9
-7
-2
2
5
9
9
8
13
16
16
14
11
10
6
11
8
9
12
13
15
15
19
21
20
23
27
21
17
15
13
11
6
4
3
3
3
1
1
0
1
2
1
1
-1
1
-2
-2
0
-1
3
2
2
0
2
-3
-5
-4
-4
-6
-4
0
-2
-3
0
5
6
7
9
8
9
9
9
5
6
12
10
12
14
15
14
11
11
10
11
13
11
9
10
6
4
2
6
5
7
9
12
11
11
9
12
13
11
10
7
5
5
2
1
-4
-8
-11
-16
-15
-13
-16
-10
-12
-7
-5
-3
-7
-10
-9
-17
-16
-17
-18
-19
-20
-22
-24
-26
-21
-18
-20
-19
-16
-13
-15
-16
-13
-13
-13
-13
-12
-8
-9
-8
-7
-5
-1
-1
3
5
7
9
12
10
13
13
17
17
17
17
17
16
16
16
12
18
16
18
18
21
19
15
15
17
16
14
13
15
10
9
6
4
9
7
6
8
7
7
4
3
2
-1
-1
-3
-5
-8
-10
-8
-10
-11
-14
-17
-19
-20
-23
-24
-22
-24
-26
-27
-25
-23
-26
-23
-21
-24
-21
-19
-19
-16
-14
-14
-14
-11
-11
-10
-5
-3
-3
0
2
-2
2
6
10
10
10
11
13
16
11
16
17
14
14
14
19
21
23
22
24
24
26
21
21
23
22
23
21
21
19
19
12
12
10
8
12
8
9
6
2
2
1
-3
-6
-9
-10
-10
-13
-12
-13
-14
-16
-16
-16
-16
-16
-16
-17
-19
-19
-21
-21
-26
-25
-27
-21
-20
-21
-20
-20
-23
-25
-24
-22
-21
-22
-18
-17
-13
-11
-7
-3
0
1
2
5
7
10
7
10
12
13
17
19
20
27
28
28
27
28
32
30
34
34
31
35
35
36
37
38
37
37
37
37
32
28
26
21
17
11
9
7
7
4
2
3
2
-1
-2
-1
-4
-7
-12
-16
-17
-18
-16
-18
-19
-20
-21
-24
-22
-17
-14
-18
-19
-19
-18
-15
-17
-15
-15
-14
-17
-21
-17
-19
-22
-24
-24
-25
-25
-25
-23
-24
-21
-18
-17
-16
-19
-19
-16
-15
-14
-13
-12
-11
-12
-10
-7
-10
-9
-10
-13
-11
-7
0
1
5
6
3
5
6
8
9
13
12
14
16
16
19
16
15
14
14
13
13
11
10
10
9
11
11
13
14
14
16
16
19
19
20
19
21
20
21
21
22
20
20
19
21
19
19
22
19
21
18
15
10
9
11
9
8
10
7
9
8
4
5
4
4
5
2
-3
-3
-6
-6
-5
-7
-4
-5
-9
-11
-13
-17
-19
-21
-23
-24
-24
-24
-27
-26
-24
-23
-25
-26
-26
-26
-26
-24
-24
-24
-18
-21
-19
-20
-19
-18
-18
-15
-10
-14
-11
-8
-8
-8
-8
-7
-7
-8
-5
-3
-4
0
0
5
3
2
5
4
5
3
5
12
16
19
19
22
25
26
28
27
31
33
33
30
30
24
26
29
28
28
29
30
29
27
28
26
24
22
20
18
16
16
15
11
6
3
2
3
-5
-5
-6
-14
-16
-19
-21
-24
-24
-25
-28
-31
-31
-38
-40
-44
-46
-43
-43
-43
-42
-43
-46
-48
-48
-44
-41
-39
-36
-34
-32
-31
-28
-25
-24
-19
-16
-12
-11
-8
-6
-2
-4
-2
1
2
5
7
10
8
14
19
20
24
21
24
22
24
24
26
30
29
30
31
34
34
39
40
40
41
40
40
40
38
38
34
33
28
28
25
23
22
21
23
23
21
22
21
19
18
17
15
15
16
11
13
12
9
9
7
6
6
6
-1
-1
-4
-6
-3
-3
-6
-5
-5
-9
-7
-9
-9
-12
-16
-18
-17
-16
-18
-16
-19
-17
-22
-20
-20
-19
-17
-17
-14
-16
-13
-16
-19
-18
-19
-19
-22
-23
-23
-24
-25
-28
-29
-29
-27
-24
-24
-20
-22
-20
-19
-17
-16
-12
-11
-12
-10
-6
0
-3
-4
-5
-6
-7
-10
-11
-9
-8
-6
-8
-8
-8
-6
-3
0
2
8
11
8
7
6
6
4
1
0
3
2
-1
0
2
7
5
8
11
11
12
13
12
15
14
13
13
11
10
8
14
12
15
18
21
22
24
28
28
29
26
26
23
20
20
22
21
20
16
15
13
11
13
12
10
10
7
6
5
6
7
4
2
-3
-2
-6
-12
-13
-18
-21
-18
-19
-21
-16
-15
-13
-11
-13
-12
-12
-11
-18
-18
-12
-15
-12
-16
-17
-18
-18
-14
-13
-9
-6
1
2
2
3
6
4
5
1
-2
1
-2
-3
-3
-3
-3
0
3
8
13
16
17
17
18
17
16
15
16
16
14
15
19
15
12
11
8
7
2
3
2
-1
2
0
4
3
1
-1
-6
-7
-8
-6
-5
-5
-7
-9
-9
-10
-13
-15
-18
-19
-21
-20
-22
-25
-23
-24
-21
-22
-20
-17
-19
-16
-17
-18
-15
-15
-13
-13
-15
-17
-16
-17
-14
-14
-10
-10
-9
-2
-3
1
0
-1
1
2
2
1
1
1
1
4
6
8
9
7
10
13
15
18
19
18
18
17
19
19
18
19
16
16
15
16
15
15
17
15
17
17
18
19
22
22
20
20
19
18
16
17
15
14
10
9
7
6
7
7
7
6
5
4
8
9
6
8
3
2
0
2
1
-3
-2
-1
-2
-2
-5
-6
-6
-8
-4
-4
-3
-6
-4
-6
-4
-7
-9
-10
-10
-10
-12
-7
-11
-11
-14
-15
-14
-11
-13
-16
-14
-15
-16
-19
-18
-20
-20
-20
-17
-19
-19
-21
-20
-19
-20
-19
-18
-14
-10
-10
-8
-6
-5
-5
-8
-6
-1
-1
-2
0
2
3
5
5
9
6
6
5
5
7
4
6
5
7
8
9
6
6
6
6
11
11
13
12
10
11
12
11
10
8
6
6
5
6
8
9
9
7
5
5
6
3
3
6
8
8
9
12
12
9
9
8
6
3
2
1
1
1
2
-1
-1
1
0
3
3
4
3
1
3
3
2
2
2
0
1
-1
-3
-3
-5
-8
-9
-8
-11
-10
-8
-5
-7
-7
-9
-10
-13
-9
-10
-8
-6
-8
-9
-11
-11
-13
-12
-9
-8
-8
-3
-5
0
-1
2
2
5
5
6
7
5
3
2
5
0
1
2
2
3
4
3
6
6
7
7
9
10
9
10
9
8
7
5
7
6
5
6
5
2
1
2
-1
0
2
1
1
3
3
2
2
2
0
0
-2
-1
-1
-3
-4
-5
-3
-4
0
-1
1
0
-2
-1
-3
-4
-4
-4
-2
-2
-1
-2
-6
-7
-7
-8
-9
-8
-9
-7
-8
-7
-9
-11
-12
-11
-14
-12
-12
-12
-10
-10
-10
-11
-9
-9
-10
-9
-10
-10
-7
-4
-4
-2
-3
0
1
2
3
4
4
5
8
10
11
12
11
14
15
15
16
18
18
14
13
13
12
13
14
14
16
12
14
12
10
11
9
9
10
11
12
11
10
7
6
6
5
4
4
4
5
2
1
2
-2
-4
-3
-3
-5
-6
-5
-6
-7
-8
-10
-10
-8
-7
-6
-5
-6
-5
-4
-3
-3
-3
-2
-2
-5
-4
-6
-7
-9
-9
-7
-8
-5
-5
-5
-5
-5
-7
-6
-6
-6
-5
-1
-4
-5
-3
-4
-5
-4
-3
-1
-2
-2
-3
1
-2
-2
0
-1
1
-2
0
-1
1
0
-2
-3
-3
-3
-4
-3
-3
-4
-3
-2
-2
0
0
0
1
3
6
6
6
8
6
5
6
9
10
9
8
10
7
10
11
12
14
15
14
12
11
12
10
13
12
12
12
12
12
12
13
14
11
10
10
8
7
3
1
0
0
-3
-6
-7
-9
-12
-13
-15
-16
-15
-15
-16
-16
-18
-18
-17
-18
-18
-19
-18
-19
-17
-18
-19
-20
-17
-16
-18
-16
-15
-13
-11
-9
-8
-5
-5
-5
-6
-6
-5
-6
-6
-3
-3
0
0
0
3
3
3
3
-1
-3
-3
1
-1
0
3
3
5
5
9
11
12
11
11
11
12
9
10
9
4
7
7
4
7
9
11
12
13
12
11
10
8
9
8
7
8
8
11
8
10
11
10
8
4
2
3
4
4
3
2
1
-2
-2
-2
0
-1
-1
-2
-4
-6
-4
-5
-6
-2
-2
-1
0
-2
-1
-3
-6
-4
-3
-3
-3
-3
-3
0
-1
2
1
3
3
3
3
4
7
5
4
2
3
1
0
3
4
6
8
6
7
5
9
10
5
5
4
6
4
3
4
3
1
1
0
-1
1
1
-2
-3
-4
-5
-6
-5
-4
-3
-2
-4
-2
-2
-3
-3
-4
-3
-4
-5
-8
-11
-10
-11
-13
-10
-13
-14
-12
-15
-15
-14
-15
-19
-21
-21
-20
-18
-18
-18
-21
-18
-19
-18
-17
-18
-16
-14
-12
-10
-8
-3
-3
-5
-2
0
4
4
7
10
11
13
13
14
15
15
15
15
15
17
19
21
21
21
23
21
21
23
18
18
16
14
13
14
13
14
17
16
17
16
16
16
16
14
12
8
5
4
0
1
2
0
2
0
-2
-4
-6
-5
-8
-9
-7
-6
-7
-11
-8
-10
-11
-11
-12
-12
-10
-11
-12
-13
-10
-9
-10
-10
-10
-10
-7
-6
-6
-4
-4
-6
-7
-9
-6
-5
-6
-4
-4
-5
-4
-5
-3
-2
0
0
0
3
2
2
0
0
1
0
-1
0
-2
0
-1
-3
-4
-3
-1
-4
-2
-2
0
1
-1
-1
-2
-2
-3
-1
1
2
2
1
1
2
4
5
7
8
9
12
9
9
10
12
9
10
8
5
8
7
5
7
7
5
5
5
5
5
3
3
4
3
2
1
2
1
0
1
-1
-2
-1
-2
-3
-3
-3
-4
-4
0
-3
-2
0
-2
-1
-1
2
-1
0
0
0
-2
-3
-1
-3
-3
-3
-4
-6
-9
-8
-10
-12
-12
-14
-12
-11
-13
-11
-11
-12
-14
-15
-15
-14
-13
-12
-13
-11
-12
-11
-8
-5
-2
-1
0
1
3
3
4
4
4
4
4
3
5
4
7
7
8
11
12
14
15
17
16
14
14
13
13
12
10
12
12
14
12
13
16
17
17
14
13
14
12
11
10
10
11
10
10
11
12
11
10
10
9
6
5
4
2
1
-1
-2
-4
-4
-5
-7
-8
-8
-10
-11
-13
-16
-17
-18
-19
-22
-20
-20
-19
-19
-19
-15
-15
-15
-13
-13
-11
-10
-10
-10
-9
-10
-9
-10
-7
-7
-7
-6
-6
-4
-2
-2
0
4
1
2
0
1
3
5
6
6
9
9
6
6
4
5
7
6
7
9
9
8
6
4
3
0
2
2
2
2
-2
-1
-2
-2
-3
-3
-1
-2
-1
-1
-2
-2
-2
0
-3
-1
0
1
2
2
3
0
-2
-1
-1
-1
2
2
1
0
0
1
0
0
0
-3
-1
-1
0
1
2
4
1
1
1
1
-1
1
3
4
3
1
1
-1
3
5
4
7
6
6
6
6
7
10
9
12
11
11
10
10
9
5
6
5
2
5
3
0
1
1
-1
-3
-5
-5
-7
-9
-10
-9
-7
-8
-8
-7
-6
-9
-9
-8
-8
-9
-6
-6
-5
-5
-6
-5
-7
-6
-4
-3
-2
-1
0
1
3
2
4
5
5
4
4
4
5
3
2
3
3
5
3
3
2
3
0
-1
-1
-5
-4
-5
-3
-4
-5
-5
-6
-6
-6
-5
-3
-4
-4
-4
-3
-2
-3
-2
-2
-1
-2
-1
0
1
-1
-2
-2
-2
0
-2
-4
-4
-4
-4
-2
-2
-1
-3
-2
-1
-3
0
1
2
2
1
2
1
1
2
0
3
4
3
5
3
3
3
2
3
1
1
3
5
6
6
8
7
8
8
5
6
5
6
7
6
8
6
9
10
8
9
8
8
8
10
11
11
12
10
8
6
4
3
3
2
-1
-2
-1
-1
-1
0
1
1
1
1
1
0
0
-2
-2
-2
-6
-6
-6
-9
-9
-11
-10
-11
-10
-10
-13
-11
-10
-9
-8
-8
-9
-9
-11
-12
-14
-15
-14
-13
-14
-13
-12
-12
-8
-7
-6
-5
-4
-3
-3
-5
-4
-3
-2
-2
-1
-3
-3
-1
0
2
4
7
7
9
12
13
15
14
17
15
14
15
15
15
16
14
15
14
16
17
16
16
14
13
13
12
11
11
8
9
8
4
3
1
2
-1
-5
-6
-7
-8
-7
-7
-9
-11
-12
-15
-16
-17
-19
-20
-19
-21
-21
-19
-21
-19
-18
-16
-17
-16
-15
-15
-13
-12
-9
-7
-8
-6
-5
-5
-5
-5
-5
-4
-3
-1
-1
1
2
2
2
3
3
3
2
4
6
6
9
10
11
11
10
10
9
12
15
15
16
17
19
19
16
17
16
15
15
15
16
16
16
14
14
14
17
16
16
16
15
14
14
15
16
14
13
12
12
10
8
6
3
1
1
-3
-6
-9
-10
-10
-12
-12
-13
-14
-13
-15
-16
-16
-19
-21
-24
-22
-22
-26
-25
-26
-26
-22
-23
-22
-22
-21
-21
-19
-17
-17
-12
-10
-9
-7
-9
-6
-7
-7
-8
-6
-6
-7
-4
-5
-2
1
2
3
3
4
6
8
9
8
6
6
4
8
7
9
8
5
8
7
10
10
9
10
9
7
5
7
5
7
6
5
5
1
0
2
-1
-1
1
2
2
2
4
5
9
8
10
10
12
14
14
14
13
14
13
12
11
12
11
12
9
10
12
12
12
12
12
12
12
10
9
6
6
5
4
1
0
0
-4
-5
-5
-2
-3
-2
-4
-5
-6
-7
-13
-14
-15
-16
-19
-21
-24
-27
-28
-28
-28
-27
-27
-26
-24
-22
-19
-18
-18
-13
-9
-7
-5
-2
0
-2
-5
-1
6
2
-2
0
-2
-5
-2
-2
-9
-14
-8
-1
-4
-3
3
2
4
11
15
15
14
20
22
21
25
28
26
23
21
18
19
17
18
14
13
7
5
7
5
1
1
-1
-3
-2
-1
-2
1
2
3
5
7
11
11
12
11
12
10
10
9
8
4
3
1
0
-4
-9
-10
-13
-16
-16
-16
-17
-20
-20
-19
-21
-17
-18
-13
-11
-10
-6
-6
-7
-6
-8
-9
-8
-9
-6
-7
-8
-10
-10
-7
-10
-9
-9
-11
-9
-7
-7
-6
-5
-4
-3
-3
-2
0
1
3
3
7
10
12
15
15
16
18
18
16
17
17
18
17
19
14
13
11
11
12
9
8
7
6
5
6
2
1
3
2
1
3
1
3
3
2
3
4
4
4
2
-1
-2
-4
-7
-7
-9
-10
-10
-11
-13
-10
-12
-12
-13
-13
-10
-9
-7
-5
-6
-5
-4
-3
-1
-1
-1
-2
0
-2
-1
0
1
-2
-1
1
-2
-3
-6
-5
-9
-7
-5
-5
-3
-3
-3
-1
4
2
3
6
4
4
4
3
5
5
6
6
6
5
2
6
6
6
6
4
2
0
2
2
1
2
1
2
3
3
1
1
3
7
4
3
4
3
4
4
5
4
4
7
6
6
7
8
9
9
5
6
7
5
7
8
8
5
2
3
1
-2
-4
-5
-6
-10
-9
-7
-9
-7
-6
-4
-6
-7
-9
-10
-15
-16
-12
-12
-10
-10
-10
-13
-15
-18
-17
-14
-16
-15
-16
-13
-13
-8
-3
-2
-1
-3
3
5
4
4
2
6
7
5
5
3
6
3
4
1
-2
-1
-3
-3
-3
-2
3
0
-2
-3
-1
0
-5
-5
-4
0
1
3
4
6
6
3
4
5
11
12
17
19
19
21
14
9
11
9
7
5
8
13
15
18
20
18
18
21
21
22
24
25
23
21
20
20
17
11
7
3
1
0
-4
-5
-5
-8
-7
-2
-2
-6
-9
-10
-13
-15
-19
-22
-24
-19
-23
-23
-17
-14
-13
-17
-17
-24
-23
-23
-25
-24
-23
-26
-27
-18
-16
-16
-18
-14
-13
-12
-9
-7
-8
-6
-3
-6
-7
-8
-1
4
6
3
7
6
6
9
7
10
7
1
3
3
2
6
9
11
9
6
12
16
17
18
15
15
16
18
19
12
9
10
6
4
4
2
4
5
5
9
10
9
4
8
8
3
9
8
3
-7
-9
-8
-10
-11
-9
-13
-13
-11
-15
-13
-15
-14
-17
-16
-11
-11
-4
11
13
5
0
6
-9
-44
-30
47
43
-34
-35
4
-4
15
63
33
-31
13
100
74
7
39
67
29
45
91
45
-7
29
49
-4
-20
17
9
-38
-48
-35
-51
-68
-59
-48
-59
-71
-57
-26
-44
-52
-20
-17
-41
-45
-42
-38
-22
-1
-6
-37
-35
-15
-9
-28
-55
-63
-29
12
4
-30
-30
-10
15
47
49
1
3
44
57
80
95
58
33
66
89
113
143
112
56
68
123
144
122
109
97
92
145
194
156
103
118
-2
-218
-143
22
-82
-191
-214
-313
-362
-210
-124
-326
-490
-308
-135
-202
-194
-108
-168
-160
80
179
35
67
233
230
158
218
278
197
134
161
109
9
21
23
-38
-147
-192
-128
-99
-123
-134
-146
-152
-98
9
98
69
60
127
184
217
252
284
245
185
197
199
168
150
131
44
-40
-61
-80
-106
-141
-191
-237
-244
-215
-191
-165
-166
-214
-140
20
22
-61
6
187
193
102
215
266
136
194
325
182
62
260
357
125
17
147
128
27
96
91
-116
-153
39
27
-158
-124
13
-6
-54
-120
-389
-539
-288
-102
-241
-429
-533
-487
-304
-199
-280
-512
-548
-263
-77
-157
-204
-192
-186
1
186
158
117
235
355
286
220
295
337
290
281
265
185
175
192
159
56
-45
-13
69
66
54
37
7
55
131
202
242
197
201
284
315
315
308
268
231
183
52
27
205
235
56
-102
-154
-51
75
79
-106
-310
-230
36
114
7
-105
-70
85
249
272
213
171
256
417
458
336
-18
-418
-487
-248
-371
-826
-964
-950
-1100
-1178
-1059
-1171
-1492
-1336
-771
-826
-1184
-783
-287
-392
-266
280
319
245
818
1201
886
820
1271
1361
1016
1037
1182
865
583
629
569
119
-155
-26
-106
-436
-494
-357
-393
-408
-243
-15
97
16
200
558
416
391
925
947
537
845
1136
909
717
755
772
443
287
505
260
-96
202
356
-102
-367
-99
109
184
318
-48
-1105
-1480
-577
-147
-1019
-1614
-1380
-1337
-1430
-1126
-1100
-1882
-2189
-1078
-631
-1560
-1467
-495
-617
-759
-6
320
-30
324
1174
929
376
843
1329
904
608
869
771
323
388
574
95
-331
-155
31
-87
-195
-130
-1
95
312
632
683
515
807
847
549
1222
1795
1160
838
1051
906
867
1043
822
133
-134
525
627
-34
61
321
-200
-224
504
366
-125
104
-214
-1393
-1351
-415
-822
-1830
-1795
-1509
-1892
-1923
-1493
-1870
-2631
-2140
-1083
-1296
-1791
-1061
-512
-850
-291
746
591
324
1009
1372
1010
1007
1562
1445
761
755
960
632
312
456
311
-361
-587
-116
-12
-273
-227
-133
-156
9
591
1125
813
527
1299
1966
1684
1499
1792
1753
1598
1892
1830
1040
839
1293
1217
611
388
335
-108
-156
174
-217
-668
-469
-757
-1857
-2283
-1624
-1594
-2217
-2116
-2074
-2693
-2550
-1686
-1782
-2639
-2407
-1394
-1344
-1489
-721
-474
-862
-179
861
756
436
1123
1613
1205
1214
1647
1412
886
971
1026
482
134
273
126
-406
-690
-579
-409
-550
-502
-280
-410
-351
127
707
1274
1377
1240
1531
1877
2202
2654
2513
1928
1719
1975
2155
1976
1662
1315
628
45
283
649
116
-723
-977
-1343
-2378
-2603
-1769
-2005
-3149
-2981
-2204
-2459
-2579
-1827
-1703
-2447
-2198
-830
-507
-1132
-607
228
-185
-76
1141
1201
411
680
1395
1047
592
1083
1257
470
115
548
568
-26
-220
35
-317
-864
-547
-3
-54
-299
-320
-194
26
502
1346
1690
1146
1172
2033
2441
2479
2511
2302
2054
2133
2520
2779
2420
1309
597
822
901
671
250
-570
-1335
-2246
-2794
-2324
-2604
-3699
-3668
-3411
-3776
-3691
-3021
-2814
-3366
-3148
-1813
-1157
-1265
-638
210
129
402
1741
2182
1639
1862
2478
2194
1667
1996
2173
1058
329
565
154
-452
-567
-715
-1232
-1927
-1839
-960
-811
-1392
-1295
-389
210
428
1251
1809
1474
1975
3037
3169
2711
2792
3465
3339
2674
3004
3193
1948
1092
1354
1041
214
136
-107
-1007
-1690
-2641
-3186
-2879
-3173
-3348
-3178
-3727
-3838
-3167
-2631
-2561
-3031
-2716
-1402
-911
-801
-126
194
186
987
2064
1893
1499
2112
2545
1972
1748
2121
1643
649
502
455
-268
-709
-873
-1172
-1844
-2308
-1739
-1228
-1770
-1991
-1155
-449
-336
289
1265
1394
1609
2602
3181
2934
2969
3686
3872
3231
3485
3891
2591
1508
1899
1472
450
385
52
-868
-1530
-2306
-3391
-3755
-3559
-3562
-3883
-4118
-4057
-3856
-3230
-2465
-2715
-2971
-1700
-565
-532
-99
709
793
1021
1974
2451
2038
2096
2727
2517
1949
2062
2046
1355
838
666
263
-361
-737
-944
-1500
-2063
-1811
-1340
-1558
-1942
-1639
-932
-540
-117
750
1145
1113
1873
2704
2697
2690
3167
3377
3201
3306
3477
2553
1650
1954
1847
885
462
-100
-1344
-1495
-994
-2136
-4174
-4234
-3339
-3632
-3763
-3155
-4150
-5113
-3202
-1336
-2251
-2866
-1616
-809
-646
586
1653
721
445
2247
2966
1954
2072
2638
2123
1680
1972
1773
924
547
567
128
-671
-1013
-858
-924
-1400
-1499
-1201
-1161
-791
0
108
113
793
1747
2349
2548
2631
2976
3271
3429
3661
3564
3392
3023
1957
1466
1638
1141
570
200
-602
-1125
-1178
-2163
-3814
-4127
-3397
-3570
-4193
-4194
-4175
-4302
-3444
-2694
-3422
-3494
-1892
-1023
-1231
-765
-98
113
711
1659
1811
1544
2060
2603
2314
2111
2246
1972
1514
1286
1021
555
52
-377
-723
-817
-978
-1355
-1251
-670
-846
-1197
-400
393
519
1241
1914
1925
2320
3087
3562
3483
3345
3964
4402
3421
2354
2287
2121
1563
1174
479
-464
-830
-860
-2133
-4299
-4734
-3764
-3765
-4543
-4901
-4890
-4743
-3717
-2569
-3245
-4054
-2361
-544
-563
-441
214
274
799
2127
2511
1935
2024
2597
2524
2110
2090
1978
1373
979
764
232
-421
-740
-974
-1181
-1558
-1879
-1538
-1003
-1173
-1485
-997
-188
244
910
1851
1891
2033
3106
3684
3578
3745
4376
4827
3998
2892
2837
2857
2432
1974
1114
75
-295
-284
-1632
-3982
-4714
-3901
-3908
-4692
-4998
-5175
-5391
-4357
-3038
-3520
-4159
-2702
-934
-696
-531
386
746
927
2150
2752
2254
2311
2872
2808
2277
1879
1697
1283
789
398
-269
-931
-1401
-1471
-1302
-1856
-2321
-1642
-1231
-1627
-1601
-754
-13
149
931
2026
2122
2398
3459
3868
3569
3937
4928
4846
3461
2704
2872
2696
2261
1947
1008
-189
-248
122
-1525
-4193
-4469
-3111
-3361
-4527
-4505
-4533
-4905
-3719
-2447
-3380
-4098
-2304
-481
-709
-914
54
570
904
2104
2578
1945
1986
2688
2827
2189
1616
1690
1472
850
400
-141
-881
-1369
-1371
-1700
-2425
-2216
-1720
-2004
-2178
-1898
-1377
-816
-180
645
1124
1475
2499
3181
3266
3719
4392
4692
4444
3671
3060
2989
2903
2419
1525
641
215
60
-732
-2651
-4437
-4155
-3269
-4059
-4870
-4711
-4941
-4605
-3004
-2692
-3620
-3156
-1234
-59
-157
182
1032
1270
1833
2895
2998
2588
2853
3205
2757
2054
1815
1714
1103
422
-75
-703
-1223
-1439
-1744
-2044
-2115
-2195
-2089
-1810
-1712
-1367
-943
-488
396
988
1500
2293
2630
2883
3648
4157
4316
4368
3641
2726
2845
3104
2468
1576
867
417
145
-484
-2054
-3977
-4371
-3385
-3675
-4768
-5081
-5042
-4762
-3736
-2951
-3525
-3784
-2082
-465
-476
-280
500
914
1489
2582
2924
2574
2741
3272
3123
2539
2111
1963
1622
985
548
2
-730
-903
-1052
-1772
-1936
-1570
-1637
-1892
-1659
-1235
-1131
-873
-82
534
939
1824
2579
2650
2854
3642
4286
4433
3914
2807
2458
2940
2880
2075
1015
391
118
-175
-921
-3104
-4914
-3908
-3232
-4556
-4947
-4812
-5218
-4625
-3187
-3041
-3907
-3226
-992
-274
-621
281
1344
1325
1985
3249
3123
2619
3188
3719
3113
2306
2118
1991
1131
547
381
-423
-1127
-1292
-1678
-1906
-2002
-2191
-2050
-1956
-1796
-1291
-819
-280
229
666
1467
2293
2663
2938
3510
3955
4374
4583
3540
2559
2646
2568
2238
1580
531
-38
-416
-1057
-2733
-4650
-4203
-3571
-4801
-5185
-4822
-5194
-4877
-3604
-3099
-3792
-3354
-1108
-184
-670
99
1363
1513
1957
3225
3445
2881
3297
3797
3232
2595
2596
2470
1407
712
624
-184
-900
-953
-1259
-1552
-1732
-2010
-1820
-1617
-1456
-1130
-854
-314
200
752
1523
2092
2288
2724
3424
3789
4169
4507
3497
2445
2884
2943
2242
1539
877
245
-321
-1059
-2620
-4353
-4103
-3648
-4666
-5219
-5210
-5466
-4983
-3816
-3549
-4083
-3483
-1416
-580
-645
134
989
1178
2062
3205
3142
2892
3505
3681
3026
2636
2313
1599
1044
1344
962
-542
-1379
-1377
-1335
-1151
-1640
-2541
-2526
-1836
-983
-870
-1307
-853
311
1217
1892
2042
2163
2770
3538
3975
4264
3996
2974
2564
2855
2492
1944
1538
688
-19
-343
-1125
-2926
-4195
-3773
-3769
-4833
-5055
-4969
-5091
-4525
-3400
-3358
-4026
-3026
-902
-400
-431
509
1152
1393
2398
3378
3207
3039
3491
3539
3056
2749
2513
1961
1152
539
65
-440
-1061
-1354
-1353
-1830
-2480
-2086
-1486
-1567
-1702
-1310
-543
96
786
1563
1636
1787
2975
3828
3752
4088
4692
3966
2805
3096
3361
2416
1644
1219
443
-73
-534
-2137
-4017
-4339
-3755
-4214
-5077
-5245
-5258
-5138
-3931
-3192
-4001
-3768
-1659
-531
-606
143
980
1234
1993
3118
3206
2902
3481
3808
3157
2691
2650
2234
1396
673
179
-375
-1150
-1509
-1376
-1933
-2788
-2578
-1938
-1881
-2032
-1661
-1015
-580
212
1435
1601
1495
2600
3574
3596
3875
4599
4334
3134
2781
3253
2756
1932
1453
522
-306
-275
-1039
-3330
-4697
-4119
-3754
-4612
-5194
-5139
-5342
-4905
-3394
-3166
-3964
-2759
-659
-353
-308
877
1697
1854
2745
3516
3172
3179
4014
3915
2973
2537
2373
1807
1042
384
-195
-963
-1448
-1341
-1547
-2428
-2838
-2318
-1812
-1862
-1958
-1325
-745
-433
669
1717
1524
1941
3134
3573
3569
4277
4815
3728
2685
3320
3352
2192
1813
1262
116
-186
-525
-2226
-4190
-4585
-4003
-4477
-5336
-5313
-5408
-5479
-4233
-3430
-4082
-3653
-1694
-629
-401
315
1230
1779
2543
3485
3672
3475
3970
4361
3901
3269
2866
2468
1770
970
471
-224
-999
-1091
-1288
-2154
-2645
-2452
-2179
-1976
-1955
-1749
-1305
-681
214
986
1237
1683
2561
3223
3602
3978
4335
4108
3164
2894
3280
2847
2102
1412
576
247
-70
-1591
-3511
-4399
-3998
-4033
-4960
-5425
-5567
-5802
-4833
-3611
-4105
-4431
-2633
-976
-824
-131
1008
1440
2046
3294
3774
3510
3762
4446
4163
3479
3332
2895
1926
1334
921
56
-550
-698
-1203
-2075
-2488
-2472
-2274
-2164
-2160
-2076
-1633
-767
45
476
890
1447
2201
3040
3524
3943
4483
4089
3090
3068
3377
3024
2411
1553
625
360
265
-1019
-3295
-4450
-3810
-3746
-4921
-5412
-5427
-5834
-5153
-3759
-4150
-4764
-3256
-1424
-1107
-773
508
1344
1625
2696
3731
3497
3485
4362
4426
3617
3255
3023
2317
1568
920
489
121
-525
-1035
-1559
-2161
-2560
-2512
-1956
-1721
-2144
-1664
-545
-214
276
1251
1705
1966
2792
3751
4246
4371
3951
3111
3147
3842
3594
2346
1305
845
792
170
-1617
-3583
-4077
-3634
-3966
-4932
-5588
-5708
-5336
-4619
-4538
-5011
-4395
-2511
-1534
-1461
-902
108
1180
2399
3156
2986
3064
4043
4505
4012
3637
3228
2453
2095
1850
954
273
68
-505
-1352
-1842
-1986
-1934
-1950
-2101
-2182
-1971
-1229
-250
153
265
873
1869
2707
3175
3334
3792
4237
3508
2929
3446
3476
2606
1969
1359
605
504
-29
-2234
-3951
-3518
-3200
-4302
-5183
-5136
-4866
-4657
-4156
-4241
-4703
-3448
-1367
-970
-1649
-1046
643
1910
2530
2690
2398
2795
3897
4311
3754
2746
2148
2310
2068
1073
621
438
-571
-1176
-985
-1399
-2144
-2248
-2129
-2313
-2263
-1371
-654
-903
-474
630
1230
1768
2649
3060
3288
3841
3881
2894
2673
3551
3310
2178
1583
1127
675
239
-1043
-3004
-3898
-3321
-3326
-4519
-5174
-4795
-4690
-4570
-3920
-3697
-3536
-2395
-1497
-1406
-832
661
1807
1859
1921
2776
3613
4012
3948
3295
2854
3087
3121
2217
1145
904
881
229
-480
-825
-1304
-1754
-1798
-1883
-2241
-1932
-1199
-1186
-1397
-662
444
1012
1480
2129
2521
3030
3858
3651
2403
2320
3303
3157
2159
1465
951
789
719
-685
-3099
-4029
-3120
-2863
-4087
-5207
-5285
-4948
-4131
-3255
-3765
-4315
-2718
-953
-869
-822
157
1153
1808
2498
3008
3154
3510
4078
3911
3119
2850
3096
2478
1248
1025
1085
244
-516
-584
-1118
-1979
-1932
-1658
-2051
-2050
-1495
-1159
-1285
-989
56
707
957
1697
2252
2545
3501
3587
2294
1979
2795
2683
1947
1563
1129
673
336
-857
-2797
-3720
-3187
-3194
-4377
-5046
-4936
-5032
-4499
-3545
-3816
-4125
-2625
-821
-684
-784
356
1463
1905
2696
3310
3263
3594
4350
4249
3309
2929
3152
2532
1314
1105
1228
375
-335
-326
-875
-1712
-1744
-1514
-1760
-1780
-1216
-820
-1004
-651
513
998
1074
1761
2389
2773
3529
3462
2201
1822
2659
2700
1811
1011
487
346
350
-950
-3278
-4168
-3558
-3607
-4497
-5172
-5514
-5510
-4496
-3401
-3934
-4517
-2776
-854
-712
-385
586
1181
2059
3264
3666
3469
3796
4642
4550
3643
3381
3272
2346
1650
1543
932
60
-328
-532
-1181
-1930
-1857
-1859
-2416
-1928
-931
-1157
-1316
-460
482
995
1458
1966
2309
2745
3820
3859
2193
1773
2803
2641
1666
1206
653
286
113
-1170
-3202
-4074
-3626
-3659
-4836
-5642
-5479
-5234
-4673
-4011
-4350
-4339
-2736
-1264
-928
-488
510
1535
2307
3085
3582
3784
4265
4835
4517
3943
3986
3649
2687
2341
2052
1074
362
-3
-470
-1237
-1783
-1870
-2285
-2447
-1678
-1545
-2007
-1409
-459
81
599
1218
1711
2161
3157
3922
3008
1818
2426
3064
2273
1468
1042
500
293
-9
-1657
-3875
-4230
-3218
-3737
-5400
-5879
-5606
-5366
-4636
-4045
-4469
-4428
-2639
-971
-830
-559
603
1620
2503
3476
3997
4164
4590
5054
4849
4312
4042
3546
3021
2804
2209
1281
683
378
-154
-982
-1504
-1922
-2379
-1988
-1300
-1605
-1980
-1302
-367
199
722
1295
1712
2285
3331
3823
2631
1725
2602
3032
2218
1449
774
321
281
-464
-2368
-4145
-4239
-3702
-4432
-5694
-6224
-6117
-5508
-4608
-4595
-5159
-4388
-2436
-1310
-839
-195
601
1655
2865
3695
3983
4314
5005
5285
4929
4678
4246
3446
3148
3147
2211
1162
797
432
-245
-915
-1433
-2135
-2364
-1550
-1238
-2037
-1889
-926
-205
456
979
1333
1836
2764
3926
3720
2219
2049
2998
2862
2016
1428
750
336
156
-925
-3133
-4478
-4082
-3928
-5255
-6248
-6251
-6196
-5756
-4889
-4931
-5366
-4142
-2208
-1664
-1382
-93
973
1563
2724
3850
4111
4465
5212
5248
4769
4775
4402
3604
3347
3009
2157
1428
985
556
-106
-913
-1581
-2135
-1899
-1149
-1471
-2032
-1460
-655
-3
720
1094
1259
2083
3363
4038
3166
2135
2649
3250
2689
2057
1632
971
532
270
-1133
-3637
-4428
-3567
-4125
-5674
-6123
-6207
-6350
-5826
-5102
-5283
-5535
-4076
-2260
-1998
-1601
-70
923
1434
2650
3774
4101
4433
4876
5011
4873
4478
4011
3746
3491
2840
2102
1671
1032
211
-132
-572
-1747
-2224
-1294
-1018
-1878
-1767
-880
-479
59
1035
1453
1390
2287
3883
3848
2481
2340
3120
3126
2505
1956
1416
893
556
-44
-1982
-4125
-4097
-3318
-4464
-6082
-6318
-6171
-6099
-5341
-4984
-5605
-5272
-3279
-1890
-1923
-1391
93
1024
1755
2919
3578
3812
4438
4927
4898
4523
4057
3968
3923
3087
2272
2040
1687
976
337
-94
-1042
-1906
-1278
-776
-1747
-2044
-1246
-725
-295
553
1024
1033
1663
3151
3677
2589
2086
2870
3203
2734
2278
1783
1215
1024
738
-1046
-3362
-3734
-3254
-4087
-5317
-5876
-6117
-6200
-5591
-4945
-5586
-5640
-3856
-2693
-2534
-1542
-356
312
1154
2339
3243
3628
4112
4660
4678
4431
4215
4117
4103
3490
2498
2072
2024
1343
588
160
-899
-1695
-1120
-727
-1447
-1960
-1425
-670
-326
254
873
1014
1598
2835
3395
2711
2080
2637
3180
2701
2121
1907
1621
1137
706
-446
-2670
-3666
-3034
-3486
-5062
-5857
-5932
-5961
-5553
-4979
-5295
-5588
-4253
-2736
-2412
-1929
-823
64
875
2030
2874
3401
4058
4326
4331
4491
4229
3942
4050
3494
2463
1987
2003
1542
560
211
-298
-1469
-1300
-471
-1064
-1886
-1357
-623
-425
166
1002
1160
1371
2578
3472
2792
1831
2408
3066
2569
1998
1693
1308
1164
1081
-359
-2817
-3599
-2673
-3216
-5035
-5906
-5832
-5834
-5532
-4929
-5327
-5901
-4355
-2601
-2635
-2311
-974
57
738
1752
2662
3239
3852
4420
4537
4220
3903
4193
4284
3356
2419
2081
2025
1632
851
376
-563
-1644
-1040
-299
-1276
-1908
-1269
-773
-513
317
1008
838
1261
2731
3352
2402
1868
2556
2844
2375
1991
1544
1208
1105
964
-253
-2635
-3593
-2783
-3127
-4624
-5569
-5764
-5685
-5292
-4555
-4847
-5508
-4212
-2355
-2188
-2105
-876
300
936
1838
2758
3287
3813
4423
4604
4204
3701
4007
4298
3423
2241
1727
1834
1539
703
183
-647
-1453
-748
-365
-1337
-1720
-1028
-509
-441
104
950
1075
1442
2639
2977
2099
1652
2257
2682
2177
1510
1171
956
876
773
-451
-2905
-4015
-3013
-2942
-4593
-5733
-5873
-5816
-5312
-4431
-4688
-5450
-4400
-2419
-1889
-1814
-834
252
796
1780
2974
3375
3704
4382
4660
4321
3831
4013
4508
3745
2364
1963
2065
1647
993
561
-423
-1347
-773
-62
-898
-1876
-1294
-444
-434
29
913
995
1287
2392
2960
2239
1400
2003
2604
1834
1262
1174
875
621
390
-504
-2591
-4031
-3406
-3259
-4665
-5589
-5710
-5814
-5560
-4767
-4593
-5045
-4372
-2696
-1931
-1714
-791
408
1071
1667
2686
3493
3912
4291
4692
4494
3690
3884
4703
3965
2438
2060
2302
1834
1101
910
-30
-1260
-519
413
-624
-1525
-874
-155
-212
136
826
920
1328
2487
2936
2023
1171
1870
2574
1703
1009
825
479
405
413
-478
-2759
-4247
-3439
-3085
-4507
-5611
-5821
-5841
-5535
-4589
-4533
-5208
-4437
-2656
-1819
-1543
-807
215
906
1623
2655
3345
3739
4122
4446
4386
3582
3664
4607
3865
2301
1913
2167
1910
1207
897
81
-967
-274
540
-448
-1165
-566
52
38
404
1126
1152
1413
2454
2893
2265
1524
1578
2082
1691
841
515
303
-55
-135
-757
-2884
-4448
-3849
-3459
-4702
-5721
-5696
-5813
-5779
-4746
-4386
-5114
-4395
-2685
-2022
-1721
-637
391
705
1442
2674
3188
3601
4233
4298
4123
3766
3545
3893
3735
2569
1774
1800
1818
1288
884
275
-771
-509
555
130
-830
-581
225
676
898
1304
1538
1813
2688
3313
2686
1832
1746
2043
1866
1164
353
4
-247
-493
-662
-2297
-4682
-4565
-3337
-4316
-5805
-5808
-5685
-5695
-4609
-3810
-4576
-4737
-2660
-1071
-1388
-965
614
1140
1401
2666
3362
3282
3787
4445
4289
3424
3030
3698
3668
2290
1459
1588
1394
781
757
548
-762
-928
417
338
-635
-290
482
479
678
1689
2124
1876
2609
3388
2854
2250
2082
2002
1699
1030
469
16
-316
-516
-998
-2306
-4208
-5025
-4257
-4362
-5585
-6150
-6114
-5969
-5064
-4132
-4397
-4630
-3205
-1487
-982
-557
424
1092
1668
2786
3572
3712
4108
4409
4278
3951
3319
3153
3364
2705
1496
990
1196
974
247
90
-370
-1081
-345
440
-250
-644
51
734
956
1483
2123
2164
2392
3281
3527
2883
2157
1869
1905
1492
783
132
-404
-777
-952
-1640
-3457
-5199
-5060
-4518
-5364
-6268
-6250
-6204
-5867
-4551
-3967
-4611
-4044
-1999
-831
-623
104
1277
1808
2510
3698
4106
4070
4536
4866
4602
3791
3151
3418
3215
2045
1191
1055
923
410
52
-210
-1156
-1204
65
72
-825
-424
645
926
1108
1902
2387
2361
2903
3737
3496
2667
2192
2158
2090
1482
654
116
-356
-852
-1102
-1971
-4156
-5636
-4960
-4548
-5765
-6586
-6415
-6297
-5775
-4559
-4227
-4587
-3680
-1677
-721
-600
400
1597
2179
3030
3913
4261
4597
4793
4874
4674
3722
3141
3376
2985
1784
903
660
610
148
-175
-686
-1697
-1435
-164
-297
-1088
-711
280
923
1502
2024
2191
2420
3307
4044
3607
2756
2305
2301
2250
1555
596
100
-318
-869
-1202
-2409
-4548
-5460
-5002
-5094
-5882
-6424
-6539
-6490
-5823
-4439
-4101
-4480
-3417
-1605
-816
-169
894
1631
2254
3253
4100
4494
4634
4748
4840
4418
3570
3294
3486
2860
1608
840
753
624
178
-280
-1040
-1838
-1401
-273
-477
-1304
-803
370
960
1383
1822
2101
2410
3181
3865
3539
2469
2122
2498
2286
1368
665
212
-334
-716
-1129
-2483
-4738
-5532
-4673
-4826
-6047
-6493
-6418
-6294
-5405
-4149
-4140
-4585
-3273
-1224
-460
-136
938
1911
2544
3524
4477
4732
4744
4970
5076
4570
3742
3512
3538
2839
1777
1075
825
592
115
-312
-976
-1823
-1458
-497
-777
-1306
-790
140
663
1041
1515
1859
2166
2899
3541
3191
2437
2211
2243
1993
1352
663
207
-284
-823
-1131
-2393
-4773
-5664
-4711
-4712
-5937
-6606
-6529
-6283
-5428
-4235
-4200
-4656
-3379
-1226
-575
-289
877
1809
2402
3436
4361
4633
4690
4859
4939
4548
3796
3432
3502
3003
1887
1243
1171
765
127
-83
-615
-1595
-1338
-349
-571
-1149
-641
179
496
847
1487
1822
1975
2623
3241
3026
2325
1903
1967
1972
1349
634
149
-354
-753
-834
-2055
-4779
-5763
-4440
-4409
-5893
-6454
-6356
-6248
-5198
-3844
-4212
-4948
-3342
-1100
-746
-584
825
1803
2203
3333
4354
4365
4443
4970
5051
4385
3686
3701
3702
2846
1951
1528
1192
827
420
15
-836
-1595
-986
-232
-783
-1023
-342
107
405
964
1388
1533
1850
2515
3093
2890
2225
1841
1806
1847
1553
835
239
-166
-557
-796
-2052
-4495
-5373
-4339
-4365
-5692
-6400
-6361
-5946
-5108
-4230
-4326
-4696
-3386
-1312
-643
-576
361
1505
2344
3167
3820
4166
4287
4552
4898
4486
3564
3373
3656
3133
1996
1401
1334
965
282
-18
-597
-1434
-1081
-370
-826
-1119
-478
195
453
608
1180
1655
1757
2367
3081
2864
2284
1936
1879
1908
1528
1021
493
-180
-537
-602
-1841
-4133
-5135
-4393
-4269
-5359
-6147
-6209
-6020
-5322
-4243
-4301
-4787
-3574
-1513
-759
-622
309
1501
2152
2955
3869
4141
4239
4666
4911
4450
3577
3303
3510
3147
2154
1438
1188
859
276
-128
-603
-1429
-1383
-589
-637
-1075
-707
-4
295
677
1199
1452
1654
2237
2927
3009
2285
1726
1734
1971
1630
734
229
-98
-681
-769
-1440
-3847
-5408
-4619
-4079
-4997
-5876
-5980
-5888
-5462
-4144
-3652
-4355
-3706
-1665
-676
-377
568
1568
2152
2886
3807
4310
4364
4551
4896
4605
3747
3218
3387
3282
2373
1574
1207
648
161
124
-319
-1466
-1766
-746
-375
-925
-876
-361
-13
537
1070
1252
1315
1892
2805
2992
2368
1746
1625
1932
1860
1085
348
-224
-606
-507
-1116
-3374
-5206
-4751
-4062
-4783
-5717
-6115
-6290
-5762
-4297
-3678
-4548
-4241
-2091
-809
-619
190
1289
1925
2663
3605
4026
4102
4573
4993
4665
3868
3356
3438
3534
2858
1774
1183
943
630
254
-198
-1074
-1560
-825
-415
-978
-1068
-438
31
351
736
1169
1424
1824
2522
2822
2390
2020
1935
2054
2009
1254
522
258
-86
-411
-791
-2469
-4775
-4920
-3630
-4181
-5783
-6183
-5893
-5774
-4910
-3801
-4131
-4636
-2999
-896
-680
-511
963
1955
2189
3118
4005
4196
4312
4661
4639
3979
3439
3588
3596
2816
1931
1502
1295
822
248
-48
-634
-1377
-962
-381
-939
-1310
-651
-151
-54
185
726
1095
1335
2025
2498
2309
2197
2125
1802
1711
1353
797
529
197
-293
-663
-1580
-3486
-4741
-4206
-3892
-4925
-5748
-5930
-5926
-5361
-4101
-3755
-4424
-3831
-1695
-645
-493
453
1462
1922
2711
3732
4151
4147
4326
4506
4283
3730
3320
3289
3041
2320
1635
1258
918
339
-9
-231
-1031
-1424
-777
-511
-994
-1096
-570
-185
-23
479
1040
1165
1398
2145
2556
2239
1823
1777
1843
1616
1066
611
329
-135
-503
-862
-2404
-4459
-4602
-3579
-4118
-5427
-5823
-5634
-5322
-4450
-3502
-3746
-4134
-2546
-511
-240
-83
1139
1951
2360
3165
3967
4164
4139
4319
4388
3936
3358
3217
3198
2666
1903
1363
981
576
237
-25
-636
-1503
-1359
-518
-657
-1180
-907
-491
-297
211
786
899
898
1619
2563
2471
1744
1506
1521
1611
1418
689
167
-98
-299
-446
-1609
-3816
-4680
-3905
-3922
-4811
-5291
-5527
-5517
-4755
-3627
-3490
-3987
-2872
-978
-474
-166
1047
1812
2165
2984
3633
3897
4283
4534
4327
3870
3509
3218
3036
2807
2198
1413
937
730
422
49
-395
-1201
-1570
-894
-588
-977
-1012
-840
-642
-219
335
683
798
1203
1915
2173
1993
1726
1438
1444
1398
822
359
214
-257
-462
-790
-2597
-4454
-4468
-3779
-3984
-5036
-5690
-5497
-4977
-3916
-3196
-3554
-3427
-1903
-414
45
313
1252
2181
2727
3139
3585
4203
4444
4240
4072
3646
3042
3097
3330
2610
1446
1106
1142
688
91
-286
-877
-1524
-1190
-439
-765
-1290
-945
-518
-320
41
577
941
1059
1561
2234
2255
1930
1703
1639
1496
1087
833
712
230
-220
-548
-1773
-3717
-4326
-3510
-3808
-4935
-5302
-5364
-5254
-4515
-3548
-3434
-3875
-2773
-821
-424
-311
874
1803
2138
2732
3471
3896
4129
4273
4079
3677
3361
3149
2987
2581
1863
1362
1150
845
238
-264
-606
-1146
-1405
-935
-765
-1202
-1221
-717
-598
-437
270
731
821
1187
1922
2307
2107
1730
1591
1588
1478
1156
782
431
-109
-448
-847
-2567
-4361
-4153
-3402
-4007
-5119
-5453
-5289
-4841
-3852
-3222
-3722
-3575
-1721
-300
-204
117
1112
1928
2624
3186
3525
3913
4192
4148
3924
3674
3315
3081
3010
2543
1631
1212
1205
539
-202
-289
-679
-1404
-1177
-748
-1071
-1327
-1031
-672
-453
-53
542
823
1019
1660
2134
2145
1919
1476
1416
1631
1121
776
740
19
-554
-440
-1516
-3706
-4357
-3512
-3745
-4799
-4973
-5111
-5376
-4322
-3042
-3444
-3884
-2324
-658
-601
-272
953
1562
2026
2915
3286
3403
3984
4348
3942
3407
3199
3065
3066
2839
1986
1265
1089
741
206
-118
-586
-1310
-1436
-814
-680
-1129
-1161
-716
-460
-125
497
780
862
1383
2042
2294
1972
1406
1418
1694
1383
871
613
283
-140
-339
-1062
-2960
-4295
-3647
-3130
-4150
-5133
-5231
-5042
-4361
-3361
-3221
-3813
-3120
-1085
-109
-400
86
1398
2128
2592
3111
3304
3618
4176
4188
3648
3093
2925
3276
3148
2133
1328
1178
1024
483
-47
-423
-1131
-1551
-894
-669
-1380
-1386
-829
-698
-397
90
514
780
1149
1892
2209
1943
1615
1442
1562
1547
939
553
419
-200
-537
-605
-2280
-4367
-4063
-3035
-3741
-4958
-5161
-4993
-4676
-3685
-2890
-3408
-3559
-1717
-154
-272
-132
1035
1978
2407
2851
3332
3746
3998
4085
3923
3255
2715
3101
3330
2225
1166
1174
1162
393
-89
-239
-912
-1430
-941
-579
-1117
-1397
-759
-350
-473
-83
630
977
1231
1727
2142
2145
1607
1414
1718
1626
1045
658
349
-70
-256
-477
-1948
-3939
-4068
-3218
-3559
-4496
-4919
-5137
-4886
-3725
-2836
-3304
-3559
-2109
-617
-408
-55
973
1588
1981
2738
3186
3429
3826
3972
3659
3144
2850
2981
3005
2445
1601
952
798
718
176
-458
-858
-1238
-1176
-666
-798
-1273
-1000
-401
-145
42
470
1055
1349
1648
2205
2270
1628
1406
1766
1709
1029
546
459
125
-304
-412
-1540
-3710
-4186
-3038
-3188
-4359
-4877
-4759
-4680
-4105
-2951
-2830
-3469
-2411
-651
-317
-117
880
1628
1814
2315
3146
3544
3630
3737
3621
3147
2775
2748
2800
2321
1453
872
673
429
90
-352
-946
-1381
-1304
-812
-694
-1047
-965
-511
-353
75
619
956
1281
1589
1987
2366
1986
1329
1402
1604
1171
659
401
6
-373
-501
-1383
-3282
-4249
-3437
-3063
-3964
-4655
-4726
-4661
-3970
-2940
-2799
-3157
-2524
-1017
-135
77
619
1340
1884
2452
3059
3454
3660
3645
3550
3327
2770
2456
2543
2204
1453
888
584
397
-29
-455
-832
-1347
-1414
-949
-834
-862
-733
-402
-100
102
584
1201
1478
1703
2105
2443
2243
1436
1366
1834
1314
635
621
178
-310
-286
-1226
-3242
-4245
-3582
-3064
-3848
-4713
-4619
-4695
-4240
-2682
-2536
-3407
-2466
-934
-313
113
734
1365
1706
2312
3197
3363
3324
3673
3636
3179
2731
2451
2356
2092
1525
1044
473
98
48
-289
-965
-1411
-1302
-882
-922
-1143
-601
-214
-254
313
754
912
1559
2115
2261
2277
2106
1800
1543
1515
1384
797
277
111
-177
-595
-1392
-3105
-4316
-3720
-3248
-3962
-4626
-4980
-4925
-4107
-3014
-2901
-3397
-2673
-966
-236
-55
617
1195
1678
2558
3148
3203
3430
3801
3714
3312
2937
2447
2312
2283
1535
897
754
316
-201
-420
-758
-1167
-1331
-945
-887
-1197
-653
143
-17
72
687
1111
1634
2130
2235
2208
2284
2097
1529
1376
1504
1065
397
84
-352
-666
-834
-2420
-4438
-4255
-3139
-3423
-4415
-4954
-5042
-4613
-3350
-2478
-3143
-3372
-1620
-233
-112
327
1106
1507
2113
2914
3246
3294
3543
3691
3385
2806
2353
2396
2412
1719
985
654
300
-46
-240
-600
-1173
-1390
-959
-660
-885
-788
-174
-30
36
641
1101
1419
1874
2076
2218
2532
2240
1502
1350
1516
1167
636
239
-226
-602
-763
-1783
-3793
-4456
-3369
-3132
-4108
-4786
-4926
-4575
-3554
-2599
-2716
-3104
-2104
-617
-26
336
936
1466
2129
2777
3143
3396
3639
3552
3329
3029
2490
2216
2410
1920
952
591
439
18
-350
-631
-1160
-1505
-1016
-699
-1057
-852
-247
-194
-136
419
874
1208
1709
2101
2095
2217
2281
1630
1231
1442
1262
670
271
-14
-420
-719
-1651
-3559
-4276
-3354
-3190
-3998
-4711
-4994
-4619
-3683
-2891
-2982
-3203
-2137
-784
-194
310
873
1443
2131
2806
3161
3388
3818
3840
3338
3149
2841
2307
2365
2145
1092
536
697
308
-377
-725
-1129
-1480
-1143
-783
-949
-1081
-589
85
78
150
734
1095
1581
2069
2092
2217
2076
1501
1381
1562
1312
756
392
21
-449
-570
-1375
-3491
-4374
-3388
-3133
-4062
-4700
-4823
-4833
-4042
-2803
-2919
-3552
-2490
-734
-276
-121
789
1524
1881
2615
3280
3339
3446
3783
3710
3223
2750
2570
2468
2152
1447
760
576
342
-141
-567
-1056
-1361
-1111
-725
-748
-956
-671
10
272
314
663
1137
1633
2017
2305
2453
2211
1680
1487
1672
1404
752
399
56
-431
-633
-1225
-3100
-4423
-3800
-3189
-3974
-4771
-4944
-4831
-4298
-3243
-2846
-3440
-2995
-1265
-404
-280
372
1152
1715
2385
2960
3291
3439
3576
3616
3377
2936
2509
2388
2267
1723
1015
546
281
92
-212
-784
-1268
-1156
-749
-594
-719
-634
-132
296
487
690
973
1435
2000
2253
2397
2338
1825
1559
1874
1587
838
560
303
-165
-393
-901
-2552
-4204
-4006
-3200
-3690
-4516
-4737
-4874
-4546
-3388
-2854
-3380
-3181
-1681
-587
-292
299
1103
1548
2059
2775
3108
3227
3481
3463
3136
2766
2445
2360
2141
1475
976
575
-27
-209
-192
-757
-1388
-1354
-879
-614
-728
-603
-247
-68
378
1051
1114
1269
1955
2340
2516
2520
2152
1761
1553
1557
1325
704
294
-16
-279
-732
-2063
-3722
-3992
-3293
-3400
-4108
-4659
-4945
-4688
-3610
-2730
-3130
-3436
-2084
-675
-364
16
800
1304
1797
2570
3064
3111
3302
3637
3237
2584
2475
2381
2062
1719
1185
738
398
-54
-420
-430
-784
-1345
-981
-488
-700
-576
-77
121
125
454
1195
1365
1314
2054
2514
2236
2236
2003
1544
1569
1472
974
431
35
-232
-553
-1452
-3142
-4139
-3520
-3147
-3954
-4658
-4911
-4871
-3968
-2851
-3041
-3628
-2658
-885
-201
-145
451
1249
1825
2531
2996
2939
3260
3680
3389
2916
2466
2167
2269
2080
1297
687
491
274
-86
-400
-891
-1316
-991
-503
-615
-858
-562
-2
221
385
635
813
1349
2057
2321
2249
2084
1767
1649
1717
1434
806
512
315
-152
-409
-1236
-3102
-3994
-3336
-3257
-4018
-4505
-4660
-4824
-4402
-3311
-3076
-3640
-2843
-1114
-623
-569
360
1232
1632
2295
2831
3047
3314
3690
3667
3116
2512
2423
2527
2126
1460
1038
673
267
36
-230
-717
-1020
-739
-364
-648
-898
-223
254
178
497
810
894
1431
2152
2371
2179
2185
2030
1521
1602
1787
968
360
362
1
-456
-1043
-2536
-4080
-3973
-3175
-3664
-4745
-4959
-4821
-4642
-3667
-2984
-3517
-3264
-1551
-629
-637
46
1047
1533
2010
2645
2937
3148
3621
3712
3141
2690
2494
2444
2384
1800
1063
688
551
294
-172
-663
-878
-865
-648
-524
-584
-442
16
229
368
659
893
1332
1870
2076
2199
2376
2014
1461
1433
1470
1115
661
390
-94
-625
-798
-1922
-3845
-4190
-3460
-3731
-4331
-4659
-4891
-4815
-3994
-3045
-3197
-3406
-1988
-662
-610
-152
874
1452
1872
2534
2886
2979
3400
3779
3481
2808
2351
2340
2497
2078
1270
728
442
233
109
-355
-1036
-1017
-508
-476
-759
-627
-48
265
301
530
721
1045
1891
2339
2111
2092
2168
1840
1605
1698
1267
542
333
252
-184
-696
-1696
-3415
-4038
-3318
-3335
-4159
-4723
-4944
-4813
-4038
-3077
-3107
-3496
-2519
-930
-569
-398
550
1170
1556
2406
2863
2854
3175
3553
3403
2863
2347
2238
2505
2116
1325
914
565
296
276
-201
-935
-1061
-601
-137
-474
-891
-316
268
280
657
883
871
1454
2159
2329
2182
1931
1651
1507
1593
1396
685
244
207
-103
-503
-1359
-3176
-4093
-3526
-3259
-3868
-4639
-4933
-4772
-4159
-3160
-3064
-3550
-2654
-1061
-467
-283
365
1070
1639
2312
2799
2868
3169
3556
3460
3103
2516
2165
2529
2491
1525
953
804
548
253
-125
-686
-1008
-649
-250
-650
-972
-400
162
146
339
623
761
1311
2142
2241
2017
2065
1766
1382
1476
1391
850
395
160
-99
-448
-1281
-2889
-4066
-3752
-3282
-3765
-4514
-4902
-4989
-4370
-3183
-2997
-3548
-2921
-1330
-455
-332
201
1037
1551
2229
2879
2916
3095
3671
3806
3287
2560
2310
2618
2518
1828
1193
747
610
614
58
-700
-992
-729
-276
-357
-852
-566
34
231
565
636
727
1345
1971
2297
2292
1865
1604
1478
1447
1411
929
445
271
-42
-378
-1124
-2880
-4164
-3640
-3235
-3986
-4644
-4847
-4972
-4594
-3612
-3176
-3619
-3205
-1542
-676
-640
66
896
1349
2069
2754
2906
3008
3339
3594
3249
2503
2240
2470
2313
1791
1307
825
474
378
82
-489
-918
-658
-113
-417
-916
-430
319
346
369
650
904
1454
2123
2384
2194
1803
1630
1740
1661
1251
900
544
154
-106
-363
-1209
-2784
-3990
-3730
-3344
-4025
-4697
-4768
-4877
-4534
-3458
-3006
-3471
-3044
-1431
-554
-562
14
1027
1482
1988
2890
3170
2987
3347
3808
3418
2578
2365
2574
2303
1792
1460
948
420
339
254
-443
-1189
-796
-25
-532
-1031
-342
129
86
584
906
736
1125
2157
2570
2118
1863
1745
1444
1491
1586
967
218
16
88
-356
-1584
-3055
-3993
-3861
-3469
-3933
-4815
-5091
-4860
-4131
-3336
-3393
-3623
-2764
-1397
-675
-243
314
773
1396
2355
3021
3074
3154
3458
3492
3325
2950
2399
2233
2190
1777
1288
908
704
353
-249
-574
-761
-721
-277
-575
-944
-296
247
315
541
653
930
1489
2034
2326
2261
2059
1638
1331
1478
1465
974
376
-169
-401
-567
-1581
-3294
-4160
-3841
-3684
-4150
-4719
-4989
-4902
-4211
-3259
-3280
-3639
-2505
-1035
-672
-229
465
988
1646
2456
3029
3135
3192
3518
3664
3324
2762
2485
2498
2192
1748
1395
877
574
366
-47
-587
-1018
-678
-110
-472
-770
-353
85
373
642
769
874
1239
1925
2351
2218
1842
1294
1189
1529
1333
780
339
-113
-435
-510
-1457
-3353
-4271
-3710
-3365
-4074
-4826
-4865
-4701
-4267
-3176
-2987
-3578
-2663
-909
-320
-211
372
1188
1752
2391
3118
3282
3096
3221
3600
3452
2573
2184
2457
2184
1645
1229
899
599
221
-89
-515
-1123
-956
-96
-316
-917
-451
186
299
585
847
950
1246
1756
2341
2480
1896
1305
1242
1358
1348
880
224
-181
-379
-580
-1787
-3672
-4276
-3437
-3284
-4247
-5093
-4920
-4496
-3990
-3165
-3211
-3572
-2375
-711
-360
-368
357
1316
1773
2241
2928
3193
3168
3399
3513
3085
2600
2504
2388
1925
1578
1307
904
578
332
-49
-509
-719
-570
-295
-367
-424
-120
158
334
627
892
1180
1520
1779
2006
2230
2051
1338
1059
1370
1194
602
208
-186
-444
-740
-2038
-3687
-4181
-3759
-3753
-4138
-4703
-5039
-4664
-3695
-3024
-3303
-3310
-1998
-935
-663
133
831
1003
1750
2646
2898
3113
3516
3634
3385
3077
2737
2455
2273
2045
1793
1265
627
565
557
-112
-585
-716
-645
-332
-413
-410
-138
-87
265
851
855
935
1493
1835
2064
2313
2060
1372
1054
1199
1075
519
82
-159
-468
-896
-2028
-3710
-4251
-3730
-3658
-4279
-4941
-4989
-4574
-3808
-2983
-3127
-3352
-2105
-737
-256
130
742
1299
1839
2568
3051
3189
3338
3455
3397
3129
2636
2261
2248
1966
1545
1180
751
529
358
-61
-499
-754
-503
-166
-554
-600
74
376
297
560
811
1087
1665
2004
1949
1973
2043
1644
1071
924
853
512
188
-357
-881
-970
-1997
-3885
-4496
-3937
-3728
-4136
-4775
-5120
-5050
-4062
-2658
-2852
-3611
-2354
-717
-306
249
970
1125
1527
2583
3188
3103
3267
3644
3551
3059
2687
2452
2264
2073
1778
1290
824
628
608
276
-339
-755
-589
-57
-67
-345
-183
114
326
764
1040
1111
1408
1771
2100
2302
2021
1262
941
1196
1045
438
213
-96
-717
-923
-1651
-3487
-4477
-3816
-3565
-4219
-4751
-4884
-4727
-4086
-3151
-2979
-3394
-2459
-831
-376
-114
643
1137
1678
2505
2845
2921
3305
3507
3297
3076
2669
2211
2174
2061
1615
1082
830
805
412
-124
-366
-602
-611
-200
-183
-480
-247
290
446
470
651
1014
1511
1837
1966
2119
2055
1448
1097
1263
1114
642
326
-37
-525
-722
-1575
-3371
-4242
-3764
-3644
-4243
-4706
-4727
-4651
-4151
-3199
-3086
-3376
-2332
-966
-602
-191
571
1149
1678
2297
2796
3062
3267
3408
3344
3038
2710
2250
2056
2029
1668
1254
960
608
324
200
-179
-600
-500
-212
-307
-422
-110
277
394
457
681
967
1430
1893
1953
1947
2018
1668
1232
1291
1161
586
305
115
-439
-686
-1426
-3257
-4266
-3849
-3591
-4056
-4615
-4867
-4812
-4234
-3119
-2892
-3466
-2640
-1033
-544
-217
687
1212
1421
2171
2924
3025
3051
3351
3410
2972
2528
2270
2189
1986
1603
1159
746
495
407
135
-432
-802
-612
-116
-347
-781
-184
432
354
476
621
816
1438
1958
2029
1831
1742
1671
1350
1176
1035
482
125
-19
-331
-651
-1671
-3430
-4219
-3608
-3495
-4136
-4593
-4766
-4743
-3945
-2856
-2916
-3354
-2267
-704
-349
-43
916
1390
1587
2421
3080
3134
3338
3553
3418
3151
2785
2340
2227
2080
1644
1214
862
586
337
64
-312
-741
-747
-205
-159
-554
-316
265
523
563
658
869
1339
1870
2049
1975
1727
1185
1012
1281
1000
258
-93
-287
-585
-877
-2039
-3852
-4376
-3781
-3627
-4129
-4780
-5085
-4762
-3770
-2903
-3116
-3353
-2115
-870
-408
199
828
1200
1750
2588
3002
3064
3461
3661
3248
3038
2870
2311
2048
2045
1649
1064
797
632
357
-9
-377
-660
-464
8
-123
-549
-167
542
717
770
854
975
1504
2101
2205
1926
1733
1617
1266
1068
931
398
11
-120
-577
-1239
-2268
-3538
-4007
-3870
-3908
-4075
-4598
-4965
-4659
-3760
-2948
-2951
-3113
-2186
-900
-313
167
710
1154
1729
2428
2823
3009
3269
3397
3213
3010
2766
2184
1851
1962
1652
1132
845
513
232
-15
-270
-429
-473
-286
-112
-443
-308
553
811
558
687
989
1407
1943
2154
1996
1748
1474
1203
1018
754
472
223
-244
-642
-909
-1962
-3353
-3948
-4013
-4094
-4101
-4393
-4804
-4795
-4079
-3025
-2884
-3067
-2143
-1070
-534
200
916
1139
1547
2311
2817
2880
3159
3458
3190
2916
2730
2129
1768
1875
1611
1117
775
402
225
120
-191
-406
-375
-167
-228
-628
-281
686
854
559
635
831
1301
2046
2279
1836
1669
1681
1317
1117
994
497
101
-82
-407
-852
-1965
-3253
-3710
-3789
-3925
-3937
-4136
-4636
-4721
-3912
-2924
-2813
-2866
-1991
-1021
-632
179
1122
1228
1475
2458
2902
2753
3235
3661
3130
2673
2829
2347
1532
1664
1789
1227
587
354
355
147
-287
-382
-338
-410
-382
-556
-375
362
607
526
570
491
992
1873
1952
1573
1567
1602
1265
857
716
574
50
-241
-325
-976
-2157
-3044
-3573
-3834
-3989
-4090
-4188
-4485
-4660
-4009
-3067
-2832
-2848
-2162
-1093
-490
96
973
1493
1579
2138
2882
3024
3080
3518
3448
2827
2605
2464
1949
1616
1668
1465
794
176
306
330
-298
-532
-286
-274
-363
-307
-45
386
618
634
723
728
1052
1891
2079
1695
1745
1846
1430
915
585
423
137
-130
-427
-952
-1954
-3134
-3774
-3881
-3946
-4091
-4407
-4644
-4601
-4229
-3203
-2734
-3013
-2428
-1096
-342
102
714
1359
1781
2188
2733
3049
3149
3345
3452
3035
2674
2493
2129
1795
1566
1357
1132
535
74
202
-42
-458
-362
-95
-179
-696
-365
691
753
402
573
670
966
1647
2067
1826
1356
1563
1588
879
520
431
-14
-270
-371
-746
-1653
-2964
-3777
-3737
-3719
-4092
-4352
-4457
-4636
-4365
-3292
-2671
-2973
-2704
-1233
-418
-380
545
1523
1542
1838
2628
2952
2889
3279
3559
2835
2410
2593
2168
1575
1467
1383
1050
434
200
339
-24
-415
-291
-69
-196
-447
-224
325
556
656
826
863
896
1524
2088
1810
1639
1835
1595
988
645
741
511
-29
-285
-589
-1358
-2416
-3415
-3750
-3742
-3920
-4021
-4213
-4541
-4496
-3535
-2531
-2644
-2696
-1627
-666
-139
616
1213
1359
1650
2480
3082
2930
2881
3184
2958
2516
2371
2016
1524
1293
1323
1134
449
-2
185
60
-528
-533
-195
-404
-682
-208
276
145
295
750
764
831
1458
1847
1677
1702
2060
1680
712
670
1002
380
-69
-168
-711
-1344
-2276
-3271
-3603
-3773
-3794
-3649
-4214
-4652
-4108
-3187
-2683
-2745
-2417
-1252
-554
-88
843
1186
1232
2153
2936
2754
2770
3255
3424
2914
2540
2433
1931
1613
1647
1317
763
499
300
169
-177
-566
-457
-343
-516
-671
-317
237
192
169
521
506
772
1439
1498
1356
1686
1989
1518
621
517
805
383
-80
-336
-760
-1222
-2127
-3455
-3851
-3513
-3681
-4076
-4255
-4410
-4180
-3283
-2586
-2737
-2723
-1452
-316
-67
491
1252
1483
1926
2694
3000
2860
3058
3479
3186
2675
2502
2185
1855
1616
1308
1085
649
252
288
75
-470
-676
-274
-53
-370
-387
100
335
388
606
751
760
1093
1606
1700
1684
1834
1407
632
498
667
420
-97
-612
-1080
-1522
-2363
-3381
-3808
-3941
-4092
-4121
-4252
-4426
-4211
-3570
-2903
-2748
-2485
-1362
-479
-157
617
1334
1526
1986
2748
3065
3030
3191
3398
3224
2892
2572
2241
1942
1690
1563
1201
678
435
381
70
-412
-507
-89
82
-375
-548
28
612
687
645
569
669
1288
1831
1833
1623
1496
1319
848
530
656
370
-259
-642
-890
-1288
-2353
-3645
-4000
-3925
-3966
-3939
-4279
-4666
-4313
-3406
-2678
-2765
-2638
-1494
-567
-177
552
1250
1347
1751
2715
2949
2759
3157
3405
2954
2618
2554
2124
1613
1602
1571
999
419
370
479
36
-484
-383
-242
-243
-146
-288
-99
500
718
808
763
734
1389
1842
1709
1802
1760
1206
831
883
821
372
5
-393
-784
-1162
-2341
-3547
-3733
-3711
-3916
-3987
-4331
-4545
-4155
-3247
-2730
-2960
-2600
-1270
-497
-337
470
1261
1379
1860
2675
2736
2729
3217
3340
2825
2459
2330
1954
1788
1759
1241
737
577
322
324
5
-598
-625
-331
-42
-169
-513
-45
659
708
686
743
878
1280
1755
1874
1741
1588
1283
896
772
592
251
43
-501
-903
-1248
-2505
-3669
-3694
-3651
-3949
-4142
-4298
-4417
-4071
-3268
-2776
-2743
-2370
-1262
-328
5
707
1447
1591
2031
2675
2924
3072
3235
3163
2869
2627
2344
1866
1603
1493
1144
761
476
236
50
-142
-399
-607
-393
-57
-301
-415
141
611
675
714
884
1048
1317
1795
1902
1754
1756
1327
743
670
573
180
-95
-556
-970
-1455
-2651
-3689
-3799
-3805
-3787
-3901
-4371
-4525
-4001
-2997
-2401
-2728
-2459
-1113
-371
66
954
1375
1416
2070
2890
2998
2939
3310
3376
2814
2600
2530
1844
1528
1689
1284
668
267
246
343
-128
-696
-561
-213
-212
-281
-102
155
291
582
899
783
876
1523
1783
1488
1611
1946
1178
279
410
374
-125
-158
-461
-1290
-1896
-2809
-3730
-3789
-3861
-4102
-4067
-4402
-4578
-3968
-2995
-2507
-2807
-2405
-940
-258
12
957
1500
1453
2092
2990
3059
2870
3250
3399
2831
2577
2489
1976
1601
1611
1379
900
508
174
172
114
-310
-377
-145
-196
-84
19
224
526
562
854
1165
1127
1323
1707
1760
1913
1898
1169
482
546
607
182
-200
-720
-1188
-1532
-2595
-3841
-3981
-3720
-3932
-4222
-4266
-4346
-4182
-3174
-2419
-2674
-2504
-1166
-196
-65
630
1536
1574
1871
2747
2919
2733
3088
3298
2755
2341
2296
1908
1423
1284
1226
906
266
114
368
-14
-583
-397
-133
-207
-253
75
429
412
645
1114
1048
931
1477
1854
1711
1840
2081
1120
241
545
688
27
-406
-578
-1027
-1657
-2607
-3606
-3929
-3750
-3814
-3971
-4238
-4449
-3959
-2990
-2470
-2605
-2418
-1147
-219
-101
694
1484
1398
1851
2804
2863
2672
3021
3220
2737
2365
2285
1822
1367
1420
1391
796
267
365
476
-29
-375
-329
-260
34
98
-120
152
611
747
907
900
935
1366
1705
1744
1730
1615
1133
588
452
503
212
-206
-577
-931
-1562
-2707
-3510
-3554
-3711
-3901
-3868
-4037
-4201
-3843
-2946
-2416
-2566
-2131
-909
-299
-46
775
1493
1566
1926
2609
2772
2709
3044
3140
2660
2326
2074
1732
1516
1286
1103
903
274
-134
174
182
-472
-771
-333
62
-169
-303
349
566
361
921
1191
716
1029
1823
1849
1520
1439
1201
593
231
377
234
-393
-855
-951
-1552
-2917
-3702
-3593
-3692
-3994
-3941
-3996
-4275
-4017
-2922
-2274
-2595
-2284
-924
-168
55
839
1461
1542
1955
2705
2989
2851
3000
3207
2884
2475
2282
2033
1777
1586
1259
914
510
316
414
150
-346
-318
86
167
-38
-185
137
746
948
893
893
846
1264
1827
1776
1653
1519
948
564
430
172
-27
-365
-861
-1061
-1619
-2821
-3600
-3698
-3866
-3957
-3882
-4052
-4309
-4039
-2918
-2285
-2652
-2220
-893
-372
-60
850
1371
1397
1850
2609
2732
2615
3016
3145
2621
2293
2107
1716
1414
1266
1072
694
327
307
323
6
-413
-432
57
247
-102
-56
490
777
960
1132
954
904
1415
2013
1927
1521
1414
1063
425
449
548
18
-446
-722
-1059
-1884
-3076
-3588
-3480
-3855
-4044
-3866
-4059
-4355
-3886
-2708
-2373
-2870
-2125
-642
-365
-144
976
1502
1281
1917
2854
2711
2467
3008
3103
2359
2015
2107
1792
1264
1187
1207
792
106
72
552
180
-567
-388
149
226
54
235
666
566
795
1508
1129
702
1486
2084
1872
1670
1574
957
303
442
629
16
-685
-802
-937
-1915
-3165
-3624
-3508
-3690
-3924
-3933
-4052
-4179
-3615
-2571
-2332
-2598
-1853
-499
-28
171
1056
1614
1580
2053
2743
2829
2731
2975
3014
2427
2047
1986
1658
1314
1189
948
714
364
38
123
42
-327
-333
-65
129
25
17
624
865
733
1038
1085
913
1334
1835
1748
1484
1235
781
286
234
295
-85
-753
-1025
-1072
-2026
-3356
-3722
-3660
-3900
-3887
-3798
-4039
-4311
-3663
-2462
-2288
-2624
-1739
-525
-222
245
1219
1540
1555
2220
2722
2551
2639
3155
2923
2214
2127
2056
1523
1403
1326
855
475
344
442
262
-191
-409
-269
133
258
-104
24
589
958
1128
1062
925
1075
1603
1946
1658
1450
1311
760
299
245
224
-135
-636
-965
-1274
-2100
-3133
-3579
-3648
-3883
-3892
-3702
-3925
-4080
-3414
-2366
-2132
-2441
-1682
-493
-214
251
1220
1573
1567
2227
2841
2708
2732
3121
2992
2306
1990
1977
1631
1292
1288
1009
472
346
480
232
-172
-242
-144
53
332
82
-47
581
935
974
1091
930
964
1526
1871
1783
1405
1004
657
364
314
212
-277
-904
-1074
-1170
-2211
-3458
-3703
-3689
-3844
-3663
-3703
-4178
-4156
-3344
-2328
-2245
-2539
-1636
-476
-261
246
1168
1337
1545
2291
2659
2542
2738
3203
2974
2187
1975
2030
1597
1296
1266
897
393
225
384
384
-34
-320
-220
73
318
172
202
596
744
1013
1330
1000
979
1667
2002
1830
1631
1197
679
405
422
289
-260
-808
-985
-1231
-2214
-3367
-3666
-3515
-3800
-4076
-3870
-3898
-4257
-3559
-2411
-2467
-2638
-1515
-444
-278
237
1278
1466
1357
2197
2764
2468
2572
3122
2813
2020
2011
2014
1330
1106
1247
755
250
291
370
68
-278
-222
-126
-107
165
230
190
568
962
1079
1149
1120
1248
1713
1883
1853
1832
1439
743
346
297
237
-49
-569
-1015
-1405
-2154
-3062
-3463
-3521
-3699
-3707
-3679
-3949
-4021
-3285
-2268
-2197
-2323
-1407
-428
-61
566
1247
1364
1636
2375
2720
2517
2616
2942
2769
2212
2014
1885
1238
1059
1324
806
293
251
21
90
114
-507
-547
-84
98
146
138
308
747
1009
1201
1118
872
1356
1932
1820
1684
1492
857
412
373
230
-248
-778
-980
-1184
-2131
-3351
-3631
-3413
-3690
-3919
-3742
-3865
-4165
-3400
-2157
-2200
-2571
-1545
-375
-178
313
1237
1482
1518
2240
2771
2495
2525
3057
2929
2128
1903
1974
1339
1019
1299
864
110
133
253
-1
-241
-376
-459
-271
127
246
257
400
698
1089
1229
1136
1206
1365
1626
1745
1602
1399
898
240
273
417
-80
-535
-721
-1071
-1988
-2944
-3350
-3463
-3800
-3854
-3654
-3766
-3923
-3344
-2437
-2251
-2313
-1499
-488
-255
256
1224
1498
1543
2155
2560
2526
2553
2870
2883
2154
1855
1969
1420
1078
1245
929
423
206
184
244
18
-474
-557
-199
205
314
204
291
661
1027
1196
1075
875
1156
1677
1812
1649
1375
810
407
414
376
-3
-473
-783
-1150
-1858
-2876
-3517
-3589
-3732
-3851
-3590
-3640
-4045
-3638
-2551
-2175
-2360
-1693
-674
-367
89
1091
1500
1347
1895
2632
2525
2500
3010
2932
2179
1965
1992
1536
1323
1285
879
589
352
191
422
303
-313
-528
-183
285
269
142
420
479
665
1289
1293
877
1155
1701
1794
1669
1515
1067
323
271
587
122
-571
-730
-935
-1680
-2770
-3559
-3485
-3429
-3683
-3742
-3857
-4117
-3498
-2410
-2265
-2585
-2010
-763
-65
195
718
1192
1432
1983
2580
2549
2411
2799
2989
2336
1864
1842
1463
1248
1231
750
414
349
8
-115
-50
-304
-592
-444
42
109
-222
135
703
572
690
1223
1096
1013
1551
1914
1722
1362
1002
604
251
273
260
-356
-964
-1048
-1508
-2759
-3552
-3289
-3162
-3752
-3845
-3533
-3794
-3574
-2244
-1752
-2345
-1826
-226
288
118
976
1741
1549
1918
2885
2877
2359
2843
3325
2382
1770
2105
1777
1167
1193
1087
609
233
-10
40
71
-275
-580
-309
31
84
60
148
374
645
937
1155
945
884
1485
1818
1627
1364
888
375
306
450
91
-584
-1036
-1225
-1659
-2727
-3601
-3467
-3401
-3771
-3778
-3720
-3896
-3551
-2574
-2102
-2337
-1867
-668
-47
190
814
1380
1550
1899
2498
2637
2479
2756
2907
2371
1959
1900
1691
1445
1244
939
593
258
193
334
48
-502
-627
-170
95
-81
-153
174
481
846
1187
1019
863
1257
1709
1740
1528
1311
845
192
162
384
2
-534
-911
-1202
-1802
-2791
-3375
-3434
-3615
-3669
-3581
-3787
-4016
-3375
-2313
-2205
-2436
-1553
-444
-87
389
1221
1467
1507
2272
2839
2487
2481
3088
2950
2218
2048
2015
1567
1425
1384
896
517
307
162
324
75
-497
-496
-171
77
76
-65
182
488
692
1162
1127
788
1195
1748
1746
1652
1427
766
239
246
387
98
-556
-999
-1197
-1928
-3117
-3507
-3382
-3767
-4038
-3651
-3692
-4153
-3430
-2140
-2114
-2501
-1588
-387
-210
112
1240
1620
1314
2073
2961
2665
2544
3187
3145
2208
1969
2066
1555
1279
1148
793
523
102
73
397
-47
-608
-362
43
183
25
-8
346
603
835
1203
957
587
1209
1976
1849
1532
1305
896
466
377
405
-77
-781
-1036
-1236
-2178
-3167
-3411
-3403
-3765
-3904
-3654
-3810
-4001
-3229
-2284
-2336
-2356
-1349
-410
-133
402
1220
1460
1598
2259
2710
2542
2565
3081
2949
2200
1882
1772
1489
1269
971
641
455
54
-249
57
87
-534
-593
-46
66
-142
85
537
653
753
1278
1394
909
1208
1963
1905
1505
1347
891
283
257
400
-60
-790
-1090
-1250
-2103
-3282
-3340
-3029
-3582
-3908
-3553
-3657
-3921
-3120
-2081
-2247
-2401
-1201
-201
-86
541
1487
1616
1693
2481
2865
2529
2657
3049
2676
2119
2039
1775
1337
1287
1143
583
280
258
176
24
-191
-503
-562
-90
252
-9
-235
183
834
1072
1009
921
900
1224
1810
1940
1490
980
578
407
312
95
-155
-557
-1134
-1529
-2312
-3313
-3505
-3434
-3789
-3973
-3794
-3808
-3815
-3078
-2194
-2220
-2128
-1073
-180
93
563
1286
1617
1782
2369
2810
2530
2597
3088
2757
2053
1892
1750
1457
1321
1029
683
423
244
315
241
-264
-451
-171
72
197
90
-52
405
950
1075
1077
981
953
1400
1804
1697
1480
1094
558
304
194
10
-287
-769
-1098
-1472
-2498
-3474
-3496
-3359
-3829
-4058
-3766
-3815
-3836
-3000
-2218
-2337
-2137
-1032
-168
-52
481
1494
1749
1702
2377
2852
2590
2725
3159
2676
1893
1862
1853
1460
1167
916
636
479
318
273
251
-66
-364
-174
262
251
-47
97
571
782
889
1094
989
826
1297
1783
1580
1309
1191
656
125
171
209
-236
-783
-1075
-1452
-2439
-3353
-3141
-3043
-3875
-3997
-3385
-3614
-3774
-2854
-2110
-2171
-1952
-891
-193
-100
611
1595
1610
1546
2233
2649
2475
2630
2939
2462
1925
1906
1734
1360
1178
973
690
390
164
284
224
-176
-400
-290
21
183
-1
-35
354
763
972
1054
901
777
1221
1667
1632
1405
1062
547
258
222
221
-95
-663
-1009
-1350
-2220
-3126
-3109
-3095
-3681
-3744
-3494
-3695
-3644
-2932
-2166
-2068
-2027
-1146
-318
-87
472
1197
1421
1496
2059
2575
2468
2469
2722
2513
2110
1794
1555
1472
1178
788
703
462
-93
66
474
-12
-624
-391
91
169
45
55
229
336
855
1385
896
549
1152
1624
1634
1490
1130
549
178
322
399
-159
-709
-897
-1187
-2079
-3082
-3048
-2876
-3430
-3561
-3324
-3604
-3606
-2674
-1989
-2175
-2035
-1014
-243
50
595
1342
1472
1564
2334
2595
2353
2624
2900
2542
2100
1877
1839
1648
1384
1058
713
490
377
346
152
-190
-375
-217
-22
47
-155
-162
232
624
794
808
788
884
1187
1443
1498
1343
1025
603
256
88
33
-162
-634
-1086
-1319
-2018
-2992
-3203
-3120
-3583
-3695
-3356
-3514
-3676
-3029
-2145
-2026
-2072
-1273
-421
-148
456
1296
1419
1415
2101
2570
2387
2436
2823
2599
2015
1726
1679
1600
1384
1138
787
423
252
380
339
-94
-479
-362
43
231
-9
-151
194
588
844
956
786
729
1067
1401
1463
1359
1182
841
430
200
189
84
-368
-907
-1185
-1720
-2743
-3167
-3014
-3237
-3534
-3411
-3320
-3434
-3042
-2104
-1844
-2097
-1512
-405
-20
258
1005
1370
1323
1775
2381
2329
2307
2665
2652
2091
1643
1757
1852
1394
950
844
599
140
319
554
-126
-673
-296
110
39
-162
-77
139
280
752
1060
664
506
1067
1351
1258
1270
1108
655
358
250
249
40
-448
-726
-919
-1675
-2756
-3031
-2843
-3154
-3472
-3243
-3266
-3658
-3098
-1949
-1845
-2262
-1537
-368
-112
198
1081
1331
1159
1832
2519
2332
2286
2680
2695
2020
1616
1824
1762
1266
925
792
550
360
458
377
-143
-467
-197
208
44
-234
-69
61
253
736
925
688
676
965
1313
1472
1491
1367
931
564
397
304
106
-292
-726
-915
-1348
-2325
-3014
-2926
-2939
-3353
-3364
-3265
-3448
-3158
-2154
-1759
-2207
-1855
-623
-130
-23
643
1126
1143
1561
2277
2314
2091
2399
2672
2103
1546
1679
1854
1362
849
800
635
300
390
394
-77
-532
-404
154
50
-366
-233
77
237
571
852
706
542
859
1268
1279
1263
1293
1082
573
135
121
66
-236
-591
-945
-1320
-2187
-2943
-2832
-2894
-3279
-3262
-3181
-3278
-3109
-2311
-1729
-2020
-1787
-593
-14
149
765
1209
1199
1600
2320
2434
2241
2413
2672
2348
1829
1760
1806
1491
1174
1032
738
491
449
490
254
-277
-499
-48
197
-164
-240
-30
83
535
874
635
451
614
1023
1278
1204
1125
964
544
291
137
-127
-303
-579
-975
-1262
-1969
-2916
-3032
-2648
-3026
-3517
-3211
-3086
-3219
-2558
-1748
-1986
-2138
-1011
-11
52
375
1035
1253
1333
1948
2388
2152
2190
2584
2383
1811
1677
1895
1756
1126
860
970
657
300
457
260
-411
-550
146
354
-247
-212
134
-19
259
918
802
363
530
999
1191
1113
1253
1154
577
284
264
92
-162
-421
-745
-1021
-1705
-2768
-3019
-2627
-2838
-3315
-3301
-3205
-3192
-2597
-1766
-1864
-2100
-1241
-250
-38
266
823
1130
1297
1816
2323
2176
2111
2471
2449
1861
1617
1919
1889
1141
708
942
726
251
465
523
-287
-680
42
471
-26
-165
239
104
50
872
1136
482
407
952
1242
1213
1298
1313
777
218
302
317
-136
-413
-619
-895
-1438
-2380
-2863
-2686
-2715
-3007
-3175
-3260
-3251
-2753
-1991
-1912
-2231
-1649
-531
-130
14
607
1014
1062
1520
2092
2087
2037
2395
2436
1845
1472
1731
1829
1244
756
832
666
217
391
598
-129
-661
-130
364
-4
-301
103
136
-81
591
1071
532
348
945
1250
1055
1164
1424
1013
397
337
295
-66
-252
-368
-687
-1264
-2151
-2714
-2576
-2509
-2810
-2958
-3078
-3123
-2752
-1942
-1540
-2012
-1750
-528
-94
-25
695
1099
970
1401
2116
2060
1768
2177
2485
1915
1496
1741
1755
1250
962
960
583
208
455
508
-239
-684
-275
151
-71
-369
-197
-14
-83
230
699
431
191
652
1043
879
894
1239
1110
474
206
196
-113
-305
-384
-604
-1046
-1871
-2564
-2484
-2352
-2566
-2877
-2905
-2920
-2839
-2113
-1443
-1760
-1826
-724
-35
-39
456
1105
1001
1113
1880
2166
1914
2102
2487
2111
1568
1662
1895
1441
984
1087
924
419
437
638
67
-557
-342
158
78
-329
-230
132
5
145
785
734
341
603
1027
1015
884
1205
1293
630
192
224
-48
-365
-410
-580
-861
-1529
-2440
-2679
-2240
-2243
-2678
-2916
-2836
-2678
-2263
-1556
-1491
-1875
-1287
-138
49
109
734
1105
1223
1553
1890
1926
1931
2150
2116
1665
1418
1657
1639
1053
644
630
547
448
277
-103
-396
-446
-129
74
-342
-627
-191
179
101
168
484
535
515
821
969
812
898
1102
870
306
6
72
-78
-364
-588
-785
-1366
-2339
-2678
-2106
-2057
-2630
-2756
-2596
-2696
-2435
-1461
-1305
-1981
-1433
-90
109
-6
614
998
947
1378
2050
1972
1781
2143
2291
1770
1437
1770
1800
1195
870
853
722
655
476
183
-166
-466
-117
276
-21
-365
-6
339
144
322
675
479
348
728
980
875
892
1168
979
343
125
127
-150
-354
-308
-547
-1263
-2121
-2495
-2205
-2141
-2577
-2846
-2817
-2738
-2376
-1777
-1611
-1931
-1506
-422
-51
-77
426
901
986
1304
1792
1894
1797
1925
2102
1783
1436
1692
1667
1121
976
900
606
527
410
186
-39
-328
-200
189
-56
-328
-17
58
-68
195
552
518
371
584
852
823
830
1081
893
364
180
128
-112
-337
-439
-622
-1087
-1853
-2459
-2316
-2012
-2189
-2621
-2703
-2639
-2462
-1790
-1399
-1845
-1754
-605
98
49
282
858
1050
1214
1750
1937
1655
1764
2212
1947
1411
1490
1639
1252
855
751
649
531
385
304
31
-449
-375
143
-33
-438
-224
48
8
144
493
396
230
560
916
777
697
970
876
415
221
164
-124
-248
-237
-434
-961
-1829
-2382
-2120
-1887
-2263
-2550
-2535
-2537
-2289
-1624
-1378
-1766
-1482
-418
23
-16
481
921
926
1307
1817
1788
1683
1947
2202
1830
1551
1761
1692
1297
1167
1049
818
800
669
444
203
-132
-79
256
-45
-336
-54
61
1
193
376
297
202
521
788
594
566
827
693
299
140
-142
-416
-418
-446
-718
-1246
-1949
-2457
-2331
-2078
-2398
-2864
-2761
-2548
-2427
-1947
-1641
-1741
-1457
-628
-119
-94
152
745
1096
1157
1457
1756
1697
1742
2001
1893
1635
1581
1619
1471
1083
840
1000
862
343
311
304
-124
-152
274
124
-301
-96
251
171
96
399
519
337
542
907
831
688
863
794
440
85
-111
-266
-393
-420
-502
-986
-1888
-2318
-2013
-1923
-2231
-2375
-2505
-2626
-2274
-1594
-1434
-1732
-1318
-459
-194
-34
449
685
838
1218
1566
1547
1530
1753
1896
1845
1731
1610
1412
1218
1114
1024
854
708
458
292
194
-29
16
133
-135
-281
-92
24
-1
66
233
279
340
527
605
530
592
671
484
216
-34
-259
-340
-413
-537
-633
-966
-1828
-2304
-1952
-1788
-2063
-2208
-2200
-2253
-1982
-1372
-1207
-1450
-1037
-298
-75
37
501
843
974
1276
1569
1474
1503
1795
1997
1882
1605
1505
1411
1260
1186
1109
826
591
470
391
144
-13
153
97
-179
-165
3
-5
-41
117
156
56
237
515
491
433
504
437
310
188
-121
-491
-516
-472
-691
-887
-1380
-2091
-2175
-1829
-1898
-2228
-2310
-2200
-2107
-1787
-1284
-1339
-1410
-719
-135
-117
108
621
846
970
1238
1490
1355
1394
1857
1998
1687
1516
1491
1303
1224
1216
1049
803
632
519
386
217
203
241
55
-83
1
74
121
168
199
211
222
401
452
349
411
414
287
168
-149
-479
-545
-508
-592
-722
-1037
-1709
-2163
-1978
-1745
-2052
-2261
-2095
-2058
-2006
-1508
-1181
-1392
-1102
-301
-36
-100
272
773
888
1055
1408
1535
1455
1735
2017
1775
1512
1582
1509
1258
1183
1143
991
809
649
445
303
284
364
193
-8
-29
62
179
183
113
139
273
398
439
312
225
330
352
214
-54
-398
-559
-568
-625
-806
-1029
-1418
-1897
-2071
-1946
-2013
-2169
-2048
-1944
-2025
-1784
-1277
-1142
-1145
-690
-206
-127
54
561
801
832
1076
1319
1401
1452
1576
1649
1552
1441
1441
1322
1062
907
925
957
769
455
441
537
430
358
332
178
117
340
441
249
161
367
488
389
363
372
299
290
377
182
-352
-578
-467
-521
-744
-912
-1108
-1547
-1977
-1823
-1644
-1976
-2139
-1887
-1842
-1833
-1370
-1031
-1057
-916
-368
-45
-23
286
673
805
908
1167
1313
1290
1353
1493
1454
1322
1270
1314
1192
896
800
807
700
506
400
428
363
218
310
331
88
67
270
218
99
241
353
273
217
270
254
139
54
3
-284
-567
-548
-621
-867
-1006
-1002
-1206
-1686
-1878
-1697
-1732
-1847
-1730
-1720
-1713
-1474
-1001
-772
-888
-603
-63
115
219
556
697
850
1101
1240
1248
1236
1359
1480
1419
1179
1176
1281
1086
873
865
777
619
582
601
537
393
380
448
327
175
289
408
312
350
486
386
297
335
290
168
40
-5
-147
-472
-643
-590
-708
-954
-1084
-1101
-1274
-1626
-1718
-1562
-1610
-1707
-1621
-1502
-1497
-1319
-876
-665
-762
-482
31
114
143
480
701
686
897
1165
1127
1036
1238
1327
1062
900
1083
1086
837
780
794
637
580
659
586
451
398
459
437
345
319
398
426
332
299
240
253
278
236
142
23
-91
-208
-303
-504
-700
-772
-831
-987
-1141
-1189
-1332
-1536
-1651
-1578
-1449
-1524
-1511
-1279
-1134
-1002
-710
-407
-360
-230
160
406
406
579
777
788
875
1014
1043
985
1066
1074
927
887
937
863
746
742
648
538
530
552
523
524
506
442
381
368
409
414
355
316
312
256
290
266
146
18
-75
-198
-345
-457
-572
-760
-865
-947
-1046
-1101
-1196
-1292
-1411
-1517
-1454
-1297
-1349
-1321
-1175
-1030
-826
-600
-386
-213
-79
83
287
391
520
604
655
733
796
805
845
863
813
816
791
691
727
778
691
613
629
682
752
771
731
677
626
652
640
563
497
479
481
430
356
338
301
154
-11
-98
-256
-457
-501
-549
-748
-882
-873
-927
-1074
-1139
-1125
-1242
-1375
-1319
-1227
-1195
-1116
-995
-840
-690
-493
-234
-149
-75
100
284
432
448
479
591
603
609
683
664
639
699
715
593
576
641
629
539
539
630
619
601
653
608
529
578
592
440
352
373
407
389
228
171
174
114
-14
-167
-287
-465
-587
-641
-737
-905
-960
-926
-994
-1065
-1041
-997
-1034
-1069
-1141
-1082
-936
-832
-728
-627
-502
-304
-63
60
54
39
235
461
515
510
526
586
627
673
702
668
618
672
677
569
552
554
575
591
592
577
633
670
665
678
651
580
490
470
457
389
306
262
175
115
101
-68
-251
-302
-406
-553
-600
-670
-812
-867
-896
-930
-947
-966
-954
-965
-927
-838
-804
-825
-729
-584
-478
-348
-235
-176
-43
81
90
162
223
262
346
390
403
415
400
433
497
468
444
464
471
511
495
484
547
544
489
564
649
631
614
608
581
476
435
452
395
256
222
189
132
33
-158
-241
-314
-441
-525
-566
-652
-703
-710
-721
-781
-830
-803
-760
-788
-785
-707
-627
-608
-545
-453
-402
-263
-107
-20
11
63
159
158
166
265
281
259
305
338
334
320
396
456
456
453
453
480
507
546
580
553
515
575
663
639
564
563
539
429
378
418
371
275
217
128
-24
-207
-263
-311
-445
-569
-645
-718
-757
-736
-732
-791
-847
-783
-721
-730
-757
-718
-633
-602
-525
-463
-448
-363
-253
-112
-58
-60
44
108
95
162
231
228
251
286
343
337
350
439
417
361
377
387
388
481
536
511
477
455
509
609
600
501
482
464
403
391
386
329
238
183
134
8
-131
-179
-257
-321
-339
-412
-475
-515
-497
-488
-501
-527
-578
-555
-494
-492
-467
-414
-395
-339
-264
-210
-175
-93
34
59
67
115
147
168
200
260
233
189
223
230
179
182
216
198
162
138
137
172
224
276
224
194
192
231
287
280
247
192
183
132
98
90
47
-31
-95
-131
-173
-207
-254
-326
-393
-460
-477
-504
-532
-502
-493
-485
-477
-447
-378
-352
-310
-259
-193
-99
-62
17
94
140
236
328
362
378
390
395
383
391
428
440
390
362
348
285
250
269
247
192
175
194
222
267
261
206
182
158
170
192
179
113
60
17
-1
14
24
-40
-120
-154
-206
-233
-286
-343
-381
-422
-473
-467
-480
-484
-471
-479
-509
-538
-476
-407
-337
-312
-254
-178
-153
-95
13
89
117
215
312
317
317
345
364
362
349
361
321
280
266
250
192
160
172
162
128
135
153
116
158
178
106
60
103
124
119
117
78
40
1
26
19
-51
-84
-105
-173
-187
-198
-260
-293
-296
-279
-331
-393
-383
-372
-368
-380
-395
-382
-319
-237
-194
-181
-132
-98
-57
25
71
137
192
217
267
316
358
374
415
416
365
357
355
327
306
312
293
236
226
227
167
101
132
137
110
117
124
94
99
109
117
106
73
44
4
-10
-42
-79
-121
-145
-199
-256
-318
-376
-410
-437
-460
-498
-491
-440
-439
-433
-429
-475
-460
-377
-312
-284
-273
-228
-206
-145
-43
57
103
133
185
236
290
358
394
436
475
449
429
460
430
408
397
306
228
212
181
143
161
184
159
148
158
135
119
119
140
98
58
69
23
-49
-63
-102
-176
-166
-189
-241
-237
-271
-316
-338
-349
-366
-414
-400
-367
-360
-331
-309
-304
-313
-260
-203
-178
-135
-81
-58
-20
58
103
148
178
212
243
304
364
387
413
406
394
369
375
375
362
363
296
243
182
157
119
111
100
26
34
29
26
1
-16
-25
-51
-63
-63
-70
-76
-77
-116
-168
-194
-216
-245
-256
-262
-300
-322
-303
-330
-339
-317
-290
-291
-308
-277
-267
-244
-188
-183
-160
-144
-86
-68
-47
35
60
125
156
190
228
298
359
340
347
358
324
308
350
323
300
296
271
246
184
198
184
161
117
104
71
49
58
47
25
-9
-14
-33
-21
-28
-35
-44
-80
-97
-89
-126
-169
-198
-240
-284
-319
-333
-360
-375
-339
-340
-354
-338
-315
-289
-275
-229
-200
-202
-149
-81
-67
-58
-36
17
51
79
136
178
234
266
281
320
349
340
324
326
315
305
298
317
273
226
216
191
176
132
118
97
82
71
47
57
32
6
19
25
-4
-39
-42
-59
-103
-139
-159
-182
-195
-191
-208
-242
-259
-246
-244
-235
-232
-229
-244
-213
-193
-209
-215
-220
-197
-167
-106
-59
-49
0
57
84
115
139
188
222
228
246
275
282
268
266
266
243
243
247
211
157
137
159
153
153
123
88
84
51
47
38
10
-4
-24
-32
-49
-69
-92
-111
-134
-149
-147
-145
-180
-183
-186
-217
-214
-231
-227
-255
-243
-263
-265
-255
-231
-175
-207
-205
-173
-157
-145
-84
-72
-47
-4
37
70
104
172
212
203
217
236
226
218
223
207
169
171
162
162
163
144
119
92
103
83
70
59
50
49
28
46
33
16
13
23
15
-6
-13
-21
-31
-50
-34
-22
-26
-22
-35
-87
-114
-141
-134
-138
-150
-119
-145
-135
-109
-95
-92
-94
-80
-76
-48
1
25
42
61
93
143
145
178
205
182
198
193
195
219
230
210
162
157
120
95
79
49
32
-10
-23
-8
-12
-5
-6
-41
-47
-50
-61
-85
-84
-86
-119
-125
-125
-143
-169
-155
-152
-178
-181
-158
-148
-156
-147
-148
-155
-145
-158
-166
-171
-195
-158
-150
-145
-132
-104
-70
-59
-21
11
19
24
59
97
111
121
152
179
194
228
221
212
224
187
147
128
117
132
130
99
85
64
69
46
47
31
1
2
18
28
3
-13
-7
-8
-15
3
-22
-27
-29
-37
-67
-81
-71
-72
-81
-91
-100
-127
-125
-144
-154
-149
-120
-110
-105
-82
-79
-102
-89
-93
-69
-18
-19
-7
3
3
36
67
87
112
152
175
166
167
182
205
195
186
210
176
152
156
142
115
106
98
87
110
107
91
61
54
35
18
6
-18
-32
-38
-49
-43
-57
-65
-70
-85
-78
-101
-121
-123
-117
-132
-138
-130
-125
-123
-138
-146
-162
-167
-154
-134
-124
-106
-94
-96
-77
-47
0
-2
31
82
124
128
139
148
149
154
147
146
156
129
96
86
49
45
52
47
41
58
57
36
27
8
-9
-10
-16
-20
-20
-68
-89
-72
-68
-81
-73
-93
-113
-95
-102
-102
-107
-129
-116
-122
-141
-133
-129
-130
-118
-100
-82
-89
-75
-64
-50
-36
-20
1
4
26
59
80
87
88
89
115
127
126
125
134
140
125
123
134
106
95
95
89
70
90
74
54
63
57
33
24
19
18
17
13
6
19
-11
-11
18
13
26
12
-4
-32
-38
-45
-52
-64
-87
-111
-96
-110
-126
-112
-106
-92
-94
-106
-116
-82
-50
-39
-29
-22
-6
-10
3
34
40
37
31
42
61
85
127
147
143
137
117
110
105
118
105
86
84
72
76
51
42
34
42
35
8
0
-3
-4
-16
-33
-71
-95
-95
-97
-72
-73
-72
-85
-93
-97
-92
-76
-58
-61
-88
-90
-86
-95
-105
-81
-94
-96
-81
-66
-58
-31
-10
-17
-1
11
24
34
68
88
65
56
77
82
114
132
130
127
96
75
63
70
58
57
58
37
29
20
4
-1
-11
-4
-30
-37
-49
-70
-53
-62
-67
-98
-84
-80
-68
-66
-72
-69
-77
-54
-41
-12
-13
-1
-12
-37
-39
-58
-40
-45
-53
-52
-57
-69
-79
-50
-29
-19
-14
5
36
59
80
107
132
106
111
115
110
117
136
121
120
116
98
102
99
87
63
51
35
-2
-1
-6
-7
1
-7
-15
-40
-58
-72
-78
-100
-97
-99
-93
-92
-59
-35
-38
-25
-10
-2
6
25
35
42
19
36
48
52
27
32
24
11
21
8
39
56
61
65
59
63
65
62
72
78
79
88
79
76
84
63
55
48
55
53
24
20
11
-23
-52
-74
-83
-111
-143
-154
-160
-179
-181
-193
-192
-198
-204
-175
-177
-167
-158
-142
-120
-109
-83
-91
-99
-89
-67
-65
-52
-15
4
0
6
27
25
36
42
54
61
65
64
69
78
69
99
89
86
101
112
108
101
126
134
160
171
175
181
154
147
127
98
97
87
72
41
16
25
21
10
-7
-29
-43
-60
-65
-64
-79
-92
-72
-79
-89
-83
-83
-79
-80
-60
-46
-40
-33
-10
8
0
-14
-20
-9
-33
-47
-62
-57
-61
-63
-55
-60
-34
-29
-18
-19
-25
-12
-2
-3
3
15
28
34
42
67
62
68
92
91
92
94
101
103
93
93
92
68
66
72
44
31
29
19
-7
-23
-31
-36
-48
-53
-51
-49
-64
-76
-67
-72
-68
-61
-46
-42
-21
-36
-11
0
4
22
5
1
-10
-4
-4
2
-21
-21
-28
-48
-55
-52
-36
-37
-26
-15
-21
-15
29
50
58
58
73
77
62
66
59
57
65
63
40
25
11
3
-5
-2
24
11
15
12
8
-6
-22
-39
-40
-51
-84
-78
-83
-91
-91
-106
-94
-107
-100
-69
-42
-37
-27
-20
-19
-9
2
-3
-10
-7
-37
-31
-34
-47
-46
-42
-51
-64
-44
-38
-22
2
10
21
35
42
54
46
56
76
80
91
88
108
111
114
124
113
101
109
86
70
51
36
26
5
3
-21
-29
-36
-26
-34
-45
-55
-63
-60
-50
-44
-53
-32
-33
-18
4
11
12
-2
-7
8
5
19
16
15
17
-7
22
27
14
22
17
15
10
10
14
2
-1
2
0
16
38
63
67
68
72
65
51
46
60
62
59
74
66
42
37
14
0
-7
-29
-21
-28
-38
-59
-61
-67
-66
-61
-70
-65
-78
-56
-50
-64
-71
-69
-72
-75
-63
-53
-53
-48
-32
-29
-22
-25
-23
-18
-32
-13
-31
-18
-30
-40
-52
-68
-77
-74
-68
-60
-37
-28
-12
-5
35
53
55
71
82
81
79
100
126
123
130
126
111
109
106
99
105
101
82
90
67
51
46
51
37
7
-6
-36
-65
-83
-92
-100
-102
-116
-118
-111
-89
-72
-54
-50
-57
-62
-56
-60
-51
-27
-28
-15
-35
-27
-27
-45
-44
-35
-44
-57
-45
-20
2
21
27
32
24
39
25
33
41
36
62
46
69
71
52
47
42
41
37
53
69
77
81
64
57
54
26
7
-8
-22
-32
-28
-25
-43
-38
-30
-46
-71
-58
-47
-41
-28
-14
6
0
1
30
39
65
82
79
78
56
28
19
22
12
16
12
-16
-31
-27
-26
-35
-36
-46
-69
-68
-51
-37
-41
-60
-57
-54
-67
-69
-56
-37
-31
-6
2
7
9
12
9
7
19
20
23
30
20
30
32
21
14
4
5
-9
-12
1
6
18
32
50
61
50
41
37
34
43
44
59
75
67
75
60
43
49
12
10
4
-8
-4
-10
-4
11
0
-17
-12
-36
-44
-49
-44
-48
-65
-69
-77
-71
-66
-59
-45
-53
-32
-26
-26
-17
-14
-17
-39
-56
-60
-58
-71
-60
-64
-57
-59
-72
-61
-61
-69
-60
-54
-33
-32
-29
-14
-6
5
4
13
24
36
49
86
88
102
103
88
87
98
99
96
107
116
110
98
95
87
89
66
77
68
46
40
8
9
7
15
29
27
21
46
40
38
14
19
25
7
1
-5
10
-5
-8
-9
-10
-21
-32
-48
-71
-74
-85
-91
-91
-96
-99
-92
-85
-85
-71
-39
-25
-13
-2
-7
-9
-23
-24
-23
-25
-9
2
-5
5
-10
-7
7
-1
-10
-26
-13
-12
-17
-15
-35
-24
-40
-61
-48
-46
-31
-26
0
-12
-9
-11
-6
0
-4
10
28
28
37
47
33
19
14
14
25
35
49
50
35
35
15
19
11
12
10
8
20
23
30
37
58
64
57
62
55
62
74
73
76
64
68
57
47
43
43
34
23
6
-21
-13
-5
-23
-31
-44
-62
-83
-81
-83
-63
-53
-44
-36
-54
-48
-41
-38
-36
-53
-38
-38
-46
-32
-25
-21
-38
-22
-14
-41
-26
-27
-47
-33
-31
-41
-40
-34
-42
-34
-25
-18
-11
0
0
15
31
21
53
53
60
71
74
80
74
76
66
53
44
38
26
21
11
3
-5
-12
-16
-32
-39
-41
-54
-68
-59
-46
-40
-51
-46
-40
-57
-41
-35
-35
-32
-29
-16
-17
-10
7
17
16
11
18
18
17
33
38
39
44
37
32
42
14
18
42
37
38
52
56
60
54
57
61
65
71
83
95
89
94
96
88
79
78
56
56
47
33
23
-6
-7
-4
-15
-27
-40
-53
-60
-78
-77
-81
-68
-73
-84
-94
-109
-97
-93
-91
-88
-80
-86
-80
-69
-51
-47
-31
-19
-21
-14
-36
-25
-24
-36
-29
-20
-6
-2
10
31
24
19
25
27
28
19
25
39
36
43
61
66
71
66
84
92
79
98
101
110
104
95
88
72
58
47
36
14
8
-16
-26
-30
-32
-21
-28
-27
-53
-60
-49
-59
-51
-56
-61
-50
-47
-45
-31
-53
-62
-59
-70
-69
-72
-80
-85
-91
-83
-83
-83
-87
-87
-92
-94
-76
-80
-77
-72
-59
-67
-71
-50
-46
-35
-16
-12
-5
6
26
43
49
56
67
83
97
89
90
78
71
72
71
65
71
84
84
78
86
95
83
68
53
50
43
49
49
58
50
59
54
58
70
63
66
49
61
45
41
51
40
36
20
35
32
12
13
-1
-17
-32
-49
-49
-42
-34
-27
-15
-8
-10
-8
-1
0
-7
7
9
8
8
4
-18
-18
-22
-28
-26
-43
-30
-25
-17
-19
-31
-38
-41
-43
-36
-45
-62
-78
-73
-84
-87
-94
-91
-98
-95
-70
-76
-53
-43
-43
-42
-42
-29
-15
-11
-21
-25
-16
-24
-16
-7
-12
-12
-8
0
2
10
13
35
41
31
33
46
47
42
53
41
38
36
38
38
40
46
47
49
60
59
54
60
55
46
31
26
19
18
9
6
3
-12
-25
-32
-33
-36
-23
-8
-8
-6
-6
-2
-2
6
16
18
4
-6
8
13
29
30
41
39
28
29
32
25
6
4
2
-7
-9
-9
-6
-15
-9
-15
-7
8
13
19
22
30
33
52
43
45
34
25
10
-10
-39
-56
-64
-68
-60
-72
-66
-56
-60
-67
-75
-60
-54
-45
-43
-38
-24
-35
-35
-36
-42
-46
-51
-41
-40
-34
-15
9
3
15
15
20
35
19
34
25
24
39
25
27
24
22
20
28
42
44
49
53
62
64
56
49
67
63
69
77
66
67
42
52
60
49
42
24
26
15
8
4
6
3
-17
-34
-41
-51
-58
-57
-50
-51
-44
-35
-33
-34
-29
-35
-44
-29
-33
-21
-11
-2
8
6
8
0
1
-1
-9
-26
-26
-22
-33
-28
-12
-21
-25
-24
-8
-27
-23
-22
-32
-16
-20
-35
-41
-23
-3
-13
-9
-9
-11
-21
-37
-16
-14
-23
18
11
17
31
17
28
15
0
20
-5
-15
-6
-4
6
-9
-15
-29
-27
-27
-20
-7
-6
3
25
31
38
43
46
37
43
45
35
50
61
54
52
51
51
43
43
37
29
22
14
27
18
18
25
4
0
2
-4
1
2
3
1
9
17
-4
-3
1
-3
-1
-2
2
2
6
0
-2
-9
-27
-25
-22
-24
-29
-41
-51
-57
-64
-65
-65
-52
-54
-61
-58
-47
-36
-27
-12
-3
5
19
19
25
18
12
-3
-16
-12
-10
-7
12
15
24
23
19
15
12
24
18
10
21
8
7
17
18
35
36
38
50
42
38
34
54
46
41
44
48
45
31
28
31
33
21
6
-3
-22
-30
-32
-45
-49
-69
-77
-93
-95
-90
-87
-64
-68
-59
-46
-47
-52
-35
-28
-22
-23
-25
-29
-19
-25
-36
-29
-29
-15
-16
-26
-21
0
3
11
18
29
34
37
36
42
50
55
58
75
70
79
80
72
68
63
70
67
66
66
59
56
55
45
49
31
33
23
-2
-21
-20
-29
-51
-77
-96
-95
-95
-104
-100
-99
-90
-107
-106
-83
-74
-57
-45
-39
-38
-46
-38
-26
-4
0
3
7
6
10
20
36
43
58
66
80
78
77
83
97
101
103
111
110
120
114
106
127
113
112
112
94
79
78
67
57
60
57
58
52
22
8
-9
-38
-48
-67
-65
-73
-82
-74
-85
-89
-102
-94
-109
-110
-104
-113
-103
-108
-107
-108
-93
-73
-58
-57
-41
-49
-51
-63
-57
-44
-45
-40
-40
-30
-32
-34
-34
-40
-43
-42
-47
-53
-36
-46
-46
-25
-34
-19
-10
-1
12
22
25
27
34
23
28
23
23
20
20
27
38
42
33
35
27
15
19
11
23
38
55
62
63
65
53
58
58
57
82
81
72
85
77
72
73
71
76
72
63
53
49
37
29
28
18
26
34
15
16
17
10
6
9
1
-4
9
6
20
11
1
14
4
-4
-9
-20
-23
-29
-31
-32
-40
-46
-65
-73
-75
-86
-82
-76
-78
-65
-72
-82
-83
-85
-98
-97
-82
-85
-69
-59
-53
-41
-50
-37
-28
-27
-2
15
26
34
42
51
39
44
52
54
48
44
37
26
22
23
38
41
46
42
51
53
44
44
47
42
41
41
33
41
31
34
29
14
21
8
11
4
-3
11
-1
-2
0
-6
-10
-26
-25
-23
-22
-35
-39
-37
-28
-19
-16
-12
-19
-11
-12
-4
18
25
14
20
14
6
12
10
5
12
16
17
-3
-12
-29
-32
-33
-39
-32
-28
-24
-36
-43
-51
-42
-40
-29
-35
-29
-21
-19
-25
-21
-6
-14
-5
3
-10
-8
-1
-12
-12
-11
-11
-14
5
-4
-3
0
-3
13
5
-8
3
-1
-1
4
10
12
5
4
1
1
14
11
10
24
21
31
48
42
44
43
37
31
5
7
12
7
-5
0
-8
-23
-25
-24
-39
-32
-36
-33
-16
-12
-4
-1
12
20
31
44
42
34
42
40
48
39
42
47
48
39
36
37
39
31
27
36
32
49
39
53
67
57
44
35
28
27
16
25
30
14
9
-5
-7
-17
-20
-30
-32
-43
-34
-32
-35
-20
-18
-26
-34
-38
-46
-44
-46
-58
-46
-47
-61
-50
-46
-61
-65
-64
-60
-55
-60
-60
-52
-49
-48
-39
-36
-45
-51
-42
-44
-42
-31
-26
-30
-30
-19
-28
-20
-17
-9
-2
-6
-3
-3
1
-3
-1
10
24
36
41
47
59
62
65
91
95
88
91
81
72
62
50
46
38
31
33
35
27
42
49
37
30
34
42
35
40
37
32
35
25
13
10
8
9
13
14
24
28
25
24
15
13
13
-5
-5
-7
-14
-24
-26
-29
-41
-28
-44
-39
-29
-51
-44
-46
-36
-45
-47
-51
-51
-48
-54
-47
-41
-27
-39
-40
-36
-44
-53
-51
-51
-41
-35
-13
-11
-13
-13
-14
-17
-35
-28
-31
-37
-36
-30
-22
-15
-24
-24
-22
-15
-3
1
11
18
20
20
14
17
11
-5
-14
-7
-1
1
6
16
17
18
11
12
8
1
0
6
14
17
27
36
48
51
49
43
37
35
34
39
42
33
37
41
43
20
10
18
4
17
31
26
33
43
40
51
55
49
55
45
50
46
45
41
29
30
31
36
45
39
37
42
42
28
12
15
9
24
30
32
32
22
-1
-26
-28
-38
-42
-59
-57
-56
-63
-57
-71
-71
-64
-65
-67
-71
-64
-70
-80
-73
-65
-58
-52
-45
-38
-26
-28
-29
-28
-24
-32
-41
-46
-46
-53
-49
-43
-44
-38
-35
-28
-22
-12
-6
4
3
7
17
22
21
27
30
24
22
27
26
23
24
23
25
30
22
27
30
23
24
19
15
-2
3
13
16
31
31
18
37
41
40
52
43
47
46
49
31
27
35
42
33
31
32
27
37
29
28
16
16
23
16
16
-1
5
-2
-23
-25
-38
-44
-44
-49
-48
-43
-45
-46
-44
-44
-40
-46
-31
-32
-37
-33
-46
-42
-41
-38
-42
-58
-75
-81
-89
-79
-75
-78
-65
-57
-48
-36
-35
-14
-3
-4
18
24
36
32
51
63
65
68
65
70
79
71
58
62
58
68
70
66
74
79
72
69
61
54
60
61
55
56
68
61
57
59
60
43
25
20
16
20
18
4
4
-7
-13
-10
-6
-3
-7
-20
-40
-29
-43
-58
-55
-51
-65
-77
-81
-95
-99
-93
-87
-79
-71
-74
-56
-42
-29
-17
-17
-4
5
2
4
4
-10
-14
-5
-13
-16
-4
1
-4
1
-2
1
12
8
13
16
20
24
21
20
21
20
15
12
2
-13
-16
-9
-20
-7
-8
-9
-10
-20
-7
-15
-6
-5
-12
3
-13
-7
-6
-11
-2
-1
-5
-1
4
5
15
21
28
33
41
38
29
36
35
59
66
62
78
80
80
60
52
48
42
30
29
27
21
10
11
16
13
7
4
2
-1
-9
-15
-14
-27
-24
-24
-31
-22
-13
-22
-36
-43
-57
-62
-58
-53
-62
-62
-69
-71
-63
-47
-40
-32
-34
-34
-38
-46
-42
-30
-15
-8
1
10
7
20
29
33
42
40
37
24
27
18
14
8
5
1
-2
-5
-12
-11
-5
9
0
2
9
7
7
-5
-13
-29
-28
-33
-28
-26
-26
-21
-29
-24
-24
-18
-11
-9
-5
-3
-2
-11
-18
-14
-4
-5
-7
4
12
18
29
33
44
47
52
61
60
58
66
63
62
67
69
64
67
69
57
49
41
45
49
55
41
45
45
37
30
27
21
12
-4
-11
-22
-46
-52
-64
-78
-76
-62
-68
-54
-49
-39
-54
-41
-39
-36
-36
-44
-51
-53
-53
-54
-56
-57
-53
-59
-49
-48
-41
-63
-57
-60
-62
-51
-57
-41
-25
-5
4
17
17
20
27
33
33
22
23
18
28
13
17
32
24
44
38
39
47
51
52
60
61
73
77
72
78
73
76
71
76
74
78
69
64
50
46
38
21
20
15
20
28
32
29
29
12
4
-15
-21
-21
-25
-29
-32
-25
-33
-47
-47
-52
-65
-64
-64
-63
-50
-54
-50
-49
-58
-53
-53
-38
-43
-41
-40
-24
-17
-13
-8
-17
-9
-16
-35
-35
-31
-16
-9
-10
-6
1
-7
-9
-21
-17
-6
-4
2
7
18
18
16
17
25
27
30
35
39
31
27
21
16
19
17
26
29
24
16
15
10
9
15
9
10
12
11
9
2
1
2
0
-6
-12
-18
-11
-17
-15
-28
-21
-31
-39
-32
-30
-23
-25
-6
-9
-2
-5
-9
-16
-8
1
1
9
10
6
11
5
1
0
2
-1
19
32
30
34
34
34
28
18
12
15
18
20
8
5
19
10
13
3
-7
-17
-33
-42
-52
-51
-50
-53
-59
-53
-54
-48
-51
-43
-35
-38
-29
-21
-21
-23
-23
-20
-13
-5
-12
-13
-9
-5
4
18
19
17
31
42
41
46
44
57
59
68
81
89
81
85
82
81
62
51
59
45
41
25
30
25
18
0
-11
-16
-26
-39
-42
-43
-53
-38
-42
-32
-29
-26
-27
-30
-27
-27
-15
-7
3
15
21
12
6
-3
2
1
11
34
40
43
44
54
54
58
51
59
53
50
58
55
57
44
37
33
21
21
14
2
1
-11
-7
-23
-28
-35
-41
-44
-52
-48
-63
-62
-61
-62
-73
-83
-93
-114
-121
-119
-120
-106
-104
-94
-90
-90
-86
-83
-84
-83
-77
-73
-52
-53
-46
-44
-45
-40
-42
-26
-15
2
14
19
26
31
35
42
51
58
52
69
72
75
79
87
91
95
107
112
118
110
110
100
90
89
93
83
82
69
65
62
43
38
41
33
18
8
3
7
5
-4
-14
-12
-14
-10
-7
-2
-4
-9
-17
-26
-20
-21
-21
-22
-20
-21
-31
-28
-35
-45
-41
-36
-33
-26
-15
-5
-3
-4
6
-12
-6
-10
-16
-5
-24
-27
-33
-29
-28
-31
-21
-27
-21
-16
-9
-8
-4
11
12
9
2
-5
-3
-7
-19
-17
-11
-8
0
-1
-1
12
13
13
17
9
12
17
14
9
5
4
-2
-3
-4
-16
-12
-5
-4
8
-3
5
12
-2
9
-1
1
0
-1
3
-1
-12
-12
-9
-6
-8
-7
-2
2
-3
-3
-4
-4
-13
-13
-3
-14
-4
-6
-9
-5
-13
-15
-19
-10
-18
-19
-13
-18
-21
-9
-5
-5
8
3
0
1
5
4
20
27
22
23
19
24
12
18
19
13
2
-6
2
-7
4
8
11
9
6
3
-3
-7
-19
-28
-45
-37
-42
-40
-35
-41
-34
-47
-44
-42
-34
-17
-19
-9
-2
-11
-14
-26
-26
-24
-24
-13
0
10
13
11
13
6
14
24
13
22
18
15
18
19
21
37
35
40
51
53
54
54
56
60
66
69
77
92
87
89
93
87
88
88
79
78
75
69
62
46
41
40
28
19
19
13
4
3
2
7
6
-3
-4
-19
-24
-23
-31
-36
-42
-52
-51
-52
-57
-51
-54
-49
-53
-52
-49
-65
-59
-70
-77
-72
-74
-66
-74
-68
-59
-62
-59
-53
-64
-64
-64
-65
-57
-53
-52
-53
-42
-41
-48
-44
-50
-54
-54
-62
-57
-53
-42
-30
-22
-22
-3
3
-1
5
10
28
27
32
29
33
42
27
31
35
33
31
28
41
53
63
70
64
78
83
84
89
83
85
68
71
67
58
61
59
50
48
54
47
41
35
39
33
33
28
31
24
29
25
23
21
6
5
-13
-19
-36
-47
-54
-57
-64
-55
-54
-45
-43
-53
-48
-50
-43
-47
-46
-47
-47
-49
-40
-34
-25
-35
-39
-30
-29
-19
-10
-7
-12
-8
-9
-2
6
8
16
19
18
13
17
10
5
10
4
7
13
17
27
28
33
35
37
37
39
41
36
28
17
12
7
4
4
5
14
11
12
12
11
6
7
4
0
5
14
21
24
30
23
30
24
13
8
3
4
0
6
6
9
14
9
9
11
4
-8
-8
-7
-11
-11
-1
-11
-18
-25
-28
-30
-35
-32
-35
-36
-42
-40
-42
-53
-59
-56
-58
-58
-47
-45
-39
-37
-28
-32
-38
-40
-41
-36
-36
-32
-26
-27
-30
-32
-36
-27
-18
-18
-7
-1
-5
-4
-1
0
-5
4
2
13
12
9
18
15
10
19
20
18
25
23
19
13
8
11
24
37
42
44
45
47
44
45
44
47
46
51
50
40
43
39
21
20
24
27
28
38
40
42
43
38
42
37
41
35
32
34
29
25
19
19
17
11
12
8
4
6
9
7
9
8
13
3
0
-7
-8
-4
-10
-3
-8
-5
-8
-9
-15
-19
-18
-20
-27
-19
-22
-32
-29
-43
-48
-45
-49
-44
-45
-51
-56
-57
-62
-63
-62
-61
-56
-52
-62
-61
-58
-56
-55
-49
-42
-39
-39
-32
-21
-15
-16
-6
-5
-5
-8
-9
-11
-1
7
2
12
15
11
18
25
34
41
40
39
39
41
45
39
39
40
33
35
28
35
42
42
47
45
50
52
43
35
28
28
27
23
17
14
10
10
5
4
2
-1
-3
-3
-1
-11
-12
-11
-12
-13
-18
-21
-19
-17
-17
-10
-16
-23
-23
-25
-24
-25
-23
-21
-15
-16
-8
-10
-3
3
13
17
18
22
20
17
10
13
16
10
1
-1
1
5
7
10
13
11
8
10
3
0
2
0
3
2
-1
1
-4
-10
-13
-6
-6
-11
-6
-9
-9
-9
-12
-8
-7
-9
-14
-15
-7
-13
0
-3
-1
4
7
8
9
17
12
15
20
15
17
18
16
23
21
13
13
9
7
-3
-6
-5
-7
-1
1
3
-2
-3
1
0
-3
-4
-11
-8
-7
-8
-3
-2
-4
-12
-10
-13
-19
-17
-23
-21
-16
-22
-22
-22
-24
-24
-19
-19
-19
-12
-14
-13
-13
-13
-9
-15
-12
-15
-15
-9
-13
-12
-2
3
2
5
5
2
4
5
1
2
2
-3
0
0
-2
1
-4
-3
-1
-9
-10
-8
-7
-5
-4
0
5
7
7
6
8
7
2
6
-4
-7
3
1
5
11
7
10
15
16
11
14
19
18
17
18
17
19
17
14
20
22
23
27
25
26
27
24
26
22
25
26
29
29
27
30
25
21
25
28
31
27
22
18
14
18
14
12
14
14
11
14
8
9
10
0
1
-7
-6
-14
-15
-13
-20
-22
-19
-18
-15
-17
-17
-17
-22
-30
-34
-37
-40
-40
-42
-42
-46
-36
-32
-28
-31
-30
-34
-36
-37
-41
-34
-40
-43
-39
-39
-37
-34
-32
-26
-24
-24
-20
-14
-9
-6
-7
-7
-3
0
-1
-4
-1
10
11
17
16
21
22
21
26
25
22
28
27
30
38
34
35
31
30
29
33
29
27
22
21
14
20
18
18
19
18
18
17
17
14
9
4
4
1
-1
2
2
2
6
6
0
1
1
0
1
2
0
-6
-5
-4
-5
-6
-6
-7
-4
-7
-8
-1
2
3
3
1
5
0
-1
-1
-4
-6
-14
-10
-9
-9
2
0
1
3
-4
-4
-12
-14
-19
-23
-24
-30
-27
-27
-25
-23
-18
-15
-13
-11
0
4
5
8
7
6
7
9
8
9
10
8
9
9
7
7
11
7
6
5
8
6
4
5
3
-3
-5
-10
-10
-9
-18
-11
-6
-4
2
2
3
5
7
8
11
10
12
13
8
5
-5
-6
-8
-7
-8
-9
-1
-3
-2
-3
-2
3
1
9
7
10
10
12
13
9
10
11
10
7
8
11
7
7
5
0
-2
3
-1
-6
-4
-9
-8
-4
1
5
3
3
7
8
5
2
1
3
3
2
5
4
6
10
10
9
7
6
3
2
2
-1
-2
-3
-11
-16
-18
-20
-23
-24
-26
-32
-29
-22
-19
-15
-9
-9
-2
-2
-8
-3
-1
-2
-10
-6
-6
-8
-10
-12
-5
-1
1
4
3
4
6
11
15
18
18
22
18
15
14
15
16
15
12
12
7
10
10
8
10
8
8
9
7
5
8
10
9
5
9
12
12
8
5
2
-2
-4
-11
-16
-13
-10
-17
-19
-22
-21
-20
-19
-17
-14
-11
-9
-11
-9
-7
-2
-5
-3
-4
-9
-7
-9
-11
-17
-17
-23
-26
-26
-21
-22
-18
-14
-12
-9
-6
-1
4
5
2
7
4
6
8
5
0
0
-3
-2
4
7
7
8
8
3
6
4
4
3
4
7
9
18
19
17
20
21
20
24
26
33
31
26
28
24
24
28
30
32
30
25
22
28
25
25
24
17
13
8
2
1
1
-3
-3
-5
-5
-6
-5
-5
-7
-4
-5
-6
-8
-10
-16
-15
-22
-21
-20
-23
-20
-21
-23
-19
-17
-16
-15
-15
-10
-14
-12
-18
-19
-18
-21
-24
-23
-25
-22
-19
-20
-13
-15
-11
-5
0
2
1
4
5
1
0
-2
-2
3
2
2
2
-2
0
-3
-5
-7
-9
-7
-4
-4
-2
-2
0
0
-3
0
-5
-4
1
2
2
1
1
-1
-3
-1
-3
-1
-1
-4
-4
-8
-6
-7
-5
-7
-1
8
8
8
9
6
2
-2
-2
0
3
4
9
10
13
14
11
9
9
9
9
11
11
15
17
21
20
18
15
16
15
12
11
10
7
6
5
7
9
8
11
13
14
16
15
13
13
12
10
10
10
11
11
12
10
6
5
-1
0
-2
-2
-1
-2
-1
-1
-3
-7
-10
-13
-17
-17
-19
-16
-14
-13
-11
-15
-12
-12
-10
-11
-17
-10
-12
-6
-6
-7
-6
-9
-8
-7
-4
-2
4
1
4
6
5
6
9
9
9
4
6
5
4
6
10
10
8
8
5
3
6
7
5
3
4
0
-3
-1
-4
-6
-6
-5
-8
-4
-2
-1
-2
1
-3
-3
-4
-7
-9
-11
-10
-9
-10
-8
-3
-1
-1
-2
1
-2
-3
-6
-9
-13
-16
-20
-22
-22
-23
-27
-28
-24
-25
-28
-28
-27
-26
-27
-24
-22
-23
-16
-14
-10
-7
-5
-3
-2
2
5
6
6
6
2
1
3
6
5
7
9
10
12
18
19
22
22
22
26
33
36
37
38
38
35
32
31
29
27
23
23
22
23
20
19
16
15
14
12
11
12
13
11
11
9
8
7
2
3
-1
-5
-7
-8
-9
-11
-15
-15
-13
-11
-10
-9
-5
-7
-8
-11
-14
-14
-12
-16
-14
-17
-18
-15
-18
-18
-20
-17
-17
-19
-12
-12
-13
-11
-9
-8
-7
-5
1
-3
5
6
5
8
9
9
7
8
3
4
5
7
8
8
7
11
11
10
12
13
13
12
13
16
14
12
10
11
8
6
4
3
2
-2
-6
-5
-6
-10
-12
-12
-9
-12
-9
-15
-14
-11
-13
-11
-11
-6
-8
-9
-9
-12
-9
-11
-11
-10
-11
-11
-13
-7
-6
-3
1
1
1
1
1
0
1
3
4
5
5
2
3
1
-3
-2
-2
-2
-1
-1
-1
-3
1
-1
3
3
8
7
6
9
4
8
3
1
1
-2
1
-2
-3
-1
-3
-1
-3
2
4
5
6
4
7
10
11
12
16
13
15
9
7
6
4
1
0
3
6
11
12
17
18
19
13
11
7
4
2
-2
-2
-6
-6
-6
-9
-10
-11
-11
-15
-16
-12
-7
-6
-5
-3
-4
-2
-2
-1
1
1
6
8
6
4
2
-2
-3
-1
3
2
3
5
5
6
4
5
5
4
3
3
1
-2
-5
-4
-9
-11
-7
-7
-10
-14
-13
-11
-15
-13
-13
-12
-11
-12
-8
-8
-5
-3
-1
-2
-5
-7
-4
-9
-9
-10
-12
-12
-12
-14
-13
-12
-10
-9
-7
-2
-2
2
1
0
4
6
5
1
0
-3
-3
-4
-3
-3
-4
-1
1
2
6
6
5
10
9
8
9
11
8
9
12
9
8
8
6
4
6
9
9
8
8
6
9
9
8
12
11
14
13
14
16
14
12
11
9
8
8
5
2
0
0
-4
-3
-3
-3
-2
-2
-1
-3
-4
-4
