SAMPLES:	23280
BITSPERSAMPLE:	16
CHANNELS:	1
SAMPLERATE:	16000
NORMALIZED:	FALSE
-21
-12
-17
-17
-7
-2
-5
-7
-7
-6
-7
-7
-9
1
-10
-21
-9
-12
-11
-1
-11
-11
-11
-30
-19
-16
-22
-30
-40
-33
-27
-25
-16
-20
-13
-14
-7
2
-2
-1
-2
-6
-3
-5
-5
-1
4
4
-11
-11
-4
-8
-3
2
-1
-2
-7
-9
-5
0
2
-15
-15
-10
-15
-20
-21
-8
-3
-12
-1
21
29
28
26
31
38
50
42
41
42
45
39
33
31
28
29
37
26
14
29
21
10
11
14
5
-2
6
0
-9
-7
-20
-28
-25
-21
-26
-23
-22
-18
-16
-23
-19
-10
-3
-1
-13
-8
-3
-9
-14
-7
-2
6
4
-3
-5
4
3
-13
-19
-20
-20
-14
-10
-4
2
1
-5
-5
-5
-8
-20
-20
-13
-12
-8
-8
-6
-10
-4
-10
-21
-20
-18
-20
-25
-32
-30
-16
-18
-22
-19
-10
-4
3
6
13
16
11
15
13
19
20
14
17
18
21
25
18
16
21
11
14
22
25
33
28
31
37
36
42
38
30
36
32
24
29
23
27
19
12
21
17
19
14
23
21
21
17
9
13
4
-3
4
7
10
20
11
16
11
14
18
0
-7
-6
-6
-16
-10
-10
-15
-20
-26
-43
-59
-43
-47
-47
-50
-48
-42
-45
-47
-54
-60
-48
-41
-47
-60
-51
-35
-43
-49
-50
-45
-52
-40
-40
-30
-22
-18
-19
-15
-4
-4
3
11
19
20
18
22
22
34
41
39
29
35
43
45
47
51
49
50
48
37
32
44
41
36
38
34
42
40
27
23
32
31
41
41
43
32
24
23
25
29
7
1
-1
-13
-12
-5
-20
-20
-25
-27
-20
-31
-22
-29
-27
-41
-47
-37
-41
-54
-53
-49
-43
-33
-38
-43
-48
-45
-45
-47
-41
-37
-40
-31
-27
-27
-25
-16
-16
-22
-21
-5
-2
5
10
13
16
24
32
24
33
44
51
49
37
38
38
35
43
47
39
49
39
34
32
21
10
8
6
6
10
9
7
2
-5
1
9
-2
-6
-4
0
10
5
0
-3
-4
-3
-7
-13
-1
4
4
0
4
9
15
21
31
13
6
9
-1
-11
-26
-23
-25
-25
-27
-20
-15
-16
-24
-27
-20
-11
-5
7
-4
1
2
2
7
-4
-4
-7
-2
6
10
10
4
12
14
8
8
11
15
7
8
6
6
7
13
23
24
26
26
21
23
13
14
18
9
8
12
8
2
4
-7
-11
-15
-24
-26
-33
-45
-52
-50
-45
-52
-52
-54
-47
-42
-60
-55
-50
-45
-45
-34
-29
-27
-21
-28
-31
-18
-9
-8
-1
6
14
15
4
0
5
4
6
10
22
25
21
38
35
32
53
54
53
42
43
42
49
49
49
36
43
42
33
39
36
41
25
29
39
33
31
41
37
32
24
18
19
8
1
-11
-21
-28
-34
-29
-50
-51
-40
-40
-34
-37
-36
-32
-28
-30
-24
-21
-23
-20
-21
-22
-23
-19
-11
-3
-11
-11
-12
-16
-17
-20
-29
-18
3
1
7
3
9
28
18
21
21
24
27
30
30
16
9
7
7
-1
-1
4
13
19
9
15
13
17
8
-3
4
-10
-14
-10
4
7
12
1
-7
-3
-6
-9
-16
-16
-15
-20
-22
-18
-20
-23
-24
-18
-14
-23
-26
-20
-12
-13
-24
-35
-22
-15
-9
-6
-5
0
-2
-3
10
14
13
25
18
18
20
22
22
14
4
5
6
5
4
0
11
4
4
-1
-3
4
-6
4
-3
-5
5
2
-1
-8
-4
-2
0
11
13
7
8
17
17
11
3
16
25
23
25
22
15
19
21
19
24
25
25
28
23
6
0
7
2
-9
-6
-14
-19
-22
-25
-29
-27
-18
-32
-29
-28
-33
-43
-36
-29
-19
-17
-19
-10
2
-4
-5
-7
-2
10
16
2
6
14
10
11
7
8
-9
-8
-6
-6
-7
-10
-4
4
9
7
5
8
8
-5
-8
-13
-12
-14
-10
-8
-6
2
8
14
21
35
44
49
49
45
48
40
37
44
43
41
32
36
38
40
38
35
37
27
27
22
9
3
-2
-8
-28
-31
-48
-47
-53
-57
-59
-64
-54
-59
-57
-57
-52
-59
-55
-61
-58
-53
-41
-38
-38
-30
-31
-29
-31
-31
-31
-19
-15
-18
-11
-4
2
6
6
-2
4
1
-1
-2
-9
6
20
18
18
19
17
17
23
28
24
31
31
39
40
30
27
31
23
29
41
28
35
37
44
36
38
31
34
37
27
21
13
17
16
21
16
15
19
20
10
12
7
4
12
12
13
-2
1
-9
-13
-9
-6
-8
-2
-3
-4
-11
-21
-21
-30
-24
-26
-22
-30
-32
-30
-30
-32
-28
-25
-19
-18
-18
-20
-27
-25
-18
-18
-20
-11
-9
-10
-19
-9
-6
-11
-2
6
15
15
18
26
29
22
17
12
5
4
5
11
17
13
17
26
21
18
18
11
10
5
12
14
8
15
15
18
21
15
16
26
12
8
2
-8
-1
-5
-13
-12
-20
-30
-24
-18
-19
-32
-33
-42
-34
-38
-43
-38
-22
-29
-38
-28
-32
-29
-28
-24
-15
-10
-6
8
6
9
11
11
15
20
17
19
29
22
25
25
20
16
12
12
15
10
13
8
9
8
2
3
1
6
-5
-6
-9
-17
-5
-4
0
0
3
0
-3
2
6
7
15
15
13
9
14
18
13
17
11
13
15
8
2
3
-4
-14
-10
-16
-17
-13
-23
-28
-24
-20
-18
-21
-25
-23
-19
-9
-4
-1
1
15
7
1
-2
-4
-13
-9
-1
-4
1
-2
-1
-5
-3
-1
-3
2
8
14
17
25
27
32
33
41
35
33
32
32
38
31
36
31
21
26
14
1
3
2
5
6
0
4
4
1
-1
-9
-4
-1
8
12
-1
-4
0
3
-7
-10
-15
-4
9
7
-2
1
4
4
-7
-19
-26
-15
-19
-17
-21
-25
-21
-41
-54
-67
-65
-60
-55
-57
-57
-43
-41
-46
-44
-30
-23
-17
-13
-13
-8
-7
2
15
10
12
14
21
26
24
27
29
32
36
36
20
27
48
39
37
43
48
47
33
31
37
28
24
24
16
13
11
11
2
0
1
-4
0
-1
-7
-5
-11
-14
-13
-11
-7
-7
-5
-1
-13
-17
-18
-21
-20
-24
-17
-26
-20
-29
-35
-31
-37
-47
-39
-20
-29
-12
-11
-20
-16
-15
-17
-15
-13
-8
5
8
5
5
21
15
11
14
23
23
34
27
21
26
14
24
28
20
28
32
26
17
29
31
29
22
6
12
5
8
2
1
4
9
15
20
27
35
35
25
25
22
26
30
10
6
0
2
3
-13
3
-3
-5
-3
-17
-7
-7
-11
-17
-21
-18
-22
-23
-23
-29
-35
-32
-31
-28
-30
-30
-25
-26
-16
-17
-21
-29
-34
-34
-40
-47
-33
-34
-32
-22
-30
-34
-24
-6
-12
-4
1
-3
-11
-13
-14
-6
-7
-7
-12
-18
-11
1
3
2
12
23
30
19
21
28
27
27
40
43
49
48
38
43
45
57
52
52
51
45
36
30
33
28
21
13
7
1
3
-6
-16
-14
-12
-11
-11
-11
-8
1
-9
-16
-14
-20
-24
-24
-29
-29
-18
-21
-18
-24
-26
-29
-38
-30
-40
-26
-27
-36
-26
-13
-6
-5
1
2
3
0
7
12
15
25
35
34
45
42
48
57
46
54
55
45
45
43
43
30
34
35
34
29
25
20
8
9
-3
-10
-19
-19
-26
-21
-24
-32
-25
-29
-32
-41
-42
-34
-37
-27
-21
-26
-35
-39
-38
-40
-50
-45
-52
-57
-49
-43
-42
-50
-32
-24
-15
-8
-9
9
18
17
16
16
23
13
12
17
16
25
31
23
25
24
28
24
16
23
18
21
27
24
8
0
2
3
-6
-18
-17
-5
0
-7
-8
-14
-16
-18
-11
-15
-16
-18
-23
-22
-16
-15
-22
-24
-21
-16
-17
-5
-2
8
19
15
15
21
11
19
21
13
18
16
6
1
-8
3
11
-3
-6
0
3
10
13
8
14
13
8
5
5
5
-1
0
-4
-2
8
22
23
25
23
32
42
38
31
34
27
22
29
31
26
35
36
32
30
15
11
13
8
7
1
-4
7
11
8
4
2
-12
4
-6
-13
-13
-7
1
-7
-8
-10
-6
-17
-17
-21
-24
-10
-11
-20
-9
-17
-28
-25
-24
-28
-42
-44
-42
-42
-39
-42
-38
-36
-36
-24
-27
-22
-20
-19
-22
-20
-13
-8
2
8
3
0
-2
-9
5
10
0
4
6
10
11
-2
4
10
2
-3
-9
2
1
-5
1
7
6
16
18
16
16
4
4
19
25
17
9
9
0
2
-6
-8
-10
-14
-14
-19
-21
-17
-11
-18
-14
-13
-13
-9
-5
-3
10
18
15
14
13
11
19
33
31
40
43
40
53
54
50
45
44
37
27
19
5
-4
-6
-17
-12
-8
-11
-6
-1
-5
-7
-20
-29
-11
-6
-8
-6
-1
-2
-8
-7
-13
-5
-2
-4
-3
-6
-4
3
-4
-3
-1
8
9
12
0
-7
8
-1
6
8
12
6
7
10
12
18
9
7
0
-2
-7
-7
-7
-6
-6
-3
-12
-12
-3
-5
-4
-10
-12
-12
-14
-20
-13
-14
-17
-11
-14
-3
2
-1
0
-4
-3
-7
-12
-12
-9
-3
-10
-9
-1
-15
-28
-31
-38
-38
-37
-36
-37
-33
-38
-37
-28
-29
-28
-19
-1
2
-2
7
11
11
22
21
31
38
47
49
52
55
52
61
56
50
49
56
44
37
32
30
25
14
26
18
11
4
0
5
-1
-3
-9
-11
-18
-25
-27
-27
-35
-36
-37
-41
-36
-35
-24
-15
-20
-16
-30
-23
-23
-30
-31
-30
-23
-22
-12
-6
-7
-6
4
-5
-17
-5
1
-2
9
11
17
7
13
25
12
18
19
30
22
19
25
26
20
7
16
21
19
1
1
-1
9
10
3
1
2
4
6
14
10
3
6
18
20
25
19
14
25
26
20
26
9
6
6
3
7
10
19
19
26
24
22
18
16
18
7
8
2
-9
-12
-8
-9
-10
-25
-33
-35
-45
-41
-41
-31
-25
-27
-30
-32
-26
-24
-27
-21
-22
-25
-22
-21
-25
-31
-25
-14
-10
-19
-10
-6
-12
-11
-20
-5
1
3
5
0
4
11
12
5
10
12
14
24
18
6
6
3
3
3
-1
-5
-12
-11
3
-3
-1
9
4
1
6
2
6
13
-3
-8
-9
-6
-6
-2
2
-7
-12
-21
-20
-19
-15
-19
-9
-11
-24
-21
-20
-14
-9
-8
-5
-5
-8
-9
-10
2
8
4
22
30
29
27
25
29
23
34
38
30
42
46
50
47
37
49
54
53
47
46
46
46
47
36
22
20
8
-5
-7
2
3
2
10
16
14
4
-9
-11
-11
-10
-17
-25
-22
-26
-30
-25
-39
-30
-26
-24
-28
-24
-10
-18
-17
-14
-15
-11
-18
-12
-14
-22
-10
-9
-4
-2
-11
-8
-6
0
-7
2
4
3
5
4
10
0
-10
-8
2
-7
-18
-14
-6
-21
-13
-15
-24
-29
-29
-17
-25
-27
-23
-29
-38
-41
-32
-28
-23
-23
-17
-3
5
7
7
21
22
14
18
14
16
14
21
15
10
9
10
17
8
7
17
26
27
23
35
34
22
20
15
26
20
18
-2
-2
0
-13
-3
-5
-10
-14
2
-4
-3
2
-9
-2
-3
-7
0
-7
-11
-9
-11
-19
-32
-35
-25
-19
-18
-12
-8
5
6
12
17
12
14
15
14
3
-1
-9
-23
-18
-14
-14
-9
-14
-9
1
-1
5
18
31
48
51
46
44
51
46
31
28
27
29
22
24
17
19
15
16
10
12
20
8
5
6
10
1
1
-4
3
1
-7
-13
-15
-7
-21
-33
-32
-26
-20
-19
-29
-28
-22
-31
-34
-25
-23
-20
-16
-19
-5
-5
-9
-10
-6
-7
4
9
4
2
14
14
8
9
10
12
6
3
-5
1
11
6
1
10
12
6
-8
-7
-1
-3
-2
-4
-3
-7
-5
-5
-2
-9
-12
-5
-7
-9
-5
-3
-7
-5
1
3
1
3
2
8
2
1
-2
-5
-6
-11
-5
-5
-14
-24
-16
-13
-16
-29
-30
-31
-40
-33
-31
-25
-17
-20
-19
-14
-12
-13
-1
-8
-14
-9
-6
3
3
8
7
5
12
12
20
23
16
23
25
22
18
21
19
20
26
24
20
19
19
26
30
32
41
39
47
49
40
41
46
34
25
32
45
45
32
37
34
23
16
5
0
-4
3
0
-7
7
13
4
-3
-5
-11
-10
-15
-22
-23
-27
-24
-26
-13
-11
-6
-2
-6
-7
-7
-10
-7
-10
-17
-18
-20
-26
-32
-35
-53
-52
-51
-69
-55
-49
-44
-38
-46
-42
-37
-34
-39
-34
-31
-36
-38
-26
-30
-32
-21
-14
-16
-13
-7
-10
-2
6
2
2
4
6
16
10
19
30
27
25
21
27
30
34
34
34
43
44
54
52
64
73
63
59
53
63
54
45
50
41
39
37
28
27
31
20
13
5
-4
-12
-9
-6
-31
-30
-35
-36
-35
-41
-43
-50
-40
-41
-40
-40
-40
-37
-34
-34
-31
-34
-19
-18
-24
-22
-15
-12
-1
10
-1
-9
-11
-11
-7
-1
5
2
1
12
12
17
31
26
14
14
18
13
12
7
2
1
0
0
-3
5
6
14
21
25
37
29
29
37
41
38
26
25
18
15
8
1
-4
-6
1
-1
-3
-10
-7
-5
-9
-9
-18
-21
-22
-14
-11
-10
-3
4
0
-6
1
2
5
10
11
6
12
8
-4
-8
-25
-30
-34
-36
-33
-36
-38
-36
-32
-37
-31
-27
-26
-10
2
-8
-5
0
11
9
11
7
-1
11
5
10
5
1
4
3
8
11
9
0
-7
-2
-2
8
8
3
1
-2
2
-4
6
4
-2
7
-11
-4
-5
-4
-4
2
6
-4
-5
-2
-9
-4
-2
-10
-5
2
5
-2
-1
-11
-8
-20
-24
-30
-19
-10
-9
5
2
5
10
12
11
3
9
18
13
18
24
31
48
43
32
32
32
36
43
44
41
44
54
59
48
46
47
54
48
44
44
37
43
30
22
21
14
6
1
7
0
-9
-14
-16
-18
-21
-33
-43
-38
-42
-43
-42
-38
-34
-46
-46
-46
-47
-52
-64
-58
-51
-60
-64
-74
-77
-72
-66
-70
-80
-82
-76
-78
-66
-50
-42
-26
-19
-21
-14
-3
4
15
11
18
24
29
42
37
39
26
43
55
44
33
28
34
38
39
36
33
37
42
28
23
17
20
18
14
6
11
10
16
37
42
44
43
61
60
47
37
48
48
44
38
30
24
32
27
10
9
5
-1
-3
-2
-10
-7
-1
2
-7
-8
-6
-2
-15
-25
-27
-30
-25
-28
-32
-41
-40
-38
-42
-35
-36
-38
-36
-42
-46
-44
-52
-49
-32
-37
-43
-35
-35
-35
-36
-34
-31
-33
-29
-25
-10
-21
-22
-17
-13
-7
-6
-15
-30
-15
-12
-5
3
10
17
17
20
31
35
42
43
60
53
55
77
75
77
77
90
103
93
87
91
89
100
86
71
64
50
39
33
4
-13
-1
-6
-24
-37
-41
-52
-40
-49
-54
-43
-40
-38
-35
-31
-30
-32
-22
-19
-31
-19
-27
-39
-38
-38
-41
-38
-37
-44
-33
-31
-21
-21
-14
-4
-2
14
8
13
14
7
-4
-5
-3
-6
-7
-13
-18
-17
-3
-7
0
4
2
5
-2
-2
4
6
9
14
14
7
0
5
2
-3
-7
-8
-2
9
17
13
4
8
17
14
10
5
3
-2
-16
-9
-17
-14
-21
-35
-32
-32
-28
-25
-32
-35
-29
-31
-27
-25
-23
-21
-14
-6
-17
-9
-2
-4
-5
-11
-7
-2
19
31
27
32
22
25
31
38
34
33
42
62
65
59
59
56
54
42
35
35
26
21
23
22
24
25
23
12
13
12
14
14
23
16
12
12
2
0
-11
-15
-17
-19
-28
-26
-17
-12
-9
-17
-10
-12
1
-4
-7
-6
-10
-21
-15
4
3
-3
-10
-6
-6
-11
-16
-22
-22
-18
-20
-19
-21
-23
-28
-22
-25
-23
-31
-36
-28
-27
-25
-34
-16
-7
-9
-15
-8
3
1
14
12
20
27
24
28
30
29
32
22
31
27
28
20
15
26
19
9
4
5
5
1
-9
-6
-18
-25
-23
-38
-38
-38
-41
-32
-29
-29
-33
-27
-36
-30
-11
-1
-7
0
10
-8
-13
-8
-17
-18
-13
-27
-26
-12
-14
-14
-19
-18
-14
-14
-11
-16
-2
9
15
-3
0
-4
-8
4
1
9
5
9
21
19
24
25
12
24
1
10
16
24
29
16
10
9
14
12
22
31
26
27
36
32
43
46
32
34
34
29
32
26
19
12
16
21
19
14
10
10
18
26
22
25
24
27
35
38
28
24
36
36
25
20
21
16
5
7
-1
-16
-21
-16
-12
-15
-22
-14
-11
-12
-22
-17
-5
-8
-5
-15
-13
-11
-20
-17
-21
-24
-29
-24
-29
-33
-35
-36
-36
-27
-28
-40
-49
-54
-53
-54
-54
-49
-41
-40
-34
-27
-17
-11
-7
3
-2
-8
-3
-3
-1
12
3
7
7
5
9
0
9
8
0
-9
-9
-5
-1
9
8
-4
0
11
-6
-5
-10
-11
-11
-1
-1
-11
-7
-5
0
6
14
6
13
13
-9
-8
-17
-24
-20
-27
-33
-32
-34
-35
-27
-29
-14
-20
-16
-3
7
26
31
40
28
31
37
33
32
35
53
51
56
62
59
58
53
57
55
50
56
58
62
62
59
61
56
44
27
15
15
14
-8
-14
-18
-24
-24
-35
-25
-36
-34
-24
-31
-37
-30
-25
-25
-27
-24
-24
-26
-16
-19
-29
-37
-30
-25
-26
-15
-9
4
2
1
-2
-3
7
4
7
13
16
14
22
12
2
-5
4
1
-7
6
0
-2
-3
9
-4
-7
-10
-3
-6
-11
-8
-9
-7
-11
-20
-29
-14
-23
-26
-23
-16
-10
-17
-15
-12
-7
-2
-6
-15
-8
-8
-3
-2
9
13
7
6
7
11
8
14
6
2
15
15
15
19
24
33
27
24
24
27
20
26
14
3
5
4
-6
-4
-5
0
4
2
-10
-17
-15
-25
-14
-14
-19
-12
-18
-18
-12
-13
-8
-18
-21
-21
-25
-25
-33
-28
-26
-33
-24
-17
-21
-16
-20
-24
-24
-23
-21
-24
-23
-18
-11
1
8
6
18
20
25
23
14
26
25
35
31
38
51
52
55
48
44
49
40
44
56
37
38
33
32
39
30
23
17
8
6
1
-4
-11
-14
-8
-5
-9
-5
-9
-6
-9
-10
-9
-8
9
1
-7
4
14
3
-1
-7
-7
-5
-15
-17
-23
-29
-38
-37
-31
-26
-28
-29
-23
-23
-27
-32
-13
-3
-5
-6
6
19
12
13
9
2
7
12
22
20
25
21
20
9
7
16
13
12
15
22
13
6
-10
-31
-38
-39
-36
-37
-41
-37
-35
-40
-40
-38
-49
-39
-32
-35
-28
-23
-23
-24
-21
-20
-17
-11
-15
-12
3
-3
-6
-13
-5
-6
-3
10
18
23
31
46
44
36
31
33
24
27
22
15
19
19
25
15
7
19
33
28
27
42
42
37
32
41
42
36
30
27
24
18
14
21
21
22
20
19
16
13
9
14
17
-4
0
-5
-12
-16
-24
-16
-14
-14
-21
-26
-22
-19
-24
-16
-14
-27
-24
-23
-21
-27
-24
-25
-22
-24
-20
-18
-20
-18
-15
-18
-27
-19
-18
-30
-27
-29
-27
-23
-29
-41
-37
-31
-39
-33
-21
-14
-14
-5
1
1
0
-1
17
31
29
30
36
26
25
25
32
44
40
43
48
54
53
53
57
64
68
64
59
58
49
45
40
48
44
25
24
11
12
3
-13
-13
-20
-27
-37
-38
-37
-41
-42
-48
-56
-54
-50
-46
-53
-49
-47
-45
-41
-34
-37
-46
-40
-40
-52
-47
-48
-44
-35
-26
-19
-34
-29
-25
-16
-5
-2
5
6
3
1
-14
-12
-1
-11
-4
-11
-16
-9
1
-6
-12
-9
0
12
19
33
26
34
34
26
25
15
12
7
14
13
27
35
47
52
43
43
53
52
42
46
37
39
42
50
54
38
39
32
29
21
27
33
21
23
12
8
-1
-8
-4
-1
-1
-11
1
5
13
16
8
4
5
10
10
13
15
19
17
6
-10
-6
-6
-8
-19
-18
-12
-24
-40
-50
-44
-44
-52
-59
-53
-48
-45
-40
-37
-42
-42
-39
-39
-38
-40
-37
-39
-34
-20
-18
-18
-17
-23
-32
-22
-19
-18
-11
-8
-1
0
-2
-11
0
12
7
8
13
14
14
14
12
15
10
18
22
26
22
31
35
28
31
26
18
18
30
18
16
20
12
12
5
2
1
7
13
-1
-1
-9
-3
9
4
11
21
11
10
15
11
18
19
17
24
23
14
14
12
17
14
6
11
18
25
18
21
31
24
21
20
17
17
14
11
1
-4
-1
-8
-16
-20
-18
-18
-31
-37
-36
-39
-32
-35
-34
-49
-49
-37
-53
-45
-58
-63
-58
-69
-70
-55
-55
-53
-58
-42
-42
-38
-30
-26
-6
-3
-4
-14
-2
-7
-3
11
14
24
29
39
32
21
27
32
39
36
32
45
40
35
35
16
8
19
17
32
34
31
31
34
24
9
4
6
9
15
18
5
19
28
32
21
15
22
17
20
16
23
33
38
36
39
43
32
30
21
25
24
36
44
44
46
40
33
15
7
5
-3
2
-3
-18
-9
-6
-10
-11
-26
-36
-27
-31
-27
-23
-24
-33
-39
-34
-37
-44
-58
-57
-54
-63
-68
-50
-54
-48
-49
-66
-75
-71
-67
-57
-44
-47
-36
-33
-19
-12
-11
-18
-23
-39
-48
-43
-38
-31
-24
-10
14
34
33
39
45
43
45
41
41
42
46
43
45
56
59
58
50
53
55
59
54
47
34
26
19
9
7
4
6
2
-3
0
-11
-12
-9
-7
6
-2
-6
-3
-8
-9
0
3
1
10
-2
-9
7
13
0
-1
-4
2
11
1
2
2
17
14
9
1
-5
-1
-2
-7
-15
-15
-26
-23
-17
-8
-4
4
12
19
28
31
29
35
40
30
27
17
24
12
-2
-17
-21
-11
-1
7
2
16
16
1
-4
-8
-7
-19
-11
-10
-23
-19
-24
-27
-38
-27
-20
-22
-17
-11
-9
-2
-19
-9
-11
-26
-29
-35
-29
-26
-31
-40
-51
-45
-34
-40
-32
-25
-21
-13
-8
-11
-8
-12
-5
-2
2
-6
-7
4
6
18
18
12
17
29
33
38
38
40
48
43
35
28
21
26
26
17
12
13
9
14
20
8
-1
-4
-3
-2
9
6
12
9
7
5
-4
-13
-20
-17
-26
-35
-34
-14
4
3
3
-2
-9
-9
-10
-27
-22
-21
-15
-6
-7
2
26
31
20
20
15
-4
-2
11
7
7
3
0
9
6
0
-4
7
6
21
21
15
20
11
5
4
12
6
3
-3
-5
4
10
7
8
25
28
38
42
43
42
38
23
2
-7
-22
-36
-36
-25
-17
-5
3
12
21
15
19
21
22
19
15
21
2
0
-5
-8
-12
-35
-39
-41
-33
-30
-23
-26
-28
-22
-6
-3
-5
-9
-17
-14
-14
-9
-11
-15
-22
-18
-7
-23
-26
-16
-15
-19
-1
16
4
-5
-8
-15
-17
-22
-30
-33
-32
-25
-8
0
0
7
3
-5
-5
-12
-16
-9
-1
-12
-10
-12
-8
-8
-10
-6
-8
-21
-14
-12
-20
2
-1
-8
-8
-4
-12
13
14
16
21
20
33
39
47
39
44
44
46
52
41
46
47
36
26
26
18
5
15
14
16
22
25
26
33
26
13
17
13
-2
-3
-3
-15
-16
-12
-7
-8
-19
-29
-39
-39
-31
-29
-19
-11
-2
9
12
17
15
11
6
-6
0
2
-13
-14
-9
-9
7
20
16
4
15
25
25
35
27
7
0
0
7
-6
-11
-16
-22
-1
2
4
2
-3
3
7
3
4
6
3
1
-12
-9
-13
-26
-28
-24
-26
-23
-21
-20
-24
-23
-22
-28
-30
-26
-20
-26
-47
-60
-61
-59
-53
-63
-59
-47
-35
-38
-26
-15
-13
-10
-6
4
13
0
-6
1
4
6
4
6
10
19
19
20
19
25
29
35
35
32
35
22
13
17
22
17
18
13
23
33
30
37
28
26
10
7
14
16
24
30
28
31
23
11
22
24
23
24
26
28
34
30
21
25
27
21
11
5
11
17
14
8
9
22
33
37
26
22
15
17
9
-3
-13
-21
-28
-27
-14
-12
-10
-10
-2
-5
-13
-7
-3
2
-1
-2
-3
1
9
10
9
2
2
-7
-21
-27
-31
-30
-27
-18
-17
-13
-12
-23
-23
-30
-33
-40
-39
-32
-44
-51
-44
-36
-32
-37
-37
-38
-39
-39
-37
-37
-41
-39
-36
-45
-38
-40
-42
-42
-48
-37
-39
-19
-9
-10
-2
19
33
28
30
32
24
22
20
13
11
12
9
16
17
24
24
31
43
52
37
24
26
32
25
20
22
17
33
34
31
33
39
44
42
25
22
27
25
35
26
22
22
20
12
0
6
0
2
3
-5
11
17
25
25
17
13
10
8
9
8
4
0
-1
-8
-24
-22
-20
-32
-37
-34
-27
-24
-31
-24
-23
-25
-9
-7
-17
-13
-20
-10
-12
-13
7
2
3
10
12
19
18
24
24
18
19
8
10
13
10
8
7
7
3
4
-3
-19
-22
-20
-30
-44
-39
-41
-33
-33
-26
-22
-32
-17
-2
5
-1
12
12
0
-8
0
-12
-12
-7
-11
-12
-13
1
7
15
23
11
6
22
23
19
14
8
7
11
21
20
19
36
39
35
35
25
17
18
15
16
9
7
6
9
12
-4
-5
2
8
-7
-14
-16
-7
-5
-8
-3
-9
-11
-13
-9
-24
-38
-43
-31
-36
-39
-43
-46
-43
-50
-55
-66
-58
-50
-45
-31
-25
-26
-40
-44
-27
-26
-32
-25
-7
6
8
14
29
38
50
44
41
39
45
42
35
35
30
43
36
39
44
35
42
38
37
39
32
30
26
33
32
16
20
14
17
21
33
28
22
29
29
25
17
13
26
18
7
13
4
13
18
-2
-10
-22
-29
-37
-48
-51
-56
-45
-42
-38
-41
-47
-41
-36
-39
-40
-27
-23
-37
-33
-29
-32
-25
-25
-21
-14
-9
1
-1
0
21
17
19
12
5
14
16
24
19
28
37
36
42
44
44
28
24
37
35
12
13
17
9
11
-11
-26
-23
-17
-7
-1
-8
-9
-11
-14
-18
-26
-21
-22
-24
-19
-16
-5
-5
-6
-5
-5
-1
8
7
5
4
-3
0
1
11
-3
2
3
1
9
-5
-17
-16
-20
-19
-7
1
10
10
18
19
9
2
6
11
5
-8
-3
-10
-16
-24
-25
-15
-4
-5
-5
7
-1
-4
-11
-12
-13
-16
-23
-22
-2
-4
6
6
16
30
23
23
30
23
19
18
4
10
5
1
-8
-7
7
7
3
-4
-9
-7
-7
-5
-6
-5
0
16
23
14
9
23
35
34
29
28
33
26
23
21
4
-3
4
-1
-11
-1
-5
-13
-27
-27
-21
-22
-14
-12
-15
-9
-6
5
10
-1
2
-1
-5
0
5
7
4
7
7
-2
5
10
4
6
14
17
19
23
25
22
25
28
20
10
1
-12
-26
-36
-31
-45
-44
-53
-55
-41
-42
-38
-36
-32
-29
-27
-28
-22
-25
-30
-22
-13
-8
-13
-12
-15
-19
-6
7
6
1
-9
-15
-2
2
6
6
1
-1
-6
-15
-20
-18
-26
-22
-17
-9
3
12
11
7
21
16
10
4
-3
-3
2
25
27
32
34
38
46
47
59
55
52
49
38
27
34
31
33
43
45
53
50
51
49
46
38
39
39
28
30
14
11
2
-7
1
-3
-12
-3
1
-4
-11
-30
-27
-35
-46
-53
-62
-57
-62
-68
-53
-48
-61
-53
-56
-62
-58
-48
-40
-35
-22
-23
-17
-24
-28
-11
-6
2
12
8
1
5
6
9
19
24
24
31
32
33
24
21
29
25
22
17
15
14
-4
-7
-14
-16
-20
-16
-3
-2
8
6
8
15
10
3
1
3
9
14
14
23
19
28
31
27
36
34
26
14
12
14
5
-8
-1
-4
-1
13
21
18
-4
12
-3
-6
5
9
6
9
19
6
6
8
2
-3
3
-7
-18
-19
-23
-25
-24
-33
-40
-48
-51
-46
-51
-47
-55
-42
-40
-47
-36
-26
-32
-28
-28
-23
-3
6
15
5
2
5
3
3
8
22
22
19
16
5
0
6
1
-10
-4
2
8
4
-1
3
5
7
-1
-10
-8
-5
8
7
-6
0
1
2
3
4
-2
-2
9
0
3
-8
-6
-8
-7
19
15
21
22
10
2
4
11
22
23
29
29
43
48
45
42
51
60
57
52
51
48
45
42
33
42
50
35
31
38
28
31
31
24
11
12
14
0
-2
-3
-4
1
8
14
12
-1
-1
-3
-5
-31
-42
-41
-42
-68
-78
-75
-82
-74
-81
-73
-71
-67
-42
-49
-48
-44
-43
-34
-24
-25
-23
-24
-29
-32
-30
-39
-38
-37
-41
-31
-29
-32
-13
-9
-15
1
1
6
3
9
3
-8
-5
2
4
-4
-5
-2
9
-8
-14
-7
-13
2
3
0
11
16
22
28
28
49
39
28
35
22
21
23
27
33
37
37
36
49
50
39
38
32
36
38
34
43
46
47
45
30
22
25
24
20
5
12
20
16
24
23
10
16
11
8
1
-9
2
-2
-17
-22
-20
-27
-26
-23
-32
-45
-36
-25
-22
-20
-29
-27
-26
-30
-25
-31
-23
-21
-23
-25
-35
-31
-31
-36
-32
-34
-42
-34
-33
-41
-42
-31
-11
-8
7
19
30
31
27
31
36
37
34
35
42
38
36
33
37
27
16
16
10
29
26
33
25
21
15
22
18
9
8
-7
-7
-3
-2
-8
-4
3
-1
1
3
7
2
-8
7
-7
-15
-16
-24
-31
-32
-19
-12
-10
-10
-14
-25
-11
-10
-7
-11
-2
2
-6
8
4
-9
-11
-7
-12
-12
-11
-11
-20
-20
-17
-14
-10
-27
-36
-29
-29
-32
-47
-38
-31
-19
-7
-8
-13
-8
-18
-174
-118
256
210
-171
-107
88
71
153
203
-85
-225
242
464
23
-148
74
156
109
104
74
-130
-96
199
34
-262
-73
81
-131
-158
-18
-128
-187
20
-53
-253
-74
38
-49
-57
-64
-42
33
74
64
-8
9
77
74
80
48
-14
23
54
6
-131
-218
-7
139
-84
-235
-151
-45
65
111
-89
-341
-121
147
127
194
-9
-184
258
409
216
245
202
144
359
567
398
203
353
394
420
506
296
326
409
279
376
264
33
222
226
-353
-924
-886
-394
-247
-832
-1622
-1695
-1102
-786
-920
-1649
-2427
-1567
-224
-562
-1413
-1286
-619
74
508
542
322
580
1521
1775
1328
1475
1929
1992
1776
1686
1632
1395
1464
1021
-190
-175
713
201
-1003
-1231
-1073
-860
-375
-666
-1661
-1357
-20
335
223
429
604
1290
2011
2025
2149
2441
2489
2417
2206
2052
2195
2015
642
-790
-791
-444
-773
-1742
-3345
-4062
-3431
-3011
-3393
-4650
-5396
-4187
-2866
-2820
-3104
-2797
-2045
-1021
208
579
597
1635
2592
2731
3179
3712
3853
3871
3772
3438
3161
3194
2698
1346
293
395
490
-488
-1610
-2430
-2619
-1789
-1616
-2603
-3106
-2274
-1034
-635
-445
-317
226
1777
2371
2428
2874
2875
3443
3953
3352
3216
3175
2869
2236
545
-299
-105
-704
-1840
-2880
-3724
-4440
-4312
-3837
-5315
-6427
-5101
-4490
-4352
-3641
-3528
-2968
-1738
-486
480
763
1656
2931
3393
3931
4506
4814
4818
4763
4952
4371
3354
3075
2838
2151
906
-94
-339
-1056
-1905
-2003
-2610
-3221
-2545
-2151
-2574
-2362
-1447
-499
-25
364
1346
2306
2630
2786
3174
3527
3764
4033
3451
2739
2702
1479
168
308
-560
-2043
-2479
-3345
-4591
-4549
-4402
-5672
-6485
-5630
-5080
-5019
-4569
-4149
-3427
-2386
-1271
-152
413
1177
2685
3408
3530
4338
4969
4794
4814
5064
4652
4048
3794
2976
1841
1516
1214
368
-781
-1600
-1890
-2117
-2065
-1926
-2455
-2498
-1721
-1171
-608
-53
301
953
1859
2252
2416
2865
3152
3286
3351
2895
2168
1167
669
928
-160
-1886
-2315
-2601
-3556
-4065
-4168
-5405
-6274
-5151
-4679
-5266
-4977
-4275
-3514
-2562
-1600
-713
-7
1051
2316
2901
3390
4174
4788
4915
4979
5115
4081
3809
5192
4047
1594
1351
1317
1041
817
-655
-2595
-2867
-952
-321
-2190
-3016
-2361
-949
515
377
-59
550
1878
2794
2476
2440
3032
3336
3198
2604
2020
1064
220
305
-660
-2361
-2751
-3039
-4020
-4701
-5130
-5705
-6142
-5723
-5216
-5279
-4970
-4291
-3446
-2329
-1610
-686
676
1465
2371
3543
3926
4425
5256
5248
5099
5414
5191
4389
3718
2929
2194
1619
613
-149
-542
-1454
-2193
-2400
-2902
-2821
-2144
-2175
-2320
-1791
-724
361
977
1588
2129
2472
3363
4050
3761
3571
3911
3960
3392
3043
2163
-17
-700
-163
-1689
-3449
-3890
-4678
-5558
-5632
-5731
-6915
-7460
-6048
-5363
-5674
-4875
-3701
-2905
-1950
-490
678
1176
2610
4128
3957
4355
6216
6808
5818
5378
5684
5418
5089
4545
2527
971
1292
1164
-126
-1549
-2702
-3092
-2814
-2503
-2854
-3550
-3166
-2196
-1395
-201
687
1036
1472
2192
3618
4480
4127
4025
4031
4044
4364
4069
3051
1403
-326
-799
-788
-1905
-3841
-5159
-5740
-6298
-6194
-6282
-7767
-8208
-6848
-5971
-5610
-4948
-4184
-3185
-1796
-209
913
1779
3099
4346
5005
5545
6264
6760
6601
6434
6359
5564
4967
4548
3046
1704
1190
-69
-1360
-1203
-1905
-3892
-3840
-2879
-3492
-3425
-2548
-2788
-2175
78
1497
1258
1121
2499
4146
4687
4705
4412
4155
4728
5410
4587
2663
1772
1111
-644
-1263
-1758
-4122
-5307
-5246
-6416
-7256
-6938
-7465
-8360
-7548
-6330
-6172
-5320
-4055
-3399
-2074
-436
938
2158
3001
4437
5429
5479
6594
7331
6554
6518
6756
5903
5082
4628
3565
1864
866
-29
-1546
-1741
-1649
-3532
-5113
-4489
-3386
-3142
-3254
-3376
-3340
-1260
1734
2077
1016
1269
3332
5511
5578
4798
4427
4426
5412
5516
3644
2209
1788
367
-1435
-1839
-2764
-4820
-5528
-6133
-7576
-7596
-7021
-7827
-8512
-7712
-6514
-5689
-4756
-3788
-2854
-1381
350
1785
2743
3770
5213
5919
6062
7045
7511
6892
6873
6690
5525
4857
4614
3220
1134
-268
-775
-860
-1458
-3401
-5300
-5054
-3422
-2956
-3941
-4674
-3809
-1311
880
1213
578
723
2957
5528
5525
4562
4653
5180
5792
5802
4722
3133
2309
1998
-73
-2106
-2129
-3334
-5229
-5994
-6924
-7675
-7820
-7626
-7854
-8756
-7861
-5937
-5307
-4823
-3617
-1940
-731
546
2665
3596
4195
5931
6457
6710
7739
7619
7194
7020
6452
5762
4806
3873
2605
902
-639
-1677
-1299
-1850
-4696
-5609
-4824
-4488
-3553
-3856
-5033
-3930
-1239
866
1285
766
1065
3202
5894
5818
4664
5019
5006
5660
6346
4400
2600
2340
1742
183
-1931
-3270
-3945
-5013
-6749
-7698
-6852
-7183
-8454
-8233
-8707
-8088
-4948
-4524
-5723
-4393
-1689
639
1716
1788
2499
4502
6627
7177
6691
6621
7102
7780
7186
5883
5472
4743
3553
2605
817
-830
-1327
-1865
-2687
-3884
-5030
-4789
-3894
-3711
-3982
-3768
-2604
-1035
593
1721
1749
2230
3759
5071
5904
5765
5068
5228
5503
5396
4845
3371
1991
1444
219
-1954
-3171
-3697
-5191
-6464
-7023
-8016
-8532
-7888
-7908
-8675
-8336
-6817
-5273
-4426
-3887
-2562
-848
617
2400
3521
3960
5263
6623
6846
6945
7354
7183
6557
6376
5845
4537
3722
2868
1237
-385
-1571
-1783
-1914
-3323
-4538
-4867
-4705
-3761
-2979
-3132
-3235
-1786
513
1831
2511
2436
2502
4662
6360
6117
5761
5180
5179
5937
5483
3838
2310
1612
919
-1071
-2942
-3956
-4931
-5760
-6727
-7873
-8621
-8577
-7725
-7978
-8916
-7606
-5743
-4969
-3864
-2800
-1798
-71
1943
3225
3605
4719
6223
6646
7037
7214
6775
6761
6579
5930
4793
3491
2776
1234
-592
-696
-1061
-2809
-4091
-4566
-4714
-4210
-3489
-3970
-4401
-2688
-627
256
1182
1924
2137
3353
5463
6251
5822
5735
5771
5886
6070
5515
4132
2383
1657
1243
-1110
-3076
-3530
-4902
-6241
-6736
-7748
-8725
-8268
-7472
-8504
-8957
-6845
-5490
-5028
-3763
-2743
-1374
552
2385
3477
3743
5085
6751
6880
7072
7359
6977
6700
6427
5878
4446
3209
2911
924
-1327
-951
-1355
-3270
-4086
-4638
-4950
-4005
-3353
-4050
-4038
-2107
-208
756
1779
2080
2395
4389
6094
6195
5790
5533
5927
6205
5575
4746
3398
1871
1560
255
-2637
-3718
-3767
-5448
-6845
-7205
-8422
-9100
-7646
-7532
-9338
-8343
-5886
-5316
-4382
-3026
-2161
-577
1364
3117
3853
4120
5802
7074
6828
7137
7395
6713
6220
6332
5444
3396
2805
2156
-429
-1385
-882
-2520
-4456
-4669
-4449
-4470
-4132
-3899
-4436
-3562
-867
265
219
1675
2981
3428
4797
5988
5998
5929
6151
6111
5595
5350
5017
3218
1323
1055
72
-2772
-4196
-4278
-5677
-7087
-7290
-8316
-9271
-7919
-7278
-8816
-8284
-5787
-4763
-3910
-2560
-1603
-292
1768
3710
4283
4450
5950
7232
7277
7251
7155
6748
6179
6029
5242
3274
2497
1859
-352
-1309
-1307
-2760
-4245
-4570
-4431
-4356
-3962
-3650
-4002
-2918
-364
577
723
1991
3089
3881
5157
6057
5805
5704
6191
5948
5275
4941
4126
2584
1274
749
-806
-3546
-4546
-4697
-6084
-7125
-7673
-8822
-9315
-7806
-7254
-8689
-8052
-5570
-4629
-3629
-1912
-1021
-97
1990
4051
4538
4945
6407
7210
7032
7196
7308
6784
6000
5722
4913
3140
2278
1589
-763
-2274
-1491
-2155
-4326
-4647
-4557
-5038
-3746
-2857
-3915
-3370
-679
969
1427
2476
2916
3259
5423
6719
6137
5835
5628
5770
5887
5017
3920
2420
1133
906
-713
-3547
-4675
-4808
-5919
-7020
-7542
-8952
-9525
-7344
-7098
-8953
-7689
-5561
-4774
-2998
-1720
-1537
-177
2295
4172
4508
4902
6189
6948
7238
7361
7043
6544
5987
5827
4665
2704
2440
1826
-452
-2368
-2869
-2806
-3440
-4084
-4645
-5664
-4564
-2585
-2575
-2547
-1706
-206
2110
3663
3442
3005
4638
6706
6830
6259
5435
5286
6139
5436
3772
2193
960
532
-1196
-3858
-4877
-5107
-5994
-7331
-8481
-9283
-9197
-7523
-7512
-9191
-7737
-5084
-4247
-2986
-1797
-1123
645
2804
4163
4631
5393
6768
7251
7297
7499
7234
6804
6250
5500
4245
3007
2537
1190
-790
-2079
-2635
-2634
-3767
-5064
-4825
-4915
-4389
-3041
-3215
-2817
-896
627
1844
2905
3135
3649
5434
6633
6283
6040
5678
5473
6055
5316
3327
2159
1554
96
-1754
-3567
-4641
-5159
-6048
-7464
-8722
-9102
-8573
-7438
-7865
-8939
-7405
-4960
-4106
-3134
-1932
-1129
841
3065
3983
4421
5326
6583
7174
7107
6937
6726
6459
6006
4886
3365
2662
2318
801
-1282
-2513
-2817
-3150
-4079
-5133
-5381
-4868
-3929
-3314
-3230
-2517
-688
1061
2211
3077
3370
4149
5828
6680
6497
6173
5814
5900
6080
5161
3518
2184
1368
-83
-2179
-3361
-3998
-5215
-6511
-7546
-8307
-8488
-7807
-7624
-8709
-8620
-6138
-4408
-4088
-3402
-2084
-367
1582
3164
3845
4263
5601
6942
7116
6939
6843
6626
6308
5718
4650
3348
2597
1835
143
-1292
-2257
-3079
-3502
-4433
-5271
-5012
-4401
-3831
-3551
-3197
-1880
-369
1107
2461
2829
3080
4464
6043
6304
5956
5881
5540
5551
5818
4735
2794
1681
831
-1126
-2719
-3209
-4569
-6011
-6744
-7616
-8348
-8264
-7555
-7715
-8640
-7404
-5250
-4569
-3526
-2088
-1257
93
2446
3981
4222
4997
6306
6725
7244
7525
6866
6257
6066
5574
4161
2920
2518
1401
-470
-1703
-2502
-3095
-3590
-4469
-5267
-5112
-4186
-3338
-3275
-2922
-1676
-79
1840
3020
2553
2782
4847
6317
6265
5705
5010
4990
5893
5921
3739
1617
1242
171
-1638
-2369
-3883
-5836
-6037
-6416
-7897
-8692
-8066
-7573
-8397
-8143
-6415
-5461
-4389
-2978
-1991
-1048
613
2951
3854
4057
5523
6069
6236
7426
7144
6010
5859
5932
4793
3193
2897
2183
369
-454
-1758
-3207
-3010
-3658
-4846
-4831
-4708
-3957
-3079
-2877
-2233
-1182
480
2460
3116
2803
3408
5358
6273
5894
5963
5293
4909
6033
5507
3001
1726
1041
-651
-2064
-2734
-4263
-5816
-6456
-7102
-7891
-8096
-7988
-7922
-8088
-7628
-5824
-4516
-4264
-2878
-935
-115
1615
3414
3801
4749
6162
6435
6768
7228
6982
6389
6145
5466
4135
3601
3140
1596
85
-976
-2044
-2503
-2919
-4197
-5240
-4655
-3573
-3399
-3407
-2904
-1986
-355
1529
2544
2380
2272
4171
6084
5731
5441
5470
4706
5036
5831
4336
2098
1442
384
-1788
-2419
-3063
-5152
-6076
-6491
-7762
-8161
-7604
-7791
-8312
-8075
-6907
-5533
-4396
-3528
-2353
-1264
191
2364
3395
3743
5033
5750
5940
6979
7170
6060
5756
5943
4626
3649
3713
2509
637
-349
-1378
-2339
-2339
-3099
-5010
-5106
-3651
-3322
-3351
-3204
-2654
-1105
804
2241
2585
2131
3271
5472
6057
5655
5490
4992
5019
6059
5402
2891
1788
1127
-894
-1716
-2092
-4529
-5900
-5616
-6754
-8046
-7595
-7417
-8232
-8128
-6946
-5960
-5005
-4011
-2843
-1565
-503
1454
3100
3214
4402
5934
5718
6365
7355
6594
5762
5943
5255
3790
3624
3260
1195
74
-465
-1667
-2189
-2707
-3788
-5025
-4996
-3168
-2779
-3603
-2781
-1928
-982
1311
3037
2620
1748
3535
5712
5644
5756
5308
3924
4548
5879
4911
2412
1071
216
-1649
-1980
-2218
-4742
-6133
-6244
-7075
-7512
-7118
-7163
-8182
-7989
-5967
-5223
-4620
-3160
-2364
-1358
436
2211
3263
3770
4969
5647
5587
6696
7104
6108
5598
5576
4532
3480
3713
2882
487
-259
-660
-2127
-2472
-2804
-4311
-4815
-3669
-3046
-3497
-3187
-1941
-1226
-114
1733
2720
2462
2792
4593
5476
5101
5398
5057
4098
4740
5295
3591
1388
248
-936
-1945
-2259
-3752
-5797
-6379
-6542
-7289
-7273
-7254
-8068
-8050
-6498
-5311
-4809
-4022
-2783
-1412
-117
1422
2717
3329
4484
5670
5638
5958
6961
6751
5665
5556
4938
3683
3845
3517
1149
-235
-526
-1446
-1782
-2123
-4113
-5204
-3533
-2477
-3098
-3251
-2730
-1762
208
1605
2081
2084
2356
4190
5443
4792
4915
4974
4194
4600
5122
3636
1587
938
-294
-2115
-2414
-3453
-5356
-5642
-6664
-7817
-7375
-7314
-7591
-7546
-7516
-6368
-4628
-3697
-3228
-2122
-606
968
2713
3320
3792
5423
5893
5934
7003
6763
5892
6018
5241
4121
4242
3636
1608
546
-50
-1265
-1688
-2088
-3589
-4087
-3632
-3347
-3002
-2950
-2700
-1393
-209
665
2139
2531
2177
3677
5034
4595
5003
5015
3777
4195
5058
3788
2007
495
-1206
-1656
-1686
-3578
-5496
-5824
-6650
-7141
-6675
-7259
-8045
-7499
-6808
-5883
-4831
-4178
-3167
-1603
-605
808
2540
3142
4081
5593
5573
5704
7066
6681
5794
5804
4982
4457
4787
3197
1227
744
8
-898
-1103
-2623
-4269
-3318
-2592
-3525
-3424
-2832
-2541
-1014
120
509
1413
1888
2359
3868
4333
4021
4636
4424
3585
4309
4502
2689
1600
568
-1588
-2092
-1821
-3843
-5468
-6043
-7082
-7090
-6551
-7121
-7758
-7788
-6952
-5205
-4143
-4062
-3156
-1274
-224
1376
3065
3127
4106
5876
5870
6082
6874
6504
6038
5890
4990
3960
4091
3550
1598
294
-585
-1264
-1081
-2160
-3664
-3780
-3664
-3037
-2246
-2562
-2429
-1191
230
1574
2353
1864
1916
3996
5011
4260
4296
4250
3757
4227
4125
2467
909
-259
-1689
-2412
-3025
-4689
-5762
-6288
-7406
-7629
-7050
-7157
-7557
-7504
-6554
-5089
-4055
-3355
-2283
-840
495
2170
3513
4083
5188
6185
6261
6861
7218
6455
5779
5748
5559
4662
3587
2427
1106
200
-605
-1095
-1815
-3334
-3473
-2918
-3392
-3135
-2647
-2525
-1491
-426
467
1672
2176
1838
2516
4291
4516
3983
3843
3373
3799
4310
2814
1193
-93
-1599
-2169
-2529
-4106
-5772
-6527
-7052
-7420
-7215
-7436
-7711
-7343
-6989
-5689
-4128
-3801
-3108
-1227
136
1531
2953
3661
4684
6175
6404
6496
7154
6654
5641
6121
6264
4935
3716
2755
1731
1066
319
-1019
-2208
-2757
-2664
-2888
-3319
-3405
-3015
-2367
-1456
-589
142
1078
2261
2320
2284
3665
4411
4203
4001
3499
3239
3646
3621
1989
-407
-1468
-2108
-2900
-3629
-5349
-7049
-7275
-7140
-7478
-7907
-7671
-7547
-7370
-5731
-4617
-4087
-2762
-1520
-235
1359
2748
4086
4854
5702
6751
7034
7230
7331
6775
5825
5325
5773
5073
3037
1894
809
-220
-294
-875
-2483
-3603
-3301
-2752
-3143
-2981
-2391
-2165
-971
383
1222
2166
2316
2448
3472
4102
4644
4530
3293
3186
3945
3551
2223
788
-1227
-2942
-2689
-3090
-5736
-6930
-7006
-7940
-8060
-7628
-7801
-8132
-7687
-6113
-5028
-4407
-3015
-1726
-642
797
2788
4117
4482
5833
6874
6521
7473
7935
6670
6177
5809
5203
4996
3971
2324
815
-253
-553
-887
-1908
-3387
-4027
-3487
-2907
-2617
-2591
-2669
-1508
52
1188
2144
2038
2054
3582
4567
4182
3959
3849
3554
3657
3727
2215
613
-265
-1947
-3347
-3855
-5265
-6353
-7173
-8239
-8342
-8111
-8028
-7753
-7797
-7283
-5488
-3777
-3018
-2181
-582
593
2231
4306
4940
5504
6727
7056
7568
8072
7394
6549
5938
5419
5223
4360
2522
1105
402
-655
-1379
-1605
-2961
-4022
-3359
-3154
-3295
-2623
-2329
-1709
-276
988
1862
2430
2680
3389
4318
4511
4385
4273
3743
3512
3724
2626
1197
149
-1923
-3455
-3552
-4708
-6389
-7100
-7919
-8867
-8455
-7563
-7898
-8414
-7388
-5872
-4398
-3063
-2261
-1338
212
2310
4014
4640
5437
6636
7275
7708
8058
7688
6752
6338
6187
5388
4114
3011
1753
538
-563
-1352
-1979
-2812
-3373
-3558
-3668
-3433
-2865
-2253
-1546
-665
564
1838
2586
2575
3138
4354
4782
4713
4350
3530
3700
4111
3054
1286
-277
-1842
-3051
-3424
-4566
-6576
-7723
-8300
-8513
-8346
-8556
-8610
-8539
-7982
-5931
-4436
-4249
-3045
-951
507
1907
3749
4654
5200
6764
7642
7472
7966
8000
7006
6276
6171
5995
4527
2732
1941
702
-510
-830
-1794
-3242
-3687
-3157
-3209
-3589
-2976
-2451
-1945
-208
1002
1438
2352
2880
3287
4310
5095
4866
4103
4028
4192
3790
3125
1712
-478
-2185
-2589
-3065
-5108
-6928
-7366
-8039
-8559
-8438
-8795
-9239
-8696
-7118
-5766
-5405
-4487
-2609
-971
538
2179
3411
4391
5891
7218
7270
7380
8222
8002
6971
6844
6795
5692
4242
3183
2013
651
-104
-1044
-2708
-3416
-3031
-3239
-4059
-4059
-3187
-2388
-1418
-442
24
1443
3205
3119
3121
4537
5210
5166
5007
4234
3905
4098
3617
2130
-31
-2015
-2968
-3257
-4296
-6494
-8141
-8460
-8577
-8814
-8773
-8961
-9298
-8416
-6251
-5011
-4574
-3175
-1402
115
1934
3685
4661
5598
7006
7570
7437
8219
8507
7282
6440
6531
6140
4740
3230
2186
662
-629
-922
-2059
-3911
-3843
-3250
-4005
-4235
-3515
-3077
-1920
-181
229
637
2383
3545
3640
4354
5041
5061
4971
4941
4611
3995
3555
2699
761
-1435
-2760
-3259
-4275
-5912
-7342
-8456
-8938
-8769
-8928
-9089
-8975
-8627
-7052
-5499
-4585
-3235
-1655
-218
1445
3361
4764
5700
6952
7569
7657
8429
8613
7666
6782
6500
6384
5212
3470
2364
1170
-159
-1177
-2144
-3467
-4310
-3595
-3634
-4781
-4205
-3116
-2392
-1023
-80
538
1799
2852
3455
4126
4905
5288
5114
4754
4429
4633
4383
2733
1057
-1019
-2719
-2679
-3667
-6043
-7450
-8006
-8459
-8909
-9106
-9256
-9274
-8270
-7101
-6391
-5128
-3574
-1845
-234
811
2703
4533
5758
7067
7273
7444
8555
8878
8040
6987
6757
6623
5571
4214
2416
893
426
-455
-2079
-3506
-4133
-3829
-3848
-4142
-4241
-4058
-2672
-1007
-273
265
1493
2775
3149
4132
5437
5143
5137
5357
4678
4729
4522
3362
1807
-839
-2345
-2283
-3484
-5460
-6929
-7985
-8853
-8984
-8540
-9121
-9737
-8897
-7531
-6316
-5306
-3946
-2517
-1240
965
2816
3771
5391
6756
7182
7707
8583
8924
7983
7223
7384
6877
5743
4370
2756
1579
567
-444
-1704
-3416
-4224
-3837
-3956
-4745
-4749
-4038
-3289
-1848
-519
-270
788
2285
2719
3755
4862
4926
5221
5213
4771
4914
4812
3997
2161
-501
-1839
-1880
-2645
-4539
-6744
-8021
-8246
-8036
-8147
-9130
-9819
-9100
-7398
-5990
-5427
-4639
-3007
-1211
639
2385
3629
4845
6268
7316
7641
8239
8884
8000
7463
8019
7008
5494
4792
3425
1832
950
-197
-1933
-3152
-3172
-3542
-4638
-4886
-4609
-4127
-3070
-2069
-1542
-755
965
1924
1821
3192
4497
4470
4798
5089
4797
4583
4671
4028
1909
-141
-1239
-2042
-2840
-4465
-6320
-7289
-8130
-8348
-8183
-8820
-9440
-8984
-7454
-6315
-5696
-4326
-2993
-1511
577
2174
3396
4876
6456
7420
7445
8188
8936
8135
7924
8327
7035
5464
5078
4103
2118
1069
42
-2059
-2900
-2796
-3645
-4647
-4979
-4701
-4139
-3426
-2404
-1900
-1219
522
1327
1375
2727
4096
4240
4068
4462
4739
4778
4812
3879
1707
-242
-1040
-1263
-2281
-4455
-6218
-6830
-7345
-7927
-7835
-8306
-9456
-8654
-6621
-6224
-5636
-4104
-3160
-1686
712
2315
3222
4515
6150
7068
7436
8221
8406
7825
8334
8440
6725
5658
5369
4057
2538
1503
-295
-1959
-2168
-2398
-3874
-4863
-4587
-4322
-4210
-3420
-2637
-2256
-1033
454
352
759
2821
3840
3427
3477
4042
4355
4670
4676
3155
947
-102
-361
-1367
-3047
-4490
-6004
-6946
-6894
-7314
-8463
-8807
-8577
-8186
-7198
-5896
-5103
-4678
-3111
-905
586
2065
3548
4619
5879
7155
7836
8074
8080
8251
8581
8003
6850
6261
5340
3846
2928
1678
-253
-1357
-1787
-2539
-3544
-4176
-4226
-4111
-3759
-3144
-2621
-1924
-765
21
160
1162
2621
3057
3105
3338
3686
4038
4186
3814
2621
840
-437
-974
-1689
-2993
-4640
-5844
-6605
-7287
-7350
-7478
-8430
-8806
-7783
-6625
-5782
-4765
-3969
-3055
-1200
947
2400
3298
4444
5767
6571
7405
8143
7633
7381
8162
7777
6437
5772
5115
3906
2729
1424
-193
-1270
-1612
-2275
-3597
-4255
-3887
-3560
-3420
-3034
-2575
-1826
-508
206
46
758
2325
3037
2951
2979
3227
3771
4164
3703
2044
34
-668
-632
-1513
-3155
-4809
-5974
-6294
-6243
-6808
-7969
-8320
-7624
-6853
-6163
-5488
-4739
-3627
-1956
-416
663
2098
3810
4823
5625
6482
7109
7709
7708
7685
7722
6971
6379
5947
4819
3612
2554
1181
-149
-937
-1382
-2215
-3402
-3911
-3630
-3165
-2917
-2742
-2334
-1633
-345
288
69
995
2253
2448
2539
2844
3074
3345
3433
2910
1499
-264
-1035
-1001
-1896
-3680
-4850
-5545
-6500
-6536
-6214
-7399
-8296
-7306
-6123
-5845
-5074
-3961
-3548
-2150
300
1497
1958
3313
4932
5685
6164
7049
7204
6592
7287
7893
6476
5568
5487
4373
3259
2723
1135
-749
-1034
-1037
-2126
-3054
-3368
-3445
-3113
-2517
-2213
-2201
-1458
-105
214
43
968
2024
2280
2298
2406
2496
2708
3180
2812
974
-807
-1389
-1373
-2060
-3626
-5049
-5891
-6337
-6050
-5962
-7226
-8054
-6892
-5628
-5208
-4442
-3719
-3128
-1356
751
1627
2288
3660
5040
5739
6268
6929
6832
6750
7497
7171
5928
5585
5245
4187
3282
2251
785
-299
-549
-915
-2195
-3140
-3043
-2801
-2579
-2256
-2284
-1872
-700
175
24
-11
1038
1971
2045
2185
2242
2086
2332
2727
2141
370
-1161
-1743
-1992
-2497
-3741
-5375
-6179
-6349
-6138
-6146
-6928
-7575
-6893
-5551
-4749
-4224
-3579
-2785
-1113
753
1832
2651
3677
4848
5841
6260
6723
6907
6500
6848
7005
6019
5381
4945
3929
3052
2319
906
-365
-549
-847
-1851
-2513
-2771
-2801
-2306
-1736
-1689
-1800
-865
474
450
147
956
1856
2102
2020
2030
1981
2130
2581
1862
-47
-1480
-1940
-2141
-2807
-4077
-5412
-6196
-6218
-5970
-6214
-6932
-7164
-6400
-5362
-4535
-3755
-3306
-2410
-582
822
1787
2838
3846
4809
5702
6168
6397
6545
6479
6673
6674
5816
5049
4597
3705
2904
2203
634
-581
-500
-837
-1857
-2405
-2514
-2488
-2217
-1633
-1395
-1391
-587
422
414
310
1056
1719
1934
1822
1551
1669
2051
1963
1250
-12
-1741
-2769
-2338
-2618
-4491
-5678
-5821
-6407
-6339
-5596
-6274
-7309
-6273
-4599
-4177
-3498
-2460
-1964
-764
1297
2535
2872
3744
5072
5643
5801
6277
6533
6489
6465
6070
5319
4799
4583
3776
2488
1299
230
47
2
-1168
-2206
-2355
-2131
-1753
-1665
-1801
-1609
-872
220
697
229
134
1193
2239
1966
1277
1188
1572
2041
1682
416
-886
-2004
-2505
-2524
-3519
-5118
-5605
-5514
-6174
-6320
-5818
-6196
-6412
-5410
-4446
-3923
-2853
-1814
-1264
-137
1748
2878
3305
4246
5277
5610
5893
6375
6474
6199
6041
5647
5066
4716
4015
2865
2068
1155
-45
-178
-350
-1689
-2234
-1936
-2136
-2058
-1503
-1420
-1336
-446
445
606
359
532
1270
1919
1767
1454
1261
1111
1350
1479
511
-1506
-3040
-2858
-2604
-3738
-5189
-6073
-6378
-6247
-5446
-5475
-6875
-6670
-4599
-3664
-3363
-2468
-1747
-801
1073
2581
2946
3501
4867
5690
5852
5998
6258
6183
6067
6290
5561
4449
4184
3627
2587
1835
591
-670
-575
-528
-1666
-2417
-2182
-2151
-1982
-1195
-1021
-1148
-236
980
1064
438
895
1966
2081
1760
1451
1039
1238
1589
986
-567
-2533
-3303
-2773
-3284
-4954
-6097
-6630
-6723
-6213
-5894
-6699
-7068
-5814
-4501
-4006
-3139
-1900
-1327
-166
2046
2965
3234
4592
5636
5816
6324
6688
6365
6240
6648
6258
4894
4447
4333
3145
2232
1622
-80
-1033
-316
-685
-2324
-2633
-2149
-1966
-1414
-867
-1194
-990
559
1688
1222
674
1398
2258
2456
2289
1693
1079
1342
1617
756
-984
-2913
-3669
-3131
-3603
-5392
-6660
-6892
-6833
-6438
-6167
-6833
-6996
-5615
-4171
-3541
-2769
-1774
-741
856
2562
3359
3856
5021
5996
6351
6323
6477
7033
6702
5787
5357
4928
4353
3651
2529
1423
359
-420
-568
-1093
-2236
-2679
-2374
-2233
-2055
-1623
-1363
-998
-71
742
1130
1103
1167
1846
2298
2239
2006
1396
1326
1580
915
-132
-1949
-3556
-3309
-3571
-5072
-6121
-6816
-7208
-7034
-6579
-6675
-7348
-6597
-4729
-4004
-3528
-2112
-989
-103
1825
3575
3850
4644
6098
6591
6826
6914
6883
7118
6919
6266
5153
4360
4385
3420
2108
1097
-564
-1085
-505
-1128
-2458
-3034
-2631
-2008
-1515
-1059
-1168
-791
550
1541
1683
1138
1563
2710
2577
2289
2228
1558
1442
1533
765
-1542
-3492
-3048
-3243
-5044
-6063
-6967
-7628
-7162
-6626
-7177
-8025
-6975
-5303
-4741
-3810
-2702
-1930
-379
1500
2849
3448
4602
6081
6322
6818
7459
7026
7111
7484
6759
5454
4799
4676
3557
2458
1767
-112
-1232
-788
-1219
-2397
-2988
-2977
-2696
-2202
-1416
-1194
-1095
-65
994
1471
1427
1657
2310
2434
2596
2463
1710
1814
1825
1002
-430
-2557
-3420
-2981
-3885
-5694
-6885
-7330
-7406
-6993
-6759
-7855
-8151
-6231
-4661
-4196
-3543
-2399
-1053
575
2649
3626
3938
5421
6744
7103
7318
7363
7553
7694
7271
6316
5264
4896
4527
3298
1898
372
-639
-661
-1028
-2205
-3221
-3317
-2886
-2414
-1924
-1792
-1620
-520
653
1235
1262
1261
2164
2759
2594
2591
2309
1856
1920
1634
474
-1561
-3136
-3156
-3556
-5250
-6415
-7095
-7802
-7794
-7214
-7581
-8283
-7444
-5851
-4991
-4212
-2961
-1793
-699
1251
3126
3742
4724
6355
6916
7115
7587
7789
7953
7739
6977
5971
5281
4976
4166
2665
1239
23
-729
-962
-1592
-2675
-3269
-3220
-2878
-2368
-1810
-1560
-1060
-59
881
1509
1544
1879
2578
2646
2824
3018
2492
2156
1972
1495
345
-1899
-3200
-3012
-3935
-5600
-6474
-7259
-7970
-7780
-7155
-7588
-8190
-7240
-5593
-4669
-3838
-2445
-1458
-475
1898
3922
4363
5065
6376
7194
7565
7901
8028
7606
7265
7024
6003
4935
4405
3573
2276
780
-542
-1178
-1379
-2016
-2996
-3623
-3691
-3085
-2286
-1898
-1789
-1322
-260
1167
1613
1183
1652
2521
2810
3127
2952
2037
1772
2063
1551
-606
-2916
-3239
-2881
-4078
-5894
-7250
-7856
-7528
-6882
-7415
-8637
-8185
-6147
-4714
-4376
-3872
-2691
-1018
1082
2847
3365
4137
5931
7112
7330
7358
7689
8310
8081
7148
6413
5777
5265
4566
3196
1390
148
-124
-434
-1776
-3263
-3576
-3202
-2957
-2753
-2715
-2653
-1521
-84
437
572
690
1444
2743
2977
2502
2501
2600
2789
2513
1706
596
-1307
-2560
-2472
-3621
-5346
-6058
-6828
-7803
-7752
-7382
-7889
-8199
-7361
-6178
-5381
-4213
-2863
-2051
-839
1490
3180
3800
5172
6382
6822
7603
8021
8103
8233
7828
7165
6448
5840
5234
4126
2821
1276
21
-254
-798
-2153
-3048
-3297
-3411
-3191
-2705
-2643
-2464
-1380
-440
193
699
829
1537
2336
2589
2695
2484
2467
2481
2016
1601
220
-2242
-2830
-2433
-3681
-5403
-6402
-7331
-7810
-6975
-6804
-8149
-8416
-6947
-5503
-4631
-3725
-2922
-2169
-175
2342
3395
3883
5125
6288
6956
7478
8019
8233
7878
7597
7060
6292
5930
5165
3834
2321
988
334
-113
-1116
-2298
-2977
-3323
-3257
-2781
-2779
-2750
-2012
-1343
-665
332
681
796
1440
2092
2394
2350
2371
2361
1954
1607
1167
-445
-2334
-2723
-2948
-4483
-5736
-6326
-7251
-7839
-7457
-7302
-7903
-7855
-6730
-5658
-4779
-3425
-2482
-1816
-2
2281
3551
4249
5254
6120
6784
7460
8164
8257
7462
7050
7075
6406
5631
4970
3552
1983
1006
477
-165
-1338
-2303
-2759
-3104
-2907
-2473
-2520
-2366
-1660
-1036
-348
484
649
805
1613
2239
2349
2278
2142
2192
2021
1720
849
-1338
-2526
-2128
-3043
-4732
-5631
-6458
-7126
-7023
-6716
-7405
-8104
-7039
-5646
-5256
-4464
-3133
-2311
-1070
1101
2506
3277
4691
5697
6181
6846
7494
8214
7963
7061
7045
6738
5973
5559
4437
2858
1848
1063
401
-640
-1732
-2290
-2650
-2686
-2827
-2944
-2503
-1905
-1410
-979
-349
229
316
991
1732
1595
1669
2050
1969
1814
1617
1247
-326
-2109
-2511
-2812
-3851
-4919
-5951
-6966
-7265
-6690
-6747
-7758
-7722
-6817
-5622
-4490
-3772
-3180
-2156
-301
1770
2704
3542
4820
5540
6359
7084
7462
7864
7669
7026
6768
6421
5969
5433
4263
2556
1391
1078
498
-504
-1516
-2434
-2618
-2289
-2140
-2290
-2314
-1807
-1083
-261
429
471
343
1026
1881
2076
1882
1689
1540
1545
1647
1006
-1037
-2745
-2589
-2650
-4163
-5412
-6185
-6929
-6879
-6491
-6952
-7843
-7297
-5764
-5024
-4626
-3460
-2227
-1281
293
1980
2790
3898
5345
5788
6080
6655
7418
7949
7273
6465
6304
5905
5631
5085
3652
2065
1107
1009
410
-1083
-1714
-1928
-2377
-2221
-2075
-2189
-1971
-1244
-760
-574
173
575
503
992
1518
1508
1467
1507
1371
942
985
654
-1617
-3195
-2894
-3199
-4461
-5536
-6487
-7099
-6889
-6127
-6588
-7636
-7167
-5447
-4227
-3689
-3051
-2234
-1057
984
2694
3197
3931
4922
5890
6426
6582
7434
7465
6676
6607
6123
5523
5563
4787
3181
1893
1249
1080
393
-841
-1605
-1983
-1935
-1586
-1629
-1949
-1515
-640
-287
142
513
429
706
1399
1785
1542
1275
1320
1334
1033
720
-339
-2402
-3433
-3024
-3512
-5005
-5961
-6444
-7094
-6856
-6162
-6742
-7492
-6480
-4938
-4344
-3552
-2493
-1701
-515
1467
2869
3410
4326
5293
5717
6106
6994
7458
6732
6317
6377
5604
5247
5204
3819
2319
1611
981
413
-276
-1107
-1779
-2175
-1950
-1649
-1666
-1633
-1212
-569
-51
520
792
477
897
1754
1662
1383
1310
1058
948
992
487
-1420
-3365
-3473
-3124
-3959
-5476
-6458
-6848
-7070
-6238
-5857
-7180
-7231
-5371
-4120
-3681
-2919
-1794
-864
640
2602
3364
3972
5192
5790
5982
6646
7470
7296
6414
6213
5906
5369
5314
4417
2793
1736
1308
950
31
-816
-1452
-2063
-1793
-1485
-1756
-1712
-1260
-593
-18
271
625
603
837
1783
1819
1396
1353
1162
988
937
703
-550
-2538
-3505
-3476
-4035
-5058
-5922
-6811
-7375
-6843
-6330
-6846
-6974
-6270
-5292
-4118
-3102
-2247
-1426
-185
1663
2905
3729
4842
5361
5652
6269
6948
7273
6768
6214
5855
5282
5180
4815
3423
2155
1420
786
152
-499
-1259
-1739
-1856
-1926
-1722
-1455
-1338
-834
-254
179
858
1062
872
1133
1728
2053
1870
1264
806
999
1031
245
-1525
-3548
-4009
-3461
-4151
-5693
-6812
-7355
-7129
-6428
-6417
-7196
-7080
-5655
-4328
-3559
-2670
-1710
-649
937
2705
3645
4354
5448
6003
6235
6855
7509
7400
6689
6238
5798
5130
4938
4273
2797
1694
1037
261
-499
-1091
-1579
-1893
-2030
-2131
-1894
-1392
-1008
-480
-42
219
853
1273
1331
1651
1737
1747
1932
1699
1292
882
404
-118
-1920
-3847
-3872
-3926
-5179
-6233
-6883
-7408
-7294
-6570
-6649
-7516
-6939
-4885
-3743
-3537
-2583
-1207
69
1812
3261
3740
4636
5891
6492
6508
6747
7498
7239
6251
6132
5595
4686
4550
3717
2101
1183
748
-10
-990
-1606
-1770
-1991
-2128
-1967
-1874
-1555
-658
28
162
541
1243
1435
1609
2130
2206
1753
1774
1784
1330
850
495
-535
-2635
-4068
-3798
-4133
-5609
-6728
-7309
-7655
-7429
-6687
-6909
-7719
-6782
-4694
-3737
-3223
-2315
-1082
501
2183
3621
4167
4847
5949
6550
6988
7342
7320
6922
6467
6127
5293
4582
4272
3014
1673
1113
280
-734
-1431
-1718
-1979
-2463
-2326
-2186
-2104
-1269
-625
-235
231
833
1598
1491
1448
2319
2482
2158
1949
1498
1200
1181
821
-948
-3412
-3776
-3233
-4110
-5578
-6764
-7596
-7480
-6306
-6089
-7668
-7606
-5506
-4177
-3532
-2717
-1921
-856
1254
3378
3645
3978
5788
6552
6518
7140
7535
7339
6862
6692
5995
4789
4797
4373
2539
1333
838
28
-976
-1473
-1791
-2634
-2827
-2303
-2207
-2055
-1529
-1035
-516
295
1416
1373
854
1598
2492
2594
2169
1591
1249
1314
1369
647
-1329
-3535
-4142
-3438
-4152
-6032
-7033
-7513
-7571
-6752
-6363
-7150
-7626
-6137
-3908
-3363
-2990
-1812
-481
1146
2851
3870
4390
5286
6381
6868
6918
7314
7500
7003
6404
5815
4992
4562
4071
2566
1156
624
-63
-1002
-1786
-2253
-2417
-2647
-2566
-2329
-2247
-1613
-663
-327
-45
728
1405
1417
1713
2403
2186
1867
2177
1786
1220
1116
542
-1210
-3183
-3556
-3499
-4627
-5699
-6598
-7522
-7473
-6604
-6349
-7332
-7316
-5585
-4244
-3391
-2416
-1660
-404
1461
3211
4122
4617
5679
6559
6947
7208
7573
7800
6971
6226
6117
5253
4546
4058
2537
1111
469
83
-755
-1936
-2504
-2729
-2745
-2582
-2600
-2343
-1865
-1188
-270
144
620
1285
1342
1631
2275
2517
2243
1810
1531
1472
1306
764
-718
-2749
-4048
-3769
-3843
-5521
-6929
-7371
-7525
-7069
-6530
-7066
-7406
-6181
-4474
-3673
-2964
-1838
-428
1051
2530
3649
4596
5511
6348
6867
6916
7239
7785
7325
6282
5890
5427
4734
4075
2748
1190
438
55
-704
-1835
-2530
-2635
-2635
-2653
-2531
-2448
-2159
-1105
-164
47
477
1258
1497
1821
2506
2637
2280
2172
2093
1840
1387
949
-118
-2323
-3665
-3485
-3923
-5239
-6128
-7040
-7753
-7252
-6290
-6695
-7370
-6488
-4931
-3885
-2735
-1637
-951
284
2295
3797
4345
5086
6010
6600
6866
7237
7536
6979
6178
5945
5367
4520
3863
2590
1191
369
-166
-908
-1993
-2719
-2891
-2869
-2800
-2899
-2853
-2378
-1431
-484
-114
228
912
1505
1864
2359
2685
2392
2080
2220
2112
1688
1201
283
-1605
-3295
-3337
-3241
-4672
-5981
-6593
-7173
-7021
-6173
-6150
-7114
-6782
-4790
-3515
-2938
-1853
-933
177
2101
3826
4339
4793
5983
6825
6967
7084
7430
7395
6577
6101
5734
4691
3990
3250
1729
589
-55
-815
-1625
-2478
-2866
-3020
-3101
-3061
-3001
-2571
-1865
-1157
-496
26
712
1471
1746
1995
2380
2391
2336
2374
2021
1753
1448
675
-778
-2498
-3370
-3345
-4065
-5421
-6313
-6924
-7124
-6517
-6172
-6873
-6944
-5435
-3984
-3240
-2277
-1301
-211
1410
3143
3949
4409
5528
6527
6699
6631
7067
7388
6616
5898
5689
4698
3824
3459
2052
424
-226
-638
-1448
-2526
-2939
-3039
-3276
-3123
-2922
-2831
-2236
-1209
-521
-295
407
1321
1460
1810
2526
2493
2164
2270
2316
1959
1584
1051
-521
-2485
-3150
-2850
-3547
-5280
-6183
-6443
-6869
-6449
-5840
-6647
-7008
-5395
-3745
-3275
-2710
-1282
-53
1079
2759
3842
4276
5322
6523
6692
6275
6815
7654
6956
5893
5582
5016
4031
3406
2538
865
-267
-409
-1081
-2344
-2912
-2865
-2884
-3124
-3136
-2758
-2241
-1339
-554
-343
138
1138
1734
1837
2193
2344
2155
2358
2305
1930
1717
1107
-147
-1898
-2929
-2752
-3431
-4883
-5788
-6536
-6704
-6189
-5889
-6526
-6967
-5684
-4051
-3381
-2651
-1716
-618
933
2494
3534
4126
5083
6150
6559
6545
6510
7010
7109
6128
5539
4957
4065
3516
2626
1182
4
-612
-965
-1962
-2930
-3047
-3048
-3116
-3055
-2798
-2281
-1658
-749
-40
274
966
1625
1974
2224
2421
2583
2388
2161
2137
1831
1247
390
-1307
-2943
-3173
-2877
-4124
-5862
-6416
-6534
-6479
-5796
-5913
-6904
-6528
-4430
-2977
-2803
-2157
-1010
306
1955
3354
3910
4368
5318
6166
6398
6459
6652
6401
5877
5573
4989
4028
3300
2435
1173
341
-240
-1355
-2312
-2617
-2713
-3009
-3265
-3142
-2922
-2402
-1431
-803
-534
91
1026
1570
1725
2105
2430
2422
2503
2458
2018
1773
1582
921
-992
-2865
-2829
-2614
-3823
-5207
-6180
-6590
-6344
-5546
-5589
-6761
-6453
-4442
-3103
-2624
-2053
-1110
287
1845
3360
4013
4391
5494
6370
6494
6457
6974
7093
6117
5689
5318
4191
3585
2965
1613
277
-426
-876
-1942
-2770
-2735
-3020
-3296
-3051
-2901
-2662
-1876
-808
-298
-112
791
1503
1735
2212
2313
2196
2358
2469
2252
1816
1391
723
-806
-2301
-2796
-3062
-3945
-4958
-5917
-6571
-6442
-5836
-5834
-6383
-6203
-4948
-3600
-2711
-1976
-1325
-143
1664
2954
3701
4506
5146
5748
6242
6380
6658
6617
5995
5578
5069
4274
3561
2654
1470
441
-376
-1038
-1822
-2627
-2891
-2949
-3240
-3230
-2849
-2484
-1877
-1017
-355
92
741
1368
1695
1972
2380
2450
2333
2289
2114
1860
1532
799
-766
-2373
-2880
-2763
-3713
-5043
-5728
-6278
-6524
-5800
-5571
-6417
-6398
-4906
-3520
-2767
-2018
-1182
-104
1444
3070
3918
4304
5007
6017
6462
6502
6720
6630
6077
5643
5267
4485
3431
2639
1819
603
-248
-996
-2004
-2530
-2544
-2764
-3179
-3299
-2868
-2331
-1652
-878
-598
-144
937
1626
1431
1815
2516
2344
2236
2394
1969
1815
1852
963
-1019
-2764
-2583
-2419
-3813
-4965
-5786
-6616
-6273
-5511
-5623
-6606
-6414
-4663
-3340
-2790
-2103
-1230
-164
1556
3204
3699
4053
5129
5946
6321
6463
6468
6470
6114
5692
5160
4105
3485
2908
1664
571
-292
-1146
-1994
-2485
-2582
-2871
-3203
-3101
-2812
-2395
-1606
-745
-331
-11
890
1541
1653
2108
2463
2331
2350
2409
2204
1752
1517
1038
-944
-2691
-2742
-2867
-3729
-4765
-6032
-6758
-6360
-5501
-5591
-6475
-6323
-4887
-3415
-2572
-2013
-1377
-177
1721
3219
3644
4193
5130
5885
6275
6264
6491
6531
5968
5483
4823
3966
3413
2685
1574
290
-666
-1132
-1827
-2409
-2713
-3173
-3231
-2954
-2722
-2335
-1770
-1041
-435
192
871
1135
1538
2178
2429
2392
2258
2197
2125
1831
1580
774
-1069
-2603
-2648
-2493
-3623
-5096
-5818
-6275
-6173
-5339
-5426
-6509
-6330
-4353
-3039
-2866
-2166
-1062
5
1711
3154
3634
4069
5142
6064
6076
6075
6628
6558
5751
5339
4938
4197
3537
2719
1569
482
-327
-1029
-1672
-2141
-2583
-2968
-3044
-2812
-2559
-2247
-1642
-946
-471
227
1081
1265
1258
1834
2467
2355
2095
2034
1864
1660
1575
835
-1124
-2820
-2705
-2545
-3634
-4992
-5970
-6179
-5792
-5476
-5625
-6235
-6061
-4439
-3063
-2619
-2182
-1174
302
1742
2757
3566
4279
5092
5775
6112
6239
6389
6367
5851
5353
4825
4250
3671
2514
1347
643
-297
-1073
-1686
-2324
-2580
-2799
-3050
-2910
-2681
-2216
-1529
-906
-428
53
902
1282
1273
1915
2400
2195
2068
2078
1868
1738
1602
725
-1280
-2751
-2600
-2620
-3792
-4921
-5795
-6321
-5987
-5393
-5715
-6347
-5876
-4508
-3313
-2684
-2090
-1165
100
1586
2888
3498
4075
5021
5734
5968
6147
6451
6295
5669
5323
4878
4147
3552
2627
1469
572
-149
-933
-1708
-2347
-2550
-2634
-2842
-2916
-2625
-2156
-1498
-792
-441
-32
782
1366
1475
1769
2211
2217
2009
2187
2149
1627
1178
720
-785
-2536
-2692
-2454
-3698
-4999
-5483
-5949
-6126
-5492
-5273
-6086
-6007
-4410
-3186
-2719
-2082
-1245
-59
1472
2798
3459
3841
4744
5670
5944
6078
6322
6201
5658
5216
4906
4246
3453
2554
1469
588
-51
-820
-1787
-2380
-2558
-2722
-2775
-2774
-2747
-2289
-1494
-777
-332
-43
695
1345
1467
1944
2468
2202
2150
2453
2260
1878
1730
1117
-798
-2469
-2237
-2138
-3496
-4636
-5437
-5992
-5685
-5015
-5339
-6329
-5900
-4167
-3248
-2801
-2108
-1352
-138
1494
2683
3106
3865
4792
5152
5520
6076
6193
5990
5482
4977
4622
4165
3560
2405
1103
440
-23
-764
-1797
-2531
-2733
-2798
-2734
-2799
-2916
-2397
-1579
-920
-411
-149
406
1067
1371
1733
2057
2014
2048
2102
1927
1625
1505
990
-983
-2594
-2361
-2355
-3524
-4555
-5424
-5981
-5621
-4819
-5232
-6412
-5799
-3810
-2965
-2805
-2130
-1312
-162
1744
2933
2913
3483
4824
5567
5635
5738
6099
5979
5446
5326
4851
3966
3478
2731
1543
613
-12
-592
-1444
-2133
-2373
-2476
-2475
-2455
-2409
-2090
-1463
-822
-290
236
731
989
1191
1664
2162
2122
1923
1854
1677
1588
1550
1040
-899
-2671
-2510
-2143
-3156
-4451
-5382
-5937
-5841
-4865
-4690
-6097
-6211
-4175
-2873
-2716
-2162
-1211
-311
1162
2923
3306
3338
4503
5631
5684
5579
6124
6109
5266
5099
4908
3889
3251
2786
1642
430
-65
-368
-1345
-2113
-2277
-2725
-2843
-2397
-2231
-2289
-1827
-1024
-427
20
644
765
745
1543
2371
2121
1631
1626
1709
1773
1722
851
-1124
-2512
-2206
-1950
-3210
-4534
-5262
-5548
-5267
-4880
-5162
-5876
-5620
-4104
-3049
-2780
-2169
-1269
-140
1178
2239
2887
3674
4507
4976
5271
5553
5843
5947
5415
4780
4435
4104
3614
2640
1518
632
-77
-471
-1082
-2097
-2486
-2397
-2369
-2433
-2445
-2098
-1519
-891
-187
44
234
898
1336
1607
1874
1789
1699
1887
2013
1869
1346
558
-798
-1976
-2068
-2249
-3387
-4492
-4996
-5257
-5347
-5021
-5112
-5811
-5492
-4079
-3090
-2827
-2328
-1214
-152
1033
2403
2952
3398
4325
5131
5471
5287
5568
5991
5412
4847
4577
3963
3276
2681
1889
681
-249
-332
-822
-1819
-2309
-2376
-2254
-2248
-2185
-1912
-1653
-991
-171
175
444
741
1145
1626
1927
1836
1666
1766
1780
1513
1364
739
-921
-2173
-2243
-2355
-3341
-4193
-4899
-5608
-5484
-4637
-4728
-5646
-5493
-4005
-2910
-2471
-1878
-1228
-308
1196
2508
2829
3287
4236
5073
5297
5246
5518
5692
5239
4755
4370
3819
3288
2629
1646
480
-138
-263
-982
-2067
-2393
-2286
-2157
-2177
-2233
-2116
-1548
-632
-30
5
207
948
1405
1460
1603
1676
1555
1745
1731
1372
1159
834
-637
-2469
-2855
-2335
-2767
-4087
-5302
-5823
-5407
-4600
-4521
-5644
-5990
-4457
-2745
-2247
-2161
-1753
-411
1306
2447
2848
3194
4099
5137
5499
5265
5357
5780
5520
4752
4317
3895
3388
2872
1952
625
-104
-164
-708
-1676
-2170
-2235
-2108
-2053
-2036
-1874
-1586
-805
17
85
277
917
1295
1573
1762
1712
1634
1643
1660
1690
1346
563
-783
-2291
-2379
-1940
-2990
-4472
-5250
-5562
-5168
-4510
-4737
-5884
-5949
-4113
-2601
-2522
-2253
-1522
-583
1090
2518
2751
2904
4000
5045
5252
5123
5452
5739
5271
4764
4491
3889
3401
2929
1787
618
14
-211
-553
-1573
-2391
-2331
-2131
-1946
-1820
-1974
-1681
-778
-11
305
400
669
1160
1709
1968
1727
1497
1567
1672
1803
1375
546
-619
-2017
-2379
-2133
-2972
-4418
-5113
-5093
-5156
-5012
-4826
-5396
-5633
-4397
-2995
-2502
-2513
-1684
-198
724
1652
2694
3295
3798
4591
5195
5039
5013
5709
5484
4426
4081
4002
3444
2644
1923
1016
-125
-459
-385
-1188
-2037
-2387
-2285
-1951
-1745
-1655
-1590
-1206
-340
489
869
898
895
1285
1903
2116
1786
1488
1513
1505
1409
947
-576
-2260
-2655
-2237
-2641
-4140
-5166
-5404
-5390
-4892
-4482
-5182
-5874
-4719
-2743
-2211
-2418
-1614
-330
758
2007
2952
3086
3550
4745
5365
4924
4968
5609
5406
4525
4227
4018
3292
2751
2070
834
33
-92
-514
-1383
-1949
-2111
-2083
-1913
-1813
-1850
-1576
-787
-168
167
614
1062
1194
1250
1688
1976
1748
1666
1648
1338
1128
1098
-140
-2196
-2694
-2043
-2663
-4130
-4773
-5057
-5391
-4961
-4193
-5015
-5876
-4447
-2740
-2694
-2432
-1415
-510
426
1789
2602
2879
3675
4638
4889
4598
4995
5587
5212
4472
4252
3833
3275
2797
2014
868
8
-116
-351
-1376
-2005
-2050
-2101
-1966
-1787
-1793
-1653
-1046
-329
148
426
792
959
1023
1571
2057
1691
1328
1272
1275
1398
1108
-517
-2372
-2750
-1958
-2232
-3945
-5110
-5364
-5198
-4569
-4167
-5151
-5868
-4507
-2591
-2215
-2373
-1623
-418
544
1822
2837
3017
3526
4603
5073
4817
5128
5669
5337
4571
4291
3977
3526
3101
2243
924
65
62
-197
-1148
-1796
-2050
-2161
-1894
-1622
-1778
-1762
-1020
-277
80
516
988
911
829
1480
1956
1577
1372
1389
987
918
1107
-281
-2430
-2768
-1924
-2520
-4141
-4879
-5173
-5389
-4701
-4176
-5187
-5821
-4402
-2729
-2450
-2365
-1576
-471
571
1843
2716
3060
3741
4534
4777
5008
5437
5501
5114
4612
4290
4052
3650
2847
1804
902
459
202
-445
-1404
-1897
-1927
-1936
-1807
-1723
-1909
-1673
-795
-79
160
494
934
885
963
1691
1982
1606
1406
1393
1244
1144
1021
-568
-2605
-2587
-1986
-2814
-4034
-4969
-5523
-5249
-4479
-4494
-5511
-5550
-4160
-3036
-2552
-2076
-1423
-409
848
2025
2570
3151
4081
4479
4674
5142
5445
5361
5032
4637
4190
3728
3501
2753
1637
927
352
-158
-815
-1476
-1784
-2041
-2160
-1954
-1843
-1772
-1438
-842
-321
65
675
938
713
1003
1655
1875
1636
1209
1143
1221
1310
798
-1402
-2961
-2328
-1960
-3068
-4284
-5215
-5582
-5057
-4078
-4489
-5833
-5435
-3555
-2464
-2401
-2069
-1128
-155
1177
2494
2746
3185
4226
4788
4892
5148
5495
5396
4944
4650
4153
3807
3597
2514
1330
852
439
-143
-796
-1389
-1777
-1925
-1708
-1793
-2086
-1639
-974
-608
-246
306
821
964
887
1168
1616
1735
1646
1334
1026
993
1280
488
-1739
-2867
-2233
-2251
-3472
-4486
-5227
-5587
-4959
-4188
-4849
-5804
-4893
-3262
-2648
-2371
-1654
-739
202
1553
2599
2878
3605
4558
4844
4986
5345
5531
5249
4813
4492
3992
3603
3302
2263
1127
593
253
-231
-1032
-1845
-2310
-2127
-1622
-1772
-2217
-1984
-1326
-494
140
282
367
560
885
1362
1602
1451
1215
1106
993
914
979
-46
-2192
-3011
-2352
-2472
-3695
-4818
-5444
-5603
-4822
-4103
-5035
-5941
-4639
-2842
-2413
-2351
-1504
-531
447
1945
2814
2940
3772
4877
5067
5027
5426
5726
5334
4923
4671
4067
3572
3297
2397
1060
314
168
-259
-871
-1459
-2224
-2307
-1759
-1535
-1681
-1698
-1314
-601
234
789
824
615
746
1424
1942
1714
1280
1044
882
1017
790
-680
-2329
-2650
-2459
-3030
-4004
-4954
-5560
-5332
-4677
-4694
-5405
-5420
-4103
-2988
-2511
-1975
-1296
-302
995
2152
2712
3236
4123
4714
4920
5384
5590
5353
5125
4809
4368
3878
3570
2938
1680
795
510
57
-581
-1073
-1712
-2280
-2049
-1371
-1478
-1833
-1440
-841
-248
552
974
705
534
1063
1800
1841
1381
1136
1047
955
988
410
-1549
-2934
-2546
-2449
-3508
-4508
-5312
-5682
-5162
-4457
-4806
-5754
-5104
-3240
-2576
-2497
-1768
-878
207
1616
2551
2683
3341
4623
5069
4927
5199
5485
5314
4982
4613
4048
3444
3279
2622
1298
476
165
-236
-796
-1383
-1881
-2331
-2145
-1455
-1584
-1878
-1331
-706
-214
527
941
741
545
1152
1872
1708
1196
1056
977
837
812
-245
-2206
-2798
-2259
-2762
-3976
-4878
-5348
-5331
-4862
-4639
-5118
-5457
-4410
-2983
-2493
-2193
-1353
-289
735
1784
2602
3231
3905
4597
4914
5186
5429
5442
5193
4761
4329
3940
3613
2985
2010
1169
652
150
-230
-940
-1774
-1922
-1875
-1822
-1592
-1707
-1681
-960
-286
102
502
972
1155
1053
1229
1675
1580
1285
1252
957
649
653
-406
-2136
-2595
-2555
-3103
-3869
-4762
-5410
-5377
-4766
-4454
-5059
-5205
-3979
-2956
-2454
-1778
-1156
-243
990
2017
2767
3333
3928
4627
4936
5101
5397
5350
4944
4653
4182
3671
3402
2780
1779
985
418
-26
-426
-1050
-1603
-2162
-2377
-1702
-1331
-1732
-1576
-969
-521
185
907
1003
625
633
1464
1956
1459
1132
938
623
720
735
-823
-2620
-2807
-2493
-3175
-4210
-4984
-5409
-5367
-4839
-4577
-5158
-5064
-3722
-2885
-2704
-1973
-962
106
1074
1873
2427
3254
4253
4708
4681
4927
5266
5313
5085
4594
4002
3524
3388
2681
1555
985
489
-217
-596
-1066
-1771
-2138
-1850
-1576
-1855
-1825
-1330
-828
-231
399
677
757
985
1282
1392
1680
1748
1295
1077
1073
940
583
-964
-2579
-2680
-2310
-2956
-4173
-5037
-5489
-5293
-4320
-4339
-5452
-5212
-3540
-2589
-2469
-1789
-910
-155
1153
2425
2594
3126
4241
4793
4744
5017
5465
5214
4852
4796
4258
3525
3377
2833
1737
942
560
-1
-509
-950
-1670
-2020
-1739
-1606
-1593
-1672
-1359
-655
-198
332
750
780
961
1089
1237
1789
1514
971
988
982
861
286
-1342
-2625
-2545
-2397
-3166
-4338
-5117
-5418
-4945
-4268
-4582
-5338
-4900
-3322
-2481
-2362
-1599
-669
139
1307
2263
2769
3283
4072
4685
4668
4817
5159
4919
4593
4306
3762
3335
2928
2237
1329
646
175
-495
-898
-1149
-1917
-2316
-2004
-1720
-1789
-1774
-1270
-859
-514
396
889
686
886
1157
1333
1623
1587
1182
960
900
888
345
-1302
-2459
-2227
-2454
-3294
-4003
-4920
-5310
-4724
-4254
-4571
-5159
-4712
-3180
-2443
-2280
-1631
-732
262
1431
2247
2649
3354
4202
4669
4746
4883
5183
5208
4816
4351
3962
3552
3054
2417
1668
837
138
-79
-460
-1276
-1841
-1958
-1718
-1602
-1739
-1740
-1375
-765
-71
385
517
722
1143
1204
1226
1523
1394
1197
1286
963
523
-166
-1389
-2105
-2370
-2821
-3387
-4164
-4931
-5100
-4754
-4408
-4711
-4943
-4267
-3130
-2539
-2161
-1363
-541
425
1627
2353
2763
3558
4321
4700
4777
5008
5235
5038
4706
4335
3923
3578
3036
2266
1435
607
234
-111
-643
-1326
-2079
-2208
-1626
-1427
-1792
-1966
-1443
-696
-268
285
496
340
820
1414
1244
965
1034
1156
1014
685
435
-221
-1555
-2306
-2300
-2791
-3622
-3978
-4593
-5204
-4906
-4330
-4447
-4844
-4378
-3216
-2533
-2088
-1215
-504
264
1378
2276
2794
3363
4046
4500
4616
4856
5076
4868
4549
4124
3720
3484
2985
2067
1368
792
174
-244
-564
-1287
-2002
-2021
-1494
-1328
-1732
-1804
-1263
-579
40
557
619
655
1078
1454
1452
1438
1312
1187
1191
932
680
41
-1491
-2488
-2301
-2529
-3454
-4172
-4829
-5301
-4892
-4154
-4495
-5173
-4588
-3103
-2354
-2089
-1398
-463
383
1562
2503
2833
3393
4112
4638
4807
4891
4975
4890
4597
4243
3774
3357
2718
1951
1435
790
-14
-412
-715
-1285
-1824
-1932
-1579
-1431
-1591
-1580
-1048
-386
133
659
875
800
1180
1397
1359
1437
1251
1145
1137
810
434
-568
-2008
-2336
-2269
-2982
-3820
-4367
-4879
-5095
-4650
-4317
-4755
-4835
-3790
-2729
-2439
-1933
-909
-127
719
1882
2504
2923
3668
4347
4646
4664
4849
4934
4542
4280
4029
3460
2985
2316
1602
1083
324
-287
-548
-1058
-1570
-1943
-2107
-1768
-1442
-1508
-1522
-1168
-472
264
822
963
854
862
1207
1704
1599
1034
947
909
702
443
-965
-2445
-2471
-2279
-3054
-3949
-4590
-5045
-5003
-4312
-4275
-4919
-4663
-3285
-2395
-2156
-1588
-624
164
1188
2372
2684
3083
3918
4640
4823
4814
4867
4775
4470
4283
3886
3294
2765
2012
1429
887
137
-343
-655
-1313
-1864
-1933
-1612
-1441
-1526
-1678
-1505
-752
111
523
488
614
1175
1510
1411
1429
1195
957
1203
1086
432
-423
-1476
-2102
-2401
-2878
-3430
-4199
-4758
-4877
-4799
-4521
-4453
-4520
-4057
-3215
-2444
-1832
-1096
-69
740
1506
2368
3168
3662
4081
4667
4860
4776
4957
4906
4402
4022
3714
3365
2633
1900
1483
792
122
-205
-764
-1343
-1649
-1626
-1489
-1533
-1464
-1322
-1102
-454
141
456
680
931
1115
1057
1147
1325
1067
818
770
426
129
-695
-2092
-2812
-2737
-3003
-3780
-4586
-5106
-5202
-4643
-4199
-4602
-4842
-3918
-2635
-2086
-1697
-824
-72
835
2080
2682
2947
3561
4328
4754
4720
4734
4724
4363
4107
3900
3372
2681
2086
1643
1096
378
-144
-555
-973
-1345
-1590
-1598
-1605
-1399
-1125
-1125
-892
-224
354
731
881
1104
1174
1039
1300
1430
976
784
783
504
62
-1044
-2403
-2764
-2595
-3093
-3901
-4668
-5202
-5006
-4304
-4052
-4479
-4600
-3434
-2143
-1761
-1284
-492
226
1264
2403
2880
3183
3758
4416
4736
4643
4679
4670
4279
3921
3640
3188
2585
1943
1341
809
214
-267
-537
-965
-1349
-1542
-1668
-1413
-1062
-1065
-869
-511
-108
580
1066
1130
1210
1202
1118
1310
1383
1023
708
396
140
-28
-1092
-2602
-3040
-2858
-3201
-4004
-4706
-5027
-5064
-4457
-3822
-4205
-4543
-3402
-1981
-1464
-1124
-298
567
1413
2493
3230
3396
3676
4438
4852
4654
4593
4558
4065
3702
3536
3061
2340
1598
1176
710
-12
-440
-775
-1269
-1489
-1615
-1689
-1455
-1326
-1286
-839
-400
-153
272
748
1068
1366
1312
927
849
1153
1236
774
129
-151
-288
-1277
-2517
-2940
-3041
-3516
-4022
-4547
-5075
-5077
-4338
-3851
-4217
-4286
-3041
-1739
-1395
-977
-76
718
1561
2710
3193
3154
3682
4647
4866
4440
4383
4452
4060
3695
3489
2860
2072
1587
1346
726
-176
-611
-684
-1047
-1367
-1526
-1641
-1396
-988
-927
-858
-485
-21
527
1028
1175
1235
1242
1122
1191
1242
998
598
253
101
-149
-1441
-2716
-2838
-2919
-3538
-3969
-4602
-5191
-4810
-3981
-3860
-4260
-4001
-2821
-1826
-1332
-807
-117
815
1878
2685
2913
3198
3939
4654
4719
4417
4246
4231
4107
3842
3391
2610
2008
1633
1296
661
-218
-600
-759
-1074
-1282
-1514
-1680
-1390
-1012
-892
-601
-223
18
409
908
1300
1567
1448
951
855
1111
1106
796
169
-390
-673
-1529
-2588
-2965
-3348
-3945
-4156
-4491
-4995
-4937
-4290
-3952
-4064
-3801
-2920
-1975
-1298
-630
-29
642
1727
2740
3063
3240
3803
4442
4728
4572
4283
4030
3850
3682
3235
2675
2005
1413
1162
617
-258
-660
-799
-1098
-1326
-1517
-1649
-1299
-835
-774
-713
-339
89
603
1009
1197
1415
1286
980
1090
1203
958
658
238
-159
-587
-1604
-2545
-2709
-3063
-3710
-4013
-4384
-4815
-4627
-4021
-3806
-4000
-3628
-2451
-1620
-1298
-596
240
863
1796
2782
3039
3069
3764
4538
4495
4148
4126
3902
3477
3393
3195
2419
1607
1269
1098
420
-459
-652
-757
-1231
-1331
-1361
-1656
-1322
-798
-745
-631
-290
138
666
988
1171
1480
1463
1115
971
1014
961
783
368
-241
-774
-1701
-2469
-2532
-3075
-3776
-3955
-4290
-4606
-4395
-3998
-3695
-3701
-3399
-2442
-1581
-1012
-400
294
1017
1805
2659
3006
3248
3911
4368
4360
4151
4084
4033
3610
3230
2966
2337
1833
1436
867
191
-408
-630
-879
-1280
-1349
-1563
-1638
-1243
-993
-887
-635
-323
41
557
960
1158
1212
1113
877
981
1056
745
388
-68
-328
-669
-1876
-2856
-2898
-3107
-3618
-4020
-4322
-4694
-4496
-3640
-3404
-3780
-3319
-2082
-1273
-928
-302
522
1120
2015
2825
2992
3225
3905
4399
4346
4051
4004
3802
3474
3279
2836
2235
1640
1276
942
154
-449
-527
-953
-1316
-1242
-1282
-1281
-1101
-909
-742
-419
74
431
629
861
1236
1475
1146
771
848
856
689
451
-28
-503
-1353
-2327
-2576
-2735
-3305
-3741
-4049
-4499
-4573
-3973
-3526
-3740
-3692
-2804
-1842
-1254
-629
56
556
1282
2338
2873
3043
3482
4029
4267
4118
4029
4003
3551
3160
3042
2590
2000
1493
1011
548
-51
-465
-658
-1006
-1251
-1231
-1207
-1167
-1023
-802
-462
3
210
376
818
1187
1455
1403
814
649
942
882
601
33
-492
-899
-1851
-2526
-2607
-3164
-3716
-3881
-4353
-4691
-4306
-3752
-3687
-3738
-3202
-2276
-1540
-946
-304
249
977
2075
2748
2973
3425
3914
4212
4312
4179
4063
3770
3346
3232
2829
2167
1677
1208
709
226
-231
-667
-1020
-1111
-1155
-1225
-1132
-990
-867
-620
-171
259
403
594
981
1254
1325
1003
608
670
713
640
323
-442
-986
-1593
-2423
-2745
-2871
-3460
-3950
-4120
-4413
-4509
-3956
-3521
-3693
-3435
-2375
-1562
-1211
-561
264
723
1506
2588
2887
3025
3666
4142
4122
3953
4000
3871
3385
3086
2807
2315
1863
1390
842
303
-161
-425
-754
-1045
-1205
-1263
-1021
-851
-873
-653
-283
160
547
698
882
1217
1468
1226
712
622
860
797
454
-142
-839
-1526
-2019
-2335
-2874
-3506
-3763
-3911
-4213
-4344
-4048
-3692
-3627
-3294
-2471
-1730
-1299
-737
104
782
1423
2304
2805
2906
3433
3923
4029
4010
3961
3790
3436
3082
2828
2484
1992
1416
862
484
71
-295
-564
-808
-1071
-1314
-1080
-717
-765
-628
-334
-182
237
684
865
962
1056
942
666
552
631
426
72
-279
-815
-1465
-2221
-2649
-2913
-3363
-3625
-3839
-4336
-4514
-4163
-3638
-3481
-3462
-2795
-1853
-1205
-679
-52
579
1232
2162
2843
2936
3250
3823
4045
4021
3973
3809
3449
3104
2914
2533
2045
1679
1162
706
363
-57
-301
-515
-646
-680
-770
-671
-451
-322
-127
107
364
619
796
1002
1165
980
606
542
545
347
182
-211
-881
-1384
-2102
-2805
-2966
-3240
-3686
-3967
-4243
-4368
-4214
-3814
-3508
-3477
-3026
-2028
-1269
-817
-330
347
1107
1957
2701
2995
3191
3553
3899
3957
3774
3678
3471
3057
2769
2467
2073
1709
1254
754
297
-27
-82
-357
-687
-723
-701
-639
-449
-308
-185
64
383
645
763
906
1117
1029
574
439
616
401
52
-301
-913
-1373
-1847
-2544
-3078
-3436
-3616
-3627
-3923
-4368
-4395
-3926
-3344
-3098
-2888
-2315
-1559
-846
-159
389
904
1588
2381
2891
3155
3440
3639
3791
3744
3606
3374
3048
2715
2423
2068
1660
1220
840
406
-57
-159
-315
-697
-699
-546
-622
-595
-325
-52
60
347
657
742
961
1272
1222
781
475
543
516
244
-37
-647
-1219
-1521
-2113
-2892
-3254
-3386
-3580
-3696
-3953
-4257
-3991
-3333
-3000
-2858
-2446
-1758
-894
-179
258
732
1312
2098
2711
2949
3179
3443
3588
3610
3585
3373
3006
2684
2399
2039
1678
1282
897
515
96
-178
-283
-417
-665
-677
-558
-507
-381
-140
23
209
501
654
758
953
1058
876
498
282
275
157
-155
-585
-1169
-1519
-1748
-2520
-3194
-3206
-3311
-3572
-3602
-3748
-3939
-3476
-2695
-2510
-2489
-1799
-951
-395
137
714
1105
1601
2429
2849
2826
3093
3475
3411
3250
3218
3018
2595
2306
2132
1731
1318
1076
796
414
24
-129
-175
-417
-538
-430
-345
-309
-61
131
140
361
712
752
800
1038
959
588
255
194
100
-167
-400
-871
-1440
-1648
-2037
-2795
-3210
-3306
-3512
-3590
-3467
-3634
-3795
-3256
-2553
-2332
-1966
-1296
-821
-382
377
1012
1308
1750
2339
2619
2809
3083
3211
3089
2897
2853
2680
2292
2024
1835
1505
1188
913
623
324
98
-21
-249
-376
-305
-160
-49
-6
87
266
499
713
698
662
906
1010
734
303
169
141
-55
-336
-741
-1345
-1602
-1644
-2241
-3039
-3266
-3073
-3228
-3410
-3382
-3544
-3417
-2676
-2162
-2129
-1759
-944
-363
-21
524
1009
1383
1941
2438
2600
2731
2940
3031
2891
2728
2589
2356
2071
1797
1596
1334
1035
840
539
175
81
-41
-234
-202
-156
-143
-83
32
207
362
530
690
643
713
909
738
366
229
169
-75
-284
-484
-952
-1363
-1500
-1738
-2477
-3143
-3055
-2876
-3077
-3103
-3106
-3194
-2872
-2222
-1811
-1781
-1412
-555
-60
239
771
1176
1527
2048
2464
2575
2615
2785
2868
2726
2493
2334
2169
1828
1589
1453
1101
904
760
424
208
16
-89
-90
-78
-40
-35
-16
68
254
477
612
647
625
703
806
583
287
253
36
-193
-328
-791
-1205
-1348
-1525
-1876
-2586
-3051
-2940
-2854
-3017
-3141
-3080
-2932
-2670
-2103
-1772
-1816
-1330
-516
-81
95
533
1104
1464
1845
2240
2232
2203
2480
2623
2432
2163
2094
1952
1662
1485
1208
963
856
611
410
185
-25
21
49
26
-2
-13
167
309
374
489
527
584
651
687
599
331
241
197
-49
-322
-541
-774
-1117
-1381
-1570
-2003
-2539
-2777
-2708
-2698
-2808
-2755
-2612
-2587
-2270
-1696
-1446
-1248
-788
-216
259
603
995
1344
1676
2061
2293
2315
2343
2413
2490
2398
2191
1984
1776
1617
1449
1158
927
770
642
474
186
6
53
190
235
182
145
225
374
578
617
591
585
583
641
508
212
71
-98
-320
-534
-838
-1180
-1409
-1519
-1789
-2233
-2572
-2766
-2833
-2820
-2880
-2853
-2693
-2390
-2045
-1847
-1569
-1111
-654
-211
170
442
800
1248
1663
1848
1901
2003
2104
2207
2197
1989
1815
1683
1544
1426
1208
991
879
796
671
419
167
162
261
287
255
195
211
368
547
590
526
505
541
610
503
241
142
6
-195
-309
-540
-888
-1237
-1406
-1498
-1808
-2178
-2381
-2627
-2728
-2566
-2451
-2493
-2411
-2090
-1819
-1568
-1139
-757
-529
-126
372
727
940
1321
1672
1777
1918
2136
2155
2063
2069
2056
1924
1725
1542
1334
1161
1128
1042
732
479
410
380
320
297
296
235
230
336
377
373
419
517
518
409
331
267
222
33
-259
-457
-637
-798
-979
-1254
-1477
-1654
-1853
-2008
-2219
-2404
-2422
-2387
-2247
-2083
-1954
-1812
-1603
-1267
-831
-453
-255
7
451
801
1081
1380
1548
1639
1829
2022
2011
1920
1894
1854
1677
1456
1269
1151
1020
888
764
597
423
295
299
247
190
173
168
174
157
253
346
347
297
281
188
93
126
38
-191
-360
-504
-664
-802
-1051
-1296
-1450
-1596
-1757
-1919
-2037
-2140
-2226
-2154
-1931
-1791
-1757
-1577
-1261
-941
-593
-274
-115
124
558
947
1136
1253
1423
1605
1763
1822
1780
1727
1749
1670
1499
1295
1133
1096
1021
843
612
493
456
402
364
309
207
173
258
330
341
303
282
302
244
129
12
-28
-20
-149
-400
-559
-676
-803
-957
-1212
-1412
-1471
-1575
-1772
-1897
-2050
-2111
-2047
-2016
-1906
-1717
-1541
-1339
-1125
-863
-454
-94
42
294
693
1021
1240
1414
1501
1562
1719
1845
1795
1640
1594
1582
1449
1308
1244
1116
1008
969
877
713
588
574
535
506
527
466
440
434
346
219
233
246
136
19
-66
-194
-322
-383
-498
-735
-946
-1052
-1152
-1355
-1527
-1612
-1792
-1892
-1877
-1854
-1906
-1822
-1698
-1613
-1487
-1298
-975
-723
-510
-288
-64
232
595
862
988
1087
1298
1479
1612
1671
1624
1612
1667
1677
1559
1424
1304
1193
1145
1133
1012
815
762
727
686
648
586
515
306
138
126
121
10
-98
-236
-441
-516
-537
-639
-860
-1020
-1084
-1194
-1356
-1480
-1577
-1763
-1820
-1795
-1910
-1933
-1832
-1741
-1712
-1620
-1453
-1216
-1008
-795
-547
-324
-101
157
470
673
853
1088
1231
1357
1484
1534
1530
1577
1614
1581
1522
1479
1425
1345
1250
1196
1132
1079
1033
902
798
728
702
664
527
327
205
175
108
14
-78
-250
-434
-491
-551
-728
-893
-1000
-1092
-1219
-1357
-1475
-1527
-1537
-1551
-1626
-1649
-1620
-1540
-1383
-1293
-1282
-1179
-950
-722
-504
-292
-130
16
230
487
645
731
924
1090
1188
1286
1371
1383
1378
1396
1389
1345
1289
1248
1183
1118
1070
1006
948
899
835
742
651
587
526
435
299
150
75
8
-58
-152
-308
-481
-602
-666
-778
-941
-1034
-1034
-1099
-1192
-1327
-1427
-1429
-1374
-1350
-1422
-1412
-1294
-1133
-1016
-923
-881
-764
-543
-318
-120
4
103
246
468
635
717
830
926
980
1079
1159
1149
1150
1258
1285
1260
1215
1173
1095
1009
1003
940
804
715
698
609
525
446
416
287
163
74
-34
-172
-282
-331
-463
-607
-716
-840
-970
-1057
-1177
-1226
-1289
-1380
-1427
-1462
-1433
-1393
-1387
-1404
-1349
-1227
-1107
-992
-912
-834
-676
-492
-317
-154
36
210
345
482
649
756
829
959
1060
1099
1210
1270
1239
1237
1267
1239
1200
1160
1122
1050
972
932
874
786
725
675
600
550
493
383
231
147
47
-83
-210
-299
-371
-474
-589
-710
-822
-869
-904
-999
-1030
-1038
-1103
-1134
-1076
-997
-955
-922
-885
-839
-768
-664
-611
-510
-367
-249
-156
-24
83
162
298
409
474
567
704
771
840
876
906
980
984
981
983
986
970
914
891
820
733
709
643
562
449
361
281
200
176
91
-58
-141
-172
-295
-449
-540
-612
-683
-737
-844
-970
-1021
-1005
-1016
-1066
-1083
-1019
-985
-946
-865
-832
-814
-732
-632
-606
-498
-380
-332
-244
-137
-49
-10
148
302
365
440
530
572
645
767
817
831
874
940
956
959
957
913
875
893
861
787
748
695
629
523
432
339
274
183
77
-20
-107
-198
-266
-341
-451
-554
-627
-665
-710
-762
-862
-922
-879
-861
-914
-914
-850
-811
-786
-761
-727
-667
-611
-499
-398
-334
-248
-217
-183
-142
-70
-1
90
216
306
380
472
547
564
616
691
745
807
833
885
907
921
914
857
820
814
790
745
682
608
506
438
372
316
239
147
89
6
-83
-173
-239
-315
-407
-483
-573
-613
-665
-684
-721
-732
-678
-673
-700
-692
-617
-617
-622
-554
-484
-485
-440
-405
-367
-337
-275
-204
-194
-111
-26
68
128
162
247
312
378
451
497
555
626
701
715
726
736
749
752
722
681
607
545
512
457
370
268
181
73
7
-7
-67
-131
-206
-268
-370
-442
-486
-505
-576
-635
-680
-720
-701
-688
-686
-689
-673
-655
-618
-582
-515
-517
-468
-429
-377
-255
-183
-150
-105
-89
-78
-14
-22
1
72
117
146
185
246
299
395
449
488
554
582
627
648
661
704
743
730
722
687
656
629
580
559
461
354
258
228
217
129
75
2
-101
-123
-184
-283
-341
-396
-445
-506
-531
-518
-528
-527
-522
-529
-516
-474
-419
-367
-333
-327
-304
-243
-222
-199
-170
-153
-126
-76
-61
-51
-33
-6
61
116
136
189
221
293
371
358
396
466
511
531
583
560
552
575
561
526
476
411
361
304
241
213
122
16
-29
-57
-119
-186
-252
-356
-424
-448
-490
-526
-543
-577
-608
-591
-571
-527
-506
-526
-492
-451
-419
-351
-313
-283
-265
-258
-215
-134
-74
-76
-117
-125
-98
-87
-72
-27
-1
41
116
194
242
317
407
455
496
531
604
660
687
673
652
640
659
655
593
512
442
402
371
342
275
180
110
65
-8
-60
-94
-178
-255
-284
-338
-430
-481
-491
-507
-507
-514
-493
-445
-436
-416
-392
-394
-376
-322
-262
-253
-277
-276
-254
-237
-208
-201
-200
-181
-162
-134
-137
-82
-47
8
89
131
165
229
327
375
400
460
519
589
617
618
579
541
593
591
532
453
411
357
295
247
121
21
-16
-83
-135
-179
-216
-276
-306
-281
-300
-333
-357
-366
-368
-368
-351
-345
-318
-322
-343
-314
-261
-226
-211
-176
-191
-219
-210
-191
-195
-185
-187
-187
-177
-178
-181
-163
-116
-72
19
81
152
209
278
349
367
383
440
530
570
593
573
539
534
528
487
395
320
273
252
205
141
80
36
17
-18
-94
-156
-211
-260
-256
-264
-300
-288
-307
-312
-286
-286
-269
-259
-250
-257
-270
-236
-196
-204
-224
-223
-237
-249
-227
-219
-209
-214
-223
-231
-197
-181
-170
-133
-117
-71
27
103
144
185
257
290
298
342
386
432
462
464
441
439
416
418
387
319
269
222
181
159
117
33
-25
-72
-113
-151
-197
-219
-244
-268
-276
-255
-250
-242
-229
-196
-142
-94
-77
-81
-84
-87
-75
-25
-28
-51
-55
-46
-57
-85
-107
-100
-76
-115
-127
-104
-118
-96
-82
-56
-18
20
84
143
190
248
292
315
356
415
441
443
444
440
416
364
326
268
209
137
72
13
-44
-95
-123
-162
-180
-223
-268
-277
-302
-355
-328
-319
-328
-311
-290
-276
-266
-210
-190
-168
-145
-115
-77
-47
-42
-45
-73
-95
-95
-132
-141
-178
-179
-182
-208
-228
-234
-193
-156
-133
-118
-57
-9
54
151
188
248
328
374
407
439
493
518
504
520
489
445
414
389
319
243
191
118
61
15
-17
-83
-153
-189
-179
-186
-217
-217
-229
-248
-234
-207
-179
-153
-110
-84
-78
-74
-58
-45
-45
-39
-28
-56
-98
-114
-120
-166
-180
-191
-214
-228
-222
-226
-232
-228
-199
-151
-126
-73
-16
24
86
141
181
269
317
351
406
437
458
440
442
452
437
403
367
286
224
184
117
49
12
-25
-110
-161
-191
-231
-251
-276
-293
-305
-309
-294
-274
-246
-230
-218
-181
-163
-103
-67
-96
-69
-55
-75
-62
-55
-78
-107
-125
-129
-153
-145
-132
-164
-162
-142
-115
-74
-27
33
79
130
155
201
264
295
331
349
386
416
440
440
452
453
431
386
329
310
235
170
111
49
-10
-82
-154
-220
-249
-291
-319
-328
-350
-368
-374
-355
-317
-291
-288
-251
-193
-189
-181
-140
-128
-115
-81
-40
-30
-55
-88
-90
-104
-128
-117
-121
-129
-141
-139
-152
-117
-75
-67
-55
-28
4
33
95
148
190
245
284
327
352
363
386
385
384
379
356
339
294
241
194
109
59
15
-14
-47
-97
-124
-145
-147
-153
-200
-223
-202
-230
-218
-225
-217
-182
-146
-98
-62
-38
-17
0
5
6
1
11
33
20
24
14
1
2
-34
-4
8
4
17
34
64
69
100
107
174
216
242
277
284
317
331
329
334
340
334
335
310
260
227
179
113
57
3
-54
-109
-157
-224
-288
-338
-365
-401
-435
-450
-510
-502
-466
-453
-419
-414
-418
-371
-312
-295
-252
-198
-179
-159
-142
-133
-94
-40
-37
-19
-2
30
27
9
2
7
6
2
23
48
66
84
100
139
198
263
341
366
402
421
453
468
489
505
493
467
443
428
391
373
347
301
242
151
102
60
-6
-71
-132
-169
-206
-238
-293
-330
-357
-340
-342
-340
-324
-310
-281
-253
-243
-264
-234
-200
-184
-164
-144
-126
-127
-124
-122
-136
-139
-148
-183
-174
-169
-192
-201
-179
-147
-114
-81
-46
-6
46
119
161
204
255
300
361
396
430
454
449
451
457
433
389
355
314
257
206
175
107
79
23
-56
-104
-142
-172
-197
-224
-285
-278
-288
-262
-263
-259
-213
-198
-149
-134
-104
-75
-60
-75
-81
-72
-50
-48
-35
-31
-52
-63
-81
-71
-71
-86
-88
-88
-95
-62
-37
-14
-6
2
29
70
104
129
169
209
246
272
328
337
372
389
357
352
329
314
289
250
188
125
53
22
-53
-136
-167
-210
-235
-253
-293
-312
-334
-314
-305
-313
-286
-265
-247
-218
-153
-142
-111
-50
-6
-23
-8
6
-18
-11
-28
-49
-33
-31
-63
-69
-52
-61
-69
-66
-65
-44
-46
-28
36
83
93
117
126
149
202
237
279
294
302
285
268
255
220
171
160
132
98
38
6
0
-57
-103
-153
-162
-200
-217
-227
-236
-247
-227
-233
-244
-225
-198
-174
-132
-101
-94
-62
-49
-19
5
13
43
66
61
44
40
25
9
34
37
58
59
54
71
76
72
97
138
152
160
163
205
237
247
282
304
328
334
332
333
324
312
273
236
172
102
24
-33
-86
-154
-215
-264
-320
-373
-402
-444
-437
-410
-413
-398
-343
-306
-277
-265
-262
-208
-172
-132
-81
-53
-49
-19
6
29
61
76
71
48
47
33
30
37
59
92
76
79
102
115
123
150
162
146
147
159
177
194
216
240
262
284
286
276
285
282
258
212
179
116
83
47
-9
-63
-151
-169
-191
-256
-296
-310
-323
-307
-296
-288
-277
-265
-252
-215
-184
-142
-120
-71
-31
-31
-14
-2
21
20
25
21
13
-1
-17
-10
-7
-38
-33
-27
-29
-18
-2
14
19
49
62
94
104
149
179
195
229
242
263
261
272
247
218
195
169
124
100
80
34
-3
-40
-67
-128
-155
-165
-201
-222
-248
-257
-256
-266
-265
-257
-250
-245
-224
-186
-169
-152
-124
-101
-77
-41
-19
10
22
34
56
42
56
48
23
6
1
8
11
35
40
69
106
127
150
195
226
257
277
312
350
352
384
391
370
335
339
321
280
237
202
168
137
124
57
4
-46
-118
-140
-180
-229
-279
-306
-334
-342
-324
-318
-293
-293
-279
-245
-214
-188
-160
-118
-95
-76
-80
-79
-50
-37
-17
-14
-20
-22
-16
-22
-44
-32
-25
-50
-24
-19
-38
-26
-40
-23
26
59
99
143
165
186
223
250
254
251
239
262
270
241
218
172
125
94
61
-1
-51
-114
-169
-207
-271
-282
-305
-347
-357
-349
-323
-291
-255
-242
-225
-178
-129
-97
-43
9
34
46
73
101
81
100
97
85
84
71
60
51
18
16
12
2
-1
-19
6
41
54
74
83
84
105
116
123
123
162
186
199
199
213
228
237
245
240
213
148
130
81
39
-7
-64
-117
-147
-177
-218
-232
-223
-237
-260
-252
-238
-227
-212
-178
-171
-158
-104
-55
-36
-3
30
49
45
51
53
37
18
22
21
47
46
44
31
29
25
-7
2
0
-6
14
28
22
63
91
76
69
93
155
171
170
237
269
223
238
281
246
155
162
164
86
25
5
-34
-80
-122
-135
-158
-190
-160
-167
-187
-195
-185
-188
-163
-146
-126
-95
-83
-38
-3
7
16
24
63
77
75
88
109
91
66
71
52
44
12
-4
-12
-28
-9
-16
-29
-26
-49
-64
-55
-62
-33
-8
-14
9
20
44
71
74
80
59
51
19
-4
-10
-27
-54
-80
-102
-157
-190
-224
-233
-261
-275
-284
-291
-262
-248
-238
-223
-175
-131
-107
-71
-32
17
70
91
123
135
164
191
204
212
209
192
178
179
167
138
112
106
88
78
59
31
25
38
37
30
36
44
46
72
82
97
107
127
157
173
182
191
214
181
174
166
132
91
57
-1
-52
-80
-124
-155
-193
-205
-224
-236
-241
-252
-261
-248
-204
-179
-149
-105
-63
-29
-5
44
85
125
142
152
169
179
176
169
180
162
139
132
138
119
58
18
-26
-48
-60
-89
-72
-98
-75
-53
-34
-19
-11
9
42
47
38
63
75
80
77
63
40
29
4
-27
-81
-117
-142
-171
-224
-268
-293
-298
-328
-345
-354
-351
-338
-331
-332
-288
-230
-186
-135
-90
-55
15
74
106
137
171
201
203
209
232
246
243
255
244
231
211
203
209
195
162
146
115
99
99
107
103
86
76
69
70
71
69
64
62
55
51
44
57
41
12
-5
-2
-14
-31
-39
-68
-106
-150
-169
-196
-201
-223
-235
-215
-194
-179
-177
-163
-143
-110
-65
-28
-10
32
81
112
125
169
183
209
244
247
239
229
215
201
168
136
117
70
24
9
-32
-75
-93
-128
-139
-141
-130
-114
-111
-79
-50
-34
-11
-12
15
23
33
41
24
19
8
8
-7
-10
-37
-59
-86
-120
-143
-170
-208
-227
-231
-255
-267
-232
-196
-187
-146
-99
-69
-33
4
47
100
131
175
205
239
274
280
305
299
303
284
271
259
227
207
165
147
120
86
60
26
1
-22
-38
-49
-33
-48
-50
-38
-57
-62
-53
-44
-19
-36
-44
-44
-46
-42
-66
-47
-53
-80
-122
-147
-163
-184
-214
-228
-260
-273
-287
-275
-245
-251
-241
-228
-205
-180
-137
-105
-39
-29
18
52
81
139
176
203
231
253
240
244
214
189
167
174
168
113
103
79
59
24
14
-7
-5
2
-20
-24
-21
-3
1
24
49
48
65
100
114
128
132
127
123
121
119
87
45
33
-1
-45
-80
-121
-145
-173
-180
-190
-209
-211
-226
-232
-243
-235
-211
-172
-127
-75
-41
-2
60
87
113
137
148
164
184
209
206
207
209
179
169
152
134
116
91
68
40
10
15
-15
-41
-33
-41
-40
-45
-40
-43
-17
9
18
35
70
96
115
136
129
123
113
76
43
19
-2
-39
-72
-109
-131
-159
-222
-257
-264
-291
-289
-270
-278
-260
-232
-202
-152
-108
-68
-45
-4
10
29
78
83
103
121
115
123
112
97
89
86
72
55
33
18
6
-21
-16
-5
-12
-19
-38
-30
-22
-10
2
17
61
95
126
145
142
169
175
144
119
95
69
42
6
-13
-41
-71
-93
-121
-127
-147
-172
-177
-180
-180
-173
-162
-146
-117
-102
-89
-47
-17
27
78
112
146
170
200
194
203
222
204
187
166
143
123
100
72
47
0
-6
-26
-45
-50
-69
-78
-98
-120
-103
-80
-63
-59
-55
-7
-2
9
15
38
60
56
59
44
30
14
-20
-49
-59
-86
-110
-105
-117
-132
-137
-120
-124
-137
-148
-119
-107
-93
-76
-74
-51
-41
-14
30
64
92
92
106
131
131
141
154
149
140
136
101
99
92
59
40
10
4
21
10
3
12
9
37
48
63
75
82
93
93
108
97
95
97
92
68
57
52
25
0
-36
-54
-79
-106
-108
-143
-155
-166
-172
-187
-206
-232
-254
-257
-224
-192
-187
-155
-135
-119
-99
-57
-21
35
67
87
108
134
137
143
151
153
146
154
131
112
114
75
65
53
28
7
-6
-2
-13
-17
-8
-5
-17
-3
17
42
48
73
78
98
116
115
115
107
104
97
88
70
34
1
-28
-53
-89
-127
-152
-161
-176
-195
-194
-195
-181
-186
-175
-153
-151
-146
-125
-86
-45
0
25
45
63
68
115
142
141
136
157
154
155
150
146
136
121
93
76
58
27
12
22
34
10
8
46
58
58
85
83
92
107
118
117
106
93
65
40
17
-28
-46
-58
-79
-98
-117
-119
-137
-155
-183
-191
-205
-208
-206
-217
-211
-200
-183
-184
-162
-141
-135
-120
-92
-72
-39
11
35
68
70
101
125
125
133
132
140
114
96
94
69
45
23
0
-35
-55
-57
-59
-42
-23
-6
1
19
43
54
89
104
100
129
127
111
100
93
82
34
-14
-62
-95
-106
-124
-151
-155
-154
-148
-157
-158
-137
-133
-111
-91
-64
-28
-11
7
31
49
72
89
121
138
149
162
165
175
155
155
136
140
140
119
108
92
72
59
54
40
37
54
52
39
30
26
30
20
26
12
12
29
34
43
56
53
42
48
15
1
-8
-14
-18
-39
-65
-100
-112
-149
-164
-187
-213
-230
-227
-230
-219
-201
-171
-140
-130
-111
-91
-67
-33
-6
26
51
63
79
91
103
107
79
85
93
91
96
106
107
87
70
51
27
5
-1
-6
-16
5
2
2
-30
-46
-35
-26
-30
-32
-7
12
32
37
45
34
50
55
54
54
43
25
14
-18
-62
-80
-104
-109
-124
-145
-159
-158
-158
-180
-178
-163
-125
-96
-56
-12
-12
-8
21
55
79
88
109
131
150
164
177
175
174
174
174
176
162
161
146
120
106
91
79
74
81
63
49
55
70
70
58
60
40
24
13
8
11
-5
-21
-13
-34
-55
-59
-71
-96
-124
-158
-188
-193
-192
-195
-207
-232
-217
-224
-246
-221
-198
-176
-138
-123
-89
-64
-23
-9
1
38
17
41
72
89
107
133
145
152
138
127
122
94
87
60
51
27
35
49
39
46
51
41
38
57
41
49
44
61
67
64
64
67
60
46
24
4
-1
9
15
3
-6
-4
-11
-41
-60
-58
-71
-93
-93
-93
-80
-58
-38
-27
-24
-11
7
17
45
68
94
96
95
116
115
89
75
82
62
42
21
2
-6
-18
-31
-52
-68
-91
-105
-114
-134
-131
-121
-104
-86
-70
-33
-30
-47
-46
-34
-31
-37
-43
-40
-54
-34
-47
-58
-48
-78
-62
-65
-78
-61
-54
-54
-56
-40
-35
-65
-47
-34
-54
-32
-17
26
51
55
80
100
126
151
154
141
147
147
160
152
146
142
140
122
81
66
55
43
17
-20
-38
-39
-44
-21
-21
-22
-23
-22
-20
-15
-16
-1
15
35
49
48
64
39
45
44
23
31
2
-8
-21
-34
-41
-55
-70
-100
-117
-129
-143
-158
-149
-131
-118
-109
-94
-74
-61
-54
-36
-6
16
39
51
90
104
123
143
166
169
160
180
166
152
131
90
77
45
5
-13
-28
-31
-31
-43
-53
-56
-50
-46
-43
-26
-4
10
33
24
43
45
17
12
0
-9
-14
-2
-14
-11
-5
-3
-20
-46
-65
-97
-103
-113
-128
-154
-159
-147
-135
-129
-141
-122
-100
-77
-53
-9
16
28
50
52
69
59
63
56
63
48
35
39
16
-12
-46
-55
-62
-66
-67
-51
-68
-53
-60
-66
-51
-32
-20
4
24
38
64
76
81
95
109
117
138
135
152
156
146
142
113
102
82
59
31
26
8
-22
-48
-73
-79
-86
-95
-114
-106
-94
-92
-79
-65
-42
-16
-6
3
19
30
59
75
78
71
82
85
47
21
14
-2
10
13
12
-8
-28
-33
-31
-16
-12
-26
-30
-9
-23
-8
20
32
30
30
47
60
66
64
89
101
103
112
102
84
79
54
50
48
2
14
3
-23
-35
-54
-59
-57
-41
-55
-33
-32
-9
12
18
22
30
27
13
11
-5
1
7
-1
-19
-21
-47
-67
-70
-90
-108
-107
-96
-107
-119
-135
-148
-164
-170
-170
-181
-177
-177
-170
-157
-145
-100
-81
-49
-19
-8
21
38
52
56
57
51
61
52
33
25
-11
-15
-17
-23
-28
-10
3
-5
13
17
40
65
74
72
88
112
116
132
124
124
126
131
133
139
160
155
165
147
132
121
88
71
27
-2
-10
-40
-61
-49
-52
-61
-38
-31
-10
8
20
25
20
32
44
68
76
66
61
36
29
40
22
20
14
5
-23
-73
-98
-121
-135
-147
-170
-163
-152
-160
-152
-146
-141
-104
-93
-78
-78
-56
-30
-35
2
6
14
47
60
68
55
71
91
92
87
76
77
74
54
43
26
14
18
25
28
16
17
25
46
56
47
35
27
17
27
26
28
41
40
39
22
5
-4
-6
-30
-35
-37
-39
-48
-52
-74
-100
-117
-101
-61
-43
-44
-62
-58
-52
-43
-40
-32
-29
-8
-8
10
24
28
48
29
34
17
22
32
21
19
0
-5
-23
-21
-7
-22
-38
-40
-52
-56
-61
-45
-32
-11
-8
9
21
31
36
40
75
84
115
130
129
129
135
140
131
126
125
85
82
61
53
22
-9
-22
-49
-65
-92
-89
-97
-84
-77
-90
-78
-71
-69
-54
-36
-13
-9
-30
-36
-46
-64
-88
-86
-82
-82
-75
-77
-109
-115
-98
-100
-124
-114
-65
-45
-23
-29
-35
-13
-22
-5
1
17
50
66
66
83
98
97
121
113
108
126
131
141
132
130
132
93
90
84
38
28
24
-4
-1
-17
-37
-38
-45
-22
-12
-5
-5
2
20
25
40
52
84
93
101
98
103
115
115
115
117
126
109
99
70
48
25
5
-4
-18
-35
-35
-32
-33
-33
-36
-32
-39
-55
-83
-69
-77
-81
-72
-90
-106
-132
-130
-136
-145
-153
-171
-156
-168
-163
-155
-138
-130
-138
-137
-142
-156
-153
-146
-159
-164
-151
-149
-145
-110
-80
-46
-40
-12
18
36
56
71
89
96
115
133
123
126
141
145
128
114
125
103
106
125
113
123
129
129
131
127
144
145
154
151
145
147
132
120
110
94
82
85
91
92
78
52
27
19
-6
-24
-60
-67
-83
-82
-105
-141
-120
-134
-145
-155
-163
-144
-125
-113
-85
-92
-60
-30
-41
-33
-55
-58
-50
-60
-55
-42
-15
12
37
40
53
48
37
32
30
54
45
40
51
56
46
33
10
6
7
-1
5
15
37
43
40
23
40
35
20
19
6
-10
-14
-8
-12
-7
-33
-41
-49
-49
-50
-66
-59
-38
-29
-23
-22
-15
-16
-14
-28
-28
-17
-26
-2
-17
-17
15
34
43
27
35
30
6
6
13
9
11
17
12
14
-6
-10
-5
-4
-11
9
24
18
41
58
77
89
95
104
108
90
78
69
64
62
50
20
15
12
8
17
14
5
-25
-42
-58
-73
-79
-83
-93
-114
-131
-136
-120
-117
-134
-140
-122
-110
-86
-56
-42
-38
-50
-26
-20
-29
-11
-1
5
10
5
15
8
8
5
-9
-19
-17
-32
-19
-2
3
-3
-3
11
4
-2
8
19
28
32
44
54
58
69
46
57
67
95
97
90
85
89
84
73
73
44
24
18
9
5
6
8
17
23
22
26
44
66
66
67
88
86
87
88
97
99
107
104
96
90
72
63
50
32
15
11
-19
-45
-51
-63
-78
-96
-101
-97
-86
-80
-72
-64
-48
-48
-54
-56
-53
-59
-61
-53
-57
-65
-68
-72
-86
-101
-116
-130
-125
-119
-132
-137
-125
-126
-124
-123
-109
-117
-114
-102
-88
-71
-58
-41
-41
-33
-27
-21
10
33
37
52
44
40
48
45
59
65
86
94
92
99
82
92
107
113
111
124
142
120
132
126
110
112
115
104
95
85
90
86
71
62
27
22
2
-22
-19
-19
-31
-31
-30
-54
-82
-77
-85
-90
-84
-102
-85
-97
-100
-75
-81
-82
-53
-47
-44
-27
8
1
2
18
38
40
34
32
30
29
45
45
71
80
69
85
91
123
111
101
104
98
86
87
65
64
62
47
51
34
16
1
-17
-32
-40
-70
-79
-86
-76
-83
-74
-79
-87
-69
-61
-68
-79
-75
-91
-89
-77
-82
-71
-68
-64
-59
-39
-16
-1
-4
-4
1
-6
6
14
17
35
27
26
25
17
-9
-25
-13
-20
-13
-11
-8
7
8
22
23
19
26
10
7
1
-5
2
-22
-39
-22
-19
-3
10
33
49
34
49
57
44
52
32
43
48
44
46
30
39
29
12
19
2
-7
-16
-22
-13
-38
-51
-52
-46
-45
-56
-66
-57
-60
-59
-59
-55
-54
-49
-40
-38
-34
-36
-33
-26
-29
-28
-10
-9
-3
-2
7
12
21
24
6
1
-8
-10
-9
1
1
-18
-17
-12
-19
-14
-5
-1
5
7
14
1
23
30
41
39
44
79
82
87
90
98
91
92
80
70
69
81
97
96
89
106
113
112
125
121
120
101
89
91
99
82
92
83
59
57
23
-10
-33
-44
-47
-40
-46
-55
-61
-57
-41
-50
-39
-41
-44
-34
-63
-57
-44
-49
-48
-73
-71
-74
-94
-94
-106
-109
-109
-97
-101
-101
-105
-99
-98
-113
-96
-105
-103
-94
-100
-98
-106
-104
-110
-124
-133
-126
-114
-102
-69
-55
-40
-31
-10
-12
-9
8
23
61
85
87
83
78
70
94
111
114
117
101
95
92
86
90
109
105
101
102
108
79
62
54
40
31
-2
-6
-4
-9
-29
-46
-35
-1
-5
15
13
6
23
20
22
28
39
41
30
12
5
-1
1
-8
-11
-17
-8
4
15
20
8
9
5
11
-9
-7
20
7
-8
13
0
-1
21
5
18
33
13
12
5
-10
-10
1
-31
-60
-60
-84
-66
-51
-54
-36
-36
-17
2
-8
15
28
29
25
18
13
21
41
52
61
57
30
42
62
50
56
45
36
29
43
37
14
12
10
18
9
-2
-32
-19
-43
-31
-40
-58
-61
-53
-24
-22
-11
-9
26
22
31
18
29
21
3
-1
-18
-45
-57
-49
-57
-57
-55
-39
-34
-33
-35
-46
-42
-23
-18
-22
-29
-14
-21
-14
-3
-25
-35
-25
-6
-15
-33
-29
-26
-34
-40
-55
-55
-49
-46
-31
-25
-19
-9
-2
-2
-15
-28
-17
-9
-4
-10
-27
-11
-27
-26
-15
-22
-21
-33
-36
-40
-36
-30
-18
18
29
35
64
75
63
57
19
-26
-3
-11
-32
-24
-4
31
45
26
41
66
84
109
117
92
72
87
80
78
84
47
16
17
30
30
26
61
68
73
97
91
104
105
94
83
86
94
106
128
114
95
72
53
63
56
46
40
15
-13
-17
-18
-28
-43
-42
-57
-81
-103
-108
-99
-114
-98
-76
-80
-48
-54
-84
-85
-111
-121
-135
-130
-102
-103
-96
-99
-98
-92
-92
-99
-95
-78
-96
-92
-72
-71
-92
-89
-90
-85
-65
-52
-14
-17
-16
5
13
42
53
43
56
60
42
35
65
45
49
41
32
23
13
14
12
16
15
27
49
58
48
50
55
67
72
55
32
39
49
65
71
75
80
90
84
80
66
37
43
56
45
57
86
84
85
78
44
24
33
27
-3
-15
-31
-56
-36
-38
-17
-13
-15
0
7
5
-4
-11
-28
-12
-20
-37
-42
-37
-54
-63
-59
-84
-73
-35
-27
3
29
28
64
78
88
102
95
83
80
72
75
64
37
12
4
8
-14
-19
-55
-80
-79
-97
-108
-72
-67
-72
-68
-73
-81
-80
-67
-77
-70
-107
-136
-132
-117
-115
-114
-128
-131
-121
-108
-101
-121
-91
-70
-53
-34
-28
-2
6
20
36
57
48
58
42
41
35
29
32
23
58
75
77
106
105
100
118
73
44
40
5
-1
-6
-14
1
43
56
49
73
90
97
104
94
60
54
28
18
22
8
24
38
53
75
73
58
46
23
15
-1
6
-12
-9
2
-19
-17
-34
-33
-29
-22
-8
-4
-11
-19
-32
-39
-40
-41
-33
-27
-37
-46
-39
-27
-30
-35
-22
-23
-27
-21
-27
-12
-19
-30
-35
-32
-31
-26
-22
-22
-28
-16
-17
-34
-36
-29
-34
-21
8
20
10
-5
-6
-19
-5
14
1
-2
-4
-5
-36
-46
-18
-12
16
41
61
78
95
85
69
79
76
73
93
99
79
59
69
85
97
100
103
100
98
88
86
75
49
40
32
38
16
35
33
36
42
35
51
51
44
31
4
-4
3
16
4
-1
18
24
25
0
-28
-52
-54
-95
-120
-123
-161
-205
-205
-203
-200
-195
-213
-223
-223
-245
-257
-243
-233
-227
-219
-200
-173
-149
-134
-130
-127
-117
-105
-80
-82
-53
-43
-28
27
11
9
45
85
111
119
136
156
178
198
205
209
209
234
255
236
233
217
201
174
173
162
139
134
113
122
98
73
40
22
9
-1
-18
-20
-5
-11
-14
-7
19
37
43
45
32
31
27
25
28
10
3
-8
-8
-27
-56
-71
-95
-116
-125
-127
-128
-144
-134
-128
-105
-78
-63
-32
-26
-19
-4
-10
-8
0
25
32
34
62
52
70
79
82
78
42
18
0
9
4
-31
-35
-53
-66
-63
-61
-57
-60
-39
-16
3
2
-3
0
2
-11
-14
-12
-3
-2
-2
10
1
-3
-16
-25
-25
-27
-4
11
3
-7
1
12
24
33
29
24
37
38
31
28
-3
-6
-11
-28
-34
-28
-44
-48
-31
-21
-3
15
16
16
27
23
7
-7
-24
-17
-31
-38
-18
0
31
52
35
18
21
6
1
4
21
32
21
24
17
16
18
37
38
30
26
13
1
-17
-57
-83
-64
-67
-56
-27
-16
-12
-8
3
15
20
16
22
32
35
23
26
1
-19
-27
-33
-26
-32
-42
-36
-16
-10
-9
-10
14
12
2
-16
-20
-26
-40
-48
-65
-68
-56
-62
-70
-65
-61
-54
-45
-28
-16
14
36
49
46
51
50
51
47
41
14
24
42
43
59
58
83
93
103
117
105
108
101
93
89
76
79
61
62
52
57
41
31
34
3
-8
17
6
10
27
3
1
-5
3
-1
12
7
-4
-1
16
15
5
11
6
1
-19
-29
-44
-58
-55
-54
-51
-47
-37
-24
-52
-47
-48
-74
-79
-61
-62
-63
-57
-73
-85
-109
-108
-102
-99
-105
-116
-130
-119
-109
-91
-75
-54
-14
-6
-8
-11
-5
-18
-21
-12
-35
-35
-31
-34
-10
-25
-27
-44
-54
-45
-43
-23
-22
-18
-5
9
20
24
39
35
39
39
43
40
47
56
59
63
72
80
85
98
107
112
125
140
123
134
141
131
117
125
103
106
90
84
79
60
58
65
86
76
76
89
87
89
75
49
55
47
28
9
-29
-53
-56
-67
-63
-72
-66
-71
-73
-52
-58
-48
-35
-41
-44
-44
-60
-59
-62
-62
-61
-43
-22
-25
-10
-30
-49
-46
-47
-53
-57
-73
-62
-42
-49
-53
-63
-74
-80
-81
-93
-86
-48
-32
-21
-10
-17
-18
-20
0
4
3
-2
-9
4
11
10
8
-3
-10
-5
1
-6
2
5
-5
1
-1
13
-9
8
15
39
54
48
59
49
70
65
72
64
74
67
51
36
11
11
23
5
8
24
33
46
60
58
42
29
12
-4
5
15
5
-10
-15
-34
-49
-53
-58
-59
-54
-62
-47
-33
-53
-47
-53
-56
-51
-62
-61
-38
-53
-38
-42
-57
-49
-65
-65
-61
-32
-6
8
7
18
29
38
64
69
74
69
71
88
91
80
66
60
35
25
27
24
14
16
35
36
42
53
52
33
25
14
9
11
6
-11
-13
-31
-63
-55
-64
-60
-47
-48
-49
-45
-46
-43
-43
-40
-39
-51
-56
-36
-39
-53
-47
-46
-29
-21
-26
-19
-26
-30
-29
-41
-53
-33
-12
-4
14
39
46
62
75
68
89
82
66
66
63
66
77
94
88
109
116
104
121
126
116
109
101
88
90
101
92
90
90
93
63
55
37
12
-7
-15
9
1
2
28
32
22
9
-4
-8
-16
-20
-43
-62
-65
-67
-86
-102
-106
-109
-113
-118
-91
-84
-89
-77
-93
-86
-85
-106
-109
-105
-104
-105
-111
-113
-114
-116
-114
-119
-104
-95
-82
-75
-71
-75
-77
-85
-78
-73
-72
-78
-82
-71
-92
-93
-78
-63
-62
-29
1
31
55
69
82
81
81
73
62
77
84
111
114
103
105
100
110
118
119
122
124
136
147
156
170
150
140
123
107
93
51
17
-6
-26
-43
-48
-51
-53
-35
-22
-4
5
-2
2
22
21
13
9
15
22
1
-2
5
14
19
18
26
37
58
74
65
61
61
41
34
33
44
44
37
23
-1
-22
-32
-32
-43
-41
-60
-62
-40
-27
-45
-17
-33
-40
-23
-31
-30
-49
-57
-66
-68
-87
-109
-123
-104
-89
-76
-80
-85
-50
-31
-35
-18
-10
4
18
26
41
38
26
21
1
-1
13
4
6
0
-14
-24
-26
-30
-25
-28
-33
-16
3
14
25
33
49
53
50
71
72
73
64
86
90
93
101
95
96
98
122
107
87
88
73
41
21
6
-18
-26
-33
-45
-51
-78
-78
-80
-70
-71
-69
-71
-74
-74
-72
-44
-42
-47
-62
-66
-88
-98
-111
-115
-105
-95
-114
-118
-109
-97
-101
-107
-97
-100
-81
-74
-65
-60
-48
-46
-65
-68
-57
-39
-1
12
25
45
44
58
62
65
77
72
63
65
68
93
97
86
102
111
104
101
99
96
97
106
113
111
120
118
115
106
101
114
108
107
96
79
76
57
40
24
9
32
60
61
61
50
47
66
67
80
87
69
54
43
16
-12
-34
-55
-57
-63
-73
-81
-59
-48
-48
-41
-34
-16
-15
-36
-52
-52
-56
-55
-63
-82
-106
-116
-121
-132
-140
-151
-134
-111
-115
-106
-90
-82
-57
-61
-63
-56
-50
-55
-60
-55
-44
-40
-32
-14
-3
-18
-9
-16
-38
-45
-39
-40
-40
-30
-18
-12
-11
-3
-25
-25
1
19
27
46
38
41
51
38
30
19
14
11
6
10
16
33
58
85
73
87
95
92
104
83
83
97
79
82
89
73
84
79
73
73
69
52
49
45
33
27
41
33
16
-1
-10
-21
-23
-27
-21
-8
-14
-27
-38
-44
-65
-74
-73
-80
-84
-96
-98
-88
-76
-67
-73
-73
-73
-70
-62
-49
-39
-30
-18
-19
1
11
19
21
19
30
18
21
14
11
28
44
41
29
34
40
43
57
46
37
66
70
68
70
62
67
57
60
67
76
86
91
98
92
79
61
60
43
18
-14
-32
-43
-71
-87
-96
-103
-108
-97
-73
-86
-85
-66
-61
-52
-48
-32
-22
-16
-4
12
17
34
34
48
52
49
37
35
56
46
47
54
73
81
95
85
93
97
86
101
92
68
60
49
12
4
-4
-31
-49
-55
-57
-70
-83
-80
-76
-75
-76
-81
-76
-79
-86
-83
-79
-58
-74
-77
-89
-102
-121
-126
-126
-130
-132
-151
-126
-134
-156
-141
-130
-130
-144
-137
-126
-127
-127
-114
-90
-97
-97
-81
-70
-51
-44
-23
-2
-7
-11
-4
2
13
18
32
34
43
57
71
99
121
133
148
162
154
156
157
163
152
150
155
134
126
118
113
110
112
118
127
139
142
149
153
164
162
160
170
155
165
147
151
158
160
152
150
153
131
116
94
99
85
62
50
29
4
-5
-2
-7
-8
-10
-15
-17
-28
-44
-55
-76
-93
-101
-110
-122
-128
-144
-179
-183
-189
-202
-215
-216
-241
-241
-225
-229
-232
-223
-207
-198
-191
-168
-152
-151
-124
-104
-76
-62
-38
-25
-4
9
8
23
21
10
5
4
23
22
21
40
49
63
68
74
58
62
61
57
72
72
60
49
49
55
54
52
41
29
32
39
27
36
17
17
24
4
2
11
17
38
34
45
45
45
45
37
22
8
14
6
2
10
17
14
12
-15
-28
-55
-78
-73
-66
-82
-74
-52
-52
-29
-46
-31
-34
-54
-47
-52
-37
-31
-28
-13
-12
0
14
17
25
29
37
62
65
75
86
85
87
97
96
69
59
55
51
43
36
28
30
43
43
32
30
27
41
41
37
43
40
51
48
36
14
5
7
19
-2
-32
-46
-58
-51
-56
-68
-63
-36
-35
-34
-7
4
16
19
25
44
43
59
54
57
56
53
56
57
59
42
31
30
7
-10
-1
-19
-21
-26
-29
-27
-41
-37
-35
-29
-15
-14
-7
1
12
-4
-6
-2
-1
-8
-22
-39
-53
-53
-56
-60
-62
-57
-72
-88
-102
-116
-135
-126
-112
-113
-95
-93
-103
-91
-76
-74
-56
-47
-41
-46
-41
-36
-44
-48
-64
-65
-62
-57
-44
-33
-23
-9
-4
4
3
3
-3
-3
0
-5
5
12
29
38
66
75
85
99
95
89
109
115
93
101
101
101
98
99
91
99
91
80
75
64
60
52
67
92
91
102
121
126
135
125
116
97
96
88
67
55
46
40
22
-8
-37
-62
-65
-69
-79
-76
-75
-49
-38
-46
-42
-43
-45
-29
-15
-19
-23
-29
-33
-26
-20
-19
-24
-18
-17
-12
-21
-35
-42
-53
-43
-28
-18
-34
-33
-25
-38
-25
-30
-40
-49
-51
-40
-48
-53
-61
-62
-71
-60
-55
-57
-48
-35
-34
-26
-40
-48
-39
-42
-46
-47
-17
-16
-15
-2
1
4
13
26
48
60
62
88
105
111
104
93
72
43
40
25
0
-6
-12
-19
-29
-43
-41
-31
-16
-1
-8
-11
-8
-5
-7
-15
-24
-9
-14
-4
-4
-4
1
-7
5
3
7
12
10
2
25
21
9
10
10
0
-12
-26
-31
-33
-45
-56
-62
-62
-51
-40
-47
-40
-24
-23
-15
-20
-16
-11
-20
-24
-24
-28
-20
-23
-24
-7
3
11
24
47
61
60
74
93
105
109
118
129
133
135
127
123
126
124
108
100
80
67
55
34
30
28
15
10
4
-3
-13
-20
-14
-7
-11
-17
-24
-16
-19
-8
1
-7
2
-8
-4
-12
-22
-10
-7
-5
-8
-12
-5
-3
-14
-19
-9
1
2
-10
-13
-8
-11
-11
-25
-34
-32
-24
-33
-36
-37
-40
-41
-48
-45
-57
-69
-72
-81
-89
-90
-110
-123
-121
-132
-128
-109
-96
-95
-85
-69
-57
-56
-44
-35
-29
-14
0
10
18
28
46
53
64
77
91
98
94
103
87
68
55
42
34
18
8
-11
-28
-42
-70
-75
-69
-75
-82
-75
-85
-85
-80
-73
-61
-47
-18
-8
-8
7
22
29
23
20
12
10
20
26
42
59
77
84
91
99
115
121
122
137
148
149
156
160
146
125
106
100
85
76
70
61
63
50
49
40
30
28
31
29
27
37
41
37
31
12
4
12
3
3
-1
-18
-33
-40
-44
-40
-47
-51
-36
-38
-32
-36
-45
-47
-60
-53
-66
-76
-79
-84
-92
-100
-99
-101
-114
-116
-112
-107
-85
-80
-74
-74
-75
-67
-52
-45
-39
-30
-34
-26
-37
-32
-41
-38
-19
-16
-21
-16
-12
-7
-5
-4
0
1
-4
-10
2
-6
-24
-17
-7
-6
-1
6
15
21
29
26
34
44
58
65
65
60
78
78
73
75
65
60
77
81
64
56
49
44
36
26
13
19
21
12
19
29
37
44
41
46
46
23
18
25
18
2
-4
-8
-17
-15
-18
-16
-18
-31
-31
-34
-39
-42
-54
-59
-47
-44
-46
-44
-49
-55
-57
-62
-50
-42
-24
-22
-17
-6
-14
-11
-10
-18
-23
-14
-20
-17
-9
-7
2
2
9
22
37
45
54
59
67
60
55
42
28
27
19
11
3
-5
-5
3
3
14
22
27
28
30
29
28
29
39
39
26
22
21
15
1
-8
-5
-10
-7
8
6
9
19
20
11
11
17
15
12
12
10
17
15
12
15
9
9
1
8
2
-5
2
5
3
-2
1
-7
-15
-24
-37
-43
-52
-54
-67
-69
-66
-65
-63
-65
-64
-63
-59
-50
-37
-37
-23
-19
-19
-8
-7
10
13
24
30
20
5
1
4
-5
-15
-25
-29
-28
-27
-47
-43
-38
-44
-39
-42
-38
-42
-40
-35
-40
-50
-54
-53
-53
-53
-48
-34
-19
-10
-6
13
26
29
31
25
27
26
22
12
13
13
9
0
7
20
21
34
31
41
47
58
70
82
89
98
99
88
89
73
60
55
54
57
59
57
70
77
73
89
81
77
72
64
73
67
63
58
54
60
60
55
41
35
26
17
5
-9
-18
-24
-32
-34
-27
-28
-23
-23
-22
-26
-39
-35
-38
-46
-47
-53
-56
-55
-64
-68
-66
-71
-73
-71
-55
-51
-51
-48
-44
-47
-45
-48
-52
-43
-45
-44
-40
-28
-25
-18
-11
1
11
0
5
7
9
13
16
25
19
16
15
6
-6
-19
-22
-23
-30
-25
-28
-29
-17
-19
-13
1
4
4
6
2
-4
-14
-17
-20
-25
-38
-42
-53
-54
-59
-61
-60
-58
-49
-48
-45
-34
-30
-30
-21
-18
-8
-6
-4
0
2
1
6
12
18
31
35
39
40
45
45
44
45
48
47
31
29
13
11
4
5
9
6
21
38
46
55
60
55
64
66
59
53
58
58
48
47
42
34
30
20
26
29
25
23
28
25
26
24
21
18
15
24
16
16
14
12
8
9
9
6
11
15
6
6
1
-4
-5
4
5
5
12
16
14
6
11
7
5
-3
-11
-7
-5
-10
-17
-12
-16
-15
-26
-32
-23
-16
-2
6
4
-4
-5
-21
-30
-41
-48
-47
-57
-53
-67
-77
-74
-74
-77
-80
-81
-87
-81
-73
-64
-63
-63
-62
-56
-54
-47
-34
-29
-21
-21
-15
-10
-4
11
29
35
41
48
46
43
45
45
48
45
42
33
27
29
15
11
10
12
15
22
19
15
11
5
3
-4
-7
-14
-16
-16
-14
-10
-13
-14
-5
-2
1
3
6
17
21
20
24
20
27
33
19
16
9
9
7
4
16
10
15
14
12
19
13
19
25
30
31
32
35
36
38
44
37
30
30
26
29
17
16
27
23
26
23
17
11
3
5
1
-1
-1
-8
-17
-9
-9
-14
-18
-15
-15
-18
-15
-20
-22
-21
-18
-12
-11
-4
4
4
8
7
2
-2
3
2
-2
-4
-6
-10
-7
-2
-10
-9
-12
-15
-26
-18
-16
-22
-20
-11
-10
-9
5
7
9
9
-1
-7
-16
-19
-9
-16
-18
-23
-33
-28
-24
-18
-19
-11
-5
-7
-10
-8
1
