SAMPLES:	20729
BITSPERSAMPLE:	16
CHANNELS:	1
SAMPLERATE:	16000
NORMALIZED:	FALSE
-8
-10
-9
-9
-9
-8
-10
-8
-9
-5
-7
-10
-9
-8
-5
-9
-8
-7
-11
-5
-4
-9
-10
-7
-9
-8
-7
-8
-4
-5
-6
-12
-12
-10
-8
-7
-6
-1
1
2
3
-1
2
3
1
1
8
7
9
10
10
13
17
18
16
15
13
16
11
12
13
11
10
8
9
15
13
9
9
9
10
8
6
5
8
11
6
3
2
2
1
-1
-1
4
5
6
7
7
8
9
11
9
13
14
11
8
4
2
3
3
1
1
1
0
-4
-6
-4
-8
-11
-13
-15
-18
-20
-20
-25
-27
-27
-22
-25
-25
-23
-25
-26
-28
-27
-27
-26
-27
-26
-23
-23
-21
-17
-14
-11
-8
-6
-4
1
1
3
5
6
5
9
16
18
20
18
16
22
23
20
21
23
23
27
29
31
29
30
28
28
28
26
25
28
26
29
25
26
30
21
21
16
14
13
12
9
6
3
0
0
-1
-3
-4
0
-5
-5
-5
-10
-7
-7
-7
-12
-14
-14
-21
-29
-28
-29
-29
-29
-30
-29
-31
-32
-27
-33
-30
-33
-29
-28
-34
-33
-32
-27
-29
-28
-29
-26
-31
-34
-32
-28
-26
-22
-21
-18
-12
-15
-11
-9
-2
-2
4
5
8
13
12
14
22
24
23
26
29
32
33
40
39
40
43
43
45
46
49
54
52
48
50
52
48
41
42
37
37
36
31
25
24
18
20
14
5
7
4
0
1
2
-1
-7
-12
-16
-18
-21
-20
-22
-27
-28
-29
-31
-30
-29
-26
-26
-28
-27
-25
-22
-22
-22
-24
-20
-15
-16
-18
-14
-12
-10
-8
-4
-1
0
6
7
7
9
8
9
8
8
14
13
13
13
12
13
14
13
14
9
9
8
2
2
2
2
-3
-4
-6
-9
-10
-16
-15
-16
-18
-17
-17
-19
-21
-24
-24
-21
-23
-25
-24
-22
-20
-18
-15
-12
-15
-15
-13
-14
-10
-7
-7
-6
-9
-5
-7
-3
-3
-2
-4
2
5
5
7
8
10
10
13
9
8
8
9
10
11
13
17
14
15
17
19
21
21
18
19
18
16
15
18
19
15
14
16
14
10
15
16
18
19
19
17
15
17
14
13
6
3
4
3
1
-6
-5
1
-3
-8
-12
-11
-16
-20
-20
-18
-23
-20
-18
-18
-20
-22
-20
-19
-14
-15
-15
-12
-11
-10
-8
-7
-6
-7
-10
-6
-6
-5
-1
0
4
8
4
1
4
1
-1
-5
-6
1
0
-1
5
9
12
15
18
18
21
21
21
20
23
20
17
20
21
20
17
16
12
10
10
8
6
5
12
8
7
4
0
-1
2
3
2
3
-2
-3
-4
-6
-7
-7
-8
-11
-16
-16
-20
-22
-23
-25
-22
-23
-24
-29
-28
-27
-26
-26
-24
-26
-24
-18
-16
-17
-16
-16
-13
-11
-8
-11
-6
-3
-2
-1
-2
0
-1
1
0
3
5
6
9
8
8
4
5
7
6
6
8
13
12
12
9
10
11
10
8
9
12
8
13
15
18
19
23
25
24
20
22
23
20
20
17
16
14
14
16
17
16
17
17
16
13
13
16
10
7
5
5
1
1
3
-2
-5
-9
-9
-13
-12
-12
-13
-10
-12
-13
-15
-13
-12
-12
-13
-15
-11
-14
-18
-16
-16
-17
-18
-17
-18
-14
-14
-10
-11
-11
-8
-7
-5
-2
2
-1
-5
-2
-5
-4
-1
-5
-4
-6
-9
-7
-8
-7
-4
-4
-6
-5
-5
-3
1
6
6
6
6
0
1
2
-2
3
2
1
-1
-1
1
2
1
1
-2
-2
-3
0
2
1
3
2
-2
-1
1
1
4
4
9
9
10
12
14
15
15
18
13
15
15
10
9
14
12
12
11
9
11
9
6
3
1
3
3
1
-2
-4
-3
-8
-7
-8
-8
-7
-8
-8
-7
-7
-7
-6
-5
-6
-7
-7
-6
-3
-2
-4
-5
-6
-6
-4
-9
-11
-10
-11
-11
-10
-7
-9
-7
-7
-8
-7
-9
-9
-5
-4
-3
-4
-4
-1
0
1
2
3
4
2
0
4
6
8
8
7
7
8
9
11
13
16
19
18
17
17
17
15
11
12
11
11
9
11
13
14
14
13
13
14
17
9
6
-1
1
-1
-4
-4
-6
-3
-3
-6
-4
-5
-3
-4
-3
-3
-2
-3
-2
-2
-5
-4
-10
-10
-13
-12
-10
-7
-9
-12
-13
-13
-14
-13
-15
-12
-12
-14
-12
-13
-14
-14
-12
-14
-15
-13
-11
-9
-7
-6
-8
-7
-10
-10
-7
-9
-7
-5
-5
-4
-6
-4
-3
-2
-4
-2
-2
0
1
2
3
4
4
3
2
1
-2
-2
-2
-2
1
2
4
6
9
9
9
11
11
13
13
13
14
13
13
15
16
18
18
20
21
20
18
20
17
18
18
16
17
13
14
11
11
7
5
2
1
2
1
1
-4
-2
-1
-2
-4
-4
-4
-6
-6
-9
-7
-9
-6
-5
-7
-7
-5
-6
-8
-8
-7
-10
-10
-12
-12
-11
-11
-13
-16
-16
-17
-17
-18
-16
-13
-12
-8
-7
-9
-7
-7
-5
-5
-7
-3
-6
-9
-6
-4
-2
1
2
4
5
3
3
4
3
4
10
9
8
10
7
7
6
8
8
9
7
8
10
12
11
7
9
6
7
7
6
10
13
13
14
14
16
17
19
19
18
16
15
11
9
10
8
8
10
14
12
12
8
4
5
4
4
0
-1
-1
-3
-5
-8
-11
-12
-16
-17
-16
-16
-13
-14
-16
-16
-16
-13
-16
-19
-19
-18
-18
-19
-19
-18
-17
-17
-16
-14
-10
-11
-13
-11
-11
-7
-5
-9
-6
-4
-1
0
-5
-5
-3
-4
-6
-4
-4
-2
-3
-1
0
1
-2
-4
-4
-7
-4
1
-2
-1
1
0
-2
-1
-1
1
1
0
-3
-2
0
-1
-1
-4
0
1
2
3
5
6
7
9
6
8
8
10
10
11
11
13
13
11
14
13
16
17
19
17
18
18
18
20
20
18
16
13
11
10
14
11
10
11
9
8
9
10
11
9
5
2
-1
3
-2
-3
-1
0
-2
-6
-5
-5
-8
-7
-6
-7
-11
-11
-10
-10
-10
-11
-13
-13
-14
-14
-14
-16
-13
-13
-14
-14
-18
-18
-14
-11
-10
-12
-10
-10
-11
-12
-13
-12
-10
-10
-8
-9
-6
-4
-3
-2
-4
-2
-2
-3
-1
1
4
7
9
9
10
9
12
13
12
15
15
14
15
16
17
14
12
13
14
13
11
12
15
14
15
16
12
13
10
7
6
4
3
2
1
-1
0
1
2
2
3
2
2
3
2
3
3
4
2
0
-1
0
-4
-1
-6
-5
-4
-7
-6
-9
-10
-11
-8
-12
-14
-17
-17
-16
-18
-18
-19
-20
-19
-21
-18
-20
-20
-17
-17
-16
-15
-14
-12
-11
-10
-7
-7
-5
-4
-1
-1
0
3
2
3
2
4
7
6
9
10
11
11
10
10
10
12
13
13
11
10
12
10
8
7
7
6
3
5
2
4
2
2
3
0
1
2
3
3
3
5
7
8
8
8
9
8
8
7
10
11
11
15
14
12
12
12
12
11
9
10
9
7
6
5
5
4
4
2
0
-4
-8
-6
-8
-10
-13
-15
-13
-12
-13
-12
-15
-17
-16
-15
-16
-14
-12
-13
-10
-13
-11
-8
-6
-9
-6
-2
-2
1
0
0
2
0
-1
-3
-5
-3
-4
-4
-6
-5
-4
-7
-5
-4
-4
-1
0
3
2
3
3
0
-3
-5
-5
-3
-4
0
5
8
10
9
11
9
10
8
8
8
8
6
2
2
4
4
2
2
3
5
3
4
5
6
5
4
4
5
3
2
3
1
3
4
4
5
9
5
6
5
4
3
3
3
2
2
1
1
0
-1
1
0
-2
-3
-5
-4
-6
-7
-7
-9
-9
-6
-9
-13
-17
-15
-14
-18
-14
-14
-15
-13
-11
-11
-13
-9
-8
-8
-6
-8
-6
-3
0
1
2
5
5
6
6
6
7
7
8
11
9
9
8
8
10
10
9
7
9
9
7
6
8
8
11
11
9
9
8
5
3
5
3
3
2
2
5
8
10
9
9
6
3
1
1
2
2
-1
-4
-6
-5
-3
0
-2
-1
-3
-2
-2
-1
0
0
3
0
1
1
-1
-2
-4
-5
-5
-5
-7
-8
-8
-8
-9
-6
-6
-7
-8
-11
-8
-8
-10
-12
-11
-10
-11
-9
-10
-9
-11
-12
-13
-12
-11
-10
-10
-11
-9
-7
-7
-5
-4
-2
0
2
3
3
1
3
4
7
12
11
12
8
7
6
7
9
9
9
10
12
13
16
15
15
14
13
13
13
11
9
7
7
6
7
7
9
9
8
6
4
5
3
6
7
8
8
7
11
8
8
8
6
6
4
5
4
4
4
3
1
0
-2
0
1
-1
-2
-6
-7
-11
-11
-11
-11
-13
-15
-15
-13
-14
-17
-17
-16
-16
-17
-15
-15
-16
-17
-17
-15
-18
-15
-15
-16
-13
-13
-14
-14
-13
-14
-10
-10
-10
-7
-7
-4
-3
2
2
6
6
8
7
11
12
10
11
10
12
14
13
11
13
16
15
16
17
16
15
14
15
17
15
14
14
13
13
15
11
8
8
6
6
2
3
1
1
1
1
1
0
1
0
-1
-1
1
1
-2
-1
-2
-4
-2
-4
-4
-5
-3
-2
-1
2
2
1
-1
-2
-4
-6
-7
-10
-11
-12
-12
-10
-11
-14
-15
-15
-17
-19
-19
-21
-20
-19
-21
-23
-21
-17
-18
-15
-15
-15
-15
-11
-11
-9
-7
-6
-1
-3
-2
0
2
1
-1
-4
2
0
3
6
8
10
12
16
14
15
13
13
14
14
15
16
16
17
18
18
20
18
16
17
20
20
19
20
21
21
22
21
24
21
21
18
17
19
17
16
14
18
15
10
10
10
13
13
8
6
4
1
0
-3
-4
-4
-6
-10
-12
-14
-17
-17
-20
-23
-21
-21
-23
-24
-27
-29
-27
-26
-26
-25
-21
-24
-23
-23
-24
-20
-18
-17
-15
-13
-12
-11
-10
-11
-8
-10
-9
-5
-2
0
0
3
4
4
2
5
6
6
7
6
6
5
6
4
5
1
0
4
1
1
1
4
5
5
4
6
5
7
7
6
5
8
5
5
6
7
11
13
12
14
15
15
15
17
20
18
20
20
20
17
14
12
13
13
10
8
7
3
4
5
2
0
-2
-5
-3
-7
-10
-9
-14
-15
-15
-17
-18
-19
-19
-17
-18
-18
-15
-16
-17
-16
-16
-15
-14
-11
-7
-7
-7
-3
-4
-3
-4
-2
-2
1
2
-2
-2
-1
-3
-1
3
-1
0
-1
2
-1
-2
-1
-3
1
-1
-1
-2
-1
-3
-4
-4
-6
-5
-5
-4
-3
-3
-4
-4
-7
-7
-7
-6
-2
-2
3
2
3
4
4
8
8
10
10
13
11
10
12
13
11
11
11
14
16
17
17
17
16
19
18
14
13
14
16
18
18
14
15
15
14
12
13
10
11
11
9
7
7
5
6
7
3
4
2
2
0
-1
-2
-5
-7
-9
-10
-11
-13
-15
-15
-15
-15
-16
-17
-15
-14
-16
-18
-20
-20
-20
-21
-22
-20
-20
-23
-25
-25
-27
-26
-22
-24
-20
-18
-18
-18
-17
-18
-16
-11
-11
-7
-7
-8
-6
-6
-2
-2
2
2
4
7
8
12
13
13
12
15
14
15
12
13
14
16
16
14
12
8
7
9
9
10
13
12
13
13
12
11
12
12
12
15
17
17
18
18
21
19
20
21
17
17
16
11
11
15
11
12
10
6
4
2
-4
-3
-2
-9
-9
-15
-20
-18
-16
-13
-11
-11
-12
-10
-12
-11
-5
-4
-2
-1
-4
-6
-6
-8
-9
-9
-14
-18
-22
-22
-27
-29
-28
-30
-27
-26
-22
-22
-19
-18
-17
-9
-6
-5
-4
1
2
6
10
13
21
26
29
28
29
30
30
28
27
26
21
17
10
5
7
5
4
3
5
4
6
6
7
7
5
9
9
9
10
14
12
14
17
21
21
20
16
14
11
8
8
6
2
0
-2
-7
-8
-12
-16
-19
-17
-19
-22
-21
-21
-16
-15
-15
-12
-13
-11
-10
-8
-7
-5
-2
-4
-6
-5
-6
-6
-8
-9
-12
-16
-16
-19
-19
-19
-22
-22
-25
-27
-26
-25
-24
-19
-18
-17
-17
-17
-12
-9
-4
-2
0
1
2
2
6
8
9
3
2
6
7
5
3
8
4
3
5
5
9
12
12
14
17
15
13
18
18
16
15
14
18
20
22
25
28
25
25
28
24
21
22
16
17
17
14
13
9
7
4
7
6
7
7
6
8
9
10
10
11
9
10
10
10
6
3
-1
-3
-6
-6
-7
-9
-9
-8
-9
-10
-10
-16
-17
-19
-21
-21
-21
-20
-17
-17
-19
-20
-14
-13
-13
-11
-13
-11
-10
-14
-13
-15
-16
-18
-15
-13
-14
-14
-15
-12
-8
-8
-9
-11
-10
-11
-14
-13
-16
-16
-17
-18
-13
-9
-8
-8
-2
-1
2
6
8
10
11
9
7
9
9
9
12
15
15
15
14
15
17
19
22
20
25
25
26
21
19
17
13
13
13
10
11
14
14
14
13
10
8
10
6
4
0
1
3
7
6
2
3
2
2
-1
-2
0
1
-1
0
-1
-1
2
-4
-6
-2
-5
-9
-6
-8
-10
-5
-10
-8
-6
-6
-11
-12
-11
-14
-13
-12
-13
-14
-18
-13
-8
-7
-7
-9
-8
-6
-8
-10
-7
-7
-8
-6
-2
-10
-6
-1
-3
3
6
6
8
13
11
11
7
7
2
5
7
8
9
9
11
16
19
15
11
9
14
14
12
8
7
4
-1
0
1
2
4
4
6
7
2
-2
0
-1
-2
1
-2
-8
-6
-6
-6
-5
-2
-5
-4
-3
-6
-3
-1
-2
-4
-4
-6
-3
-6
-8
-8
-11
-8
-7
-6
-2
0
-1
0
-3
-7
-5
-3
-5
-6
-5
-8
-3
-5
-5
-7
-7
0
0
-4
-3
-4
-2
-2
-6
-7
-8
-5
-4
-3
-1
-2
-4
-3
-1
-3
-4
-4
-3
-4
-5
-4
-3
-5
-4
-4
-1
1
-1
2
6
1
2
4
3
5
3
5
3
2
0
-1
-2
0
3
0
2
6
7
5
5
6
10
8
2
-1
-2
-4
-4
0
1
6
12
15
14
12
14
10
11
15
14
13
13
12
11
10
9
9
12
13
16
16
15
15
11
10
7
1
2
3
1
-2
-1
1
6
4
-1
-2
-5
-8
-8
-8
-9
-7
-9
-9
-5
-7
-9
-9
-9
-10
-13
-13
-14
-15
-22
-21
-18
-15
-15
-16
-17
-17
-17
-13
-9
-9
-11
-5
-7
-8
-5
-5
-4
3
8
4
2
3
1
5
5
8
11
10
9
6
4
6
6
-1
1
10
12
11
16
22
16
10
15
15
13
14
14
13
16
18
18
15
19
20
17
15
15
10
-8
-17
-27
-47
-60
-59
-68
-79
-76
-61
-57
-56
-34
-11
-11
-7
14
26
15
22
40
35
19
35
45
37
40
51
52
40
40
40
20
2
-3
-18
-38
-50
-50
-51
-46
-37
-26
-12
1
10
16
28
30
30
36
36
37
32
42
42
41
40
42
43
35
33
32
16
3
-2
-19
-33
-40
-42
-47
-50
-45
-38
-35
-28
-22
-21
-24
-20
-8
-12
-11
-6
1
4
2
1
8
14
10
12
12
10
6
-4
-6
-13
-17
-18
-26
-33
-30
-30
-30
-21
-18
-17
-13
-4
0
6
8
8
15
18
18
22
27
21
16
19
22
27
24
21
15
10
5
1
-8
-18
-25
-32
-27
-22
-24
-27
-23
-19
-10
-7
-11
3
5
2
2
3
-1
-4
1
3
13
22
25
25
26
25
24
20
13
9
7
3
-3
1
5
1
-1
0
8
11
6
5
2
-5
-13
-12
-10
-8
-13
-12
-9
-8
-7
-4
7
12
12
11
8
12
12
5
2
5
8
0
-10
-4
0
7
16
23
28
30
24
25
28
25
17
13
11
6
2
6
15
13
11
15
23
24
24
19
14
13
13
7
7
4
-3
-4
2
-2
-5
3
1
-2
-1
-9
-42
-79
-105
-141
-189
-208
-217
-252
-273
-259
-246
-231
-192
-136
-98
-59
2
52
75
101
142
166
174
196
225
224
225
238
242
221
202
189
154
116
82
43
-3
-44
-69
-93
-106
-107
-94
-76
-36
4
27
61
94
113
115
122
123
119
122
117
106
105
103
106
103
91
77
55
32
-6
-39
-77
-110
-141
-175
-191
-196
-191
-192
-181
-158
-127
-98
-85
-80
-48
-35
-46
-44
-28
-38
-45
-25
-4
2
15
38
34
24
21
19
-22
-55
-55
-82
-107
-100
-94
-100
-88
-56
-39
-22
11
44
58
66
84
106
113
127
132
129
118
72
25
-30
-111
-203
-261
-299
-381
-445
-420
-398
-414
-370
-263
-198
-156
-43
97
152
209
358
441
433
482
584
595
557
613
644
577
552
555
477
363
281
204
86
-51
-128
-182
-244
-259
-262
-253
-230
-196
-139
-84
-41
-15
26
73
84
93
130
115
82
89
89
75
68
77
66
30
1
-26
-83
-133
-192
-258
-308
-362
-392
-402
-397
-379
-326
-269
-224
-155
-73
-43
-11
65
112
116
122
146
137
99
100
110
56
21
24
1
-50
-78
-110
-193
-250
-301
-402
-481
-524
-586
-641
-674
-689
-722
-714
-622
-548
-491
-389
-219
-127
-53
97
235
320
433
609
701
761
859
970
1004
1018
1048
1035
968
900
825
686
541
419
299
172
66
-1
-21
-11
-9
24
94
141
170
191
289
343
374
454
505
501
491
523
534
496
484
488
422
341
257
144
5
-177
-335
-497
-786
-1110
-1394
-1621
-1917
-2220
-2330
-2398
-2569
-2573
-2281
-2129
-2042
-1684
-1246
-990
-736
-284
83
234
475
841
1019
1060
1286
1526
1524
1522
1640
1617
1452
1324
1212
929
590
385
187
-70
-300
-403
-468
-528
-465
-321
-186
-41
175
410
568
706
864
1009
1048
1032
1098
1156
1108
1059
1076
991
807
679
569
385
194
81
-89
-340
-549
-690
-832
-1001
-1144
-1292
-1537
-1708
-1746
-1861
-1978
-1986
-1979
-2024
-1894
-1605
-1462
-1321
-921
-460
-216
88
564
861
964
1224
1482
1498
1504
1629
1642
1496
1467
1494
1310
1106
1010
842
554
335
205
6
-211
-320
-337
-359
-322
-253
-85
100
257
414
582
654
722
827
855
765
691
705
594
418
362
385
319
217
180
95
-116
-251
-404
-638
-954
-1321
-1658
-1975
-2295
-2552
-2677
-2713
-2772
-2715
-2407
-2137
-1927
-1557
-1009
-616
-305
182
610
830
1127
1538
1771
1888
2129
2355
2366
2355
2372
2228
1942
1703
1414
994
574
245
-120
-447
-677
-792
-855
-882
-820
-669
-486
-286
-60
174
403
532
675
823
898
926
978
1037
996
962
1006
980
891
800
647
403
150
-101
-403
-758
-1147
-1641
-2068
-2373
-2684
-2931
-3004
-3004
-3024
-2803
-2464
-2201
-1881
-1376
-879
-553
-106
448
867
1150
1579
1972
2143
2292
2528
2598
2466
2431
2349
2052
1725
1444
1013
535
163
-201
-584
-860
-1073
-1195
-1193
-1111
-997
-785
-516
-254
37
346
617
880
1143
1352
1485
1568
1659
1638
1574
1530
1403
1154
901
654
283
-134
-464
-772
-1300
-1829
-2147
-2490
-2918
-3159
-3172
-3273
-3363
-3142
-2792
-2585
-2260
-1667
-1151
-806
-312
341
734
1017
1501
1945
2121
2276
2585
2731
2618
2583
2623
2368
1992
1682
1313
785
306
-13
-390
-813
-1055
-1123
-1186
-1237
-1111
-863
-647
-418
-78
274
533
780
1089
1352
1413
1486
1645
1677
1594
1585
1521
1284
981
692
357
-63
-405
-751
-1302
-1848
-2206
-2587
-3051
-3253
-3296
-3386
-3414
-3153
-2834
-2594
-2231
-1638
-1054
-636
-109
490
918
1222
1721
2098
2225
2380
2607
2645
2518
2435
2337
2033
1694
1435
1056
599
211
-137
-495
-843
-1067
-1165
-1218
-1268
-1170
-956
-754
-551
-241
146
424
734
1082
1370
1562
1749
1954
1984
1883
1828
1661
1313
993
712
320
-95
-449
-844
-1410
-1943
-2360
-2806
-3224
-3465
-3607
-3753
-3743
-3409
-3048
-2804
-2270
-1555
-999
-490
237
932
1298
1712
2312
2636
2671
2866
3069
2949
2754
2754
2602
2197
1890
1655
1213
722
354
11
-447
-876
-1133
-1307
-1462
-1516
-1420
-1222
-973
-678
-262
201
565
927
1383
1738
1894
2099
2318
2260
2066
1922
1677
1256
856
533
111
-418
-822
-1306
-1944
-2504
-2942
-3415
-3845
-4044
-4227
-4383
-4175
-3739
-3412
-2989
-2230
-1504
-918
-186
638
1165
1535
2141
2523
2621
2797
3052
3013
2830
2791
2675
2354
2098
1881
1453
1041
733
352
-112
-503
-805
-1166
-1336
-1381
-1401
-1288
-1034
-703
-346
205
688
1098
1548
2004
2263
2419
2580
2583
2379
2152
1929
1495
1014
640
292
-205
-614
-1021
-1603
-2167
-2662
-3162
-3694
-4059
-4331
-4597
-4670
-4427
-4129
-3764
-3123
-2368
-1649
-919
-69
687
1223
1782
2347
2631
2689
2879
2988
2807
2697
2681
2529
2249
2104
1903
1563
1196
899
508
33
-387
-772
-1100
-1374
-1436
-1378
-1199
-933
-535
-21
470
937
1425
1954
2267
2487
2712
2800
2720
2523
2322
1954
1564
1187
841
426
-28
-354
-741
-1317
-1938
-2426
-3011
-3567
-3996
-4320
-4630
-4761
-4584
-4291
-3986
-3430
-2623
-1872
-1197
-415
383
995
1493
2047
2377
2503
2684
2839
2774
2640
2591
2514
2314
2066
1852
1576
1244
887
488
92
-368
-765
-1089
-1284
-1462
-1449
-1227
-940
-573
-108
477
921
1395
1939
2336
2517
2747
2912
2889
2665
2451
2170
1699
1315
949
515
42
-315
-663
-1272
-1862
-2385
-2892
-3488
-3949
-4280
-4606
-4803
-4714
-4380
-4122
-3655
-2943
-2136
-1538
-800
58
681
1147
1703
2145
2295
2441
2622
2611
2497
2485
2462
2314
2129
1970
1711
1324
973
645
202
-277
-676
-934
-1192
-1352
-1339
-1191
-955
-619
-177
267
743
1214
1672
2012
2322
2546
2694
2770
2692
2523
2278
2043
1719
1326
976
646
256
-121
-471
-1021
-1661
-2136
-2668
-3285
-3738
-3975
-4327
-4589
-4386
-4043
-3838
-3386
-2530
-1861
-1408
-643
194
607
1001
1619
1998
2008
2210
2457
2330
2153
2225
2215
1955
1782
1721
1423
1028
769
360
-125
-515
-766
-1000
-1244
-1261
-1181
-1058
-830
-463
-18
422
898
1383
1792
2068
2352
2570
2694
2667
2486
2335
2064
1736
1424
1070
735
377
47
-196
-664
-1298
-1822
-2302
-2877
-3495
-3872
-4164
-4464
-4530
-4282
-4016
-3661
-3001
-2209
-1600
-962
-120
570
996
1520
1955
2163
2368
2604
2700
2587
2530
2521
2383
2176
1999
1730
1364
986
619
220
-208
-611
-912
-1124
-1258
-1354
-1249
-1003
-717
-344
94
567
1017
1469
1889
2220
2463
2683
2721
2565
2381
2091
1728
1348
962
515
121
-218
-532
-966
-1515
-1962
-2400
-2962
-3527
-3878
-4221
-4588
-4683
-4472
-4266
-3998
-3341
-2490
-1806
-1123
-173
581
1052
1670
2294
2487
2550
2815
2957
2695
2545
2572
2326
2006
1907
1765
1371
1052
908
562
71
-201
-407
-678
-898
-977
-947
-864
-665
-301
124
553
1036
1576
1989
2269
2598
2823
2809
2562
2327
2053
1579
1067
720
350
-119
-467
-658
-995
-1570
-1935
-2280
-2831
-3379
-3729
-4049
-4484
-4701
-4510
-4353
-4193
-3645
-2850
-2105
-1425
-515
352
940
1518
2177
2464
2546
2751
2878
2673
2457
2452
2298
2037
1890
1805
1598
1319
1120
894
542
188
-48
-320
-558
-733
-763
-680
-603
-349
40
440
880
1404
1928
2266
2523
2762
2842
2658
2396
2069
1643
1146
694
307
-110
-456
-696
-956
-1410
-1852
-2243
-2688
-3235
-3700
-4031
-4443
-4785
-4757
-4578
-4430
-4030
-3233
-2457
-1819
-1012
-21
624
1100
1721
2211
2286
2387
2669
2633
2349
2245
2293
2047
1813
1781
1746
1423
1152
1040
733
296
19
-163
-483
-739
-740
-648
-608
-362
100
508
934
1484
2068
2422
2694
3005
3130
2959
2678
2402
1936
1436
962
566
131
-247
-471
-828
-1270
-1670
-2048
-2537
-3044
-3419
-3879
-4300
-4486
-4505
-4543
-4328
-3783
-3144
-2548
-1776
-887
-193
445
1176
1740
1940
2191
2440
2466
2307
2269
2221
1973
1887
1853
1722
1466
1308
1194
911
567
189
-119
-420
-641
-831
-900
-854
-721
-490
-153
305
762
1300
1788
2160
2491
2772
2852
2681
2462
2155
1732
1216
781
333
-85
-398
-612
-951
-1397
-1710
-2047
-2490
-2926
-3255
-3636
-4064
-4268
-4177
-4132
-4002
-3445
-2776
-2216
-1557
-644
98
604
1285
1885
2107
2212
2462
2479
2262
2099
2062
1888
1675
1602
1551
1374
1152
1052
896
555
246
63
-182
-493
-617
-564
-547
-527
-215
288
637
1060
1661
2181
2421
2780
2990
2831
2523
2226
1818
1180
651
249
-225
-692
-1051
-1459
-1811
-2128
-2415
-2741
-3054
-3298
-3690
-3860
-3845
-3911
-3802
-3413
-2904
-2475
-1820
-962
-316
241
1026
1610
1865
2117
2416
2410
2092
2070
1964
1615
1422
1434
1273
974
936
913
698
430
344
214
-82
-282
-381
-457
-553
-496
-315
-135
67
436
910
1249
1551
1927
2261
2304
2220
2137
1844
1402
986
652
166
-288
-540
-831
-1327
-1637
-1806
-2125
-2458
-2598
-2741
-3101
-3216
-3110
-3111
-3159
-2816
-2300
-1926
-1455
-730
-80
328
892
1527
1795
1918
2199
2317
2110
1902
1809
1642
1325
1189
1128
978
761
712
683
430
197
139
45
-204
-368
-325
-319
-340
-158
112
278
488
906
1228
1431
1667
1992
2034
1851
1785
1596
1121
696
396
-94
-588
-862
-1181
-1673
-2037
-2196
-2488
-2794
-2945
-3044
-3236
-3295
-3088
-2990
-2862
-2468
-1956
-1569
-1071
-353
175
585
1149
1616
1877
2075
2290
2300
2129
2001
1897
1702
1475
1331
1173
987
781
668
570
357
164
43
-84
-248
-328
-287
-244
-151
95
372
575
902
1260
1515
1661
1861
1969
1850
1674
1467
1153
693
273
-127
-550
-928
-1272
-1652
-2035
-2359
-2673
-2908
-3054
-3177
-3288
-3247
-3083
-2947
-2702
-2255
-1755
-1330
-786
-132
408
857
1358
1783
1989
2170
2367
2399
2217
2105
1956
1694
1461
1319
1109
850
673
524
342
160
26
-125
-213
-318
-378
-324
-259
-93
155
442
678
951
1292
1555
1756
1905
2008
1897
1715
1495
1135
676
253
-89
-564
-971
-1295
-1748
-2194
-2499
-2814
-3149
-3325
-3381
-3538
-3600
-3316
-3097
-2894
-2354
-1743
-1265
-721
-7
576
939
1410
1910
2047
2177
2408
2398
2142
1965
1899
1586
1266
1141
989
687
485
432
290
33
-123
-157
-312
-454
-516
-449
-402
-296
69
465
734
1096
1620
1991
2178
2394
2611
2442
2143
1938
1552
996
477
147
-333
-864
-1153
-1460
-1975
-2431
-2705
-3030
-3372
-3576
-3625
-3760
-3700
-3372
-3093
-2722
-2138
-1405
-818
-175
603
1210
1648
2145
2522
2601
2681
2735
2581
2207
1960
1698
1328
1055
828
569
313
164
26
-168
-330
-467
-605
-687
-740
-824
-732
-529
-280
27
487
961
1363
1908
2439
2675
2801
2915
2754
2378
1951
1559
942
312
-126
-662
-1202
-1678
-2076
-2505
-2986
-3302
-3574
-3817
-4029
-4161
-4099
-3853
-3604
-3215
-2524
-1760
-1112
-358
597
1252
1742
2367
2869
2964
3059
3281
3083
2583
2344
2140
1550
1084
997
754
249
48
39
-314
-686
-721
-805
-1165
-1352
-1166
-1148
-1194
-846
-306
61
494
1192
1819
2229
2624
3086
3167
2980
2815
2558
1948
1303
848
282
-382
-921
-1354
-1931
-2466
-2805
-3118
-3516
-3833
-3999
-4192
-4303
-4108
-3795
-3468
-2961
-2141
-1328
-528
386
1321
1989
2619
3240
3549
3613
3666
3635
3225
2825
2426
2008
1553
1146
781
440
104
-191
-432
-741
-1024
-1222
-1347
-1523
-1616
-1597
-1462
-1202
-868
-332
223
793
1433
2094
2606
2986
3261
3282
3166
2855
2401
1808
1214
589
-8
-604
-1274
-1852
-2417
-2902
-3377
-3769
-4073
-4321
-4531
-4600
-4461
-4295
-3884
-3272
-2528
-1795
-930
70
958
1726
2473
3187
3550
3789
3973
3903
3526
3226
2944
2379
1854
1480
1036
478
131
-114
-543
-992
-1191
-1333
-1672
-1807
-1705
-1632
-1562
-1180
-643
-264
271
1033
1700
2131
2718
3223
3356
3335
3285
3062
2531
2043
1510
845
158
-423
-1039
-1769
-2362
-2883
-3359
-3839
-4193
-4466
-4655
-4646
-4540
-4308
-3961
-3353
-2708
-1952
-1075
-179
712
1574
2380
2961
3423
3760
3951
3824
3619
3345
2935
2466
1999
1549
992
545
137
-245
-627
-973
-1295
-1567
-1777
-1973
-2055
-2024
-1844
-1562
-1075
-524
32
764
1505
2136
2675
3205
3459
3461
3387
3137
2668
2149
1705
1064
440
-124
-725
-1383
-2009
-2528
-3080
-3540
-3908
-4234
-4497
-4511
-4444
-4285
-3871
-3256
-2611
-1895
-934
9
847
1729
2567
3150
3553
3960
4090
3892
3708
3589
3170
2648
2312
1857
1244
837
497
-78
-629
-917
-1274
-1756
-2091
-2218
-2385
-2509
-2317
-1979
-1611
-1042
-279
447
1115
1838
2563
2922
3094
3190
3109
2764
2373
1994
1440
866
365
-182
-796
-1363
-1944
-2501
-3009
-3458
-3907
-4329
-4511
-4605
-4658
-4444
-3977
-3424
-2786
-1913
-955
-156
708
1685
2427
2928
3461
3904
3927
3763
3748
3570
3154
2839
2594
2156
1630
1283
959
397
-176
-517
-947
-1539
-1990
-2178
-2367
-2569
-2424
-2042
-1678
-1197
-377
428
1048
1796
2583
2985
3078
3179
3145
2746
2277
1931
1483
807
240
-226
-781
-1408
-1925
-2333
-2856
-3393
-3766
-3988
-4277
-4408
-4297
-3995
-3630
-3181
-2429
-1584
-800
30
989
1817
2381
2988
3543
3674
3638
3715
3645
3289
2992
2839
2459
1967
1669
1352
814
307
16
-415
-990
-1417
-1735
-2104
-2442
-2444
-2302
-2148
-1800
-1150
-461
146
830
1579
2050
2266
2500
2606
2414
2121
1892
1502
975
457
5
-510
-1079
-1548
-1996
-2466
-2926
-3292
-3538
-3797
-3944
-3910
-3745
-3449
-3031
-2438
-1711
-981
-199
685
1488
2087
2647
3184
3400
3405
3528
3482
3192
2959
2838
2509
2100
1903
1649
1167
795
586
141
-424
-796
-1103
-1585
-1914
-1961
-2003
-1979
-1694
-1143
-682
-168
546
1103
1445
1753
1966
1921
1734
1570
1310
948
614
227
-292
-775
-1171
-1613
-2062
-2423
-2791
-3145
-3399
-3542
-3703
-3751
-3515
-3213
-2900
-2391
-1671
-986
-331
492
1290
1837
2301
2807
3037
2964
2974
3027
2859
2619
2540
2358
2035
1821
1718
1476
1100
861
590
199
-239
-569
-871
-1234
-1439
-1488
-1461
-1369
-1033
-579
-162
306
831
1196
1361
1547
1576
1385
1186
1038
734
373
95
-250
-633
-1012
-1336
-1698
-2063
-2360
-2665
-2967
-3145
-3213
-3311
-3209
-2905
-2563
-2156
-1529
-841
-272
408
1156
1719
2094
2540
2845
2820
2749
2747
2635
2389
2284
2120
1882
1648
1534
1337
1061
838
596
299
-97
-384
-674
-942
-1179
-1290
-1223
-1096
-882
-518
-61
340
669
973
1166
1135
1091
1027
799
466
185
-75
-501
-879
-1111
-1421
-1772
-1984
-2179
-2497
-2760
-2795
-2870
-3011
-2953
-2677
-2425
-2180
-1712
-1094
-601
-58
665
1282
1723
2167
2565
2624
2603
2656
2610
2383
2155
2059
1809
1559
1425
1347
1131
948
875
690
416
213
99
-148
-328
-391
-445
-526
-450
-210
-16
194
520
812
854
913
903
745
467
259
16
-365
-686
-1006
-1347
-1686
-1948
-2194
-2370
-2529
-2691
-2838
-2851
-2813
-2800
-2621
-2351
-2038
-1682
-1196
-667
-195
351
925
1374
1735
2152
2392
2435
2504
2505
2359
2169
2047
1842
1533
1386
1278
971
757
775
635
387
313
327
148
25
148
164
82
191
423
509
577
886
1101
1031
1007
1063
863
518
307
105
-289
-634
-888
-1302
-1727
-2028
-2301
-2610
-2800
-2914
-3024
-3052
-2938
-2820
-2646
-2304
-1936
-1613
-1192
-630
-187
224
774
1213
1523
1809
2108
2169
2097
2152
2082
1848
1727
1621
1340
1080
934
740
400
213
96
-112
-217
-158
-156
-185
15
211
340
508
783
1015
1166
1415
1612
1653
1556
1484
1280
897
537
241
-93
-497
-822
-1179
-1583
-1970
-2303
-2623
-2912
-3078
-3225
-3324
-3291
-3113
-2927
-2684
-2220
-1687
-1183
-648
18
526
974
1462
1910
2112
2246
2481
2445
2223
2124
2034
1729
1482
1331
1080
775
595
447
151
-53
-160
-304
-419
-472
-435
-418
-312
-51
203
458
808
1128
1409
1699
1890
2002
1964
1828
1566
1236
852
414
-1
-380
-710
-1191
-1659
-1974
-2313
-2712
-2986
-3127
-3331
-3516
-3454
-3311
-3231
-2989
-2466
-1937
-1511
-898
-131
432
907
1544
2017
2193
2386
2634
2588
2348
2274
2150
1784
1535
1410
1156
804
645
533
207
-28
-130
-275
-497
-576
-543
-533
-412
-124
189
468
810
1243
1661
1899
2165
2333
2287
2111
1857
1504
1008
591
176
-305
-777
-1220
-1621
-2048
-2437
-2746
-2991
-3241
-3457
-3567
-3573
-3493
-3329
-3031
-2577
-2086
-1564
-904
-173
448
994
1636
2155
2391
2601
2765
2626
2364
2172
1967
1562
1262
1094
796
446
264
110
-173
-395
-459
-618
-805
-829
-826
-818
-685
-421
-110
218
595
1055
1457
1819
2124
2299
2309
2198
2006
1711
1311
870
435
-6
-482
-956
-1368
-1786
-2192
-2530
-2779
-2997
-3229
-3354
-3369
-3302
-3154
-2880
-2513
-1987
-1447
-840
-188
476
1051
1622
2199
2525
2720
2871
2843
2617
2342
2081
1752
1370
1066
723
410
121
-68
-338
-567
-720
-888
-1016
-1046
-1024
-997
-789
-506
-194
136
566
1029
1453
1822
2188
2411
2394
2381
2231
1899
1502
1182
737
193
-231
-725
-1301
-1787
-2166
-2539
-2869
-3090
-3228
-3375
-3386
-3248
-3117
-2901
-2449
-1912
-1432
-823
-97
527
1078
1714
2258
2543
2792
2965
2882
2628
2385
2078
1631
1275
937
509
137
-127
-445
-742
-934
-1129
-1319
-1416
-1424
-1426
-1338
-1098
-796
-457
-55
423
855
1317
1780
2105
2306
2396
2377
2214
1913
1546
1180
765
338
-134
-638
-1102
-1526
-1962
-2341
-2615
-2858
-3102
-3235
-3172
-3077
-2943
-2609
-2105
-1589
-1053
-314
434
1021
1654
2300
2729
2931
3160
3253
3024
2703
2495
2119
1545
1159
862
409
-28
-244
-531
-937
-1163
-1289
-1565
-1779
-1800
-1791
-1792
-1603
-1182
-820
-417
143
732
1249
1677
2142
2427
2439
2384
2267
1934
1464
1076
655
152
-332
-768
-1235
-1696
-2079
-2382
-2652
-2968
-3180
-3295
-3279
-3250
-3110
-2759
-2287
-1794
-1241
-449
318
976
1670
2406
2880
3149
3460
3585
3292
2976
2742
2259
1678
1291
907
386
-49
-299
-594
-963
-1162
-1291
-1536
-1660
-1682
-1705
-1667
-1480
-1155
-789
-337
197
780
1370
1908
2336
2620
2716
2680
2491
2133
1672
1212
721
190
-401
-929
-1430
-1968
-2369
-2684
-2928
-3163
-3288
-3300
-3267
-3202
-3001
-2652
-2215
-1699
-1062
-310
404
1095
1825
2513
2989
3349
3645
3724
3501
3226
2887
2329
1766
1281
747
140
-292
-628
-1026
-1369
-1541
-1667
-1864
-1966
-1943
-1928
-1889
-1661
-1349
-995
-521
21
621
1198
1758
2292
2619
2779
2799
2649
2328
1879
1415
878
251
-401
-1012
-1583
-2116
-2542
-2832
-3137
-3343
-3352
-3288
-3209
-3052
-2752
-2366
-1968
-1438
-781
-169
524
1285
1998
2591
3151
3629
3858
3877
3809
3589
3161
2634
2117
1555
886
321
-163
-668
-1112
-1428
-1673
-1911
-2051
-2093
-2127
-2095
-1959
-1678
-1364
-1017
-540
22
601
1132
1718
2238
2575
2764
2850
2734
2404
2016
1577
954
273
-392
-1042
-1691
-2305
-2779
-3087
-3364
-3569
-3605
-3493
-3374
-3164
-2834
-2410
-1914
-1389
-744
-67
602
1258
2029
2652
3123
3564
3909
3935
3780
3647
3284
2739
2186
1677
956
252
-255
-759
-1298
-1702
-1935
-2217
-2464
-2522
-2450
-2460
-2340
-2005
-1657
-1301
-808
-211
331
899
1506
2063
2370
2558
2735
2687
2404
2069
1762
1233
586
-90
-714
-1349
-2019
-2526
-2904
-3227
-3482
-3521
-3424
-3269
-3080
-2683
-2135
-1620
-1086
-394
367
1005
1638
2401
3058
3449
3859
4176
4177
3965
3813
3535
2957
2399
1900
1263
499
-93
-610
-1222
-1703
-2007
-2308
-2598
-2699
-2678
-2682
-2554
-2186
-1824
-1447
-939
-365
245
802
1352
1863
2169
2381
2489
2464
2210
1879
1498
1049
467
-231
-818
-1463
-2176
-2751
-3120
-3487
-3811
-3858
-3730
-3611
-3412
-2964
-2435
-1875
-1230
-427
321
984
1760
2487
3090
3564
3987
4285
4356
4231
4060
3766
3273
2769
2279
1628
890
306
-255
-878
-1422
-1802
-2129
-2461
-2627
-2658
-2627
-2540
-2233
-1871
-1524
-1072
-479
104
610
1156
1656
1956
2140
2294
2273
2048
1789
1500
1073
576
-44
-639
-1251
-1908
-2504
-2941
-3333
-3712
-3843
-3756
-3671
-3554
-3156
-2588
-2070
-1491
-685
102
773
1504
2320
2900
3333
3840
4144
4114
4037
3973
3689
3193
2796
2370
1726
1091
584
12
-633
-1107
-1472
-1923
-2270
-2421
-2561
-2625
-2502
-2217
-1920
-1575
-1062
-483
51
537
1117
1645
1890
2037
2217
2190
1932
1733
1525
1111
546
19
-488
-1161
-1834
-2333
-2727
-3177
-3541
-3620
-3592
-3629
-3470
-3039
-2570
-2072
-1414
-575
102
762
1526
2260
2772
3226
3725
3950
3870
3846
3766
3367
2952
2680
2249
1595
1089
636
24
-603
-1008
-1433
-1906
-2200
-2311
-2459
-2546
-2358
-2094
-1838
-1463
-938
-442
47
588
1079
1486
1763
1912
2008
1978
1785
1577
1380
1033
569
27
-459
-994
-1659
-2166
-2527
-2943
-3346
-3474
-3472
-3513
-3430
-3009
-2469
-2001
-1403
-568
170
800
1566
2325
2795
3172
3596
3786
3718
3601
3545
3237
2768
2435
2095
1512
961
613
116
-500
-962
-1306
-1756
-2186
-2406
-2480
-2549
-2507
-2218
-1863
-1542
-1085
-468
65
511
1055
1559
1741
1798
1940
1895
1590
1401
1265
879
345
-65
-463
-1051
-1637
-2043
-2363
-2850
-3179
-3258
-3312
-3384
-3246
-2793
-2358
-1908
-1213
-397
264
943
1787
2522
2975
3389
3799
3884
3742
3708
3574
3156
2688
2439
2011
1378
957
609
77
-482
-816
-1178
-1728
-2095
-2213
-2406
-2572
-2430
-2124
-1931
-1616
-1021
-466
-19
523
1061
1419
1512
1650
1758
1570
1290
1132
883
455
20
-324
-749
-1326
-1765
-2074
-2426
-2837
-3033
-3095
-3160
-3191
-2937
-2575
-2189
-1622
-947
-250
442
1239
1966
2588
3147
3592
3886
3987
3922
3756
3461
3075
2672
2231
1787
1306
860
447
-11
-465
-864
-1238
-1635
-1938
-2149
-2343
-2401
-2316
-2174
-1932
-1534
-1052
-577
-57
504
1005
1320
1518
1682
1653
1488
1287
1026
665
264
-180
-683
-1111
-1526
-2000
-2378
-2569
-2834
-3097
-3144
-3066
-3028
-2937
-2560
-2074
-1679
-1101
-262
463
1059
1785
2587
3093
3467
3886
4082
3927
3721
3617
3204
2623
2256
1915
1285
739
438
29
-534
-916
-1066
-1426
-1840
-1954
-1945
-2133
-2158
-1842
-1595
-1404
-940
-274
118
485
1047
1523
1584
1650
1795
1634
1238
1001
758
248
-268
-674
-1120
-1691
-2124
-2407
-2656
-2939
-3104
-3149
-3142
-3105
-2924
-2576
-2146
-1628
-1012
-306
399
1083
1777
2456
2967
3364
3744
3944
3839
3702
3503
3082
2569
2150
1752
1177
720
363
-124
-585
-897
-1197
-1581
-1805
-1877
-2020
-2061
-1932
-1728
-1528
-1191
-752
-332
133
606
1059
1424
1665
1805
1801
1651
1391
1082
788
383
-56
-598
-1038
-1498
-2037
-2426
-2676
-2926
-3187
-3268
-3198
-3117
-2967
-2604
-2141
-1654
-1112
-399
358
1002
1703
2442
3021
3420
3761
4015
3947
3734
3530
3209
2712
2254
1862
1322
786
396
13
-489
-906
-1200
-1521
-1837
-2045
-2095
-2107
-2071
-1843
-1567
-1281
-856
-411
67
559
959
1335
1566
1646
1643
1530
1295
956
645
311
-136
-648
-1069
-1492
-2004
-2451
-2728
-2940
-3214
-3339
-3267
-3181
-3116
-2815
-2309
-1826
-1301
-527
294
957
1656
2458
3096
3454
3792
4088
4047
3793
3554
3264
2750
2240
1860
1412
859
458
149
-302
-750
-1040
-1280
-1605
-1845
-1932
-1961
-2006
-1933
-1657
-1338
-1001
-538
5
448
845
1309
1671
1724
1691
1675
1445
1049
730
455
11
-510
-954
-1351
-1861
-2241
-2508
-2761
-3050
-3217
-3188
-3183
-3117
-2895
-2524
-2075
-1505
-823
-61
678
1392
2129
2791
3284
3644
3898
4028
3880
3603
3269
2822
2323
1889
1418
865
458
129
-275
-660
-869
-1137
-1442
-1640
-1719
-1840
-1883
-1731
-1558
-1341
-1007
-519
-70
426
957
1381
1693
1948
1998
1864
1669
1365
952
520
146
-320
-885
-1368
-1750
-2211
-2601
-2794
-2949
-3171
-3227
-3166
-3159
-3040
-2700
-2276
-1778
-1201
-474
292
998
1745
2447
3011
3371
3653
3841
3742
3488
3184
2786
2265
1780
1357
878
426
34
-261
-616
-904
-1100
-1301
-1496
-1643
-1715
-1739
-1658
-1530
-1332
-1022
-605
-183
346
902
1312
1702
2060
2168
2047
1957
1733
1254
781
436
-48
-658
-1130
-1472
-1940
-2393
-2589
-2727
-3019
-3203
-3150
-3132
-3111
-2885
-2456
-2020
-1501
-767
24
690
1377
2131
2783
3180
3520
3775
3792
3548
3244
2931
2425
1853
1427
1009
465
79
-166
-501
-883
-1046
-1221
-1482
-1635
-1687
-1723
-1754
-1646
-1436
-1215
-912
-448
64
550
1034
1521
1887
2077
2145
2077
1855
1484
1069
633
191
-302
-811
-1241
-1663
-2078
-2389
-2566
-2783
-3015
-3092
-3088
-3040
-2927
-2610
-2219
-1728
-1120
-409
320
1032
1711
2360
2919
3270
3563
3668
3584
3261
2924
2605
2125
1580
1183
796
335
-54
-288
-530
-866
-1058
-1150
-1339
-1556
-1596
-1528
-1569
-1520
-1178
-878
-595
-125
486
935
1327
1812
2154
2107
2004
1957
1615
1063
658
323
-235
-749
-1137
-1514
-1954
-2261
-2447
-2618
-2818
-2948
-3002
-2989
-2883
-2736
-2420
-1883
-1340
-804
-73
684
1291
1881
2566
3026
3237
3502
3610
3349
2988
2728
2324
1654
1221
930
403
-43
-223
-477
-849
-1025
-1091
-1318
-1579
-1584
-1555
-1634
-1548
-1272
-1021
-764
-270
277
728
1192
1699
2070
2176
2177
2148
1879
1416
986
596
87
-410
-844
-1253
-1674
-2020
-2271
-2523
-2736
-2891
-2948
-3016
-2940
-2771
-2502
-2149
-1598
-1017
-438
271
1019
1653
2194
2772
3133
3269
3345
3331
3061
2658
2283
1862
1356
923
562
200
-150
-411
-626
-850
-1042
-1190
-1311
-1464
-1524
-1515
-1453
-1375
-1193
-840
-462
-41
488
1068
1495
1876
2218
2310
2144
1991
1697
1127
626
229
-220
-760
-1180
-1534
-1912
-2234
-2408
-2562
-2768
-2887
-2923
-2911
-2843
-2627
-2326
-1884
-1307
-695
-15
732
1420
1976
2529
3043
3306
3379
3452
3292
2840
2460
2145
1594
1030
727
412
-10
-249
-349
-571
-853
-959
-1027
-1258
-1463
-1417
-1377
-1451
-1263
-892
-580
-262
331
943
1327
1718
2201
2384
2243
2134
1932
1447
911
503
30
-478
-927
-1301
-1637
-1996
-2312
-2493
-2700
-2927
-3069
-3077
-3048
-3020
-2787
-2377
-1874
-1388
-683
128
754
1335
2076
2667
2900
3129
3358
3250
2800
2515
2246
1585
1079
913
527
-49
-247
-291
-641
-971
-973
-1036
-1371
-1451
-1298
-1354
-1472
-1245
-871
-704
-373
247
763
1127
1585
2130
2356
2279
2285
2189
1747
1183
855
482
-79
-516
-868
-1284
-1704
-2020
-2260
-2543
-2834
-2938
-3013
-3051
-2980
-2787
-2494
-2085
-1480
-865
-191
530
1241
1855
2438
2905
3124
3273
3328
3143
2760
2406
2033
1555
1106
787
424
30
-216
-440
-707
-963
-1090
-1241
-1456
-1589
-1594
-1534
-1505
-1322
-958
-597
-194
335
908
1391
1796
2211
2436
2364
2216
2014
1582
1044
655
262
-180
-650
-992
-1328
-1741
-2029
-2270
-2527
-2812
-3010
-3064
-3069
-3022
-2802
-2418
-1928
-1411
-740
28
704
1345
2049
2593
2908
3114
3330
3294
2942
2612
2289
1807
1299
967
623
199
-76
-246
-502
-777
-938
-1063
-1237
-1395
-1481
-1502
-1468
-1362
-1174
-862
-450
-10
541
1118
1544
1948
2331
2477
2315
2155
1918
1394
878
519
117
-381
-796
-1110
-1514
-1927
-2199
-2484
-2758
-3051
-3215
-3288
-3259
-3132
-2882
-2485
-1928
-1339
-669
128
831
1432
2062
2670
2917
3099
3299
3192
2804
2482
2215
1716
1202
925
638
207
-53
-140
-385
-694
-780
-898
-1158
-1370
-1419
-1435
-1492
-1376
-1067
-739
-423
77
687
1166
1554
2035
2363
2325
2195
2084
1766
1208
804
526
79
-355
-687
-963
-1386
-1737
-2010
-2279
-2567
-2879
-3041
-3104
-3108
-3055
-2772
-2365
-1873
-1318
-546
188
790
1452
2114
2568
2781
3026
3142
2962
2667
2425
2053
1531
1209
995
585
209
68
-147
-507
-652
-731
-988
-1200
-1274
-1367
-1463
-1425
-1234
-1062
-744
-258
302
820
1323
1863
2278
2465
2441
2352
2102
1691
1260
875
464
28
-344
-731
-1109
-1501
-1832
-2141
-2478
-2745
-2942
-3105
-3148
-3104
-2986
-2714
-2281
-1755
-1200
-537
169
791
1362
1969
2407
2658
2822
2869
2679
2390
2112
1718
1322
1004
684
358
111
-118
-339
-525
-730
-923
-1100
-1222
-1365
-1464
-1400
-1317
-1238
-935
-473
-85
412
1051
1573
1924
2317
2583
2486
2252
2077
1756
1180
786
551
121
-352
-661
-923
-1316
-1680
-1957
-2225
-2603
-2863
-2966
-2957
-2972
-2859
-2487
-1998
-1560
-1014
-238
366
899
1526
2148
2384
2587
2854
2844
2487
2264
2096
1574
1133
885
597
147
-95
-174
-447
-712
-808
-933
-1221
-1334
-1341
-1408
-1486
-1397
-1168
-932
-593
-84
504
987
1490
1977
2324
2417
2336
2207
1979
1572
1189
911
560
109
-266
-571
-972
-1368
-1665
-1954
-2293
-2589
-2782
-2934
-3000
-2939
-2786
-2474
-2026
-1567
-1024
-352
331
870
1464
2044
2320
2520
2699
2688
2410
2150
1980
1636
1173
872
694
334
21
-108
-294
-581
-762
-827
-983
-1244
-1364
-1313
-1342
-1347
-1131
-724
-365
41
656
1212
1578
1950
2377
2436
2234
2115
1959
1480
1023
813
498
63
-310
-527
-905
-1393
-1689
-1923
-2292
-2695
-2856
-2948
-3071
-3098
-2857
-2509
-2150
-1653
-944
-294
260
872
1527
2002
2210
2470
2645
2544
2265
2087
1820
1403
1060
846
596
266
95
2
-175
-388
-514
-591
-793
-1027
-1186
-1236
-1275
-1265
-1016
-672
-360
144
811
1306
1649
2064
2399
2361
2194
2127
1837
1322
1011
789
373
-68
-317
-594
-1035
-1395
-1673
-1993
-2386
-2692
-2851
-3027
-3110
-3066
-2872
-2570
-2188
-1723
-1097
-448
132
747
1359
1819
2092
2365
2501
2366
2118
1989
1736
1270
974
814
491
171
89
-17
-289
-431
-419
-605
-873
-981
-971
-1084
-1117
-943
-692
-445
-58
526
1021
1448
1896
2298
2451
2409
2352
2178
1777
1379
1105
758
338
-48
-401
-767
-1179
-1516
-1808
-2159
-2515
-2756
-2926
-3054
-3138
-3048
-2791
-2448
-2048
-1518
-874
-263
349
981
1536
1898
2173
2412
2473
2289
2071
1868
1513
1120
827
572
274
58
-60
-183
-348
-474
-572
-707
-881
-1036
-1097
-1106
-1096
-981
-670
-287
131
622
1177
1652
1999
2337
2552
2458
2269
2085
1741
1271
955
663
275
-124
-445
-781
-1186
-1555
-1865
-2191
-2517
-2812
-3003
-3051
-3095
-3028
-2763
-2319
-1904
-1415
-692
17
539
1094
1721
2046
2187
2399
2484
2218
1936
1782
1477
930
687
585
166
-116
-87
-193
-540
-579
-520
-790
-1079
-1057
-1034
-1226
-1166
-828
-568
-315
203
804
1219
1606
2118
2413
2396
2403
2352
2029
1608
1326
1001
602
231
-134
-520
-925
-1301
-1689
-2042
-2353
-2679
-2919
-3030
-3085
-3052
-2847
-2524
-2137
-1727
-1116
-450
113
691
1282
1764
2040
2305
2443
2344
2136
1960
1725
1339
996
755
452
130
-62
-132
-300
-511
-568
-649
-837
-1020
-1088
-1137
-1194
-1099
-831
-505
-186
299
877
1340
1722
2143
2435
2448
2324
2240
2024
1586
1273
1023
649
221
-133
-464
-909
-1323
-1685
-2023
-2362
-2682
-2898
-3058
-3122
-3123
-2945
-2608
-2223
-1767
-1133
-475
61
632
1247
1695
1978
2248
2416
2327
2058
1896
1631
1204
911
703
450
174
65
-18
-216
-330
-384
-513
-656
-834
-963
-1000
-1022
-933
-736
-401
-59
374
945
1414
1789
2160
2465
2499
2362
2243
2000
1551
1163
916
504
33
-310
-614
-1077
-1543
-1819
-2131
-2513
-2826
-2977
-3152
-3281
-3170
-2939
-2672
-2260
-1714
-1119
-510
111
728
1285
1708
2056
2305
2366
2246
2076
1829
1457
1104
811
533
298
157
-9
-122
-204
-276
-397
-522
-591
-739
-870
-934
-923
-899
-732
-385
-2
418
982
1522
1879
2208
2462
2510
2355
2209
1944
1526
1178
895
503
58
-288
-580
-1035
-1443
-1772
-2092
-2450
-2762
-2963
-3110
-3177
-3134
-2956
-2639
-2181
-1709
-1084
-439
178
742
1278
1723
1979
2139
2224
2107
1842
1636
1412
1035
734
562
332
62
-30
-30
-178
-324
-370
-470
-666
-851
-905
-955
-1025
-889
-584
-310
46
591
1121
1580
1953
2317
2511
2494
2400
2220
1877
1482
1166
844
460
51
-301
-664
-1087
-1470
-1832
-2146
-2479
-2798
-3021
-3094
-3119
-3043
-2795
-2455
-2040
-1550
-916
-323
269
863
1404
1798
2053
2243
2342
2202
1954
1728
1461
1144
803
597
392
193
99
35
-89
-211
-312
-394
-559
-776
-816
-841
-910
-794
-497
-215
66
567
1138
1504
1809
2225
2398
2246
2167
2029
1657
1232
1000
701
267
-117
-394
-802
-1277
-1621
-1872
-2228
-2608
-2820
-2982
-3089
-3142
-2996
-2747
-2417
-2005
-1455
-864
-291
282
873
1311
1597
1865
2015
2013
1849
1663
1451
1162
881
699
483
317
162
74
2
-109
-242
-357
-436
-651
-821
-873
-882
-912
-791
-454
-146
210
762
1291
1610
1937
2352
2394
2260
2202
2033
1584
1229
1063
700
213
-142
-362
-844
-1296
-1572
-1851
-2254
-2593
-2738
-2951
-3125
-3105
-2942
-2705
-2383
-1904
-1300
-770
-190
406
965
1386
1709
1963
2070
2003
1868
1696
1415
1141
878
675
475
381
265
163
108
43
-48
-187
-282
-467
-626
-683
-710
-722
-584
-233
99
473
963
1493
1848
2141
2448
2451
2255
2131
1949
1545
1164
936
602
135
-226
-497
-917
-1313
-1572
-1835
-2212
-2539
-2748
-2853
-2967
-2985
-2798
-2497
-2191
-1801
-1201
-617
-140
374
966
1330
1535
1754
1912
1736
1451
1349
1150
752
516
493
276
35
92
132
-65
-171
-94
-196
-516
-632
-630
-825
-949
-816
-581
-419
-63
502
941
1297
1733
2118
2211
2118
2076
1908
1498
1195
1005
714
339
68
-215
-564
-903
-1230
-1534
-1836
-2162
-2464
-2633
-2731
-2821
-2749
-2503
-2218
-1919
-1450
-853
-331
164
727
1224
1456
1704
1933
1907
1687
1524
1316
988
718
567
380
176
153
123
61
-2
10
-83
-244
-355
-498
-644
-738
-716
-638
-452
-163
206
654
1109
1489
1835
2122
2206
2113
1954
1758
1414
1076
835
561
184
-170
-365
-687
-1088
-1348
-1541
-1891
-2253
-2404
-2504
-2675
-2732
-2522
-2296
-2054
-1673
-1105
-613
-218
348
943
1251
1466
1762
1862
1686
1515
1436
1174
807
608
549
305
75
88
91
-64
-134
-40
-143
-346
-421
-461
-608
-733
-616
-425
-311
-70
387
804
1098
1457
1886
2023
1931
1943
1837
1449
1092
961
688
269
-17
-231
-560
-935
-1174
-1393
-1700
-2039
-2223
-2373
-2555
-2647
-2550
-2329
-2122
-1792
-1327
-851
-452
43
586
988
1245
1557
1796
1730
1583
1501
1296
987
765
635
393
197
184
138
33
5
32
-98
-222
-309
-450
-601
-626
-592
-563
-403
-139
187
566
979
1292
1548
1828
1880
1772
1673
1472
1108
824
641
360
18
-247
-438
-776
-1159
-1349
-1527
-1873
-2130
-2223
-2365
-2502
-2446
-2253
-2091
-1844
-1380
-883
-513
-19
561
928
1185
1487
1740
1735
1588
1473
1324
1054
798
648
442
218
114
98
37
-62
-75
-33
-123
-279
-326
-397
-519
-596
-524
-394
-286
25
446
793
1122
1520
1872
1944
1883
1887
1694
1298
1050
850
500
216
-6
-287
-597
-894
-1102
-1382
-1633
-1837
-2062
-2246
-2326
-2356
-2339
-2191
-1884
-1614
-1238
-717
-277
133
608
1043
1242
1424
1662
1653
1452
1303
1158
804
455
345
188
-70
-119
0
-96
-201
-90
-39
-212
-327
-279
-365
-547
-517
-331
-248
-114
272
689
996
1320
1740
1941
1886
1853
1789
1448
1054
846
587
226
-112
-363
-650
-994
-1233
-1440
-1661
-1886
-2073
-2226
-2300
-2327
-2310
-2153
-1884
-1584
-1271
-807
-349
21
447
930
1254
1415
1613
1762
1616
1383
1261
1026
654
398
245
69
-88
-134
-139
-177
-195
-190
-189
-223
-327
-387
-402
-393
-394
-289
-68
126
418
861
1231
1434
1732
1943
1821
1621
1538
1292
864
633
505
174
-199
-364
-568
-943
-1235
-1336
-1587
-1936
-2085
-2147
-2253
-2283
-2130
-1913
-1684
-1393
-919
-489
-79
356
825
1214
1421
1632
1776
1748
1532
1406
1218
854
553
423
219
-70
-111
-91
-243
-309
-158
-167
-292
-354
-305
-407
-522
-426
-343
-301
-117
256
549
847
1244
1556
1688
1757
1736
1585
1318
981
674
384
120
-190
-545
-797
-1036
-1345
-1562
-1715
-1927
-2199
-2296
-2329
-2376
-2379
-2184
-1893
-1628
-1240
-705
-223
165
641
1093
1400
1589
1825
1925
1804
1607
1448
1196
852
608
436
219
35
-14
-33
-77
-117
-67
-62
-92
-150
-231
-285
-309
-296
-253
-91
148
388
746
1127
1393
1593
1822
1855
1658
1483
1288
945
563
353
161
-196
-525
-677
-882
-1267
-1566
-1647
-1911
-2255
-2328
-2258
-2391
-2441
-2141
-1818
-1672
-1308
-696
-284
26
531
1026
1215
1395
1679
1752
1531
1332
1207
888
477
323
220
-115
-274
-202
-219
-309
-219
-126
-233
-268
-234
-322
-466
-415
-316
-270
-75
258
574
882
1312
1648
1819
1950
2004
1893
1620
1350
1060
681
413
240
-87
-436
-599
-856
-1210
-1456
-1547
-1841
-2180
-2274
-2291
-2389
-2397
-2109
-1804
-1572
-1151
-580
-178
223
725
1152
1310
1503
1757
1750
1520
1358
1209
867
490
287
158
-118
-249
-208
-239
-357
-315
-208
-262
-345
-387
-369
-404
-459
-379
-157
27
238
670
1072
1354
1639
1939
2027
1874
1748
1618
1261
844
633
444
131
-238
-470
-692
-1024
-1314
-1520
-1704
-2065
-2287
-2344
-2415
-2508
-2379
-2055
-1779
-1496
-970
-400
-1
416
932
1355
1481
1656
1833
1744
1446
1279
1144
786
455
329
185
-96
-208
-132
-247
-383
-298
-250
-334
-424
-448
-470
-523
-506
-378
-161
66
374
783
1146
1461
1760
1967
2014
1890
1694
1499
1192
874
620
423
115
-204
-413
-691
-1033
-1392
-1554
-1830
-2197
-2403
-2401
-2456
-2532
-2293
-1938
-1682
-1365
-804
-297
57
474
1012
1282
1385
1574
1701
1541
1284
1212
949
513
330
261
0
-242
-252
-289
-463
-432
-325
-424
-476
-452
-481
-608
-588
-455
-409
-204
123
491
795
1181
1589
1773
1920
2060
1911
1674
1459
1179
842
574
435
118
-202
-379
-614
-1031
-1331
-1485
-1781
-2151
-2280
-2286
-2405
-2374
-2095
-1767
-1543
-1135
-614
-173
218
709
1173
1357
1554
1769
1816
1621
1404
1265
986
657
453
289
39
-79
-117
-204
-267
-249
-238
-288
-318
-401
-442
-481
-459
-401
-257
-45
202
538
905
1273
1545
1750
1925
1927
1737
1569
1333
969
677
478
209
-150
-404
-622
-952
-1306
-1553
-1742
-2072
-2349
-2449
-2507
-2603
-2496
-2200
-1921
-1593
-1146
-612
-205
158
630
1064
1246
1427
1630
1633
1389
1215
1127
827
478
311
178
-56
-208
-182
-181
-305
-266
-140
-201
-310
-355
-345
-428
-438
-289
-115
73
368
744
1077
1390
1681
1927
1967
1919
1786
1617
1318
955
751
546
270
-101
-362
-625
-978
-1346
-1552
-1760
-2114
-2308
-2356
-2378
-2457
-2259
-1899
-1655
-1344
-813
-295
31
419
912
1229
1323
1485
1649
1541
1310
1189
980
617
388
270
21
-188
-211
-206
-328
-374
-310
-310
-374
-440
-442
-468
-481
-398
-263
-115
147
513
840
1194
1493
1767
1930
1903
1784
1627
1378
1089
834
601
372
22
-276
-515
-811
-1174
-1441
-1633
-1964
-2237
-2308
-2319
-2386
-2321
-2007
-1657
-1385
-969
-392
32
392
865
1311
1480
1606
1788
1775
1514
1309
1206
835
433
270
134
-204
-356
-280
-368
-477
-439
-369
-465
-553
-454
-431
-503
-436
-229
-128
45
384
769
1066
1347
1684
1848
1874
1820
1678
1400
1100
829
558
307
-2
-311
-598
-895
-1229
-1516
-1702
-1946
-2230
-2353
-2343
-2389
-2365
-2081
-1709
-1452
-1061
-502
-27
347
765
1220
1464
1624
1807
1848
1649
1428
1292
1003
593
336
172
-118
-328
-362
-447
-594
-570
-473
-535
-606
-546
-474
-530
-523
-369
-208
-46
209
605
913
1200
1503
1751
1802
1741
1661
1449
1157
854
590
323
52
-312
-598
-813
-1157
-1492
-1717
-1863
-2153
-2359
-2324
-2269
-2302
-2177
-1725
-1396
-1099
-520
61
417
813
1416
1745
1811
1964
2174
1993
1586
1481
1297
863
523
397
145
-186
-247
-178
-366
-514
-396
-324
-451
-535
-424
-375
-425
-350
-144
24
197
557
992
1283
1490
1797
1965
1790
1594
1497
1214
752
447
254
-50
-471
-725
-905
-1261
-1600
-1762
-1891
-2232
-2442
-2427
-2451
-2518
-2371
-1966
-1675
-1428
-919
-266
118
453
981
1438
1587
1683
1911
1878
1581
1377
1223
836
402
259
100
-233
-429
-407
-476
-584
-553
-478
-504
-523
-443
-427
-373
-281
-117
64
296
621
983
1306
1582
1838
2014
2067
1872
1677
1469
1118
738
448
251
-113
-473
-676
-922
-1325
-1564
-1671
-1935
-2264
-2337
-2267
-2347
-2369
-2013
-1591
-1381
-994
-369
107
418
903
1425
1593
1672
1863
1869
1569
1342
1238
887
454
261
113
-226
-460
-449
-531
-662
-628
-562
-667
-694
-561
-489
-500
-389
-159
-14
171
493
862
1187
1509
1817
1959
1973
1886
1692
1385
1032
704
390
93
-222
-581
-864
-1093
-1375
-1666
-1804
-1928
-2227
-2407
-2347
-2300
-2333
-2082
-1618
-1260
-921
-342
225
576
992
1523
1756
1831
1987
2075
1819
1474
1330
1112
680
402
266
-27
-333
-439
-436
-619
-732
-629
-597
-704
-675
-533
-455
-394
-186
85
249
468
845
1192
1445
1668
1922
1985
1784
1617
1382
994
584
333
98
-319
-690
-917
-1159
-1514
-1764
-1854
-2049
-2345
-2411
-2323
-2345
-2294
-1963
-1579
-1260
-829
-207
307
688
1145
1628
1888
2007
2141
2157
1962
1704
1498
1197
835
490
243
-42
-325
-518
-631
-751
-879
-920
-933
-946
-966
-854
-727
-591
-427
-174
97
309
630
963
1273
1487
1696
1797
1663
1464
1266
989
549
224
-8
-317
-753
-1001
-1141
-1454
-1740
-1851
-1926
-2201
-2363
-2252
-2190
-2224
-1942
-1420
-1053
-754
-131
525
863
1244
1834
2169
2188
2274
2358
2109
1720
1594
1383
901
575
426
163
-215
-356
-367
-646
-810
-684
-697
-872
-873
-618
-596
-605
-307
-17
114
319
755
1062
1270
1539
1837
1864
1672
1521
1319
906
451
215
-52
-423
-785
-987
-1198
-1560
-1803
-1864
-1988
-2300
-2373
-2286
-2283
-2285
-2011
-1558
-1287
-929
-301
303
642
1099
1679
1965
2029
2240
2369
2090
1768
1572
1271
804
480
271
-41
-360
-503
-599
-830
-958
-951
-978
-1054
-1018
-880
-776
-622
-357
-88
121
417
772
1100
1368
1623
1832
1911
1866
1649
1407
1105
708
307
-2
-345
-792
-1075
-1246
-1526
-1813
-1854
-1897
-2130
-2222
-2121
-2069
-2081
-1847
-1421
-1090
-744
-150
456
824
1266
1812
2136
2230
2353
2435
2210
1854
1627
1339
871
484
241
-53
-412
-631
-710
-925
-1122
-1163
-1109
-1175
-1224
-1035
-871
-725
-508
-126
133
365
722
1128
1388
1573
1890
2005
1878
1679
1534
1148
692
336
55
-354
-854
-1114
-1278
-1575
-1875
-1884
-1922
-2150
-2227
-2061
-1991
-2018
-1729
-1273
-956
-658
-46
566
927
1335
1887
2270
2306
2425
2527
2319
1943
1687
1404
888
440
168
-107
-525
-781
-852
-1061
-1305
-1374
-1317
-1395
-1466
-1293
-1070
-938
-750
-383
-76
199
567
1021
1332
1540
1821
2018
1917
1688
1550
1245
737
303
62
-364
-925
-1228
-1428
-1770
-2077
-2068
-2099
-2314
-2342
-2131
-2054
-2070
-1745
-1252
-911
-575
94
677
1057
1530
2139
2464
2546
2738
2811
2585
2220
2026
1635
1089
683
361
-48
-479
-660
-860
-1103
-1254
-1328
-1371
-1409
-1373
-1291
-1167
-985
-689
-388
-88
238
620
1017
1361
1647
1824
1983
1952
1732
1465
1180
763
271
-36
-470
-1037
-1400
-1626
-2008
-2340
-2314
-2314
-2533
-2522
-2194
-2087
-2048
-1636
-1071
-781
-421
320
876
1208
1738
2394
2626
2669
2942
3039
2668
2331
2195
1756
1109
771
477
-66
-486
-668
-894
-1239
-1363
-1353
-1469
-1553
-1454
-1305
-1212
-1000
-693
-396
-134
240
637
985
1323
1618
1860
1980
1975
1825
1595
1265
835
383
-11
-521
-1117
-1501
-1778
-2177
-2498
-2505
-2548
-2696
-2583
-2320
-2207
-2085
-1637
-1145
-887
-472
232
779
1120
1636
2246
2481
2633
2906
2983
2645
2372
2154
1652
1096
726
363
-198
-584
-785
-1063
-1373
-1504
-1512
-1604
-1614
-1505
-1343
-1202
-942
-614
-358
-30
363
736
1049
1409
1744
1966
2092
2059
1925
1695
1361
979
560
155
-357
-923
-1371
-1753
-2158
-2474
-2523
-2610
-2753
-2655
-2378
-2249
-2097
-1620
-1118
-817
-377
309
817
1176
1692
2279
2507
2701
2985
3037
2777
2534
2346
1885
1330
938
541
-6
-418
-710
-1022
-1301
-1425
-1503
-1648
-1653
-1610
-1491
-1325
-1030
-710
-399
-7
335
672
1026
1404
1674
1905
2059
2052
1904
1701
1414
985
591
214
-369
-982
-1379
-1761
-2263
-2571
-2609
-2724
-2863
-2646
-2387
-2287
-2051
-1543
-1087
-814
-249
397
808
1158
1739
2243
2422
2682
2984
2951
2703
2540
2276
1781
1274
928
459
-122
-499
-810
-1180
-1487
-1640
-1767
-1879
-1896
-1825
-1745
-1567
-1246
-950
-609
-229
185
577
936
1280
1570
1789
1955
1977
1825
1635
1404
1039
649
247
-322
-900
-1348
-1778
-2221
-2458
-2551
-2705
-2785
-2588
-2348
-2245
-1971
-1442
-963
-629
-54
614
1055
1422
2042
2545
2684
2907
3197
3166
2830
2673
2496
1997
1447
1094
673
75
-365
-626
-1001
-1411
-1519
-1628
-1829
-1889
-1734
-1590
-1518
-1222
-859
-558
-242
184
600
958
1301
1633
1825
1859
1865
1748
1539
1241
901
573
126
-474
-1015
-1425
-1899
-2371
-2591
-2683
-2870
-2957
-2725
-2507
-2352
-1973
-1406
-971
-601
58
659
1063
1473
2088
2491
2663
2898
3104
3002
2741
2639
2349
1841
1374
1056
548
-51
-424
-744
-1196
-1562
-1672
-1803
-1979
-1997
-1860
-1723
-1537
-1209
-851
-508
-138
315
738
1057
1337
1660
1843
1811
1795
1723
1448
1123
873
547
51
-498
-955
-1417
-1936
-2351
-2537
-2727
-2942
-2925
-2677
-2519
-2347
-1902
-1330
-937
-473
231
846
1290
1757
2352
2650
2837
3077
3214
3012
2808
2720
2396
1888
1497
1164
616
67
-288
-646
-1148
-1467
-1594
-1837
-2062
-2030
-1901
-1884
-1677
-1296
-931
-597
-178
298
641
981
1368
1631
1697
1729
1722
1545
1253
1029
739
377
-86
-616
-1092
-1564
-2051
-2447
-2653
-2841
-3042
-3012
-2781
-2605
-2399
-1898
-1285
-889
-333
410
983
1358
1892
2502
2745
2882
3154
3303
3076
2865
2786
2469
1942
1594
1276
664
142
-169
-581
-1119
-1462
-1618
-1849
-2094
-2064
-1886
-1784
-1569
-1155
-777
-455
3
510
853
1162
1491
1734
1736
1669
1625
1444
1145
860
647
254
-264
-740
-1100
-1599
-2130
-2412
-2642
-2966
-3160
-2949
-2775
-2701
-2376
-1744
-1211
-797
-97
623
1093
1532
2208
2640
2728
2981
3268
3152
2826
2768
2670
2153
1696
1516
1101
450
52
-227
-749
-1290
-1452
-1665
-2064
-2220
-2102
-2045
-1982
-1669
-1246
-920
-565
-56
408
739
1104
1463
1633
1613
1548
1440
1198
916
687
463
41
-449
-827
-1250
-1787
-2220
-2443
-2724
-2979
-2996
-2850
-2733
-2520
-2057
-1481
-1012
-473
315
935
1402
1965
2554
2875
3074
3346
3430
3230
3043
2925
2555
2082
1783
1437
917
458
166
-261
-805
-1119
-1378
-1760
-2015
-2054
-2067
-2098
-1875
-1514
-1207
-878
-391
78
435
800
1230
1470
1529
1561
1492
1283
1035
826
516
192
-231
-683
-1083
-1476
-1929
-2281
-2535
-2825
-3044
-3067
-2937
-2824
-2595
-2110
-1552
-1058
-387
363
991
1528
2119
2676
2966
3188
3383
3369
3150
2951
2825
2478
2037
1706
1340
838
407
80
-348
-805
-1127
-1396
-1705
-1964
-2076
-2044
-2006
-1838
-1522
-1165
-807
-345
144
572
955
1293
1539
1602
1555
1495
1316
1012
742
514
168
-328
-734
-1109
-1536
-2022
-2359
-2549
-2802
-2984
-2912
-2729
-2655
-2395
-1834
-1305
-861
-160
595
1132
1630
2278
2813
3035
3237
3463
3393
3081
2913
2770
2310
1860
1635
1264
712
350
84
-417
-924
-1203
-1477
-1849
-2085
-2076
-2098
-2101
-1845
-1517
-1231
-867
-354
134
510
955
1307
1482
1521
1452
1314
1097
843
541
295
-83
-549
-964
-1297
-1721
-2163
-2386
-2564
-2866
-3033
-2861
-2715
-2645
-2290
-1685
-1227
-760
16
713
1157
1714
2424
2837
3020
3341
3560
3367
3108
3041
2796
2293
1919
1645
1205
702
400
83
-420
-828
-1072
-1390
-1770
-1937
-1954
-1961
-1901
-1662
-1317
-998
-647
-158
318
648
1005
1325
1458
1393
1344
1264
972
658
458
204
-297
-800
-1095
-1466
-2006
-2313
-2456
-2740
-3005
-2930
-2749
-2793
-2603
-2100
-1635
-1292
-635
182
720
1208
1954
2540
2807
3125
3440
3455
3249
3196
3046
2623
2210
1982
1597
1052
676
374
-100
-588
-874
-1143
-1499
-1721
-1801
-1913
-1939
-1789
-1541
-1306
-985
-548
-147
228
617
975
1171
1284
1291
1213
1053
835
589
287
-81
-556
-955
-1310
-1753
-2179
-2394
-2589
-2843
-2977
-2835
-2702
-2651
-2306
-1782
-1392
-969
-259
415
892
1476
2170
2634
2880
3257
3510
3431
3321
3285
3071
2623
2268
1990
1537
1030
714
332
-186
-584
-859
-1198
-1538
-1686
-1727
-1796
-1786
-1579
-1357
-1109
-778
-393
-32
290
674
973
1136
1202
1191
1117
959
782
567
326
-98
-582
-914
-1322
-1825
-2232
-2382
-2644
-2903
-2916
-2785
-2721
-2606
-2170
-1696
-1354
-865
-126
433
823
1485
2169
2526
2795
3189
3354
3219
3178
3187
2828
2356
2124
1795
1270
830
565
131
-378
-693
-978
-1356
-1652
-1722
-1772
-1794
-1692
-1440
-1231
-1028
-699
-365
-16
341
692
947
1072
1081
1103
1027
863
648
458
204
-243
-638
-1012
-1459
-1946
-2255
-2446
-2782
-2971
-2859
-2695
-2647
-2360
-1832
-1395
-1019
-423
256
693
1167
1817
2355
2604
2946
3315
3367
3233
3265
3209
2812
2446
2200
1812
1232
826
505
-22
-509
-777
-1050
-1422
-1592
-1560
-1634
-1665
-1504
-1256
-1087
-881
-534
-193
60
409
728
867
904
939
938
790
607
470
260
-118
-573
-965
-1336
-1807
-2279
-2515
-2737
-3022
-3039
-2833
-2672
-2543
-2071
-1500
-1135
-671
9
594
974
1513
2161
2545
2762
3112
3389
3321
3274
3286
3095
2662
2381
2125
1588
1063
745
343
-234
-637
-914
-1228
-1592
-1694
-1711
-1765
-1698
-1483
-1255
-1083
-785
-471
-180
95
408
646
791
813
820
778
657
487
319
80
-348
-782
-1133
-1555
-2047
-2358
-2543
-2824
-3017
-2901
-2729
-2648
-2342
-1797
-1347
-966
-348
342
769
1217
1871
2345
2553
2872
3284
3376
3270
3365
3329
2969
2616
2405
2031
1492
1080
765
259
-267
-598
-891
-1222
-1458
-1476
-1521
-1558
-1461
-1232
-1055
-886
-592
-276
-26
183
429
599
648
674
684
585
430
304
158
-166
-618
-982
-1316
-1807
-2244
-2462
-2705
-3000
-3036
-2875
-2802
-2677
-2232
-1689
-1303
-827
-121
456
818
1356
1920
2249
2529
2909
3188
3132
3143
3250
3089
2740
2536
2291
1804
1337
1004
610
61
-339
-625
-921
-1243
-1361
-1376
-1414
-1362
-1205
-1001
-829
-564
-281
-49
201
428
570
659
678
631
563
459
375
271
61
-282
-617
-899
-1300
-1791
-2094
-2278
-2602
-2839
-2764
-2638
-2590
-2326
-1777
-1388
-1061
-442
236
656
1038
1655
2111
2271
2530
2907
2995
2899
3005
2995
2677
2386
2251
1893
1398
1088
751
214
-306
-633
-959
-1321
-1548
-1584
-1607
-1565
-1424
-1208
-988
-801
-529
-265
-12
170
362
512
518
465
443
429
239
79
12
-230
-621
-868
-1093
-1530
-1944
-2095
-2345
-2718
-2750
-2540
-2500
-2394
-1886
-1342
-1063
-569
189
657
974
1568
2110
2290
2494
2871
3028
2910
2975
3072
2845
2588
2469
2249
1786
1392
1096
617
122
-234
-627
-1039
-1260
-1383
-1493
-1523
-1407
-1229
-1040
-802
-561
-304
-33
213
357
447
513
487
380
298
192
1
-75
-238
-587
-920
-1126
-1465
-1898
-2067
-2216
-2514
-2701
-2564
-2431
-2388
-2072
-1523
-1129
-823
-148
495
844
1279
1888
2264
2383
2716
3019
3014
2958
3047
2995
2705
2506
2344
1965
1505
1177
797
277
-202
-540
-909
-1263
-1485
-1631
-1694
-1644
-1494
-1325
-1104
-841
-602
-325
-41
188
353
467
455
365
286
215
50
-143
-260
-561
-910
-1160
-1396
-1767
-2095
-2191
-2410
-2651
-2610
-2436
-2400
-2242
-1735
-1271
-957
-435
248
676
1036
1622
2114
2308
2547
2925
3033
2960
3026
3077
2861
2642
2532
2252
1835
1474
1164
704
236
-112
-501
-912
-1182
-1285
-1387
-1420
-1286
-1102
-927
-727
-490
-250
-25
203
395
512
555
477
398
300
134
-35
-186
-408
-817
-1082
-1308
-1711
-2098
-2283
-2440
-2745
-2877
-2702
-2589
-2565
-2185
-1630
-1310
-969
-318
286
587
1021
1641
1996
2135
2461
2774
2769
2746
2904
2897
2587
2426
2308
1937
1485
1239
942
405
21
-228
-528
-889
-1079
-1100
-1192
-1222
-1070
-888
-762
-554
-259
13
187
371
590
664
632
589
546
388
176
81
-100
-454
-796
-1017
-1334
-1778
-2047
-2157
-2423
-2638
-2533
-2356
-2328
-2128
-1642
-1267
-1001
-471
183
546
913
1477
1910
2087
2373
2737
2802
2730
2805
2854
2567
2279
2180
1929
1469
1115
856
429
-42
-339
-612
-970
-1240
-1276
-1338
-1455
-1327
-1130
-1011
-913
-623
-346
-195
18
261
415
408
418
424
290
111
6
-122
-432
-830
-1038
-1324
-1747
-2070
-2187
-2336
-2558
-2553
-2335
-2240
-2118
-1741
-1311
-1041
-610
34
520
873
1339
1880
2156
2310
2647
2895
2849
2861
2965
2814
2467
2309
2116
1698
1284
1028
687
170
-183
-436
-724
-1041
-1165
-1193
-1287
-1312
-1146
-972
-918
-681
-403
-225
-57
204
406
479
492
544
512
362
212
132
-48
-435
-758
-982
-1334
-1763
-1971
-2112
-2330
-2503
-2387
-2214
-2177
-1919
-1427
-1065
-796
-274
297
643
1012
1513
1887
2064
2326
2658
2731
2701
2836
2857
2626
2367
2277
1955
1479
1188
906
425
-15
-247
-569
-938
-1146
-1199
-1339
-1414
-1269
-1126
-1063
-947
-663
-445
-309
-94
140
226
292
326
275
188
27
-103
-282
-580
-926
-1191
-1480
-1855
-2129
-2250
-2403
-2608
-2586
-2367
-2240
-2103
-1683
-1196
-894
-490
110
567
888
1362
1867
2100
2316
2690
2892
2886
2973
3056
2892
2634
2498
2282
1847
1511
1239
830
338
27
-216
-567
-835
-920
-989
-1125
-1089
-938
-852
-747
-575
-348
-209
-37
172
301
414
428
410
330
189
51
-97
-360
-748
-1098
-1358
-1737
-2117
-2312
-2455
-2634
-2714
-2547
-2393
-2314
-1956
-1465
-1180
-880
-316
167
465
850
1358
1687
1871
2223
2547
2597
2630
2799
2763
2508
2364
2220
1848
1458
1169
818
353
20
-220
-548
-837
-919
-966
-1030
-994
-860
-766
-697
-516
-319
-158
30
251
422
515
559
540
480
360
215
50
-164
-543
-897
-1181
-1511
-1871
-2091
-2198
-2412
-2478
-2355
-2190
-2109
-1799
-1308
-982
-700
-213
309
605
944
1431
1752
1913
2233
2563
2607
2625
2781
2747
2504
2328
2195
1814
1391
1112
774
296
-68
-282
-581
-848
-958
-1009
-1097
-1088
-1000
-941
-863
-686
-510
-387
-234
-35
102
206
286
274
208
111
-4
-146
-330
-661
-1027
-1312
-1612
-1965
-2225
-2326
-2481
-2565
-2436
-2191
-2007
-1758
-1279
-897
-661
-207
330
680
986
1456
1865
2054
2296
2619
2793
2772
2841
2871
2691
2460
2280
1992
1566
1229
875
439
38
-231
-479
-742
-914
-986
-1051
-1078
-1000
-901
-786
-662
-473
-350
-203
-50
64
184
222
212
179
135
4
-149
-332
-616
-963
-1295
-1600
-1957
-2199
-2337
-2438
-2495
-2391
-2157
-1986
-1686
-1225
-823
-561
-116
388
729
1031
1460
1853
2052
2300
2607
2762
2784
2887
2924
2694
2445
2263
1940
1493
1125
791
342
-48
-312
-585
-886
-1052
-1070
-1110
-1143
-1044
-903
-823
-688
-508
-349
-245
-77
93
183
205
256
255
137
20
-78
-286
-665
-972
-1280
-1612
-1983
-2197
-2335
-2517
-2547
-2414
-2209
-2046
-1699
-1238
-860
-517
-66
416
690
1041
1525
1841
2011
2299
2588
2677
2709
2839
2839
2651
2485
2315
1977
1558
1209
866
422
30
-240
-515
-775
-948
-990
-1018
-1024
-934
-782
-673
-540
-373
-226
-109
48
212
311
330
338
317
226
74
-89
-318
-696
-1021
-1313
-1682
-2063
-2267
-2438
-2645
-2691
-2518
-2326
-2200
-1874
-1412
-1053
-704
-240
222
508
843
1319
1674
1871
2154
2475
2547
2575
2706
2713
2506
2317
2163
1860
1458
1161
844
397
29
-196
-466
-770
-917
-929
-945
-955
-872
-725
-632
-527
-320
-143
-31
134
345
449
446
433
401
296
123
-23
-264
-648
-1013
-1297
-1634
-1995
-2175
-2325
-2506
-2542
-2375
-2222
-2070
-1709
-1267
-929
-609
-122
322
593
933
1382
1647
1814
2136
2426
2509
2559
2744
2726
2512
2373
2236
1909
1531
1280
942
533
200
-61
-327
-589
-726
-751
-794
-823
-748
-664
-588
-491
-338
-179
-76
65
214
286
251
201
152
50
-116
-327
-621
-991
-1316
-1606
-1915
-2210
-2402
-2518
-2603
-2592
-2436
-2268
-2062
-1709
-1286
-931
-542
-69
346
638
1003
1378
1653
1908
2192
2402
2458
2599
2706
2636
2478
2375
2169
1849
1555
1238
852
490
218
-78
-359
-548
-640
-747
-821
-794
-732
-657
-550
-397
-293
-179
-8
112
205
263
236
179
118
1
-176
-442
-735
-1008
-1354
-1697
-1956
-2147
-2322
-2436
-2456
-2367
-2233
-2021
-1705
-1401
-1072
-704
-263
102
429
816
1178
1477
1757
2091
2323
2466
2559
2670
2656
2504
2417
2242
1947
1635
1389
1068
652
374
153
-159
-413
-545
-675
-821
-876
-819
-810
-809
-685
-512
-415
-303
-106
43
102
167
195
120
-8
-127
-275
-586
-936
-1194
-1492
-1824
-2078
-2199
-2326
-2449
-2369
-2191
-2069
-1906
-1548
-1187
-904
-597
-157
241
458
832
1256
1494
1705
2058
2337
2401
2535
2712
2690
2528
2426
2323
2026
1703
1500
1219
785
526
349
38
-237
-335
-390
-555
-632
-589
-575
-611
-509
-363
-305
-246
-86
68
73
95
106
38
-116
-281
-414
-705
-1046
-1293
-1551
-1889
-2135
-2250
-2353
-2449
-2359
-2163
-2017
-1798
-1482
-1132
-856
-549
-153
186
442
771
1129
1385
1587
1880
2117
2201
2313
2449
2416
2303
2185
2057
1788
1496
1272
973
648
378
176
-69
-290
-395
-460
-572
-625
-600
-587
-564
-518
-428
-369
-310
-179
-67
-23
-54
-59
-77
-175
-306
-456
-708
-1009
-1262
-1490
-1776
-2027
-2149
-2234
-2300
-2240
-2029
-1839
-1638
-1345
-985
-688
-415
-25
333
540
806
1153
1413
1592
1878
2137
2245
2324
2437
2475
2354
2246
2175
1947
1655
1446
1229
926
629
454
247
33
-101
-165
-267
-369
-400
-405
-435
-475
-426
-377
-345
-260
-144
-100
-132
-145
-155
-245
-402
-557
-786
-1068
-1354
-1557
-1766
-2006
-2145
-2225
-2294
-2259
-2066
-1872
-1674
-1391
-1031
-725
-485
-161
176
411
629
924
1146
1319
1523
1730
1870
1956
2079
2129
2080
1978
1883
1728
1525
1308
1098
876
649
424
247
108
-29
-104
-187
-256
-306
-327
-346
-370
-375
-319
-259
-222
-169
-117
-135
-190
-235
-247
-354
-536
-703
-934
-1191
-1402
-1569
-1788
-1927
-1979
-1995
-1962
-1807
-1616
-1430
-1183
-884
-594
-349
-37
252
476
709
965
1161
1312
1514
1709
1814
1882
1978
2007
1955
1903
1808
1640
1458
1300
1116
845
636
452
253
96
-38
-127
-206
-260
-313
-343
-370
-343
-338
-326
-312
-292
-262
-237
-262
-349
-397
-434
-511
-616
-749
-937
-1148
-1319
-1474
-1665
-1803
-1832
-1837
-1814
-1683
-1499
-1329
-1121
-837
-567
-340
-77
236
461
661
879
1109
1257
1405
1604
1692
1707
1789
1843
1799
1726
1664
1564
1398
1242
1090
858
615
454
288
128
-4
-85
-180
-290
-306
-317
-333
-345
-341
-303
-274
-277
-280
-250
-264
-322
-387
-411
-475
-589
-724
-907
-1069
-1230
-1360
-1508
-1616
-1672
-1704
-1697
-1582
-1416
-1252
-1029
-759
-522
-328
-41
238
424
611
834
1028
1122
1281
1468
1563
1635
1746
1802
1747
1717
1659
1536
1372
1262
1119
908
713
579
422
220
105
21
-106
-211
-232
-271
-358
-376
-360
-373
-397
-374
-365
-374
-379
-412
-468
-534
-606
-697
-797
-938
-1101
-1240
-1369
-1529
-1663
-1693
-1709
-1704
-1617
-1462
-1321
-1175
-941
-694
-477
-256
10
240
410
621
835
994
1142
1349
1479
1538
1644
1749
1759
1702
1683
1618
1497
1356
1212
1049
855
698
593
448
313
246
161
66
25
-18
-71
-135
-166
-174
-215
-226
-194
-171
-182
-167
-191
-247
-290
-331
-434
-557
-701
-853
-999
-1155
-1323
-1472
-1532
-1552
-1556
-1501
-1385
-1287
-1180
-1015
-810
-650
-450
-212
-43
118
338
573
751
907
1099
1230
1307
1366
1446
1444
1380
1346
1328
1201
1054
971
835
689
593
502
378
286
226
138
10
-23
-69
-158
-217
-226
-229
-249
-263
-226
-193
-168
-154
-147
-184
-277
-338
-446
-544
-683
-850
-974
-1099
-1241
-1363
-1406
-1427
-1426
-1366
-1245
-1161
-1079
-903
-724
-630
-467
-235
-59
139
391
642
821
1005
1210
1388
1474
1551
1656
1611
1522
1497
1419
1232
1088
1014
882
687
577
509
349
207
122
41
-52
-150
-189
-247
-338
-347
-334
-341
-316
-234
-160
-159
-146
-133
-161
-228
-302
-377
-483
-609
-757
-870
-985
-1102
-1176
-1205
-1242
-1285
-1259
-1208
-1155
-1066
-918
-721
-577
-413
-174
34
223
430
683
882
1053
1236
1360
1412
1442
1492
1448
1353
1296
1198
1044
912
819
703
542
395
298
179
27
-77
-129
-228
-283
-317
-373
-418
-430
-369
-336
-284
-179
-111
-55
-3
33
21
-24
-54
-141
-269
-381
-503
-639
-776
-886
-952
-1047
-1100
-1134
-1183
-1193
-1144
-1062
-1008
-869
-686
-541
-361
-126
114
302
529
763
938
1064
1209
1317
1355
1361
1373
1333
1205
1121
1054
927
776
650
521
377
244
127
11
-100
-182
-267
-330
-396
-417
-426
-431
-406
-328
-250
-160
-42
58
138
125
117
79
-16
-114
-204
-323
-467
-602
-720
-834
-923
-1007
-1079
-1113
-1154
-1171
-1151
-1097
-1024
-901
-728
-549
-369
-136
107
366
613
837
1029
1182
1288
1366
1404
1365
1328
1265
1193
1087
993
905
793
691
571
446
294
197
90
-40
-155
-232
-301
-374
-402
-384
-342
-291
-203
-117
-45
36
147
214
235
260
235
154
55
-23
-154
-341
-466
-600
-747
-890
-1024
-1131
-1224
-1283
-1328
-1339
-1289
-1215
-1112
-989
-821
-606
-370
-130
114
340
543
714
867
1005
1073
1150
1174
1141
1097
1034
955
860
765
658
532
428
305
171
52
-42
-138
-215
-295
-335
-360
-390
-354
-288
-196
-120
-26
92
181
284
368
419
447
456
409
322
217
80
-43
-202
-341
-502
-648
-786
-907
-985
-1068
-1141
-1148
-1142
-1098
-1005
-869
-715
-540
-317
-81
139
343
561
751
900
1001
1080
1119
1112
1084
1047
971
888
791
696
586
476
358
226
107
-26
-117
-229
-316
-355
-390
-392
-388
-344
-268
-187
-99
8
126
245
372
469
524
552
532
502
408
287
158
-8
-162
-333
-525
-682
-824
-937
-1039
-1130
-1201
-1222
-1226
-1195
-1119
-1018
-865
-679
-474
-276
-52
155
350
479
612
732
807
838
865
863
816
768
708
640
534
426
326
236
122
14
-86
-191
-258
-292
-316
-341
-315
-247
-179
-81
40
155
271
393
512
617
697
751
760
714
649
568
430
281
121
-58
-234
-399
-542
-662
-771
-888
-980
-1048
-1080
-1070
-1015
-954
-852
-719
-542
-379
-208
-10
168
348
513
622
688
756
813
819
773
759
710
623
536
439
336
217
95
-26
-132
-235
-286
-339
-405
-425
-398
-359
-328
-282
-182
-67
32
136
267
357
451
541
575
576
539
489
388
256
130
-2
-167
-325
-471
-578
-699
-772
-813
-852
-875
-883
-879
-855
-780
-725
-636
-528
-391
-239
-78
96
254
406
515
614
692
747
765
755
723
669
629
552
481
395
314
246
161
114
62
-2
-49
-72
-109
-96
-60
-27
42
109
220
307
386
444
498
521
521
521
473
406
322
214
103
-54
-182
-311
-448
-547
-668
-761
-844
-928
-994
-1033
-1052
-1017
-973
-894
-777
-657
-505
-355
-203
-50
98
227
356
466
566
650
694
727
723
713
682
627
562
482
384
293
182
87
1
-79
-134
-192
-216
-244
-242
-199
-137
-49
41
138
248
334
379
437
457
440
427
389
316
233
144
45
-85
-198
-288
-397
-519
-612
-681
-752
-819
-865
-885
-882
-854
-787
-708
-613
-467
-335
-207
-56
84
212
328
412
488
571
635
669
677
669
648
602
535
460
356
249
156
68
-31
-118
-187
-236
-285
-291
-256
-208
-130
-43
88
192
293
379
466
536
570
586
570
530
497
428
326
230
109
-2
-131
-250
-354
-451
-520
-586
-645
-692
-724
-716
-704
-674
-622
-555
-465
-353
-247
-141
-2
110
215
300
390
467
505
547
581
584
551
513
443
365
260
158
61
-45
-164
-253
-317
-386
-434
-442
-452
-446
-382
-311
-216
-133
-44
73
141
217
298
341
358
371
363
339
286
216
162
67
-8
-86
-172
-244
-330
-372
-428
-469
-477
-473
-449
-407
-348
-300
-217
-120
-31
62
180
299
390
466
543
592
637
665
674
666
622
555
449
359
236
130
10
-115
-225
-343
-407
-480
-520
-526
-525
-500
-462
-400
-310
-223
-143
-70
8
75
136
178
216
223
249
252
225
191
127
78
10
-71
-156
-244
-308
-363
-420
-462
-500
-516
-494
-443
-387
-305
-204
-95
-1
71
153
229
298
367
436
501
533
591
625
619
587
524
473
385
280
164
26
-98
-210
-299
-369
-444
-468
-454
-442
-417
-370
-330
-266
-190
-112
-45
26
103
164
214
240
253
282
297
279
250
210
191
138
54
-18
-94
-168
-240
-313
-363
-387
-394
-397
-351
-312
-251
-154
-67
23
136
243
336
425
490
555
594
640
665
666
639
590
540
444
350
243
113
-14
-144
-258
-371
-449
-521
-577
-602
-605
-589
-568
-541
-482
-424
-370
-303
-221
-125
-42
41
119
178
198
224
231
214
183
150
93
37
-23
-89
-160
-234
-285
-326
-363
-383
-348
-318
-267
-184
-85
3
89
185
284
394
470
545
616
654
676
677
658
629
579
516
437
359
251
130
8
-125
-217
-325
-432
-505
-571
-607
-612
-614
-590
-546
-484
-416
-355
-262
-178
-101
-24
34
105
159
200
219
225
224
208
168
124
87
33
-29
-93
-151
-195
-253
-302
-328
-338
-304
-266
-217
-136
-35
77
174
280
382
488
567
611
656
681
689
686
656
597
540
475
400
293
182
69
-57
-191
-308
-404
-473
-554
-604
-629
-655
-640
-606
-550
-496
-426
-354
-276
-213
-133
-44
9
49
76
113
126
125
117
93
62
25
-21
-56
-112
-155
-213
-261
-294
-324
-342
-336
-312
-251
-171
-82
29
136
262
369
461
551
625
669
700
712
727
707
674
632
570
502
406
290
173
58
-42
-159
-274
-368
-430
-477
-517
-531
-539
-506
-477
-417
-344
-271
-187
-106
-40
-3
56
126
141
159
173
172
163
121
71
17
-47
-97
-151
-221
-264
-315
-363
-398
-404
-407
-380
-340
-273
-185
-105
12
129
249
377
472
562
637
691
726
724
702
676
624
562
483
381
282
205
107
-3
-112
-228
-343
-427
-490
-537
-565
-577
-580
-558
-530
-488
-449
-377
-305
-238
-158
-100
-35
0
45
79
75
86
74
63
38
-25
-64
-113
-170
-225
-251
-249
-270
-282
-282
-251
-205
-146
-75
6
94
187
304
397
492
568
636
680
703
712
666
643
600
535
447
374
282
192
102
-11
-91
-175
-260
-326
-395
-467
-505
-511
-528
-533
-521
-466
-409
-356
-265
-207
-141
-72
-15
44
86
131
160
170
165
157
144
104
76
28
-21
-80
-124
-148
-197
-229
-235
-249
-246
-205
-150
-77
-13
89
178
260
348
428
495
539
575
586
589
565
543
502
439
400
335
253
151
39
-38
-144
-244
-304
-373
-413
-434
-454
-465
-474
-445
-404
-376
-341
-306
-265
-212
-165
-118
-54
-3
42
62
68
82
95
101
81
56
24
-45
-105
-123
-154
-205
-215
-210
-206
-204
-182
-148
-91
-36
36
116
168
229
287
342
375
404
441
449
450
440
424
376
338
299
225
148
75
10
-69
-148
-212
-265
-307
-336
-349
-349
-357
-354
-324
-292
-272
-250
-224
-175
-138
-103
-79
-58
-16
6
41
51
57
73
48
28
-1
-35
-60
-97
-141
-178
-186
-199
-193
-185
-162
-131
-73
-19
23
84
122
171
219
278
333
356
378
402
424
444
434
420
424
380
344
281
216
152
62
-19
-82
-127
-155
-187
-210
-232
-240
-236
-221
-198
-188
-142
-109
-94
-84
-60
-26
-19
-2
36
47
47
52
54
53
46
39
23
3
-25
-52
-74
-98
-116
-134
-131
-118
-97
-87
-67
-37
-3
28
47
89
108
148
163
181
198
205
198
188
165
149
107
61
12
-30
-88
-131
-162
-223
-251
-286
-300
-306
-305
-301
-282
-254
-240
-202
-165
-146
-113
-84
-66
-44
-17
3
25
54
76
97
122
134
133
120
95
64
39
0
-30
-60
-76
-67
-75
-55
-56
-36
4
30
57
92
119
153
179
214
246
253
280
284
275
248
234
219
202
171
139
110
56
32
-12
-54
-76
-93
-107
-139
-162
-154
-156
-150
-144
-136
-125
-116
-115
-120
-110
-101
-103
-102
-81
-75
-57
-42
-29
-14
-11
-1
-17
-31
-47
-68
-71
-67
-70
-73
-63
-41
-18
-7
26
56
79
122
156
183
185
211
237
247
250
250
252
250
239
231
220
198
185
150
95
60
29
-1
-37
-72
-101
-141
-149
-164
-172
-178
-170
-166
-177
-167
-146
-141
-136
-123
-119
-101
-103
-98
-89
-97
-94
-101
-101
-116
-105
-90
-100
-102
-98
-94
-103
-101
-98
-79
-44
-30
-12
9
44
75
99
123
134
154
169
173
172
184
194
182
192
187
166
159
150
133
121
109
94
82
72
76
53
26
1
-18
-37
-44
-67
-71
-77
-81
-64
-83
-77
-95
-108
-108
-107
-135
-135
-138
-154
-169
-183
-192
-210
-213
-221
-221
-234
-253
-258
-234
-226
-229
-206
-169
-114
-51
-2
43
83
106
147
171
190
198
191
212
198
182
185
185
184
184
189
185
180
173
160
148
128
119
108
85
84
96
90
85
85
88
82
55
55
41
33
32
37
33
18
2
3
20
14
4
-9
-36
-61
-61
-70
-96
-103
-109
-136
-125
-108
-91
-79
-48
-29
-33
-6
12
19
13
36
54
58
69
68
73
49
29
35
14
0
-24
-28
-46
-71
-83
-90
-82
-82
-84
-86
-76
-60
-50
-36
-38
-29
-18
-14
-18
-18
4
-3
-9
-9
3
10
-5
-5
-2
-1
-16
-45
-55
-74
-87
-95
-114
-120
-114
-112
-109
-102
-91
-64
-52
-38
-13
21
46
77
96
109
116
134
142
134
136
127
139
122
111
89
77
68
46
36
31
22
-3
-4
-15
-11
3
10
18
16
41
43
65
61
49
37
24
5
-20
-15
-16
-23
-42
-45
-64
-72
-100
-100
-99
-109
-116
-145
-164
-166
-182
-212
-208
-180
-154
-137
-120
-82
-32
14
42
56
90
111
128
136
135
148
163
159
138
138
134
139
136
134
119
94
89
67
44
38
32
48
49
29
43
28
18
18
14
34
26
50
48
47
72
54
50
42
40
19
4
-9
-8
-27
-62
-99
-138
-152
-200
-203
-229
-241
-230
-201
-182
-180
-150
-124
-94
-78
-51
-21
10
13
43
84
94
110
107
109
116
130
116
101
106
111
114
106
102
87
82
61
47
47
43
44
40
37
42
53
50
60
67
94
105
103
107
95
88
78
61
37
26
12
-22
-41
-92
-120
-154
-205
-242
-272
-269
-287
-297
-300
-280
-276
-272
-249
-217
-169
-160
-124
-96
-56
-32
-13
0
14
39
45
66
55
45
43
45
49
48
54
62
57
51
52
63
81
68
63
78
83
109
111
129
143
152
154
157
180
196
206
221
204
203
204
191
183
164
146
125
106
75
39
7
-25
-79
-112
-110
-112
-123
-119
-111
-107
-96
-94
-85
-58
-33
-26
-14
-8
5
19
10
2
-4
6
3
-1
-7
-14
-40
-63
-77
-91
-75
-65
-63
-61
-65
-77
-71
-51
-57
-48
-39
-28
-18
-6
12
24
33
42
61
83
83
82
69
60
28
-4
-26
-55
-59
-84
-101
-130
-147
-162
-179
-174
-173
-156
-144
-133
-111
-83
-77
-50
-30
-9
35
68
89
100
120
128
143
155
164
164
159
145
113
104
97
58
34
9
-6
-7
-25
-40
-27
-20
-13
-10
-2
7
17
44
54
55
71
82
74
61
50
47
35
24
23
7
-11
-32
-42
-62
-82
-97
-111
-131
-147
-141
-139
-143
-144
-147
-140
-138
-133
-98
-89
-49
-41
-37
-21
-13
3
13
26
51
61
72
66
62
71
70
46
34
33
23
13
-13
1
27
40
43
67
77
85
83
88
110
134
166
188
178
184
187
178
167
150
140
135
129
106
81
54
42
8
-24
-62
-93
-101
-136
-165
-183
-175
-155
-158
-155
-149
-127
-116
-103
-103
-87
-58
-49
-20
-17
-3
4
3
-1
9
20
18
11
24
20
6
14
11
18
12
5
-14
-21
-18
-16
-10
-22
-6
24
48
46
67
93
104
106
107
111
105
110
95
90
83
59
28
-10
-36
-65
-90
-123
-153
-174
-190
-197
-206
-199
-198
-192
-168
-166
-155
-130
-110
-100
-80
-69
-64
-45
-36
-27
-20
1
5
17
40
65
73
83
88
89
70
39
41
29
41
44
53
60
63
69
91
99
87
99
107
116
107
119
134
151
148
151
163
159
164
151
148
145
128
105
82
52
35
8
-18
-16
-14
-26
-39
-44
-53
-55
-48
-47
-39
-29
-25
-51
-60
-46
-42
-43
-69
-81
-74
-54
-67
-77
-92
-108
-93
-105
-106
-117
-114
-103
-99
-102
-112
-101
-89
-78
-61
-40
-24
-5
-9
7
27
33
42
51
61
68
63
61
68
66
57
34
25
25
10
-11
-26
-41
-54
-53
-53
-65
-74
-75
-66
-46
-50
-43
-27
-23
-23
-18
-1
2
13
27
47
62
62
73
75
62
62
52
42
28
21
11
12
7
14
23
13
30
26
42
37
46
59
73
79
72
83
82
84
74
67
70
59
54
52
52
38
20
-1
-6
-16
-52
-60
-83
-95
-106
-109
-110
-100
-99
-101
-98
-110
-95
-114
-100
-102
-91
-87
-88
-73
-66
-41
-32
-1
-1
13
22
32
56
58
62
28
37
40
36
37
47
44
40
63
63
70
56
72
62
71
76
73
92
86
93
88
94
82
78
63
61
66
37
33
5
2
-4
-21
-14
-30
-52
-64
-71
-82
-81
-90
-90
-93
-103
-89
-86
-90
-78
-88
-94
-83
-74
-58
-39
-19
-13
-18
-10
-2
14
33
34
25
19
33
30
22
20
22
16
6
-3
-4
2
0
-1
-3
26
34
40
60
64
70
71
66
65
66
71
69
61
42
46
18
4
-14
-29
-30
-40
-31
-45
-51
-54
-69
-76
-69
-90
-98
-101
-102
-92
-106
-86
-75
-81
-70
-51
-34
-28
-9
-9
5
-1
10
12
14
13
7
6
-11
-5
-6
0
4
14
24
39
38
61
71
77
103
117
128
129
128
125
129
122
111
103
103
113
116
111
103
94
85
84
70
49
31
17
-1
-17
-27
-32
-47
-58
-57
-54
-48
-54
-46
-52
-47
-26
-24
-20
-25
-30
-38
-43
-48
-57
-60
-64
-69
-81
-87
-88
-104
-118
-117
-102
-93
-84
-76
-64
-50
-36
-29
-18
-8
-5
14
12
21
28
41
42
48
56
62
60
58
57
36
45
46
48
36
35
35
24
2
-12
-24
-37
-38
-39
-15
-14
-18
-19
-17
-4
-3
-2
-15
3
10
9
19
29
31
17
10
-1
-12
-17
-12
-24
-24
-13
-14
-3
-25
-27
-27
-17
-16
-36
-24
-17
-12
-8
6
7
32
25
21
28
34
37
23
39
39
37
17
13
-4
-26
-31
-45
-32
-25
-30
-35
-32
-43
-50
-48
-49
-50
-54
-48
-38
-30
-25
-9
2
9
13
3
14
13
14
7
10
13
24
31
15
32
27
41
8
9
18
14
17
12
29
34
41
29
34
29
31
49
45
47
51
67
72
62
63
69
62
52
54
44
60
61
54
54
49
45
28
17
14
13
0
-8
-39
-41
-48
-57
-51
-53
-35
-40
-24
-32
-43
-26
-18
-23
-37
-33
-39
-46
-59
-56
-54
-45
-48
-72
-63
-77
-66
-70
-79
-86
-78
-77
-70
-55
-44
-16
-22
-18
-14
8
12
11
21
27
47
46
48
48
51
56
52
47
38
36
28
17
12
33
44
38
35
36
25
15
16
-6
5
13
13
6
-2
-2
-5
6
-5
9
5
-5
-21
-24
-24
-32
-48
-58
-48
-51
-45
-59
-56
-54
-53
-40
-57
-50
-53
-37
-22
-19
-12
-3
5
-5
8
13
38
45
51
67
76
102
100
110
114
130
120
110
113
110
112
98
86
72
82
77
73
65
51
29
18
9
-14
-13
-24
-32
-38
-37
-34
-34
-28
-39
-35
-51
-48
-41
-55
-61
-64
-68
-80
-65
-69
-58
-50
-43
-41
-34
-25
-31
-12
-13
-7
5
2
-5
3
4
8
26
25
26
7
-9
-4
-8
-8
-20
-24
-21
-10
-11
-17
-13
-9
-12
-20
-17
-29
-21
-18
-28
-38
-46
-53
-57
-47
-56
-32
-27
-18
1
11
8
8
12
2
9
3
13
17
28
17
15
30
20
17
-1
-2
-20
-28
-39
-53
-43
-31
-23
-31
-15
-12
-13
-7
1
14
10
12
18
33
43
58
59
52
65
57
66
67
74
74
82
78
79
79
82
53
26
28
4
1
-13
-10
-12
-7
-14
-29
-23
-33
-33
-58
-48
-64
-66
-56
-75
-59
-64
-57
-61
-47
-42
-35
-32
-39
-24
-30
-22
-26
-33
-41
-24
-10
-15
3
11
30
37
45
52
60
69
64
62
53
70
70
76
66
69
70
50
48
39
40
24
5
9
-8
-10
-9
-22
-25
-38
-37
-37
-56
-54
-50
-55
-39
-31
-26
-7
13
14
14
30
42
45
49
54
59
57
43
31
27
24
15
10
13
15
16
6
-16
-18
-25
-27
-31
-47
-45
-40
-50
-51
-41
-36
-29
-29
-18
-13
-11
-13
-8
5
10
17
34
28
17
19
19
25
22
4
2
10
0
-29
-18
19
7
-34
-18
3
-16
-39
-36
5
-7
-33
-36
-3
-19
-40
-20
-3
-7
-35
-15
-11
-31
-33
-24
-32
-50
-51
-28
-29
-55
-61
-36
-40
-24
-22
-12
-8
14
26
16
40
47
70
60
66
71
77
75
70
78
66
56
51
41
39
54
41
45
43
28
21
9
-4
-18
-26
-23
-20
-28
-36
-35
-34
-26
-23
-25
-24
-26
-29
-29
-29
-47
-42
-52
-58
-42
-41
-34
-40
-48
-43
-35
-47
-43
-18
-15
-14
-14
-4
4
2
-15
-19
-2
22
16
25
48
37
66
55
46
65
52
54
39
41
29
36
30
17
3
11
15
9
7
14
30
20
30
22
25
31
34
31
32
27
20
38
34
33
24
9
14
5
10
-3
7
4
-7
8
15
-2
-24
-33
-45
-46
-55
-63
-49
-39
-54
-50
-31
-24
-20
-26
-19
-10
-1
12
9
1
-10
0
-8
-3
-6
0
1
-5
2
-2
2
9
8
4
19
6
-9
-12
-28
-20
-24
-16
-30
-24
-15
-28
-17
-37
-32
-30
-34
-25
-14
-13
-19
-12
-15
-12
-11
0
-8
-19
-20
-21
-30
-37
-45
-51
-25
-34
-15
-3
14
22
17
25
24
45
32
39
38
45
60
56
54
55
59
60
64
64
67
52
46
46
46
53
30
21
3
6
-1
-9
-12
-14
-8
-15
-10
-21
-16
-26
-31
-39
-49
-45
-50
-19
-11
-3
-2
3
0
-2
-8
-2
10
-1
8
-3
13
4
-13
-18
-30
-14
-11
-18
-22
-11
-7
-1
5
24
51
58
58
51
67
50
50
50
37
38
37
36
23
21
21
13
0
-12
-14
-31
-22
-28
-32
-36
-49
-71
-73
-66
-71
-50
-59
-47
-36
-35
-34
-22
-20
-26
-13
-3
12
11
23
12
21
19
8
16
-1
9
8
8
3
-12
-18
-21
-20
-28
-30
-39
-35
-33
-29
-23
-16
12
19
24
41
58
65
61
67
56
51
50
45
28
30
28
9
-5
-14
-18
-30
-27
-36
-57
-64
-52
-56
-57
-50
-35
-27
-34
-31
-17
0
-3
-2
10
19
19
22
31
20
24
15
19
23
20
27
15
15
9
6
2
1
-15
-9
-10
-14
-1
-4
23
22
29
46
56
60
46
45
26
18
18
15
2
0
-1
-3
-10
-21
-23
-33
-31
-34
-25
-20
-21
-17
-33
-23
-16
-32
-41
-33
-17
-6
-9
-7
-7
1
11
5
8
15
13
16
12
22
27
23
25
20
20
22
18
1
0
-4
-9
-7
-13
-14
-19
-16
-14
-4
-6
1
12
10
16
22
26
22
28
32
28
23
18
-2
-4
-3
-3
-10
-28
-14
-26
-40
-58
-63
-57
-53
-51
-66
-49
-57
-43
-40
-48
-25
-17
-11
-9
7
23
40
32
31
33
49
51
44
51
56
57
49
36
51
41
22
26
2
-11
-10
-13
-13
-16
-8
2
-12
-6
4
4
2
10
12
22
28
34
44
36
37
49
48
42
42
33
24
18
13
6
0
-5
-11
-11
-17
-11
-7
-3
-14
-11
-1
-8
-11
-16
-20
-30
-34
-23
-22
-11
1
-6
-3
11
6
-14
-18
-16
-21
-43
-50
-46
-50
-59
-64
-58
-50
-46
-34
-42
-46
-18
-5
-6
-8
-8
-6
-15
-18
-15
-15
-21
-17
-11
-7
0
10
16
15
15
13
13
25
32
38
36
29
23
26
29
31
36
25
27
23
11
19
18
34
46
41
41
35
31
14
4
14
0
4
15
1
-5
1
-3
-2
-11
-12
-6
-11
-10
2
11
1
-1
3
11
3
6
-3
-4
-6
-21
-19
-23
-29
-30
-33
-50
-45
-46
-36
-33
-38
-36
-34
-34
-40
-34
-32
-20
-16
-22
-22
-11
2
5
12
13
14
22
21
20
26
29
42
44
34
34
39
31
16
19
22
17
16
6
7
5
-4
-6
7
12
-2
6
1
8
4
10
23
21
27
23
20
14
11
17
4
-4
-16
-23
-23
-38
-38
-26
-33
-50
-42
-37
-45
-42
-38
-40
-44
-47
-41
-44
-42
-32
-33
-26
-22
-10
-6
8
19
9
14
20
25
22
17
13
26
36
36
47
56
69
65
63
57
55
58
64
59
57
64
58
58
45
43
34
25
14
10
7
8
-1
-7
-4
-18
-14
-19
-19
-31
-38
-29
-12
-6
-11
11
-5
-5
-5
-19
-18
-30
-24
-34
-12
2
-8
-17
-26
-18
-12
-3
-12
-8
-15
-14
-15
-19
-21
-23
-30
-34
-21
-19
-16
-6
0
3
3
-1
14
13
18
18
24
26
30
37
28
28
41
33
24
24
32
32
31
34
13
25
17
2
10
2
-14
-13
-29
-38
-34
-39
-34
-42
-35
-52
-59
-50
-61
-50
-43
-39
-37
-30
-22
-10
-15
-21
-36
-32
-29
-20
-10
-7
-3
3
0
-7
-11
-7
3
1
-3
14
5
10
5
-6
-10
-10
4
3
18
22
29
21
23
27
30
30
25
20
16
28
19
22
21
17
17
5
5
-2
-11
-12
-13
-15
-18
-15
0
9
3
8
8
6
3
-4
-6
-8
-5
-14
-14
-14
-14
-27
-35
-29
-21
-23
-22
-11
-15
-23
-26
-18
-26
-24
-19
-25
-26
-21
-12
-6
4
4
17
23
12
23
33
27
22
18
27
31
40
39
23
22
25
16
8
12
20
19
18
23
13
15
19
17
18
19
30
36
42
49
50
51
52
50
55
56
52
56
52
54
50
49
47
44
42
42
28
-2
0
-10
-16
-19
-25
-14
-10
-14
-26
-32
-30
-30
-38
-43
-38
-36
-40
-36
-47
-60
-56
-52
-56
-72
-74
-59
-55
-48
-53
-50
-50
-46
-45
-50
-47
-56
-55
-52
-49
-45
-33
-31
-17
-17
-20
-16
-15
-6
-6
-11
-8
-10
-8
-5
-20
-22
-29
-34
-25
-20
-19
-16
-10
-12
-20
-16
-7
12
10
12
29
49
58
66
81
86
97
85
88
91
93
101
85
87
81
79
63
52
50
59
61
51
42
52
72
65
67
61
72
79
72
58
57
50
44
30
10
11
5
4
-7
-27
-33
-42
-53
-67
-70
-70
-73
-70
-79
-76
-89
-95
-97
-107
-107
-100
-88
-86
-91
-90
-74
-58
-59
-62
-58
-57
-51
-49
-36
-27
-25
-35
-37
-31
-29
-28
-21
-17
-14
-5
-1
6
28
32
29
49
58
60
56
60
63
74
79
89
95
106
112
95
117
116
94
74
65
57
55
48
37
18
6
11
-1
-10
-26
-36
-47
-55
-62
-63
-64
-58
-64
-75
-69
-76
-65
-65
-60
-55
-59
-47
-59
-57
-45
-36
-31
-22
-26
-34
-35
-49
-48
-46
-30
-28
-21
-2
7
13
15
14
17
33
44
52
55
62
61
70
71
64
54
47
32
35
37
38
33
23
20
21
16
-2
-2
-11
-21
-18
-14
-22
-17
-17
-16
-9
-2
4
1
9
7
10
15
17
15
8
2
-4
-2
-15
-16
-14
-23
-30
-34
-33
-28
-30
-28
-28
-27
-27
-24
-23
-17
-18
-13
-8
-9
4
20
22
21
24
32
45
44
37
37
43
40
44
37
30
30
34
26
21
28
35
33
27
30
23
21
22
16
6
18
27
32
35
38
56
52
53
52
60
65
47
31
22
20
5
-11
-18
-18
-33
-43
-32
-34
-24
-36
-47
-57
-71
-77
-81
-77
-78
-76
-77
-71
-68
-70
-68
-69
-66
-69
-77
-71
-74
-79
-80
-74
-67
-75
-66
-65
-76
-75
-76
-75
-75
-67
-61
-56
-28
-19
-18
-7
3
12
20
30
35
46
59
71
72
79
75
86
87
83
89
97
116
110
106
109
112
104
100
86
75
75
64
67
66
63
58
57
54
55
63
70
90
85
61
44
46
42
38
33
23
19
3
-2
-8
-12
-18
-24
-43
-55
-57
-57
-62
-67
-62
-75
-66
-62
-63
-43
-46
-46
-50
-44
-34
-41
-55
-47
-43
-40
-18
-8
7
-1
1
-24
-41
-42
-42
-47
-53
-46
-39
-40
-61
-60
-52
-42
-52
-56
-39
-46
-27
-21
-10
1
9
24
22
22
36
42
37
49
48
54
46
44
46
28
23
14
17
15
17
23
13
11
23
34
33
26
19
12
15
15
13
20
22
27
32
29
16
19
27
10
2
4
-2
10
12
9
15
16
6
-1
-6
-18
-22
-26
-20
-26
-34
-39
-41
-40
-50
-58
-61
-53
-44
-34
-24
-12
-6
-2
-6
5
1
-4
-9
-12
-12
-17
-27
-22
-23
-22
-11
-19
-5
-7
-6
0
6
15
23
16
8
1
1
-2
2
16
-3
-6
-7
-6
-4
-12
-19
-30
-27
-34
-39
-31
-29
-33
-19
-16
-27
-25
-29
-23
-15
-3
-1
6
-3
-9
-1
-6
13
17
23
28
44
49
47
45
40
48
46
49
55
52
57
68
61
74
85
72
76
83
77
61
58
49
57
65
61
66
63
70
77
83
79
78
72
60
47
14
-5
-11
-26
-36
-26
-19
-30
-31
-49
-70
-80
-88
-97
-97
-92
-93
-90
-82
-84
-87
-89
-105
-93
-85
-96
-101
-105
-106
-101
-95
-94
-82
-73
-71
-81
-78
-68
-68
-68
-68
-54
-36
-15
0
14
30
32
37
41
40
44
46
49
61
73
79
95
97
104
110
113
119
121
118
118
119
108
102
96
95
88
80
77
70
71
54
29
31
32
30
27
23
35
40
46
52
33
32
20
1
-12
-34
-47
-44
-46
-51
-52
-45
-44
-52
-59
-66
-66
-68
-65
-62
-72
-77
-87
-79
-76
-56
-65
-58
-38
-45
-33
-38
-36
-36
-42
-54
-65
-54
-55
-44
-43
-44
-40
-23
-14
-33
-29
-42
-50
-55
-51
-52
-38
-30
-32
-14
-14
-11
-6
5
9
13
22
38
49
44
38
39
47
48
49
41
46
50
48
62
73
71
63
61
45
30
25
35
32
34
45
50
61
59
73
67
60
56
43
39
24
17
19
21
12
-2
-5
8
18
8
1
0
-9
-17
-24
-33
-29
-29
-26
-15
-13
-2
-9
-2
-8
-6
-3
-15
-19
-27
-37
-37
-24
-23
-19
-12
-22
-26
-30
-27
-33
-26
-25
-26
-29
-38
-38
-45
-30
-28
-23
-22
-22
-16
-3
1
-4
8
12
16
18
27
26
28
17
3
9
13
21
22
21
17
2
-6
-11
-8
-14
-23
-35
-29
-30
-27
-16
-19
-23
-17
-17
-14
-14
-22
-12
-8
-9
-3
3
6
13
22
30
39
48
48
42
29
20
24
18
23
32
28
36
28
18
24
39
28
18
32
26
22
23
22
23
31
27
33
37
29
31
19
2
-5
-2
-14
-23
-29
-31
-25
-23
-24
-17
-13
-16
-11
-18
-29
-35
-39
-36
-45
-39
-40
-52
-48
-39
-40
-44
-37
-45
-34
-34
-39
-43
-42
-45
-48
-45
-50
-50
-51
-47
-42
-30
-20
-11
-9
-8
-8
3
8
17
30
37
41
40
32
40
45
49
61
71
75
74
66
67
74
53
49
45
44
39
46
48
48
58
61
52
45
41
32
37
38
36
35
22
22
32
21
20
30
25
22
24
1
-11
-16
-24
-33
-27
-27
-29
-11
-7
0
-4
-8
-16
-29
-35
-31
-39
-45
-57
-59
-50
-52
-47
-50
-35
-35
-31
-29
-40
-45
-62
-69
-73
-75
-75
-67
-68
-61
-56
-54
-44
-48
-48
-52
-43
-25
-16
-21
-22
-15
-5
6
8
16
24
31
27
19
19
20
27
34
36
41
48
53
62
66
63
69
77
76
70
60
60
60
45
37
37
31
28
31
34
24
13
8
0
-4
-7
-5
-3
-7
-20
-33
-41
-42
-42
-48
-47
-37
-35
-40
-30
-30
-35
-35
-32
-24
-16
-13
-16
-12
0
9
16
16
27
38
33
40
36
24
24
30
36
37
35
23
26
31
38
33
24
24
19
11
-4
-5
-10
-18
-11
-8
0
8
8
8
7
6
-2
-2
0
-12
-19
-13
-9
-12
-16
-11
2
0
0
-8
-19
-23
-31
-24
-26
-25
-12
-11
-9
-8
-2
-9
-15
-17
-12
5
-3
-5
-12
-3
-9
-17
-7
-10
-5
-2
-2
7
5
-4
0
-4
-8
-15
-9
-5
-15
-11
-6
-1
5
8
12
15
10
4
4
8
2
-6
-3
-4
-3
-4
2
0
5
15
8
10
11
6
3
2
-4
-9
-5
-4
-10
-5
-3
-5
1
8
9
8
3
7
6
-3
-9
1
1
-1
0
0
-6
-11
-20
-28
-27
-31
-25
-34
-45
-39
-40
-33
-21
-13
-12
-17
-24
-27
-19
-19
-9
1
6
-1
-1
-5
0
4
11
17
24
26
23
25
22
30
31
26
28
33
43
42
39
41
40
32
33
28
20
28
27
27
31
30
27
34
31
19
13
18
18
13
16
11
14
20
15
19
20
22
25
20
15
8
10
5
10
6
-3
-6
5
11
9
6
-1
-5
-3
-8
-15
-17
-24
-21
-19
-22
-31
-38
-38
-36
-42
-50
-45
-46
-51
-49
-47
-44
-39
-43
-40
-34
-33
-33
-31
-19
-17
-20
-17
-12
-12
-10
-14
-16
-7
-2
-8
-3
-3
0
9
7
-1
3
1
-2
-7
-6
-7
-10
-2
-12
-4
-2
3
6
8
6
9
18
11
11
12
13
8
7
10
14
18
19
23
30
30
33
34
30
23
22
20
19
18
25
19
18
14
17
17
15
15
10
16
16
10
8
8
8
0
-1
3
3
1
-7
-11
-12
-18
-17
-14
-18
-12
-9
-13
-19
-12
-8
-2
2
-3
-1
-3
9
6
3
10
9
9
0
1
-1
2
-3
-6
-3
-4
-9
-17
-22
-15
-7
-10
-13
-13
-9
-6
-8
-3
-3
-8
-13
-25
-25
-17
-14
-14
-13
-9
-8
-14
-11
-13
-14
-11
-16
-11
-9
-11
-8
-1
1
3
0
3
12
16
24
22
29
29
23
22
28
24
27
29
28
36
27
29
25
26
24
19
21
26
33
22
17
16
18
13
10
9
7
13
6
8
11
5
9
5
6
13
15
11
11
9
5
-3
-7
-8
-9
-8
-14
-13
-19
-21
-26
-35
-37
-46
-38
-30
-35
-35
-31
-29
-29
-33
-37
-33
-35
-35
-37
-38
-41
-38
-36
-37
-27
-26
-27
-27
-33
-32
-20
-22
-24
-16
-11
-6
-6
-3
1
3
-1
7
13
13
20
24
26
26
31
34
39
36
33
30
24
20
12
15
7
2
8
11
15
13
17
18
20
18
22
16
11
7
8
17
7
7
9
15
21
21
27
28
29
29
29
28
31
26
27
25
26
26
17
23
15
10
7
3
1
-7
-9
-18
-18
-19
-19
-18
-19
-19
-25
-33
-30
-31
-32
-31
-30
-22
-20
-13
-10
-14
-9
-4
-4
-6
-4
-4
0
4
4
5
9
8
5
2
0
0
-7
-5
-8
-14
-11
-10
-8
-10
-11
-9
-13
-17
-16
-10
-11
-13
-13
-15
-15
-10
-13
-18
-16
-20
-19
-20
-22
-12
-6
-1
4
4
4
6
4
8
11
14
20
25
28
26
23
23
24
21
23
23
31
28
28
25
21
23
22
21
10
6
-1
-3
-8
-8
-5
-10
-10
-9
-4
-6
-6
-9
-10
-5
-8
-7
-3
2
-3
0
-4
-4
1
-1
1
2
-1
-5
0
2
3
5
1
3
-3
-6
-8
-7
-2
-1
-4
-1
-2
-2
2
-3
-2
0
12
13
10
9
13
22
17
12
16
18
13
10
3
5
4
5
7
2
7
7
12
4
-2
-4
-3
-2
-11
-11
-5
2
0
-4
0
-6
-5
-9
-11
-13
-11
-5
-8
-13
-14
-11
-15
-16
-19
-21
-16
-13
-15
-17
-21
-14
-14
-18
-12
-10
-6
-8
-4
-3
0
0
-4
1
6
8
8
12
5
1
2
4
-2
-10
-5
-9
-5
-8
-9
-10
-9
-8
-12
-8
-7
-9
-12
-9
-8
-12
-12
-13
-13
-16
-15
-14
-12
-8
-5
-4
-6
-4
-6
-8
-12
-5
-1
0
-1
-4
6
11
14
12
14
12
21
18
17
20
17
23
23
23
23
28
24
26
28
24
23
27
22
14
20
11
8
5
1
3
3
2
-2
-2
-2
-3
-2
-5
-3
1
5
6
11
9
8
9
8
16
16
15
16
20
18
22
21
13
16
14
6
5
6
3
1
1
3
3
4
0
-4
-3
-4
-4
-12
-17
-16
-16
-13
-10
-10
-11
-4
-5
-2
1
-5
-8
-9
-7
-9
-10
-7
-8
-6
-4
-8
-10
-8
-14
-14
-13
-14
-7
-7
-6
-7
-9
-7
-8
-8
-3
-5
-2
-3
-7
-7
-14
-9
-12
-15
-18
-18
-24
-23
-18
-18
-16
-17
-13
-13
-12
-11
-9
-9
-11
-13
-13
-14
-10
-10
-11
-11
-10
-6
-6
-3
4
-3
0
5
3
6
3
10
12
13
10
10
10
10
12
16
18
16
21
22
22
20
19
24
25
32
27
29
25
25
23
21
24
20
17
13
11
7
3
1
-1
3
4
2
4
-1
-1
-1
-8
-3
-10
-13
-15
-14
-10
-6
0
-5
-2
-4
-3
-5
-11
-10
-12
-6
-10
-12
-13
-11
-10
-10
-6
-7
-7
-8
-9
-8
-4
-7
-5
-3
0
3
1
2
1
0
-1
-2
-1
2
1
-3
1
0
3
2
1
0
2
5
3
4
-1
3
3
7
9
8
10
7
8
7
5
3
2
0
0
4
3
3
3
10
8
10
10
8
8
5
4
-1
6
8
7
1
4
5
2
2
3
4
5
5
2
-2
-1
-2
-5
-9
-10
-11
-9
-11
-14
-16
-15
-15
-17
-20
-18
-20
-20
-18
-19
-18
-17
-20
-22
-17
-19
-18
-15
-11
-7
-8
-5
0
1
4
3
1
4
9
6
11
12
15
21
22
22
19
22
17
16
15
17
17
17
18
14
16
17
18
16
12
8
13
13
12
16
11
11
7
6
7
7
6
9
8
2
-1
-4
-1
-4
-7
-7
-8
-11
-17
-17
-19
-21
-19
-17
-20
-21
-24
-23
-26
-28
-28
-28
-28
-24
-22
-18
-15
-16
-14
-14
-12
-13
-16
-13
-10
-10
-7
-8
-5
-7
-4
0
-2
-1
-1
-1
2
7
9
10
6
11
14
17
24
23
25
26
27
26
23
25
27
27
26
25
25
21
21
24
18
16
16
15
13
8
8
5
5
4
3
5
3
0
4
2
5
2
0
2
0
-4
-7
-9
-6
-5
-2
0
-3
-2
-4
-8
-11
-10
-10
-9
-11
-12
-13
-12
-13
-14
-13
-12
-9
-10
-11
-11
-12
-15
-12
-11
-12
-8
-8
-4
-6
-5
-1
-2
2
-2
-4
-1
1
1
4
-1
-1
-2
-5
0
2
3
10
10
8
8
8
7
5
5
5
7
7
4
3
4
6
3
-2
0
1
-2
-3
-1
-3
-2
-1
0
-1
0
-1
-1
1
-3
-1
-5
-8
-11
-14
-13
-11
-11
-17
-15
-15
-9
-8
-9
-11
-10
-6
-5
-8
-7
-4
-4
-2
-3
0
-1
-5
-3
1
0
4
7
8
14
14
17
23
25
29
25
23
23
25
22
17
14
14
16
15
11
14
18
17
14
10
12
13
14
12
10
13
10
7
2
-5
-6
-7
-5
-8
-10
-9
-10
-14
-17
-15
-15
-14
-17
-20
-20
-19
-19
-20
-19
-16
-16
-15
-15
-16
-14
-15
-15
-14
-14
-13
-14
-14
-14
-11
-9
-7
-6
-5
-3
-1
1
-2
2
3
1
0
2
6
7
4
4
8
9
10
10
11
13
16
19
19
17
19
16
14
16
18
20
16
16
18
19
19
19
16
12
11
9
3
1
0
-2
-3
-8
-7
-8
-10
-15
-17
-17
-20
-20
-20
-22
-21
-18
-17
-19
-18
-16
-20
-22
-18
-20
-18
-20
-20
-17
-13
-10
-11
-9
-4
-1
-1
0
5
9
11
12
12
16
18
19
20
21
21
18
21
18
15
16
16
19
18
19
17
25
23
19
22
20
16
10
11
9
11
11
8
10
10
8
5
5
5
8
6
4
3
0
-1
-4
-3
-6
-7
-8
-8
-9
-11
-7
-9
-13
-11
-15
-16
-16
-17
-16
-18
-19
-20
-20
-16
-14
-14
-13
-10
-7
-10
-11
-13
-16
-18
-19
-21
-16
-14
-14
-12
-14
-9
-9
-8
-8
-8
-3
-4
-1
-3
-3
-6
-2
-3
0
1
3
5
4
9
9
8
10
12
11
13
17
21
22
20
16
15
12
9
6
4
8
9
6
8
4
5
8
6
9
11
10
7
6
3
1
0
-2
0
1
2
1
0
1
-2
2
-1
0
-1
-4
-7
-12
-11
-13
-11
-12
-13
-14
-13
-11
-9
-10
-10
-6
-7
-9
-10
-6
-3
-2
-3
1
4
1
1
-2
0
3
2
1
3
10
12
10
7
8
6
5
6
6
7
6
4
7
6
8
6
8
10
7
10
11
11
12
12
11
8
9
12
13
9
10
9
7
7
4
2
3
6
2
-1
-3
-2
-2
-5
-3
-2
-1
-1
-3
-2
-3
-4
-6
-8
-9
-10
-11
-10
-12
-10
-9
-7
-6
-4
-1
-1
-1
-3
3
1
2
1
1
0
3
4
-1
2
1
3
2
2
0
3
5
4
2
1
5
3
2
0
-1
-4
-9
-10
-12
-11
-12
-8
-6
-7
-2
-2
-3
-5
-1
