SAMPLES:	19099
BITSPERSAMPLE:	16
CHANNELS:	1
SAMPLERATE:	16000
NORMALIZED:	FALSE
-56
-62
-66
-83
-87
-79
-95
-113
-113
-109
-108
-101
-108
-106
-100
-89
-63
-45
-33
-18
-17
1
4
19
44
54
70
67
76
72
72
75
75
72
76
84
77
61
40
31
13
-6
-9
-11
-24
-38
-56
-58
-51
-54
-58
-67
-69
-57
-62
-64
-64
-70
-72
-74
-65
-66
-67
-77
-93
-82
-82
-88
-75
-74
-69
-70
-65
-50
-34
-18
-12
-8
10
22
38
37
39
53
52
72
77
77
76
67
62
67
46
38
46
48
42
40
43
45
39
41
31
18
13
-8
-11
-17
-27
-31
-25
-33
-38
-35
-41
-46
-31
-26
-29
-21
-19
-12
-13
-18
-18
-18
-29
-39
-51
-52
-44
-49
-42
-27
-19
-12
2
11
8
14
23
21
41
57
69
77
91
108
124
136
140
154
148
141
140
136
127
121
111
100
77
65
59
35
25
8
1
-14
-29
-40
-58
-57
-66
-67
-60
-61
-68
-69
-79
-79
-88
-95
-87
-86
-85
-90
-90
-90
-93
-97
-85
-74
-66
-63
-54
-45
-38
-38
-32
-31
-22
-5
-2
7
10
37
36
31
46
52
51
44
41
48
38
34
38
29
24
5
-8
-16
-27
-39
-39
-45
-42
-34
-31
-30
-25
-11
-23
-22
-14
-13
-13
-19
-9
-1
-2
2
2
1
-9
-16
-19
-23
-13
-6
-1
9
6
3
18
15
26
22
23
22
9
13
15
9
10
19
27
36
33
44
54
44
52
53
64
81
71
77
78
81
84
67
70
57
36
35
14
15
24
21
14
12
12
-12
-18
-21
-28
-35
-45
-43
-43
-40
-39
-44
-57
-75
-82
-105
-106
-105
-111
-102
-99
-96
-93
-73
-55
-53
-44
-15
-13
-2
10
10
25
37
36
39
40
54
47
48
58
60
76
80
93
82
89
86
70
56
49
54
51
53
50
46
36
40
32
26
16
18
9
-4
-3
-18
-26
-30
-40
-53
-55
-61
-63
-63
-64
-59
-67
-75
-75
-73
-75
-67
-59
-46
-30
-31
-28
-30
-29
-13
3
5
12
24
43
46
59
55
51
49
37
29
21
25
19
34
26
7
9
22
28
22
30
40
36
33
31
28
19
14
2
-7
-16
-22
-24
-23
-33
-46
-45
-48
-33
-41
-32
-32
-52
-51
-58
-57
-60
-64
-62
-59
-52
-41
-37
-21
-9
-11
-6
8
5
23
29
21
36
30
26
27
42
37
40
41
40
34
42
32
40
47
28
29
23
15
6
3
20
31
20
21
11
-3
-7
-13
-18
-10
-21
-28
-21
-19
-27
-45
-50
-59
-53
-72
-79
-78
-76
-52
-38
-15
-11
-3
6
-7
-8
-6
-4
3
20
25
46
75
85
92
86
97
97
93
101
96
86
73
75
68
58
57
61
48
50
61
37
27
13
-3
-8
-26
-33
-29
-24
-24
-20
-25
-28
-40
-48
-67
-73
-73
-90
-88
-92
-86
-89
-88
-102
-87
-76
-61
-42
-30
-18
-16
-19
-33
-20
-14
-18
-5
-6
14
37
33
44
49
51
46
32
40
45
47
44
35
42
37
38
35
29
22
23
20
19
9
-1
7
9
14
2
-9
-28
-27
-28
-35
-41
-44
-39
-43
-39
-48
-51
-55
-63
-49
-45
-33
-28
-35
-33
-30
-20
-3
-11
-16
-7
2
5
16
32
31
47
49
45
55
57
56
65
72
70
62
55
45
37
27
32
34
43
37
34
40
41
41
43
36
13
3
-1
-5
-17
-23
-23
-33
-37
-41
-47
-51
-58
-63
-59
-44
-38
-39
-38
-42
-38
-37
-41
-32
-27
-28
-27
-25
-23
-20
-24
-15
-5
-5
6
10
14
11
18
31
25
48
57
62
75
59
55
68
60
48
49
57
55
47
35
32
38
33
42
43
32
25
20
10
2
5
5
-2
-11
-17
-12
-21
-22
-28
-34
-48
-51
-60
-70
-72
-80
-82
-74
-74
-88
-88
-78
-81
-69
-66
-63
-43
-28
-19
-17
-9
-6
13
11
5
-5
1
-1
-8
3
23
38
54
57
53
53
45
34
37
50
47
45
40
37
27
17
11
6
0
-2
0
8
7
-2
-8
-12
-15
-24
-28
-35
-39
-34
-33
-30
-35
-30
-17
-13
2
4
-4
-12
-21
-17
-11
-13
7
24
28
32
51
64
67
72
65
55
57
39
32
31
26
35
22
14
11
8
7
6
5
10
9
14
17
24
39
31
24
22
22
16
3
-1
-8
-33
-35
-40
-54
-48
-36
-29
-21
-12
-27
-33
-37
-63
-82
-84
-93
-95
-89
-81
-59
-38
-41
-34
-28
-15
5
2
12
18
7
18
25
31
34
25
33
31
28
30
21
14
19
29
39
38
47
60
55
44
42
55
58
42
21
15
22
16
16
15
12
13
7
9
14
1
-4
-9
-15
-17
-24
-39
-45
-57
-57
-51
-56
-38
-38
-34
-31
-30
-13
0
3
5
10
16
22
18
18
21
22
37
37
36
52
52
43
35
24
9
-1
-22
-26
-33
-25
-16
-23
-14
-19
-40
-58
-61
-71
-72
-78
-90
-90
-89
-73
-67
-64
-51
-39
-31
-35
-38
-37
-46
-53
-50
-45
-37
-23
-20
-6
13
9
20
37
34
41
35
36
38
38
45
43
40
47
62
80
90
94
89
89
79
66
44
32
36
22
15
20
42
57
78
84
92
96
85
81
75
79
63
60
58
43
26
9
18
3
1
14
12
6
-1
-17
-25
-36
-43
-49
-53
-52
-49
-28
-22
-27
-27
-28
-31
-38
-50
-39
-23
-18
-1
11
25
32
21
26
11
2
5
-12
-15
-16
-22
-16
-15
-14
-5
-1
-6
-15
-14
-23
-41
-46
-46
-52
-45
-53
-60
-51
-38
-31
-16
-13
-9
-24
-43
-57
-71
-74
-81
-78
-73
-80
-79
-87
-90
-84
-83
-70
-66
-53
-48
-42
-44
-43
-27
-10
-7
18
32
37
42
45
42
34
41
32
38
39
51
66
73
75
90
96
85
88
84
66
51
56
58
46
42
42
47
55
56
56
68
72
61
60
33
7
-4
-14
-27
-30
-27
-23
-34
-49
-51
-51
-43
-56
-57
-61
-73
-64
-60
-51
-48
-41
-29
-14
1
7
9
23
25
15
15
13
17
29
40
67
69
61
67
75
87
94
93
83
67
65
63
43
45
47
56
59
57
60
64
64
48
38
30
25
10
3
4
5
12
0
-6
-23
-39
-53
-69
-81
-102
-106
-107
-104
-85
-82
-96
-94
-86
-89
-81
-76
-72
-69
-73
-69
-69
-68
-67
-72
-74
-74
-76
-62
-52
-40
-35
-27
-13
-18
-19
-22
-19
-20
-20
-6
7
22
22
19
13
5
18
18
21
27
28
46
37
47
42
47
42
44
37
23
23
5
-3
-4
-12
-9
11
28
29
38
43
49
56
51
55
53
54
40
43
46
44
52
59
59
53
36
36
46
49
45
33
34
18
26
25
13
17
15
12
9
19
7
10
22
20
22
23
18
-3
-14
-23
-27
-33
-32
-38
-52
-50
-59
-77
-89
-86
-91
-95
-106
-111
-107
-98
-86
-86
-74
-65
-46
-35
-19
-20
-19
-9
-3
1
15
20
25
30
34
53
50
58
72
70
67
71
70
61
44
42
32
25
13
25
42
39
32
38
32
20
17
1
-7
-5
2
-3
8
20
22
10
5
-5
-26
-40
-49
-46
-59
-52
-52
-59
-47
-50
-37
-29
-27
-21
-18
-7
-13
-21
-19
-12
1
4
4
2
-5
-6
-5
-1
7
7
15
20
26
37
46
52
49
48
55
56
52
53
45
45
38
34
25
14
32
42
39
45
42
36
28
23
14
2
-19
-41
-44
-50
-47
-40
-30
-52
-60
-51
-54
-49
-46
-31
-19
-12
-7
-8
-10
-14
-13
-19
-15
-6
-4
-1
1
15
22
37
33
17
14
9
-2
-6
-8
-3
3
4
13
16
18
2
-3
-7
-7
-8
-17
-17
-17
-16
-18
-10
-5
-7
-7
-17
-25
-25
-20
-11
-25
-16
-14
-20
-24
-28
-28
-33
-37
-31
-23
-25
-13
-18
-11
-9
0
0
16
30
20
13
17
33
32
27
16
15
12
0
4
3
2
7
-9
-19
-13
-3
10
19
24
27
32
27
23
24
3
1
9
0
1
-9
-10
-11
-10
-8
-18
-17
-18
-16
-14
-22
-25
-22
-22
-31
-26
-24
-17
-6
-11
4
14
29
36
33
29
26
35
58
60
58
67
56
66
61
60
60
67
68
61
59
63
54
54
58
58
59
53
48
32
9
-16
-14
-15
-24
-49
-48
-61
-64
-56
-60
-59
-56
-53
-61
-60
-60
-52
-50
-54
-51
-59
-61
-58
-62
-60
-68
-60
-49
-43
-33
-22
-17
-9
-2
-1
8
2
-6
-9
-10
-10
-15
-3
10
4
8
-5
-6
-18
-27
-14
-8
-4
7
20
31
35
23
21
19
9
-4
-10
-15
-4
5
9
15
21
13
4
1
-3
-4
-1
8
8
1
-7
-7
-10
-14
-16
-9
-6
-4
-4
-5
3
5
15
13
13
23
21
25
30
28
34
36
38
32
34
46
40
27
40
36
33
41
42
52
56
55
52
50
43
33
31
28
22
22
30
32
35
47
45
30
14
-1
-3
-18
-14
-23
-30
-20
-23
-19
-29
-33
-37
-39
-38
-54
-56
-51
-52
-53
-58
-48
-46
-47
-45
-30
-28
-29
-10
-9
14
8
5
16
12
27
25
30
35
36
22
5
12
0
-22
-14
-11
-12
-8
-10
3
6
10
0
4
3
-1
0
-5
-3
-5
-17
-19
-20
-25
-28
-21
-19
-13
-17
-8
-15
-18
-20
-29
-18
-16
-16
-9
4
5
2
5
3
-1
-6
-9
-13
-12
-10
-12
-19
-5
9
25
23
20
24
5
9
1
-9
-16
-14
-7
-7
-5
0
-2
1
3
0
3
4
1
4
9
-4
-4
-5
-20
-21
-19
-29
-28
-33
-31
-37
-39
-41
-48
-50
-55
-44
-41
-29
-28
-21
-21
-11
4
11
24
27
36
35
31
39
42
55
63
54
50
59
59
58
75
74
73
67
69
66
67
73
69
81
64
69
65
57
48
49
42
32
30
29
23
21
24
16
17
7
-5
-5
7
-10
-15
-32
-35
-50
-63
-61
-73
-73
-86
-80
-76
-65
-47
-47
-56
-50
-55
-47
-43
-40
-29
-23
-35
-27
-23
-26
-17
-12
-12
-11
-1
7
13
20
28
26
38
46
35
34
41
38
27
15
9
-12
-8
-4
-10
-22
-16
-12
-8
2
0
2
-4
-2
-19
-38
-51
-62
-61
-66
-70
-63
-60
-56
-58
-50
-55
-57
-45
-34
-41
-33
-27
-25
-16
-7
3
1
12
17
21
30
25
30
21
16
22
23
22
19
26
24
28
30
34
43
40
45
48
45
49
52
60
58
57
47
40
41
40
45
33
40
39
36
31
22
15
9
7
4
-3
1
2
1
0
2
7
12
14
6
2
-5
-4
0
10
20
22
28
25
27
27
17
5
-7
-11
-24
-22
-30
-46
-52
-55
-59
-48
-48
-43
-42
-31
-28
-26
-23
-26
-22
-12
5
11
21
21
19
11
2
-2
4
10
10
6
1
-1
-8
-15
-18
-23
-34
-31
-24
-24
-10
-6
1
6
9
17
19
20
13
8
1
-4
-4
-8
1
6
2
-5
3
3
1
10
5
16
4
-1
-1
-2
-6
-8
-16
-12
-9
-9
-2
-10
-14
-6
-9
-16
-13
-13
-4
-2
8
3
4
8
3
-9
-18
-12
3
0
1
10
12
8
6
4
-1
2
5
8
9
12
13
19
17
8
3
-8
3
3
2
2
-5
-4
-1
-4
-3
-3
6
13
15
17
13
11
5
-5
-8
1
-8
8
19
9
10
12
13
12
10
1
0
13
11
8
7
2
-3
-3
1
-4
-8
-8
-17
-18
-17
-26
-22
-22
-15
-9
-6
1
22
32
33
32
22
14
7
-3
-19
-27
-21
-28
-31
-44
-34
-28
-41
-35
-29
-26
-24
-19
-18
-12
-22
-19
-21
-26
-24
-24
-15
-17
-13
-20
-22
-5
-3
-5
5
0
20
33
29
36
35
39
40
41
30
26
20
18
16
16
9
3
13
17
25
17
7
0
-10
-17
-8
-2
5
7
0
13
4
3
1
-5
-18
-28
-21
-19
-6
-1
3
15
11
8
-2
5
12
10
18
28
31
32
19
21
32
20
16
22
15
14
19
20
22
19
25
12
18
14
8
13
11
8
7
9
5
-1
-14
-15
-20
-34
-33
-41
-36
-26
-33
-27
-27
-25
-22
-30
-35
-32
-39
-41
-30
-19
-22
-22
-16
-26
-21
-14
-17
-14
-7
3
4
4
-2
-6
3
3
2
4
3
12
22
15
20
19
26
30
30
29
23
28
33
30
24
28
32
28
18
23
21
12
13
20
21
21
23
26
24
27
31
24
25
22
7
9
1
-15
-19
-18
-19
-25
-31
-36
-44
-49
-44
-42
-35
-35
-34
-27
-32
-28
-26
-30
-23
-22
-25
-17
-18
-25
-23
-20
-28
-31
-31
-28
-17
-10
-7
2
13
16
17
17
13
7
8
0
-9
-4
-2
-3
-5
-2
7
20
23
28
35
43
52
63
58
53
53
53
45
41
28
18
13
8
2
-4
-7
-3
2
-1
-2
-1
8
2
5
5
9
17
17
18
12
7
-1
6
5
8
15
15
6
0
2
-2
7
6
1
3
-16
-23
-16
-20
-28
-30
-41
-45
-36
-41
-46
-52
-51
-45
-40
-34
-41
-42
-34
-38
-38
-31
-22
-21
-22
-21
-24
-17
-17
-20
-27
-29
-24
-21
-15
-15
-16
-11
-18
-11
-14
-18
-8
-12
-7
-4
-4
-5
9
21
37
46
57
76
87
86
90
94
83
74
63
51
34
24
11
8
2
-4
-10
-17
-12
-9
-7
-1
-3
-12
-10
-7
-5
-3
0
6
2
9
16
23
31
27
34
35
29
29
26
15
21
20
17
14
13
7
4
7
7
1
-7
-11
-16
-12
-22
-26
-17
-22
-21
-29
-30
-24
-32
-29
-36
-35
-26
-23
-22
-31
-16
-17
-11
-4
-5
-4
2
1
-4
1
1
-3
-11
-5
-7
-7
-6
-3
-2
-1
-2
-5
-6
-5
-2
-1
-2
-1
-3
-4
-8
-11
-10
1
9
6
4
2
9
11
7
5
0
1
2
1
-7
-3
-6
-8
-8
-13
-11
-7
-1
-2
-6
-4
6
8
5
8
4
8
14
13
9
9
10
7
2
2
2
-1
3
2
6
14
17
9
8
8
-2
-4
-6
-8
-9
-5
0
8
11
9
13
13
18
7
-3
-4
0
3
-5
-3
-7
-7
-10
-11
-5
-6
-14
-13
-13
-17
-14
-19
-18
-18
-14
-5
-1
4
7
10
9
13
17
15
23
19
19
15
13
14
11
3
4
1
12
9
2
0
8
10
4
1
5
7
5
10
5
5
2
1
3
2
8
12
11
15
19
18
13
11
12
6
8
10
4
6
8
5
3
4
2
-9
-8
-7
-12
-10
-11
-10
-7
-5
-1
3
1
-9
-19
-25
-24
-24
-20
-17
-19
-23
-22
-23
-25
-20
-20
-19
-21
-17
-18
-14
-16
-16
-25
-29
-28
-25
-23
-23
-20
-19
-13
-13
1
1
4
10
12
12
18
22
21
15
10
11
16
25
20
28
28
26
34
34
32
26
26
31
33
36
35
30
27
20
19
14
9
10
2
3
3
-2
1
0
-5
-7
-14
-10
-7
-9
-14
-20
-17
-13
-10
-11
-7
-4
-6
-4
-11
-4
1
2
-1
-4
-5
-9
-6
-10
-15
-16
-15
-11
-9
-10
-10
-13
-13
-22
-23
-19
-24
-22
-28
-26
-24
-22
-16
-6
-11
-14
-23
-23
-21
-23
-19
-18
-10
-6
-3
-2
4
-7
-4
-8
-12
-10
-12
-9
-9
-5
3
9
13
11
14
21
22
25
29
35
45
45
43
44
45
42
45
53
57
56
52
43
32
28
25
20
20
24
19
14
8
-2
-11
-14
-13
-21
-21
-25
-23
-23
-29
-31
-34
-26
-26
-21
-16
-7
2
2
9
12
11
3
-1
-7
-9
-5
-4
-2
-3
3
4
5
5
-1
1
-4
0
3
3
11
6
6
8
9
12
16
9
4
6
0
-7
-13
-12
-4
-4
-4
0
-1
2
0
4
8
14
14
17
14
9
0
-5
-9
-16
-16
-26
-24
-30
-33
-36
-40
-44
-57
-61
-61
-59
-63
-58
-50
-45
-33
-27
-22
-15
-14
-16
-10
-4
-2
-1
3
6
12
16
16
13
15
15
8
14
9
8
8
5
7
5
6
10
12
20
23
30
34
41
49
44
46
39
36
38
30
31
31
29
26
26
26
24
24
18
18
16
15
20
19
13
8
4
15
15
11
13
13
14
12
14
9
11
11
4
3
5
-2
-3
-9
-15
-16
-12
-4
-2
1
0
-6
-6
-6
-14
-15
-22
-25
-25
-28
-25
-23
-21
-23
-27
-21
-21
-22
-16
-12
-13
-10
-8
-2
-7
-2
3
-6
-2
2
2
0
5
10
4
-4
2
9
7
12
16
6
1
3
-4
-8
1
2
-6
-6
-6
-4
-7
-8
-10
-12
-11
-12
-14
-23
-29
-31
-38
-40
-41
-40
-43
-40
-31
-35
-45
-53
-53
-56
-65
-74
-80
-79
-76
-68
-62
-63
-53
-41
-32
-19
-15
1
18
29
50
58
68
89
104
129
154
181
218
246
274
296
316
339
359
372
385
377
356
316
246
172
91
-10
-127
-229
-325
-431
-516
-591
-653
-702
-716
-691
-683
-643
-581
-519
-452
-383
-295
-223
-149
-63
22
100
175
241
303
352
419
481
520
552
585
609
601
594
578
544
510
475
427
362
292
226
157
77
8
-60
-126
-173
-218
-257
-290
-315
-330
-337
-347
-350
-342
-323
-289
-263
-240
-213
-181
-135
-93
-62
-14
28
73
121
172
210
227
243
238
224
207
201
186
160
122
77
31
5
-29
-65
-105
-136
-157
-180
-196
-200
-220
-244
-255
-274
-276
-270
-247
-220
-200
-168
-136
-109
-76
-46
-12
17
48
87
111
134
154
174
193
198
200
203
190
172
140
103
81
46
31
16
-4
-23
-43
-69
-96
-131
-159
-198
-227
-240
-254
-256
-268
-270
-260
-241
-218
-180
-141
-95
-44
-13
40
86
122
158
196
227
259
278
284
306
298
304
306
307
297
288
305
319
338
353
382
388
410
446
469
490
535
558
587
601
607
597
542
467
345
196
-5
-216
-462
-731
-994
-1231
-1480
-1673
-1802
-1903
-1980
-1962
-1856
-1729
-1537
-1342
-1120
-871
-588
-311
-58
172
397
606
781
949
1046
1138
1212
1293
1362
1397
1431
1452
1449
1411
1359
1288
1199
1089
970
813
631
461
308
157
-6
-192
-364
-501
-596
-673
-759
-841
-915
-938
-913
-889
-863
-823
-768
-681
-599
-532
-449
-383
-300
-207
-128
-46
8
88
177
241
293
334
356
365
363
335
270
188
121
31
-38
-125
-190
-248
-292
-318
-337
-346
-357
-331
-299
-230
-129
-9
127
231
334
433
562
706
756
721
651
531
401
295
154
-94
-364
-563
-767
-958
-1118
-1287
-1445
-1508
-1469
-1397
-1322
-1180
-1004
-799
-576
-359
-132
5
173
364
529
663
763
873
944
1002
1074
1099
1110
1170
1216
1239
1248
1233
1192
1155
1107
1016
883
767
664
552
430
286
144
45
-30
-101
-197
-254
-315
-362
-365
-383
-434
-483
-491
-490
-466
-475
-497
-469
-414
-380
-359
-345
-305
-226
-152
-74
-32
48
119
205
298
368
459
531
608
681
741
753
780
755
634
471
272
13
-226
-440
-753
-1124
-1471
-1741
-1994
-2166
-2291
-2412
-2460
-2372
-2193
-2043
-1854
-1589
-1262
-942
-595
-234
67
354
650
936
1154
1330
1537
1708
1838
1937
1996
2007
2027
2052
2042
1991
1899
1796
1658
1526
1333
1105
870
609
349
71
-210
-474
-694
-870
-1021
-1149
-1243
-1294
-1299
-1266
-1184
-1068
-972
-812
-624
-429
-213
31
293
537
766
953
1105
1198
1188
1139
987
827
635
403
98
-267
-584
-933
-1223
-1497
-1749
-1963
-2114
-2112
-2055
-1962
-1881
-1741
-1549
-1334
-1097
-884
-696
-537
-319
-115
54
206
383
551
757
975
1144
1283
1463
1643
1798
1927
1997
2037
2051
2047
1958
1842
1678
1481
1293
1061
854
638
441
284
143
28
-62
-103
-28
23
58
131
180
273
322
280
140
-44
-291
-493
-693
-1059
-1503
-1852
-2128
-2398
-2594
-2731
-2866
-2921
-2775
-2562
-2340
-2076
-1740
-1351
-975
-593
-222
92
353
662
920
1085
1214
1383
1534
1631
1754
1815
1833
1839
1892
1885
1831
1755
1669
1560
1399
1233
1014
767
526
319
94
-195
-377
-501
-612
-672
-623
-625
-588
-399
-199
2
198
393
522
694
888
940
903
824
680
485
281
9
-361
-751
-1060
-1387
-1725
-1997
-2262
-2458
-2589
-2652
-2579
-2486
-2344
-2098
-1860
-1592
-1274
-912
-581
-251
77
387
665
924
1179
1357
1496
1634
1772
1836
1880
1914
1921
1913
1883
1829
1719
1605
1517
1368
1148
960
778
603
460
335
176
86
56
33
79
154
201
250
348
457
497
467
346
133
-87
-322
-594
-931
-1366
-1730
-2033
-2351
-2580
-2736
-2886
-2959
-2872
-2688
-2444
-2153
-1816
-1455
-1090
-719
-332
33
305
570
816
992
1160
1321
1483
1616
1755
1873
1950
2051
2115
2141
2080
2009
1901
1771
1622
1421
1128
818
569
318
66
-152
-317
-460
-490
-422
-359
-266
-60
163
387
597
763
882
994
1071
970
793
558
302
14
-290
-731
-1200
-1574
-1921
-2214
-2480
-2680
-2834
-2875
-2808
-2669
-2507
-2291
-2077
-1784
-1471
-1183
-892
-642
-365
-83
167
388
593
811
1029
1236
1404
1550
1684
1818
1954
2012
2026
1984
1905
1796
1641
1472
1243
1034
824
606
438
295
162
96
126
222
345
500
658
770
986
1109
1216
1281
1208
1042
759
447
95
-280
-768
-1313
-1811
-2276
-2681
-2939
-3179
-3404
-3502
-3407
-3202
-2965
-2665
-2368
-2027
-1602
-1154
-756
-370
-58
284
629
894
1112
1309
1536
1738
1960
2127
2241
2358
2462
2533
2528
2461
2335
2175
1990
1756
1435
1100
771
456
216
-52
-290
-414
-417
-395
-260
-71
75
321
575
773
911
964
931
740
519
197
-186
-619
-1106
-1571
-1996
-2398
-2717
-2918
-3094
-3218
-3202
-3008
-2765
-2456
-2122
-1777
-1356
-950
-568
-245
21
237
445
642
793
898
1024
1145
1287
1440
1578
1684
1789
1915
1981
2012
1964
1856
1731
1612
1395
1165
929
674
497
328
192
107
130
237
393
605
830
1057
1290
1488
1619
1659
1559
1346
1056
682
278
-225
-833
-1439
-1966
-2456
-2914
-3244
-3477
-3624
-3653
-3542
-3318
-3054
-2724
-2360
-1974
-1552
-1153
-802
-487
-188
107
328
529
706
878
1026
1149
1311
1433
1558
1721
1832
1906
1967
1924
1878
1828
1700
1525
1370
1199
1011
865
686
539
472
512
597
696
856
971
1136
1297
1395
1428
1371
1203
928
596
181
-255
-764
-1316
-1891
-2378
-2824
-3169
-3401
-3588
-3641
-3549
-3300
-3006
-2625
-2210
-1761
-1304
-811
-341
38
406
720
1028
1254
1438
1573
1682
1755
1816
1867
1871
1890
1887
1832
1687
1562
1415
1255
1063
822
571
295
118
-28
-183
-286
-318
-284
-178
9
266
477
710
961
1160
1335
1394
1355
1195
943
620
265
-200
-733
-1270
-1761
-2212
-2599
-2868
-3101
-3212
-3186
-3006
-2779
-2447
-2069
-1665
-1217
-782
-332
76
419
720
1018
1237
1417
1558
1689
1775
1871
1922
1947
1959
1953
1923
1827
1744
1574
1396
1128
865
604
318
60
-151
-303
-458
-453
-399
-269
-62
206
464
736
1005
1216
1356
1356
1275
1010
714
324
-104
-669
-1281
-1848
-2391
-2863
-3267
-3520
-3754
-3823
-3767
-3548
-3304
-2999
-2608
-2199
-1719
-1267
-791
-365
90
493
862
1220
1509
1800
2048
2290
2483
2680
2816
2942
3031
3006
2939
2810
2633
2423
2165
1837
1478
1142
843
538
280
74
-73
-117
-94
-13
134
202
340
512
613
616
495
294
-34
-351
-734
-1202
-1732
-2263
-2714
-3142
-3512
-3759
-3925
-3987
-3890
-3688
-3389
-3090
-2666
-2222
-1750
-1256
-775
-269
185
637
1017
1365
1662
2019
2314
2579
2804
2995
3152
3210
3283
3263
3172
3028
2825
2549
2233
1872
1520
1150
799
483
207
27
-63
-50
-14
132
332
501
724
912
1041
1069
977
762
439
14
-479
-1021
-1633
-2273
-2859
-3335
-3746
-4060
-4257
-4342
-4297
-4093
-3769
-3413
-2986
-2523
-2011
-1536
-1071
-640
-272
71
372
691
941
1157
1405
1670
1900
2155
2375
2518
2686
2803
2832
2800
2687
2537
2286
1996
1692
1357
1052
760
513
326
229
244
377
574
864
1125
1357
1604
1805
1989
1931
1768
1427
945
421
-217
-956
-1772
-2487
-3155
-3756
-4228
-4517
-4711
-4693
-4509
-4148
-3722
-3237
-2625
-2039
-1437
-862
-329
130
521
846
1116
1340
1569
1795
1990
2165
2379
2576
2759
2871
2966
2991
2934
2841
2629
2376
2032
1662
1276
880
516
213
-16
-146
-124
-63
112
399
660
959
1207
1435
1534
1536
1384
1034
607
105
-526
-1276
-2043
-2798
-3489
-4122
-4563
-4910
-5112
-5127
-4946
-4582
-4155
-3593
-2999
-2334
-1665
-1012
-409
91
560
956
1320
1609
1890
2095
2314
2546
2762
2995
3174
3333
3451
3525
3485
3371
3176
2905
2567
2214
1787
1326
945
614
292
59
-22
-33
100
305
515
745
1022
1233
1298
1298
1119
761
324
-202
-853
-1613
-2349
-3091
-3769
-4330
-4783
-5116
-5287
-5253
-5058
-4696
-4244
-3673
-3038
-2334
-1623
-924
-290
254
764
1181
1553
1864
2126
2368
2611
2838
3062
3262
3401
3517
3594
3607
3538
3432
3238
2976
2658
2332
1898
1508
1148
766
417
189
80
-37
58
200
333
516
770
896
961
958
749
396
12
-448
-1127
-1772
-2466
-3154
-3761
-4260
-4673
-4976
-5099
-5084
-4866
-4520
-4082
-3575
-2989
-2343
-1657
-1000
-436
76
581
1007
1373
1695
1976
2232
2472
2712
2922
3138
3296
3453
3547
3552
3475
3383
3229
2993
2729
2409
2030
1678
1408
1099
872
718
612
594
648
747
836
978
1061
999
883
632
217
-243
-749
-1406
-2099
-2774
-3421
-4011
-4504
-4880
-5206
-5319
-5255
-5042
-4708
-4273
-3769
-3122
-2456
-1780
-1106
-492
56
557
1034
1419
1757
2043
2336
2601
2862
3054
3218
3388
3497
3601
3626
3557
3434
3258
3021
2748
2424
2069
1765
1480
1223
1011
884
754
749
843
862
931
1001
1070
1020
925
693
315
-128
-587
-1202
-1903
-2590
-3288
-3909
-4457
-4892
-5232
-5402
-5392
-5219
-4899
-4477
-3955
-3347
-2648
-1965
-1292
-638
-22
549
1053
1477
1828
2112
2368
2603
2766
2918
3048
3154
3212
3279
3267
3198
3118
2971
2743
2552
2355
2092
1863
1694
1499
1323
1286
1278
1297
1400
1500
1559
1667
1732
1659
1515
1239
821
299
-235
-915
-1702
-2465
-3249
-3936
-4559
-5047
-5445
-5722
-5792
-5740
-5475
-5143
-4672
-4112
-3443
-2749
-2012
-1273
-623
17
605
1166
1628
2065
2432
2760
3029
3226
3422
3557
3636
3671
3716
3632
3475
3338
3098
2841
2624
2357
2075
1900
1730
1589
1521
1511
1473
1563
1668
1645
1680
1724
1617
1431
1187
760
237
-271
-891
-1677
-2404
-3152
-3890
-4502
-5003
-5460
-5771
-5864
-5861
-5677
-5378
-4957
-4471
-3863
-3199
-2517
-1807
-1132
-445
199
798
1301
1784
2202
2600
2943
3224
3485
3694
3850
3928
3944
3824
3677
3503
3250
2944
2665
2355
2013
1776
1597
1433
1352
1368
1399
1531
1680
1754
1825
1914
1886
1700
1437
1023
487
-51
-694
-1485
-2232
-2974
-3660
-4281
-4779
-5196
-5512
-5581
-5552
-5360
-5097
-4729
-4305
-3773
-3186
-2606
-2012
-1424
-848
-296
247
739
1248
1709
2159
2600
3013
3350
3625
3873
4006
4084
4065
3917
3731
3467
3124
2741
2364
2012
1713
1521
1340
1218
1231
1300
1427
1604
1725
1815
1880
1849
1714
1413
941
397
-166
-828
-1627
-2406
-3186
-3877
-4453
-4918
-5308
-5507
-5513
-5406
-5186
-4879
-4455
-3996
-3443
-2901
-2333
-1766
-1264
-745
-259
223
633
1067
1528
1952
2375
2741
3081
3405
3702
3905
4024
4022
3954
3770
3493
3148
2760
2380
1989
1690
1434
1232
1121
1176
1265
1442
1611
1799
1930
2074
2116
1943
1684
1253
729
134
-545
-1375
-2182
-2952
-3670
-4301
-4787
-5167
-5443
-5453
-5377
-5155
-4843
-4434
-3994
-3473
-2903
-2411
-1920
-1420
-939
-511
-72
341
755
1194
1604
2039
2421
2750
3081
3395
3632
3791
3862
3818
3737
3576
3354
3040
2757
2451
2146
1946
1782
1649
1643
1696
1764
1868
1936
1998
2005
1891
1656
1255
751
147
-517
-1295
-2131
-2947
-3704
-4362
-4931
-5359
-5689
-5841
-5807
-5600
-5314
-4919
-4417
-3864
-3237
-2643
-2057
-1493
-912
-371
128
598
1032
1444
1866
2258
2617
2987
3277
3565
3832
3971
4031
4028
3969
3793
3574
3289
2935
2608
2321
2032
1785
1645
1538
1529
1628
1699
1789
1886
1984
1945
1820
1598
1168
671
94
-571
-1355
-2148
-2973
-3743
-4419
-4966
-5422
-5716
-5802
-5741
-5513
-5182
-4743
-4237
-3645
-3015
-2386
-1750
-1183
-619
-103
369
776
1203
1584
1955
2324
2630
2946
3223
3470
3671
3784
3784
3719
3582
3408
3170
2891
2540
2207
1932
1693
1510
1393
1383
1449
1571
1701
1840
1926
2005
1999
1839
1537
1098
568
-56
-779
-1578
-2388
-3169
-3904
-4503
-4991
-5397
-5645
-5688
-5592
-5376
-5006
-4570
-4057
-3467
-2900
-2287
-1716
-1166
-667
-187
243
655
1069
1498
1945
2350
2720
3037
3355
3631
3815
3893
3876
3780
3629
3380
3069
2721
2412
2064
1805
1591
1466
1418
1468
1580
1714
1889
2029
2167
2178
2142
1833
1459
950
330
-372
-1201
-2026
-2870
-3629
-4321
-4899
-5365
-5631
-5758
-5702
-5454
-5174
-4721
-4250
-3657
-3095
-2511
-1921
-1379
-862
-396
51
457
917
1311
1728
2137
2551
2954
3288
3619
3873
4053
4158
4126
4006
3784
3477
3101
2750
2373
2002
1700
1454
1295
1271
1302
1378
1518
1669
1820
1898
1890
1703
1373
972
433
-222
-966
-1774
-2589
-3314
-3991
-4574
-5053
-5402
-5531
-5541
-5366
-5064
-4637
-4143
-3584
-2984
-2381
-1814
-1283
-778
-345
94
463
869
1245
1630
1996
2346
2704
3057
3338
3575
3734
3802
3794
3702
3522
3286
2964
2636
2272
1943
1669
1395
1215
1125
1151
1207
1341
1479
1627
1718
1678
1527
1246
873
355
-260
-1000
-1767
-2531
-3260
-3937
-4525
-4979
-5335
-5497
-5509
-5348
-5079
-4690
-4188
-3622
-3030
-2452
-1886
-1377
-890
-446
-28
355
716
1112
1503
1906
2286
2653
3022
3422
3739
3965
4118
4184
4170
4028
3837
3535
3189
2790
2384
2057
1723
1477
1312
1302
1307
1370
1480
1590
1716
1682
1605
1310
945
481
-106
-822
-1668
-2504
-3352
-4089
-4753
-5273
-5662
-5886
-5985
-5874
-5605
-5245
-4723
-4150
-3505
-2896
-2242
-1639
-1085
-585
-139
246
573
955
1303
1669
2038
2424
2844
3239
3655
3976
4209
4380
4459
4431
4291
4099
3810
3484
3160
2802
2471
2216
2033
1939
1872
1883
1898
1942
2004
1943
1838
1567
1153
633
26
-682
-1527
-2384
-3205
-4029
-4769
-5347
-5831
-6154
-6285
-6231
-6008
-5645
-5171
-4611
-3968
-3310
-2617
-1969
-1354
-798
-306
147
534
924
1304
1671
2011
2363
2712
3050
3397
3733
3982
4121
4201
4197
4104
3944
3699
3392
3104
2793
2494
2281
2130
2015
1978
1955
1957
2005
2040
2032
1886
1669
1296
810
270
-404
-1175
-2013
-2850
-3647
-4388
-5000
-5503
-5881
-6055
-6075
-5950
-5668
-5276
-4777
-4198
-3580
-2941
-2332
-1728
-1165
-651
-212
177
587
978
1342
1699
2032
2393
2744
3057
3346
3598
3756
3867
3893
3823
3699
3519
3288
3046
2826
2606
2396
2279
2250
2243
2240
2314
2370
2444
2457
2322
2077
1704
1240
673
20
-747
-1582
-2408
-3190
-3908
-4535
-5061
-5444
-5649
-5722
-5625
-5409
-5077
-4634
-4124
-3589
-3026
-2428
-1893
-1378
-896
-448
-34
383
797
1167
1551
1906
2270
2604
2970
3248
3447
3598
3647
3651
3560
3398
3159
2914
2630
2370
2179
2022
1927
1960
2022
2110
2254
2376
2512
2548
2492
2300
1945
1511
935
275
-506
-1332
-2204
-3006
-3749
-4384
-4924
-5342
-5579
-5676
-5548
-5361
-5042
-4662
-4178
-3647
-3127
-2591
-2104
-1608
-1191
-767
-379
9
409
774
1168
1519
1907
2275
2649
2960
3244
3401
3453
3476
3371
3269
3037
2780
2521
2339
2163
1984
1943
1964
2087
2226
2445
2589
2760
2838
2774
2605
2250
1812
1205
575
-247
-1111
-1990
-2824
-3585
-4264
-4793
-5235
-5491
-5568
-5484
-5281
-4942
-4518
-4040
-3524
-3001
-2495
-2026
-1568
-1154
-728
-333
59
462
852
1248
1657
2045
2369
2730
3060
3279
3415
3462
3429
3319
3164
2928
2643
2338
2078
1852
1674
1618
1633
1741
1908
2090
2306
2512
2626
2646
2524
2199
1755
1228
557
-265
-1112
-1959
-2818
-3598
-4261
-4800
-5209
-5430
-5495
-5355
-5100
-4732
-4300
-3817
-3293
-2773
-2244
-1767
-1312
-903
-515
-140
218
602
989
1384
1771
2169
2545
2887
3194
3411
3555
3606
3545
3401
3156
2857
2495
2125
1786
1459
1270
1170
1167
1236
1421
1618
1852
2134
2271
2339
2317
2119
1743
1264
635
-137
-958
-1809
-2663
-3448
-4090
-4651
-5062
-5295
-5370
-5261
-5013
-4639
-4199
-3685
-3175
-2637
-2103
-1638
-1206
-845
-485
-155
166
472
836
1205
1573
1972
2366
2710
3030
3328
3485
3590
3597
3492
3244
2965
2604
2162
1812
1491
1206
1009
984
977
1066
1272
1481
1739
1932
2060
2025
1881
1573
1143
593
-124
-896
-1714
-2494
-3240
-3887
-4446
-4821
-5035
-5118
-5005
-4768
-4414
-3978
-3472
-2952
-2430
-1931
-1460
-1076
-724
-436
-173
118
376
640
934
1300
1663
2062
2467
2819
3135
3396
3571
3637
3640
3489
3276
3010
2678
2264
1930
1640
1403
1308
1280
1328
1411
1606
1776
1920
2017
1934
1695
1371
927
333
-361
-1151
-1991
-2752
-3465
-4125
-4621
-5001
-5187
-5221
-5077
-4768
-4376
-3900
-3342
-2783
-2251
-1719
-1254
-830
-530
-241
-9
203
433
655
919
1185
1503
1830
2186
2556
2875
3121
3327
3416
3395
3296
3116
2879
2557
2243
1885
1590
1400
1263
1171
1175
1294
1371
1557
1698
1715
1675
1474
1137
736
227
-450
-1186
-1948
-2696
-3422
-4034
-4523
-4884
-5054
-5081
-4920
-4597
-4142
-3623
-3038
-2441
-1828
-1254
-757
-311
26
317
532
745
920
1076
1259
1440
1659
1914
2182
2428
2669
2878
3013
3079
3098
3042
2912
2725
2463
2183
1912
1659
1443
1288
1199
1187
1221
1323
1426
1504
1511
1415
1174
846
427
-82
-727
-1466
-2196
-2952
-3632
-4237
-4704
-5098
-5259
-5262
-5104
-4760
-4361
-3854
-3293
-2682
-2113
-1526
-980
-494
-106
231
532
775
1022
1199
1403
1618
1860
2095
2350
2609
2838
3054
3217
3288
3307
3291
3166
3018
2828
2568
2278
2077
1904
1738
1689
1658
1649
1694
1774
1770
1693
1591
1286
913
426
-148
-840
-1583
-2349
-3136
-3797
-4414
-4911
-5295
-5446
-5484
-5350
-5011
-4588
-4043
-3486
-2843
-2264
-1623
-1056
-543
-101
242
565
797
1060
1270
1471
1667
1927
2178
2413
2646
2849
3036
3138
3225
3216
3137
3014
2836
2592
2336
2129
1874
1708
1619
1564
1565
1596
1691
1746
1867
1866
1726
1501
1135
625
26
-610
-1401
-2201
-2973
-3687
-4350
-4859
-5230
-5483
-5516
-5392
-5089
-4695
-4148
-3598
-2976
-2346
-1710
-1090
-579
-125
222
569
857
1107
1325
1540
1757
1969
2226
2446
2646
2826
3014
3176
3218
3241
3218
3111
2937
2732
2486
2224
2041
1882
1752
1670
1671
1674
1725
1792
1815
1828
1745
1525
1099
672
112
-544
-1301
-2116
-2900
-3693
-4332
-4882
-5275
-5564
-5657
-5588
-5342
-4920
-4463
-3892
-3297
-2608
-1977
-1361
-779
-267
175
550
898
1136
1416
1628
1843
2059
2267
2489
2690
2881
3021
3097
3124
3119
3053
2920
2747
2552
2289
2038
1864
1685
1570
1543
1585
1632
1706
1832
1883
1949
1888
1682
1373
956
380
-231
-898
-1715
-2526
-3281
-3950
-4574
-4989
-5309
-5491
-5431
-5249
-4905
-4481
-3914
-3349
-2724
-2077
-1453
-857
-345
157
538
902
1173
1422
1632
1834
2060
2240
2447
2595
2751
2892
2983
3037
3026
2959
2865
2702
2489
2283
2050
1842
1651
1542
1464
1445
1520
1586
1665
1778
1867
1884
1804
1549
1164
649
53
-610
-1387
-2210
-3031
-3778
-4433
-4937
-5319
-5595
-5684
-5556
-5277
-4864
-4358
-3813
-3227
-2588
-1953
-1344
-750
-232
219
631
971
1240
1535
1771
2028
2251
2478
2726
2902
3082
3228
3271
3254
3239
3136
2980
2789
2568
2308
2090
1902
1712
1613
1576
1568
1634
1711
1768
1820
1857
1840
1657
1376
934
378
-257
-933
-1713
-2524
-3278
-3982
-4549
-5006
-5312
-5523
-5526
-5353
-5008
-4575
-4087
-3518
-2935
-2276
-1667
-1083
-549
-64
341
696
1051
1326
1601
1855
2117
2337
2552
2744
2910
3088
3167
3223
3211
3147
2996
2839
2632
2350
2116
1881
1676
1502
1439
1365
1381
1459
1515
1569
1623
1621
1501
1294
953
473
-69
-690
-1373
-2116
-2832
-3555
-4163
-4668
-5062
-5289
-5419
-5353
-5138
-4777
-4347
-3846
-3261
-2673
-2045
-1480
-918
-415
61
455
817
1155
1400
1700
1979
2224
2428
2673
2885
3052
3213
3294
3324
3316
3286
3142
2975
2763
2507
2274
2105
1948
1789
1741
1689
1689
1717
1741
1706
1700
1645
1445
1170
779
251
-351
-968
-1613
-2373
-3061
-3690
-4264
-4729
-5076
-5320
-5421
-5339
-5129
-4791
-4407
-3938
-3387
-2833
-2255
-1664
-1133
-615
-126
277
628
978
1294
1594
1894
2163
2430
2655
2880
3073
3226
3322
3348
3340
3301
3155
2980
2776
2541
2312
2120
1974
1829
1757
1704
1686
1701
1721
1690
1586
1491
1275
959
549
8
-566
-1215
-1812
-2500
-3171
-3745
-4269
-4701
-5017
-5182
-5271
-5144
-4937
-4620
-4209
-3751
-3215
-2672
-2091
-1566
-1021
-516
-11
379
781
1183
1512
1874
2175
2470
2714
2977
3175
3333
3473
3532
3546
3471
3380
3201
3038
2833
2610
2432
2232
2059
1925
1838
1739
1697
1637
1546
1467
1389
1261
996
680
246
-277
-824
-1416
-2008
-2633
-3235
-3820
-4292
-4666
-4950
-5084
-5142
-5029
-4847
-4569
-4243
-3831
-3365
-2895
-2373
-1884
-1345
-863
-386
47
499
914
1273
1674
2000
2314
2577
2851
3040
3210
3359
3429
3459
3392
3289
3137
2990
2797
2595
2412
2223
2068
1945
1863
1791
1721
1675
1570
1509
1373
1219
1032
724
359
-147
-670
-1241
-1741
-2356
-2944
-3476
-3957
-4346
-4666
-4808
-4990
-4957
-4836
-4607
-4288
-3932
-3481
-3023
-2464
-1960
-1409
-886
-380
101
555
989
1341
1744
2080
2446
2736
3019
3243
3396
3559
3633
3646
3573
3515
3324
3173
2980
2722
2520
2300
2113
1900
1782
1630
1518
1427
1307
1218
1074
938
715
485
166
-246
-693
-1152
-1618
-2149
-2692
-3226
-3724
-4118
-4436
-4681
-4871
-4941
-4881
-4752
-4517
-4217
-3847
-3428
-2937
-2433
-1912
-1383
-847
-325
167
638
1075
1512
1934
2348
2696
3054
3338
3570
3769
3896
3923
3879
3814
3628
3487
3276
3006
2747
2517
2319
2070
1909
1709
1549
1421
1338
1205
1076
917
701
509
179
-163
-612
-1031
-1464
-1923
-2442
-2987
-3451
-3898
-4281
-4610
-4853
-5015
-4996
-4928
-4754
-4474
-4170
-3752
-3291
-2776
-2300
-1765
-1224
-665
-108
407
923
1361
1839
2241
2652
3011
3351
3648
3852
4034
4084
4059
4026
3937
3754
3517
3238
2940
2639
2373
2103
1795
1624
1416
1194
1098
960
818
693
644
459
254
34
-297
-682
-1069
-1481
-2034
-2521
-3014
-3510
-3965
-4326
-4635
-4874
-4938
-4965
-4837
-4619
-4322
-3925
-3475
-2962
-2450
-1891
-1346
-808
-312
198
689
1144
1621
2053
2489
2859
3243
3586
3835
4045
4197
4224
4189
4120
3972
3730
3483
3192
2816
2464
2122
1724
1402
1173
953
800
675
546
455
451
391
264
126
-118
-437
-759
-1106
-1584
-2108
-2614
-3153
-3662
-4125
-4512
-4843
-5016
-5080
-5016
-4859
-4624
-4246
-3791
-3277
-2747
-2128
-1571
-1021
-462
62
562
1031
1519
1933
2389
2756
3136
3506
3792
4030
4206
4346
4331
4295
4175
3941
3674
3357
2970
2547
2155
1734
1335
1027
767
561
430
334
286
290
315
260
195
53
-196
-487
-823
-1226
-1771
-2311
-2889
-3448
-3984
-4441
-4826
-5103
-5212
-5221
-5085
-4859
-4508
-4084
-3583
-3020
-2412
-1773
-1166
-574
-19
532
1053
1546
2028
2479
2902
3288
3647
3951
4214
4399
4503
4489
4412
4297
4065
3770
3424
3040
2613
2187
1748
1342
997
731
550
415
370
332
353
416
417
387
259
28
-267
-599
-1000
-1541
-2104
-2694
-3256
-3779
-4272
-4691
-5003
-5163
-5225
-5089
-4900
-4598
-4172
-3673
-3122
-2550
-1908
-1325
-702
-111
439
957
1466
1984
2434
2870
3245
3618
3935
4190
4366
4452
4440
4321
4153
3856
3512
3117
2676
2201
1752
1322
904
581
347
173
99
115
148
271
420
502
504
466
283
27
-307
-661
-1192
-1812
-2418
-3056
-3628
-4165
-4587
-4958
-5160
-5228
-5179
-5001
-4701
-4303
-3848
-3295
-2762
-2126
-1515
-903
-288
265
842
1362
1877
2387
2862
3282
3654
4015
4262
4454
4568
4559
4471
4301
4034
3669
3267
2809
2341
1886
1432
1060
748
558
434
414
436
500
566
711
813
807
738
539
288
-97
-515
-1112
-1763
-2427
-3080
-3696
-4265
-4720
-5130
-5319
-5415
-5347
-5193
-4904
-4496
-4045
-3505
-2972
-2327
-1713
-1072
-473
122
707
1250
1816
2340
2853
3316
3754
4085
4384
4581
4667
4660
4539
4313
3982
3588
3140
2626
2104
1625
1190
829
524
340
270
304
363
501
677
844
1009
1027
995
798
529
149
-313
-904
-1588
-2249
-2930
-3586
-4189
-4639
-5057
-5281
-5368
-5301
-5134
-4873
-4463
-4039
-3484
-2925
-2322
-1690
-1082
-493
68
663
1208
1746
2262
2749
3183
3563
3926
4179
4389
4479
4457
4302
4076
3777
3371
2930
2460
2003
1543
1141
785
554
432
413
483
584
794
971
1160
1326
1355
1308
1085
772
342
-157
-797
-1524
-2240
-2972
-3643
-4290
-4782
-5223
-5441
-5513
-5482
-5288
-5029
-4617
-4184
-3616
-3055
-2435
-1808
-1190
-583
-14
589
1133
1761
2305
2788
3232
3625
3963
4185
4369
4404
4353
4184
3912
3600
3178
2698
2194
1751
1291
927
629
432
330
337
475
625
873
1077
1320
1472
1525
1480
1241
922
449
-53
-732
-1446
-2199
-2902
-3567
-4186
-4624
-5052
-5273
-5366
-5270
-5083
-4780
-4404
-3971
-3403
-2849
-2238
-1639
-1017
-407
237
824
1398
1995
2507
2997
3436
3849
4157
4387
4507
4505
4422
4190
3879
3461
3021
2517
2000
1515
1082
748
481
346
287
364
530
739
981
1210
1437
1592
1596
1487
1201
816
318
-237
-950
-1708
-2423
-3161
-3816
-4430
-4895
-5295
-5525
-5582
-5542
-5333
-5050
-4671
-4203
-3668
-3121
-2536
-1922
-1317
-681
-91
503
1086
1715
2298
2810
3308
3701
4047
4267
4399
4401
4322
4096
3759
3376
2905
2479
1976
1554
1169
876
665
544
559
669
906
1109
1361
1583
1825
1970
1960
1842
1526
1131
622
59
-681
-1439
-2203
-2957
-3600
-4199
-4670
-5057
-5268
-5356
-5281
-5104
-4835
-4472
-4034
-3490
-2987
-2378
-1760
-1155
-556
24
609
1171
1771
2324
2826
3221
3584
3874
4060
4159
4108
3983
3733
3394
3000
2552
2066
1598
1184
800
555
368
301
380
540
774
1045
1363
1588
1837
1969
1960
1804
1473
1050
510
-70
-822
-1589
-2360
-3072
-3710
-4290
-4710
-5099
-5305
-5391
-5302
-5137
-4845
-4454
-4028
-3481
-2959
-2357
-1755
-1124
-509
107
702
1264
1860
2409
2884
3290
3646
3877
4031
4074
3991
3847
3587
3232
2845
2405
1982
1598
1240
931
714
564
556
659
832
1103
1370
1655
1881
2084
2191
2147
2002
1653
1166
645
90
-644
-1428
-2160
-2897
-3541
-4156
-4597
-4980
-5181
-5257
-5242
-5038
-4798
-4420
-4001
-3489
-2942
-2354
-1748
-1126
-489
119
723
1266
1813
2328
2769
3166
3449
3672
3815
3848
3744
3575
3299
2939
2571
2165
1740
1356
1029
740
566
449
434
548
734
993
1245
1542
1761
1921
2023
1975
1834
1549
1125
598
26
-664
-1414
-2126
-2835
-3479
-4068
-4530
-4931
-5163
-5255
-5246
-5080
-4841
-4486
-4041
-3530
-2993
-2383
-1763
-1120
-493
109
700
1238
1807
2306
2746
3126
3400
3604
3679
3688
3591
3428
3175
2868
2506
2132
1753
1392
1103
873
759
693
754
921
1086
1359
1623
1879
2073
2237
2340
2280
2129
1811
1366
805
251
-466
-1202
-1914
-2673
-3290
-3903
-4390
-4826
-5103
-5230
-5235
-5084
-4881
-4541
-4164
-3633
-3094
-2510
-1888
-1267
-642
-38
578
1078
1623
2109
2536
2897
3144
3329
3390
3403
3325
3161
2909
2610
2275
1916
1570
1246
984
775
676
617
638
786
1010
1243
1505
1784
1999
2190
2331
2322
2163
1892
1470
973
427
-222
-980
-1712
-2429
-3088
-3718
-4219
-4651
-4974
-5081
-5120
-5016
-4803
-4493
-4102
-3613
-3069
-2480
-1851
-1213
-554
23
628
1168
1664
2148
2530
2856
3059
3225
3295
3292
3238
3099
2884
2581
2249
1915
1582
1307
1095
912
806
784
782
925
1084
1310
1579
1823
2018
2175
2315
2253
2123
1818
1403
911
369
-237
-982
-1700
-2439
-3098
-3737
-4258
-4698
-5077
-5248
-5337
-5241
-5088
-4740
-4340
-3862
-3302
-2738
-2066
-1426
-767
-149
453
1007
1530
2018
2416
2759
2988
3178
3263
3266
3197
3065
2868
2600
2308
2010
1736
1490
1278
1110
1010
952
949
1068
1222
1406
1656
1901
2133
2299
2461
2443
2326
2099
1712
1241
678
91
-620
-1364
-2101
-2819
-3465
-4035
-4498
-4894
-5110
-5219
-5156
-4988
-4708
-4305
-3863
-3321
-2761
-2140
-1541
-910
-322
252
780
1244
1689
2063
2387
2585
2793
2906
2924
2905
2800
2654
2402
2169
1894
1653
1420
1221
1071
983
998
1002
1139
1290
1485
1737
1965
2185
2327
2443
2482
2389
2173
1797
1317
807
233
-483
-1245
-1993
-2714
-3354
-3936
-4440
-4863
-5086
-5197
-5200
-5036
-4823
-4431
-3976
-3446
-2907
-2299
-1699
-1090
-481
91
635
1117
1580
1952
2312
2559
2777
2926
2993
3034
2947
2824
2612
2379
2157
1879
1652
1455
1289
1158
1133
1102
1181
1348
1529
1735
1957
2167
2303
2469
2490
2374
2199
1883
1416
905
341
-369
-1115
-1849
-2595
-3306
-3904
-4415
-4823
-5097
-5224
-5228
-5102
-4865
-4543
-4095
-3570
-3033
-2465
-1832
-1217
-616
-58
465
972
1416
1813
2137
2401
2590
2717
2802
2822
2776
2687
2539
2316
2113
1874
1632
1466
1327
1184
1123
1154
1207
1324
1521
1735
1955
2170
2348
2459
2548
2492
2329
2056
1610
1104
549
-93
-814
-1552
-2301
-2984
-3616
-4168
-4609
-4957
-5135
-5208
-5125
-4960
-4674
-4275
-3813
-3270
-2708
-2087
-1469
-876
-289
237
717
1206
1615
1951
2231
2477
2633
2740
2783
2733
2645
2503
2300
2067
1852
1627
1459
1346
1226
1158
1153
1183
1323
1512
1736
1967
2213
2406
2542
2654
2643
2503
2256
1873
1377
863
250
-492
-1244
-2004
-2743
-3398
-3971
-4494
-4902
-5116
-5233
-5194
-5018
-4775
-4391
-3936
-3412
-2856
-2239
-1637
-1028
-438
79
594
1050
1504
1881
2206
2454
2625
2732
2788
2792
2706
2575
2410
2203
1984
1769
1572
1405
1281
1213
1228
1270
1398
1613
1836
2072
2284
2481
2624
2709
2724
2599
2360
1973
1467
922
317
-403
-1173
-1918
-2669
-3313
-3930
-4434
-4838
-5097
-5252
-5300
-5145
-4952
-4604
-4201
-3722
-3198
-2622
-2015
-1425
-863
-338
191
661
1100
1463
1797
2099
2318
2494
2577
2600
2534
2452
2305
2081
1905
1703
1550
1428
1359
1284
1283
1368
1483
1710
1895
2161
2366
2589
2761
2864
2937
2856
2674
2325
1872
1360
775
90
-671
-1430
-2195
-2889
-3552
-4090
-4551
-4883
-5061
-5141
-5026
-4873
-4584
-4221
-3788
-3282
-2742
-2142
-1569
-972
-416
116
620
1066
1472
1781
2064
2278
2454
2536
2552
2496
2388
2251
2042
1863
1641
1471
1346
1237
1163
1171
1238
1310
1507
1731
1984
2282
2517
2675
2781
2846
2742
2590
2300
1855
1354
771
92
-678
-1385
-2166
-2883
-3487
-4046
-4525
-4919
-5115
-5250
-5192
-5048
-4816
-4435
-3991
-3511
-2966
-2337
-1768
-1155
-553
-20
485
983
1421
1767
2090
2320
2534
2670
2704
2704
2612
2478
2302
2136
1911
1730
1567
1443
1360
1340
1377
1465
1667
1870
2103
2335
2557
2726
2858
2984
2909
2746
2503
2051
1530
974
324
-467
-1216
-1989
-2716
-3356
-3935
-4446
-4873
-5109
-5256
-5265
-5163
-4950
-4618
-4241
-3750
-3242
-2656
-2078
-1455
-863
-309
226
702
1174
1548
1873
2108
2305
2469
2485
2483
2410
2271
2120
1942
1798
1580
1462
1373
1285
1319
1396
1469
1638
1898
2157
2444
2688
2898
2990
3109
3095
2911
2686
2271
1780
1197
595
-151
-916
-1658
-2433
-3103
-3744
-4250
-4731
-5016
-5229
-5277
-5167
-5029
-4695
-4345
-3866
-3375
-2794
-2174
-1561
-920
-359
188
679
1148
1490
1835
2087
2279
2434
2463
2474
2396
2301
2126
1949
1769
1598
1495
1401
1344
1343
1449
1543
1726
1946
2183
2452
2665
2883
3002
3150
3131
3001
2767
2359
1876
1313
722
-23
-757
-1514
-2270
-2949
-3582
-4148
-4639
-4958
-5201
-5298
-5246
-5107
-4789
-4410
-3940
-3459
-2894
-2302
-1716
-1108
-545
7
477
962
1346
1677
1919
2088
2205
2279
2296
2206
2157
1991
1853
1726
1578
1422
1367
1354
1370
1466
1567
1712
1920
2165
2361
2597
2814
2935
3051
3087
2943
2727
2415
1922
1386
842
148
-609
-1365
-2118
-2824
-3484
-4037
-4553
-4906
-5144
-5292
-5257
-5124
-4868
-4522
-4069
-3570
-3012
-2428
-1851
-1250
-679
-133
376
866
1299
1643
1943
2142
2294
2377
2413
2385
2345
2236
2115
1999
1883
1776
1706
1701
1662
1718
1829
1956
2120
2339
2555
2756
2936
3038
3131
3156
3037
2843
2511
2046
1496
920
207
-568
-1324
-2098
-2831
-3517
-4114
-4675
-5097
-5336
-5499
-5489
-5384
-5140
-4777
-4322
-3812
-3263
-2650
-2075
-1469
-900
-357
127
607
1039
1385
1676
1885
2034
2155
2239
2208
2178
2092
1977
1859
1750
1654
1593
1602
1581
1638
1748
1846
2031
2273
2516
2769
3009
3147
3266
3365
3311
3116
2843
2408
1861
1315
663
-117
-871
-1623
-2399
-3111
-3719
-4291
-4775
-5060
-5265
-5290
-5181
-4954
-4652
-4233
-3747
-3234
-2638
-2085
-1488
-907
-383
98
559
965
1304
1594
1828
1981
2099
2182
2167
2139
2054
1940
1842
1739
1620
1555
1514
1496
1533
1603
1704
1854
2082
2292
2496
2744
2879
2995
3088
3066
2929
2676
2267
1743
1182
572
-215
-997
-1723
-2513
-3222
-3877
-4457
-4942
-5221
-5423
-5487
-5397
-5196
-4865
-4448
-3974
-3470
-2884
-2289
-1708
-1113
-552
-39
453
921
1282
1590
1859
2057
2222
2317
2362
2364
2357
2247
2160
2079
1956
1900
1856
1853
1841
1913
1993
2096
2296
2491
2687
2914
3061
3149
3267
3244
3119
2875
2514
2027
1480
916
176
-619
-1398
-2202
-2957
-3615
-4213
-4760
-5129
-5382
-5494
-5438
-5285
-5007
-4615
-4146
-3654
-3093
-2478
-1907
-1300
-753
-260
223
672
1054
1356
1623
1816
1983
2121
2195
2205
2236
2188
2125
2056
1957
1889
1860
1838
1838
1898
1985
2047
2209
2442
2620
2809
3003
3079
3126
3145
3016
2808
2466
1994
1432
847
137
-665
-1433
-2232
-2996
-3693
-4307
-4863
-5254
-5469
-5616
-5563
-5386
-5087
-4695
-4201
-3689
-3130
-2517
-1925
-1322
-746
-201
292
764
1144
1466
1753
1943
2101
2224
2312
2349
2368
2347
2277
2238
2153
2055
2002
2002
1978
1990
2096
2171
2322
2526
2710
2881
3067
3186
3240
3267
3152
2922
2587
2131
1553
971
299
-515
-1317
-2135
-2926
-3643
-4242
-4808
-5233
-5471
-5647
-5623
-5499
-5234
-4878
-4370
-3864
-3326
-2701
-2126
-1520
-958
-421
42
497
910
1236
1551
1773
1956
2134
2239
2288
2303
2291
2222
2210
2146
2060
2008
1988
1964
2005
2089
2160
2285
2463
2650
2819
3003
3116
3188
3224
3129
2913
2594
2136
1581
994
318
-504
-1298
-2090
-2905
-3600
-4249
-4811
-5227
-5481
-5647
-5643
-5489
-5239
-4851
-4391
-3881
-3294
-2661
-2027
-1412
-816
-278
205
660
1090
1405
1707
1967
2156
2318
2400
2457
2467
2460
2384
2330
2275
2180
2120
2076
2050
2061
2132
2186
2306
2462
2619
2790
2919
3052
3093
3130
3057
2857
2560
2099
1571
983
341
-455
-1218
-1997
-2756
-3472
-4130
-4689
-5172
-5432
-5614
-5636
-5511
-5286
-4911
-4481
-3943
-3388
-2770
-2150
-1532
-931
-406
74
529
974
1288
1607
1833
2025
2201
2324
2417
2444
2439
2387
2377
2317
2239
2154
2123
2084
2051
2111
2144
2237
2348
2504
2639
2813
2935
2979
3031
2985
2811
2541
2136
1574
1008
349
-441
-1255
-2042
-2837
-3576
-4252
-4826
-5300
-5602
-5754
-5781
-5657
-5427
-5063
-4623
-4101
-3554
-2958
-2339
-1711
-1124
-569
-54
417
897
1274
1616
1911
2142
2360
2528
2645
2703
2739
2675
2611
2572
2482
2414
2329
2288
2257
2288
2348
2420
2545
2671
2861
3002
3122
3208
3243
3211
3043
2784
2368
1839
1250
583
-221
-1060
-1893
-2714
-3481
-4176
-4757
-5280
-5626
-5818
-5866
-5752
-5535
-5186
-4734
-4217
-3671
-3080
-2453
-1862
-1260
-690
-169
291
741
1145
1489
1818
2045
2273
2442
2540
2620
2651
2613
2552
2531
2435
2351
2293
2239
2208
2189
2219
2275
2396
2556
2701
2863
2977
3056
3106
3087
2909
2634
2257
1746
1156
499
-251
-1096
-1897
-2688
-3444
-4144
-4754
-5239
-5567
-5746
-5770
-5663
-5453
-5104
-4661
-4115
-3568
-2923
-2270
-1678
-1037
-480
73
545
1001
1405
1753
2034
2269
2471
2595
2703
2701
2727
2668
2605
2554
2453
2353
2265
2191
2089
2096
2114
2153
2258
2371
2502
2639
2797
2876
2949
2936
2789
2540
2170
1656
1055
414
-313
-1137
-1964
-2767
-3542
-4241
-4830
-5336
-5700
-5897
-5970
-5858
-5673
-5338
-4895
-4361
-3789
-3185
-2526
-1896
-1271
-694
-151
324
817
1238
1617
1939
2170
2385
2556
2721
2788
2841
2830
2788
2729
2620
2524
2464
2397
2343
2333
2337
2384
2443
2521
2673
2795
2911
2986
3052
3076
2979
2749
2380
1926
1356
751
37
-754
-1594
-2399
-3178
-3922
-4552
-5094
-5496
-5753
-5853
-5796
-5617
-5308
-4894
-4362
-3786
-3180
-2519
-1884
-1241
-613
-50
444
920
1337
1710
2029
2251
2439
2599
2734
2786
2826
2808
2755
2692
2625
2545
2469
2415
2332
2295
2268
2269
2303
2388
2507
2618
2748
2830
2855
2884
2768
2557
2229
1751
1213
618
-64
-861
-1706
-2501
-3312
-4058
-4685
-5233
-5664
-5930
-6051
-6017
-5852
-5577
-5154
-4662
-4092
-3498
-2858
-2190
-1546
-915
-370
172
674
1127
1538
1877
2178
2404
2589
2724
2813
2848
2822
2797
2768
2694
2571
2452
2344
2229
2165
2116
2120
2174
2260
2404
2544
2697
2809
2872
2926
2889
2747
2495
2114
1607
1033
388
-368
-1177
-1977
-2770
-3515
-4165
-4744
-5233
-5560
-5704
-5747
-5600
-5358
-4991
-4514
-3979
-3396
-2788
-2149
-1544
-946
-380
153
593
1056
1467
1819
2115
2330
2526
2679
2766
2818
2855
2804
2752
2659
2559
2440
2328
2229
2137
2110
2081
2081
2129
2248
2367
2509
2643
2720
2770
2759
2624
2381
2054
1552
979
327
-382
-1194
-1994
-2770
-3543
-4237
-4858
-5356
-5740
-5907
-5961
-5862
-5614
-5278
-4797
-4259
-3654
-3036
-2386
-1734
-1108
-508
37
549
1015
1444
1778
2111
2368
2588
2788
2901
2995
3021
3016
2956
2874
2756
2624
2486
2377
2299
2231
2228
2214
2250
2335
2432
2570
2703
2804
2856
2898
2847
2646
2354
1901
1356
740
69
-722
-1532
-2328
-3134
-3851
-4523
-5051
-5504
-5750
-5866
-5825
-5645
-5385
-4961
-4485
-3918
-3337
-2710
-2106
-1492
-883
-320
181
622
1079
1421
1739
1986
2185
2376
2523
2634
2685
2666
2638
2590
2513
2425
2287
2180
2108
2045
1980
1966
1992
2064
2171
2307
2430
2526
2628
2662
2671
2536
2348
2041
1530
979
351
-340
-1162
-1967
-2762
-3521
-4216
-4799
-5245
-5577
-5715
-5763
-5599
-5351
-4977
-4492
-3952
-3360
-2745
-2081
-1471
-844
-273
219
682
1137
1531
1848
2156
2378
2583
2740
2873
2962
2990
2992
2922
2852
2791
2676
2527
2419
2282
2186
2153
2119
2124
2207
2313
2431
2555
2673
2716
2732
2648
2451
2136
1699
1134
520
-146
-939
-1753
-2568
-3339
-4060
-4672
-5209
-5598
-5828
-5934
-5858
-5638
-5329
-4885
-4372
-3799
-3203
-2592
-1954
-1344
-744
-196
268
733
1170
1541
1854
2140
2372
2599
2762
2866
2914
2957
2960
2894
2798
2673
2542
2408
2292
2173
2107
2065
2055
2111
2190
2319
2397
2502
2591
2602
2585
2442
2218
1864
1367
795
192
-547
-1347
-2126
-2909
-3677
-4345
-4885
-5320
-5630
-5791
-5772
-5621
-5342
-4956
-4481
-3925
-3347
-2719
-2073
-1445
-851
-286
219
688
1155
1519
1841
2155
2439
2606
2766
2903
2973
3016
3001
2943
2883
2795
2624
2471
2357
2227
2114
2074
2038
2049
2133
2211
2287
2395
2489
2544
2575
2459
2243
1946
1482
948
353
-307
-1121
-1926
-2710
-3457
-4183
-4802
-5288
-5660
-5843
-5927
-5847
-5606
-5267
-4818
-4291
-3711
-3093
-2441
-1819
-1241
-650
-127
352
802
1213
1554
1878
2178
2394
2632
2834
2934
3004
3024
3033
2975
2893
2777
2649
2525
2413
2302
2231
2225
2203
2278
2359
2480
2601
2708
2779
2792
2800
2607
2366
1982
1483
877
231
-544
-1390
-2191
-3012
-3747
-4417
-4934
-5360
-5633
-5746
-5751
-5551
-5280
-4895
-4438
-3897
-3338
-2718
-2084
-1509
-906
-367
110
547
987
1369
1707
2017
2286
2491
2703
2842
2926
2979
2991
2903
2814
2712
2539
2403
2256
2117
2028
2011
2025
2072
2155
2246
2336
2462
2543
2544
2556
2423
2171
1832
1366
807
163
-533
-1364
-2130
-2891
-3639
-4287
-4827
-5286
-5642
-5777
-5828
-5685
-5416
-5076
-4601
-4059
-3479
-2910
-2275
-1653
-1072
-514
-21
458
920
1335
1674
2029
2312
2537
2771
2944
3035
3093
3158
3071
3009
2933
2778
2629
2474
2338
2217
2181
2140
2164
2240
2336
2429
2534
2646
2664
2678
2579
2314
1971
1521
928
274
-417
-1229
-2044
-2848
-3599
-4278
-4876
-5359
-5725
-5872
-5920
-5806
-5545
-5182
-4719
-4200
-3609
-3018
-2358
-1711
-1119
-531
-11
481
920
1360
1724
2057
2369
2634
2905
3103
3219
3263
3327
3270
3173
3074
2898
2722
2548
2407
2246
2181
2138
2130
2196
2294
2378
2486
2612
2602
2596
2530
2314
2020
1577
1013
371
-301
-1085
-1907
-2673
-3427
-4127
-4725
-5192
-5576
-5761
-5825
-5739
-5544
-5235
-4806
-4310
-3744
-3191
-2571
-1958
-1373
-792
-214
271
743
1177
1512
1902
2217
2453
2679
2894
3028
3103
3159
3127
3048
2952
2793
2594
2441
2303
2167
2089
2082
2047
2115
2206
2302
2435
2549
2630
2625
2603
2429
2140
1733
1224
595
-85
-817
-1629
-2424
-3219
-3887
-4519
-5052
-5425
-5670
-5746
-5724
-5538
-5251
-4828
-4362
-3839
-3282
-2708
-2072
-1493
-950
-423
62
549
1023
1445
1801
2153
2419
2683
2918
3062
3142
3166
3128
3023
2937
2786
2643
2461
2338
2189
2068
2057
2042
2113
2212
2324
2457
2563
2617
2619
2574
2388
2116
1718
1192
589
-85
-856
-1666
-2435
-3208
-3902
-4535
-5036
-5425
-5686
-5803
-5800
-5606
-5331
-4935
-4447
-3877
-3321
-2764
-2126
-1533
-926
-379
139
640
1100
1524
1899
2262
2553
2807
3037
3220
3316
3345
3354
3271
3168
3015
2828
2640
2505
2374
2280
2251
2219
2253
2336
2441
2537
2651
2732
2747
2697
2547
2293
1900
1402
811
156
-584
-1400
-2222
-3015
-3738
-4401
-4976
-5459
-5758
-5900
-5911
-5782
-5547
-5171
-4749
-4231
-3688
-3119
-2479
-1867
-1269
-717
-178
323
770
1198
1566
1911
2234
2514
2730
2921
3040
3119
3170
3106
3027
2913
2742
2586
2455
2345
2238
2210
2199
2216
2292
2401
2513
2594
2678
2682
2689
2556
2309
1947
1466
900
251
-435
-1248
-2043
-2840
-3597
-4280
-4848
-5299
-5666
-5808
-5855
-5741
-5506
-5146
-4710
-4167
-3571
-2995
-2349
-1761
-1175
-633
-103
384
826
1287
1676
2034
2347
2584
2784
2966
3075
3121
3178
3106
3022
2928
2824
2640
2500
2389
2250
2189
2170
2182
2245
2379
2465
2608
2695
2730
2728
2669
2434
2096
1672
1090
468
-218
-1013
-1845
-2620
-3370
-4074
-4680
-5161
-5521
-5715
-5788
-5723
-5521
-5205
-4779
-4256
-3701
-3144
-2545
-1934
-1361
-826
-283
185
652
1127
1504
1865
2182
2454
2662
2850
2961
3024
3069
3019
2906
2797
2693
2518
2373
2233
2118
2034
2017
2026
2070
2177
2299
2402
2513
2568
2549
2489
2297
1987
1602
1077
474
-193
-938
-1734
-2505
-3252
-3935
-4508
-4980
-5351
-5542
-5595
-5553
-5317
-5011
-4593
-4100
-3549
-2998
-2435
-1845
-1262
-732
-201
274
717
1172
1548
1860
2155
2421
2636
2846
3001
3106
3144
3147
3051
2958
2851
2686
2508
2361
2233
2120
2062
2047
2065
2132
2237
2351
2471
2513
2501
2465
2290
1976
1564
1043
422
-207
-964
-1773
-2533
-3264
-3966
-4601
-5117
-5502
-5729
-5793
-5747
-5591
-5302
-4898
-4425
-3869
-3306
-2730
-2116
-1530
-968
-469
20
446
893
1301
1647
1983
2279
2519
2733
2918
3015
3065
3106
3081
3011
2929
2800
2671
2549
2404
2291
2250
2245
2262
2324
2441
2534
2624
2680
2706
2661
2506
2260
1901
1403
799
172
-544
-1345
-2134
-2892
-3606
-4243
-4759
-5169
-5474
-5570
-5533
-5393
-5143
-4783
-4315
-3796
-3235
-2668
-2056
-1497
-980
-459
2
439
855
1279
1614
1932
2238
2464
2659
2830
2921
2960
2994
2935
2849
2752
2637
2483
2348
2247
2110
2060
2041
2041
2091
2175
2253
2348
2429
2433
2423
2286
2044
1689
1197
620
-25
-705
-1476
-2252
-2999
-3700
-4343
-4844
-5259
-5562
-5681
-5669
-5538
-5308
-4953
-4490
-3991
-3446
-2872
-2294
-1708
-1187
-642
-101
337
764
1207
1573
1885
2196
2458
2689
2889
3011
3084
3146
3130
3070
3001
2868
2724
2587
2447
2333
2284
2241
2214
2240
2328
2431
2524
2589
2553
2543
2433
2193
1858
1386
823
238
-452
-1253
-2040
-2780
-3488
-4141
-4666
-5066
-5365
-5488
-5504
-5384
-5133
-4807
-4390
-3881
-3343
-2793
-2197
-1630
-1077
-562
-72
347
765
1161
1508
1822
2089
2337
2542
2727
2841
2895
2929
2888
2811
2718
2603
2465
2352
2248
2154
2108
2069
2099
2149
2239
2347
2448
2510
2523
2521
2403
2187
1853
1382
823
228
-415
-1166
-1932
-2681
-3393
-4013
-4539
-4983
-5298
-5454
-5488
-5419
-5185
-4893
-4492
-3997
-3498
-2967
-2425
-1852
-1317
-779
-315
159
599
1008
1367
1693
2002
2222
2469
2637
2790
2860
2917
2900
2816
2733
2611
2494
2384
2290
2214
2205
2178
2217
2307
2373
2477
2579
2668
2677
2659
2581
2391
2056
1577
1024
418
-249
-1022
-1800
-2533
-3248
-3873
-4408
-4855
-5193
-5376
-5446
-5379
-5175
-4900
-4516
-4057
-3539
-3051
-2508
-1982
-1464
-941
-463
-5
405
825
1192
1541
1856
2131
2357
2561
2673
2751
2820
2778
2743
2652
2544
2420
2283
2222
2123
2089
2067
2093
2172
2239
2354
2431
2515
2554
2545
2461
2271
1972
1546
1017
413
-211
-931
-1684
-2420
-3133
-3778
-4319
-4787
-5140
-5325
-5359
-5262
-5047
-4735
-4338
-3855
-3323
-2782
-2217
-1666
-1124
-597
-107
324
752
1149
1477
1795
2072
2335
2544
2750
2868
2918
2967
2912
2827
2737
2639
2496
2331
2207
2104
2045
2000
1992
2037
2117
2195
2293
2351
2377
2404
2335
2160
1861
1437
917
311
-324
-1049
-1794
-2535
-3244
-3853
-4398
-4852
-5197
-5352
-5401
-5318
-5122
-4821
-4430
-3970
-3462
-2965
-2436
-1905
-1390
-880
-388
67
507
921
1280
1637
1935
2199
2413
2585
2713
2729
2763
2726
2664
2565
2431
2295
2188
2092
2012
1988
1974
2008
2056
2155
2273
2386
2479
2518
2541
2443
2261
1988
1568
1024
444
-222
-946
-1664
-2398
-3092
-3727
-4229
-4690
-5020
-5166
-5239
-5171
-4981
-4726
-4396
-3940
-3478
-2966
-2437
-1911
-1361
-864
-337
135
580
1004
1365
1713
2010
2253
2464
2625
2731
2805
2849
2818
2771
2697
2589
2464
2371
2260
2157
2108
2089
2094
2152
2257
2369
2466
2538
2588
2587
2466
2244
1949
1526
993
421
-220
-952
-1677
-2375
-3063
-3692
-4225
-4695
-5038
-5221
-5293
-5240
-5075
-4815
-4484
-4025
-3516
-3025
-2456
-1917
-1411
-894
-392
85
534
975
1321
1647
1937
2164
2373
2514
2574
2614
2670
2606
2544
2471
2349
2194
2085
2012
1944
1922
1924
1979
2045
2161
2283
2411
2504
2559
2564
2451
2279
1995
1584
1094
542
-76
-780
-1475
-2198
-2887
-3505
-4014
-4466
-4798
-5002
-5097
-5026
-4902
-4664
-4319
-3898
-3412
-2903
-2351
-1802
-1292
-775
-293
153
575
942
1272
1581
1834
2042
2228
2352
2401
2439
2470
2393
2316
2246
2140
2037
1945
1854
1812
1794
1787
1818
1891
2033
2147
2263
2364
2428
2436
2343
2179
1885
1488
1030
503
-110
-788
-1493
-2207
-2893
-3509
-4035
-4487
-4795
-4990
-5066
-5008
-4872
-4621
-4284
-3853
-3373
-2872
-2318
-1788
-1270
-753
-231
238
702
1099
1462
1774
2017
2241
2404
2532
2582
2608
2602
2559
2512
2418
2289
2176
2082
2007
1936
1918
1951
1991
2087
2222
2342
2447
2529
2561
2547
2438
2231
1933
1541
1066
545
-76
-755
-1439
-2116
-2777
-3404
-3908
-4370
-4681
-4893
-4989
-4933
-4797
-4562
-4230
-3808
-3379
-2878
-2356
-1831
-1298
-774
-269
191
644
1020
1365
1681
1925
2111
2253
2354
2399
2403
2365
2280
2175
2086
1943
1851
1767
1696
1667
1661
1674
1745
1834
1964
2091
2185
2283
2338
2338
2211
2033
1748
1316
844
321
-323
-985
-1644
-2308
-2939
-3515
-4010
-4425
-4703
-4882
-4946
-4894
-4743
-4501
-4157
-3747
-3316
-2784
-2246
-1719
-1174
-641
-139
333
767
1144
1513
1842
2093
2302
2448
2533
2532
2531
2495
2423
2322
2207
2072
1998
1949
1879
1876
1879
1899
1957
2052
2170
2284
2372
2438
2491
2431
2302
2093
1780
1338
873
332
-301
-937
-1587
-2234
-2858
-3435
-3944
-4343
-4625
-4772
-4844
-4788
-4626
-4386
-4032
-3643
-3183
-2668
-2138
-1610
-1097
-579
-100
378
805
1195
1538
1832
2061
2241
2374
2427
2451
2421
2333
2256
2156
2026
1899
1813
1740
1704
1715
1730
1791
1896
2016
2120
2266
2368
2414
2436
2360
2208
1951
1586
1146
685
135
-488
-1112
-1755
-2380
-2965
-3495
-3984
-4348
-4592
-4749
-4781
-4734
-4565
-4298
-3957
-3565
-3096
-2588
-2090
-1571
-1041
-518
-38
458
895
1285
1640
1903
2131
2280
2376
2391
2421
2386
2283
2192
2090
1961
1838
1753
1668
1642
1661
1671
1753
1877
2018
2159
2285
2365
2418
2433
2326
2154
1869
1510
1065
587
7
-620
-1232
-1872
-2467
-3027
-3512
-3965
-4309
-4536
-4679
-4707
-4652
-4484
-4233
-3889
-3508
-3047
-2536
-2027
-1521
-997
-506
-33
470
879
1251
1581
1833
2033
2191
2283
2311
2313
2213
2119
2027
1899
1767
1672
1605
1536
1561
1597
1651
1751
1881
2015
2171
2312
2398
2454
2443
2348
2140
1867
1499
1075
595
28
-562
-1165
-1752
-2321
-2814
-3272
-3674
-3959
-4163
-4256
-4273
-4180
-4016
-3754
-3430
-3051
-2589
-2146
-1674
-1140
-639
-174
297
739
1143
1525
1839
2066
2239
2338
2348
2350
2294
2142
2024
1897
1730
1595
1486
1394
1344
1338
1365
1411
1536
1660
1818
1975
2074
2155
2209
2175
2028
1844
1514
1107
667
181
-414
-986
-1557
-2139
-2644
-3128
-3552
-3929
-4162
-4344
-4437
-4408
-4304
-4106
-3833
-3500
-3097
-2649
-2163
-1654
-1138
-642
-159
335
792
1180
1552
1819
2032
2197
2270
2290
2258
2178
2027
1888
1763
1594
1478
1399
1340
1313
1352
1378
1421
1570
1698
1833
1975
2086
2155
2225
2171
2047
1856
1540
1173
748
252
-292
-811
-1388
-1951
-2453
-2915
-3334
-3693
-3938
-4097
-4159
-4149
-4023
-3840
-3556
-3223
-2827
-2382
-1924
-1406
-899
-378
94
580
1017
1414
1786
2046
2251
2392
2472
2479
2460
2372
2228
2096
1941
1776
1620
1508
1424
1393
1407
1415
1502
1603
1698
1844
2009
2084
2134
2193
2123
1963
1737
1404
1013
584
70
-498
-1069
-1646
-2217
-2734
-3191
-3617
-3950
-4187
-4364
-4455
-4413
-4313
-4121
-3821
-3498
-3074
-2592
-2120
-1624
-1118
-637
-135
358
795
1207
1545
1799
1982
2137
2195
2203
2196
2109
1987
1839
1705
1529
1414
1335
1260
1251
1292
1357
1442
1600
1740
1895
2054
2175
2244
2272
2217
2099
1898
1606
1248
853
379
-168
-699
-1237
-1779
-2275
-2748
-3192
-3525
-3771
-3945
-4030
-4041
-3977
-3797
-3541
-3220
-2836
-2403
-1953
-1462
-917
-431
73
531
943
1325
1642
1904
2088
2232
2280
2264
2216
2094
1929
1794
1626
1475
1331
1220
1157
1127
1181
1209
1305
1446
1562
1689
1844
1931
1983
2014
1922
1794
1574
1273
907
531
71
-448
-964
-1498
-2004
-2475
-2921
-3323
-3611
-3853
-4002
-4024
-4004
-3891
-3716
-3442
-3157
-2763
-2327
-1861
-1360
-849
-336
104
570
962
1327
1642
1877
2048
2175
2203
2191
2168
2064
1951
1828
1673
1496
1380
1277
1189
1206
1244
1278
1379
1510
1634
1791
1934
2012
2098
2132
2064
1944
1744
1443
1093
702
203
-310
-833
-1365
-1899
-2378
-2804
-3198
-3490
-3735
-3900
-3954
-3946
-3840
-3662
-3403
-3113
-2702
-2258
-1831
-1348
-846
-354
111
558
955
1315
1624
1871
2061
2182
2206
2176
2103
1948
1788
1660
1499
1331
1202
1088
992
997
1038
1088
1182
1284
1407
1564
1685
1761
1844
1881
1811
1684
1491
1172
850
484
33
-443
-934
-1435
-1903
-2359
-2766
-3123
-3425
-3650
-3800
-3859
-3842
-3733
-3544
-3289
-2957
-2565
-2168
-1718
-1236
-735
-268
208
660
1065
1434
1734
1977
2153
2283
2301
2270
2202
2066
1932
1796
1626
1440
1326
1232
1166
1174
1207
1233
1328
1445
1551
1712
1831
1907
1966
1972
1902
1772
1573
1269
928
554
87
-397
-893
-1383
-1867
-2283
-2705
-3093
-3355
-3589
-3727
-3782
-3798
-3719
-3553
-3318
-3044
-2675
-2288
-1865
-1402
-945
-481
-29
423
827
1207
1517
1759
1950
2074
2090
2059
1980
1832
1655
1518
1351
1192
1096
996
949
950
982
1026
1135
1267
1402
1545
1661
1752
1831
1839
1780
1673
1483
1211
918
586
137
-321
-771
-1241
-1695
-2129
-2507
-2840
-3114
-3334
-3459
-3518
-3524
-3429
-3242
-2986
-2700
-2334
-1951
-1524
-1070
-603
-162
311
750
1121
1479
1776
1995
2134
2233
2226
2187
2094
1957
1774
1610
1433
1276
1161
1047
1010
1004
1024
1068
1142
1258
1374
1511
1615
1693
1757
1741
1655
1512
1295
1007
702
326
-141
-601
-1055
-1520
-1970
-2371
-2725
-3062
-3288
-3467
-3583
-3638
-3614
-3538
-3383
-3153
-2861
-2500
-2116
-1695
-1239
-768
-315
130
545
928
1270
1551
1782
1959
2052
2076
2034
1936
1793
1628
1479
1297
1137
1023
922
860
860
920
975
1080
1210
1342
1486
1630
1727
1816
1813
1750
1660
1475
1207
906
579
155
-248
-696
-1135
-1545
-1914
-2271
-2598
-2856
-3056
-3191
-3281
-3269
-3213
-3088
-2890
-2631
-2307
-1944
-1536
-1088
-628
-187
256
671
1034
1387
1643
1832
1995
2085
2087
2058
1951
1780
1625
1448
1261
1105
988
871
800
772
795
860
982
1079
1206
1366
1458
1556
1615
1595
1509
1399
1196
926
646
304
-84
-466
-887
-1317
-1750
-2146
-2534
-2852
-3081
-3297
-3406
-3486
-3477
-3415
-3266
-3060
-2774
-2434
-2072
-1636
-1186
-683
-208
263
678
1080
1446
1719
1948
2120
2226
2227
2199
2094
1940
1776
1589
1395
1206
1080
959
905
885
891
939
1027
1146
1258
1413
1504
1601
1682
1671
1606
1499
1331
1085
811
485
90
-304
-697
-1148
-1592
-1970
-2339
-2652
-2909
-3114
-3269
-3377
-3402
-3355
-3234
-3051
-2804
-2459
-2089
-1678
-1202
-765
-302
151
578
1001
1341
1649
1880
2037
2133
2136
2099
2015
1864
1708
1544
1365
1206
1073
963
900
865
849
875
955
1035
1130
1254
1345
1446
1543
1553
1500
1414
1234
984
709
403
17
-375
-750
-1172
-1599
-1968
-2341
-2695
-2953
-3182
-3333
-3417
-3450
-3392
-3257
-3060
-2814
-2465
-2103
-1686
-1231
-790
-308
158
591
997
1358
1658
1898
2066
2169
2184
2140
2045
1896
1735
1553
1367
1223
1064
955
884
871
857
860
945
1029
1128
1271
1387
1488
1590
1631
1606
1530
1376
1173
930
649
288
-127
-534
-965
-1356
-1757
-2140
-2496
-2774
-3004
-3184
-3270
-3309
-3256
-3148
-2965
-2733
-2420
-2061
-1654
-1222
-794
-334
111
542
942
1291
1575
1785
1964
2064
2081
2045
1930
1785
1626
1453
1239
1085
923
769
670
624
616
636
714
789
909
1054
1163
1252
1327
1399
1368
1332
1238
1066
879
618
320
-60
-434
-841
-1256
-1643
-2004
-2336
-2650
-2890
-3103
-3220
-3283
-3286
-3187
-3003
-2755
-2459
-2098
-1708
-1272
-840
-361
97
511
913
1277
1606
1827
1994
2094
2146
2115
2027
1881
1736
1584
1401
1224
1068
949
861
819
812
839
910
989
1074
1180
1268
1365
1421
1493
1495
1431
1322
1160
945
704
418
58
-286
-673
-1061
-1457
-1816
-2184
-2559
-2827
-3051
-3212
-3292
-3326
-3278
-3157
-2983
-2703
-2382
-1995
-1569
-1147
-673
-206
217
638
994
1307
1544
1707
1826
1858
1842
1760
1652
1511
1352
1194
1027
895
797
732
698
703
737
785
848
949
1062
1175
1290
1382
1449
1481
1444
1384
1284
1088
856
596
284
-77
-444
-814
-1197
-1577
-1921
-2261
-2568
-2783
-2960
-3076
-3112
-3093
-2970
-2784
-2547
-2217
-1844
-1431
-1004
-548
-113
312
725
1085
1384
1628
1793
1906
1986
1965
1885
1765
1615
1449
1278
1114
974
852
784
764
741
769
814
888
981
1082
1186
1285
1347
1406
1444
1425
1366
1256
1101
892
640
367
18
-360
-737
-1135
-1521
-1914
-2258
-2585
-2838
-3062
-3212
-3273
-3278
-3166
-3016
-2783
-2479
-2104
-1703
-1275
-814
-373
54
442
803
1111
1354
1554
1674
1713
1697
1645
1560
1450
1318
1172
1035
920
813
743
699
678
687
716
762
843
911
989
1101
1190
1273
1329
1351
1309
1252
1141
958
743
505
207
-138
-508
-903
-1286
-1673
-2016
-2324
-2598
-2815
-2972
-3055
-3055
-2999
-2840
-2611
-2337
-1981
-1591
-1169
-740
-290
141
538
914
1225
1476
1665
1783
1854
1864
1815
1751
1649
1518
1390
1252
1119
990
902
828
783
792
804
848
928
985
1059
1119
1197
1262
1305
1330
1326
1259
1145
974
738
489
189
-144
-503
-886
-1273
-1660
-2011
-2345
-2628
-2858
-2995
-3078
-3107
-3051
-2913
-2705
-2448
-2120
-1769
-1367
-964
-556
-135
237
575
861
1110
1310
1463
1530
1581
1592
1546
1448
1339
1242
1093
960
863
769
692
652
652
665
715
784
868
955
1057
1153
1229
1300
1325
1326
1259
1144
1024
836
607
362
73
-263
-617
-972
-1345
-1703
-2018
-2296
-2548
-2718
-2853
-2881
-2848
-2770
-2597
-2362
-2060
-1731
-1339
-937
-533
-141
233
584
879
1125
1319
1477
1557
1609
1620
1566
1505
1409
1296
1177
1054
960
875
806
761
720
741
775
796
860
912
969
1017
1074
1097
1106
1097
1031
926
777
569
326
84
-226
-589
-920
-1251
-1576
-1874
-2143
-2388
-2578
-2696
-2792
-2808
-2737
-2604
-2425
-2175
-1880
-1534
-1175
-819
-418
-26
349
692
992
1272
1489
1642
1744
1797
1801
1751
1673
1578
1422
1295
1177
1060
928
826
756
697
683
680
706
770
845
896
959
1037
1061
1074
1047
975
883
720
516
305
58
-244
-553
-863
-1175
-1480
-1745
-1978
-2181
-2316
-2400
-2431
-2419
-2348
-2249
-2077
-1867
-1615
-1312
-976
-638
-312
42
364
677
933
1159
1322
1440
1523
1540
1525
1443
1339
1193
1025
859
709
564
446
353
283
233
230
261
325
411
495
577
666
752
789
781
755
661
515
354
170
-56
-306
-550
-817
-1075
-1324
-1550
-1761
-1932
-2062
-2140
-2178
-2164
-2104
-2004
-1857
-1684
-1452
-1213
-938
-634
-289
64
413
762
1075
1371
1591
1766
1882
1923
1912
1842
1732
1593
1428
1259
1088
921
770
651
576
530
507
511
568
633
697
789
865
907
912
860
783
659
484
318
100
-132
-363
-604
-822
-1049
-1257
-1455
-1622
-1746
-1850
-1925
-1983
-2014
-2039
-1993
-1912
-1773
-1614
-1422
-1170
-912
-621
-314
15
348
668
938
1169
1343
1454
1499
1497
1439
1334
1206
1024
835
652
473
321
197
114
67
75
104
195
285
400
509
614
701
722
726
676
591
469
322
133
-48
-260
-448
-618
-773
-921
-1064
-1178
-1257
-1338
-1384
-1417
-1428
-1415
-1384
-1316
-1231
-1115
-936
-723
-494
-248
31
335
604
876
1134
1356
1528
1645
1698
1683
1634
1516
1356
1176
987
784
577
411
245
136
68
43
67
97
170
239
319
404
462
478
461
415
332
224
76
-59
-239
-417
-584
-746
-887
-994
-1094
-1178
-1255
-1297
-1346
-1393
-1383
-1386
-1371
-1345
-1314
-1239
-1119
-977
-794
-582
-372
-142
112
363
591
805
994
1132
1207
1247
1199
1115
1003
866
697
503
361
196
64
-29
-69
-55
-10
63
143
240
334
429
504
551
572
563
538
469
378
247
116
-8
-138
-254
-353
-429
-521
-591
-645
-697
-734
-752
-774
-785
-782
-781
-749
-704
-624
-517
-383
-212
-41
151
381
598
794
951
1090
1193
1231
1245
1208
1122
1001
854
674
506
328
154
-5
-135
-212
-256
-266
-245
-198
-141
-74
-8
60
78
79
87
53
-9
-77
-145
-232
-311
-392
-495
-571
-641
-705
-748
-789
-812
-856
-877
-863
-866
-861
-843
-821
-775
-701
-627
-508
-364
-196
13
230
441
633
834
985
1095
1166
1205
1195
1149
1066
940
813
648
477
313
157
38
-67
-146
-160
-152
-139
-102
-53
-10
26
61
63
46
43
15
-37
-78
-131
-189
-245
-279
-323
-384
-414
-449
-469
-492
-511
-524
-535
-552
-551
-555
-555
-533
-479
-413
-343
-230
-98
66
242
397
538
700
843
925
985
1023
1023
972
905
800
668
536
368
221
79
-47
-145
-266
-328
-367
-397
-389
-354
-331
-316
-295
-285
-258
-256
-242
-253
-292
-301
-344
-378
-381
-417
-444
-447
-443
-424
-420
-391
-376
-362
-366
-387
-365
-361
-344
-319
-267
-188
-94
26
150
281
438
582
730
860
966
1052
1102
1132
1122
1098
1043
953
844
701
572
447
319
184
79
-42
-132
-196
-248
-265
-276
-264
-260
-248
-213
-209
-217
-213
-231
-250
-260
-281
-303
-309
-337
-361
-378
-415
-429
-446
-456
-474
-471
-460
-441
-417
-380
-355
-313
-268
-222
-163
-85
10
96
206
309
409
509
588
652
703
705
702
677
632
567
472
333
190
65
-69
-208
-321
-406
-481
-532
-568
-574
-570
-537
-505
-472
-418
-379
-331
-300
-275
-259
-246
-246
-214
-206
-174
-142
-126
-105
-97
-63
-39
-21
-11
15
30
40
59
72
82
83
117
159
211
287
362
473
570
672
744
828
892
908
910
911
860
795
702
567
427
274
123
-30
-147
-268
-341
-400
-454
-464
-449
-432
-412
-376
-345
-320
-304
-293
-293
-289
-285
-275
-260
-232
-219
-201
-187
-169
-110
-74
-23
-7
-14
-21
-28
-28
-42
-60
-67
-74
-100
-90
-74
-47
10
72
162
258
342
422
482
540
571
562
546
499
435
345
217
91
-49
-181
-335
-456
-559
-635
-673
-703
-704
-690
-643
-635
-585
-514
-462
-418
-369
-311
-277
-234
-179
-137
-98
-68
-31
31
99
139
202
263
306
331
337
330
296
296
282
259
238
212
220
224
223
258
312
387
457
524
564
611
657
664
663
644
568
454
343
207
60
-83
-215
-330
-437
-522
-586
-626
-623
-622
-623
-600
-559
-518
-473
-414
-353
-315
-262
-221
-175
-133
-97
-24
32
86
146
214
261
316
343
390
398
378
348
292
238
183
132
75
18
-18
-34
-40
-8
16
70
125
171
234
272
313
323
324
296
264
211
126
7
-120
-220
-312
-397
-476
-524
-586
-619
-625
-631
-609
-555
-522
-474
-396
-353
-293
-227
-165
-97
-48
3
53
126
191
259
313
373
438
479
517
512
513
482
437
394
320
263
198
141
83
27
-12
-45
-59
-41
-9
22
75
117
153
182
190
198
200
176
132
68
-12
-104
-204
-287
-379
-456
-496
-526
-559
-564
-547
-526
-502
-444
-395
-319
-243
-202
-129
-58
19
81
144
214
272
323
376
422
483
523
530
535
534
498
434
375
310
222
135
59
-22
-92
-139
-190
-229
-230
-234
-228
-211
-189
-138
-89
-41
-14
14
39
30
7
-61
-96
-133
-185
-231
-289
-329
-373
-407
-421
-412
-397
-365
-314
-258
-181
-119
-38
30
106
179
265
352
433
515
585
636
673
700
710
719
697
691
645
600
541
461
372
290
200
93
-6
-103
-181
-249
-304
-342
-357
-369
-363
-364
-333
-315
-295
-277
-281
-284
-287
-281
-295
-300
-326
-380
-412
-439
-472
-500
-544
-571
-570
-571
-539
-502
-444
-369
-295
-196
-107
1
114
217
330
401
467
537
593
614
642
685
677
668
663
635
571
518
445
341
268
191
95
3
-72
-154
-219
-263
-312
-338
-351
-362
-366
-343
-302
-280
-235
-198
-188
-179
-158
-155
-178
-195
-217
-246
-280
-307
-339
-357
-365
-374
-356
-339
-299
-238
-164
-66
50
171
289
408
515
617
705
786
831
875
922
944
943
930
918
859
784
718
636
535
422
319
207
99
-5
-118
-215
-282
-354
-437
-506
-549
-581
-569
-548
-539
-509
-488
-468
-467
-475
-482
-501
-511
-532
-562
-597
-650
-691
-693
-713
-714
-690
-670
-635
-561
-461
-356
-253
-141
-5
126
264
368
476
554
631
692
740
787
788
786
782
783
759
718
667
606
553
476
405
320
205
119
35
-41
-106
-172
-231
-262
-293
-319
-303
-277
-276
-234
-202
-174
-167
-161
-172
-174
-202
-257
-294
-357
-406
-473
-475
-483
-490
-493
-464
-401
-359
-270
-160
-53
55
182
306
407
505
590
666
745
790
823
870
849
839
807
772
725
679
617
523
454
349
246
112
1
-131
-236
-315
-416
-493
-564
-609
-637
-647
-626
-617
-614
-559
-523
-463
-429
-415
-405
-414
-427
-460
-472
-497
-511
-526
-539
-521
-500
-470
-434
-376
-305
-244
-146
-47
68
190
311
410
502
592
655
695
752
802
835
853
861
841
809
775
726
681
623
528
449
345
229
139
47
-38
-132
-216
-289
-331
-384
-405
-412
-398
-379
-364
-315
-289
-267
-240
-240
-260
-284
-328
-359
-386
-412
-431
-461
-468
-473
-455
-443
-394
-323
-248
-175
-96
15
99
201
279
370
463
530
598
647
678
698
718
722
716
693
657
605
539
466
401
322
224
129
37
-57
-148
-242
-319
-402
-449
-497
-541
-532
-532
-543
-531
-499
-470
-456
-444
-427
-429
-421
-416
-419
-428
-427
-433
-446
-453
-418
-411
-399
-336
-271
-186
-121
-40
47
150
250
336
418
481
562
643
690
727
776
802
803
819
797
769
740
701
646
573
495
428
336
249
157
45
-52
-152
-233
-310
-351
-389
-414
-434
-430
-401
-381
-358
-345
-341
-323
-307
-303
-307
-322
-348
-382
-405
-398
-418
-402
-392
-368
-346
-322
-267
-213
-133
-65
1
73
164
226
287
350
399
440
474
516
540
586
631
634
636
613
571
526
445
375
311
228
151
67
-26
-116
-204
-294
-353
-408
-452
-471
-486
-492
-502
-492
-478
-455
-431
-404
-380
-392
-380
-363
-365
-364
-369
-373
-374
-352
-328
-305
-276
-253
-214
-157
-93
-37
60
155
240
338
423
518
606
650
691
736
774
787
813
813
786
764
711
685
634
591
525
473
399
327
264
188
113
30
-34
-120
-202
-252
-302
-366
-387
-407
-452
-464
-472
-490
-485
-486
-499
-503
-507
-542
-555
-572
-589
-596
-610
-605
-583
-572
-565
-518
-461
-369
-299
-202
-90
-26
75
169
246
311
357
428
457
482
509
513
531
521
525
537
522
514
501
475
449
394
334
282
219
173
113
54
2
-54
-98
-166
-193
-210
-227
-237
-240
-258
-274
-268
-294
-310
-327
-344
-344
-365
-375
-385
-395
-376
-380
-359
-324
-301
-249
-185
-107
-39
32
116
198
293
371
440
495
535
578
590
608
625
629
615
617
591
563
528
505
488
432
398
343
298
227
160
100
7
-80
-157
-225
-278
-316
-351
-378
-394
-412
-428
-424
-446
-447
-450
-479
-504
-515
-537
-571
-601
-619
-628
-629
-616
-603
-564
-524
-477
-420
-354
-275
-156
-46
58
168
246
318
381
442
478
506
520
526
537
538
544
549
543
549
540
535
501
475
443
392
353
310
254
183
135
83
44
-12
-36
-66
-113
-118
-117
-138
-160
-169
-202
-238
-273
-313
-368
-406
-432
-457
-472
-484
-493
-506
-499
-473
-414
-356
-295
-218
-129
-32
64
132
197
249
283
321
348
383
404
435
425
422
439
429
419
417
406
384
362
334
300
255
215
174
142
85
8
-49
-115
-166
-208
-265
-270
-295
-307
-328
-341
-332
-353
-368
-387
-413
-417
-419
-439
-464
-506
-541
-552
-547
-526
-498
-451
-390
-331
-273
-192
-107
-14
62
132
213
281
343
395
434
492
543
594
621
651
673
681
698
691
689
657
638
594
540
477
421
351
295
218
142
84
48
13
-32
-63
-91
-132
-160
-190
-242
-267
-298
-335
-350
-380
-424
-446
-487
-507
-508
-521
-527
-513
-489
-462
-440
-395
-333
-276
-212
-138
-61
4
78
143
201
262
310
328
344
364
370
385
400
416
410
398
398
381
349
320
280
218
158
121
50
5
-53
-116
-158
-204
-253
-281
-301
-327
-336
-346
-352
-359
-355
-377
-401
-412
-449
-489
-488
-523
-527
-520
-508
-481
-457
-406
-362
-321
-247
-189
-121
-31
49
141
225
291
365
438
483
541
581
603
614
627
639
645
663
679
691
686
674
650
639
593
548
482
408
353
290
225
170
106
50
-3
-54
-97
-167
-204
-244
-290
-346
-386
-416
-424
-456
-489
-503
-518
-534
-551
-546
-534
-536
-519
-471
-454
-407
-349
-285
-232
-170
-102
-28
29
87
147
185
229
266
319
346
365
390
364
356
356
344
333
315
320
314
289
248
215
170
110
70
22
-16
-60
-99
-135
-178
-214
-215
-251
-302
-312
-339
-338
-338
-339
-341
-333
-348
-358
-344
-344
-324
-294
-263
-221
-204
-173
-133
-83
-56
-24
52
94
142
192
250
296
361
413
446
493
509
541
541
544
542
525
508
482
460
413
369
342
296
246
229
159
106
51
5
-58
-114
-151
-208
-235
-280
-324
-358
-383
-402
-438
-450
-462
-480
-480
-483
-494
-484
-475
-461
-449
-424
-404
-369
-325
-303
-267
-228
-191
-150
-84
-50
9
66
145
213
266
332
381
427
472
482
492
494
467
451
425
412
405
386
371
347
307
257
240
219
177
143
98
59
25
-24
-75
-128
-173
-211
-256
-276
-296
-328
-337
-359
-349
-324
-337
-335
-331
-326
-304
-291
-274
-219
-199
-185
-144
-125
-96
-65
1
51
93
150
213
274
316
371
427
475
494
523
539
526
527
512
490
478
455
433
406
391
345
299
256
189
126
54
-6
-82
-144
-209
-274
-344
-404
-451
-494
-515
-577
-592
-611
-635
-651
-658
-649
-640
-629
-610
-579
-571
-546
-508
-486
-452
-396
-344
-286
-226
-148
-80
-13
68
116
179
251
317
379
454
509
547
602
611
631
630
632
632
621
593
559
531
491
464
424
370
316
284
225
170
107
59
-23
-80
-127
-178
-219
-280
-311
-364
-396
-407
-432
-441
-422
-413
-402
-391
-354
-350
-341
-301
-281
-247
-220
-185
-143
-101
-37
4
40
70
125
189
254
291
332
400
429
452
476
480
478
487
488
477
449
427
394
352
309
269
231
179
142
91
46
-5
-50
-115
-161
-206
-247
-299
-364
-414
-459
-464
-521
-553
-580
-607
-594
-578
-590
-575
-549
-510
-480
-445
-393
-353
-298
-243
-185
-131
-83
-45
10
46
100
155
237
296
339
389
435
491
521
548
565
587
567
556
564
569
553
512
486
453
423
386
338
327
263
203
172
106
50
-2
-81
-144
-211
-255
-315
-374
-410
-457
-477
-498
-506
-507
-503
-490
-464
-446
-428
-404
-375
-355
-324
-289
-276
-247
-213
-170
-128
-84
-45
-5
60
120
166
204
251
307
346
388
416
437
443
430
427
395
369
357
341
307
288
253
231
184
139
110
73
38
7
-17
-93
-134
-189
-247
-285
-331
-369
-389
-409
-415
-419
-422
-405
-411
-404
-389
-356
-304
-264
-234
-187
-139
-96
-57
-21
20
35
56
89
120
153
189
227
272
304
335
371
416
453
474
481
468
461
481
454
439
428
391
384
338
300
271
224
166
132
102
64
26
-7
-63
-95
-154
-214
-250
-321
-364
-403
-417
-438
-445
-436
-421
-401
-397
-376
-335
-315
-283
-236
-211
-168
-126
-96
-95
-89
-82
-40
-20
-4
15
47
84
95
121
146
174
175
195
219
220
228
233
212
203
198
179
175
178
163
147
117
89
53
-4
-44
-93
-141
-172
-211
-249
-270
-307
-340
-381
-399
-400
-403
-392
-373
-342
-316
-284
-247
-204
-161
-124
-89
-45
-1
18
47
93
117
138
166
181
208
237
259
289
328
368
392
387
416
428
426
425
439
429
433
440
419
414
389
367
339
322
280
234
200
166
115
57
18
-18
-81
-130
-162
-227
-281
-309
-352
-410
-431
-449
-458
-462
-458
-443
-435
-428
-418
-378
-350
-331
-292
-269
-245
-214
-202
-193
-166
-147
-117
-80
-44
-20
9
55
98
126
169
229
249
289
307
320
323
329
318
312
317
314
309
279
277
267
232
196
180
155
129
104
53
17
-25
-72
-108
-148
-160
-194
-233
-243
-270
-283
-268
-269
-275
-268
-250
-253
-244
-226
-199
-180
-151
-117
-100
-71
-51
-34
-24
-12
20
28
50
80
118
129
154
190
212
244
248
269
276
278
293
283
270
264
254
238
218
213
184
159
136
97
70
26
-19
-62
-103
-131
-159
-193
-224
-243
-275
-314
-334
-332
-328
-315
-291
-271
-245
-223
-197
-168
-155
-141
-122
-94
-91
-70
-48
-53
-43
-18
4
40
75
96
130
139
157
174
196
204
217
214
229
258
245
253
264
257
253
262
254
231
213
204
174
150
115
68
44
1
-32
-64
-101
-122
-143
-168
-185
-177
-186
-212
-211
-196
-198
-205
-196
-183
-178
-177
-172
-174
-159
-152
-130
-103
-77
-58
-38
-26
8
27
28
66
84
112
138
158
169
186
203
214
216
216
214
219
213
226
234
234
205
184
162
134
117
92
53
22
5
-32
-43
-69
-91
-124
-155
-169
-213
-236
-263
-277
-291
-328
-334
-336
-344
-350
-365
-375
-378
-367
-369
-347
-305
-294
-256
-222
-191
-164
-149
-144
-108
-71
-45
7
35
98
145
180
217
255
291
307
329
358
377
392
407
406
404
408
384
384
364
367
357
323
308
296
270
247
218
186
159
122
92
71
58
12
-14
-34
-77
-105
-123
-161
-159
-161
-180
-177
-168
-160
-163
-148
-149
-142
-138
-153
-154
-140
-139
-141
-122
-102
-94
-75
-42
-17
3
24
33
54
54
58
62
52
49
44
17
8
12
7
-16
-47
-39
-58
-72
-80
-100
-129
-142
-148
-162
-161
-174
-176
-195
-199
-200
-204
-223
-223
-225
-219
-225
-208
-188
-203
-180
-161
-145
-121
-79
-60
-38
-4
19
37
65
84
107
122
157
184
196
207
224
257
280
310
331
342
343
343
341
351
351
351
361
342
326
309
287
264
222
198
171
134
98
73
39
7
-32
-64
-78
-121
-144
-177
-198
-233
-247
-257
-278
-277
-271
-272
-279
-271
-286
-268
-246
-234
-224
-205
-184
-161
-144
-136
-103
-65
-57
-52
-21
-1
25
44
90
128
170
206
220
225
241
231
208
210
225
233
215
219
209
201
186
159
148
136
118
96
62
38
1
-37
-75
-121
-170
-190
-222
-261
-267
-287
-280
-287
-288
-299
-289
-268
-252
-232
-231
-206
-168
-143
-142
-100
-63
-40
-43
-24
6
34
55
74
115
115
161
196
198
223
245
259
263
280
283
280
273
258
259
257
257
242
229
207
195
188
147
103
72
46
9
-28
-69
-119
-161
-183
-214
-255
-277
-308
-337
-352
-355
-365
-358
-335
-321
-304
-292
-284
-259
-235
-213
-193
-158
-120
-105
-78
-50
-37
-28
-9
14
26
45
72
99
105
120
129
138
152
172
191
200
215
218
232
241
243
246
267
251
236
240
219
190
166
149
108
76
53
6
-16
-53
-82
-113
-139
-142
-172
-154
-165
-154
-142
-138
-120
-121
-104
-81
-72
-42
-20
-7
33
46
46
71
102
115
132
144
170
202
214
235
253
252
251
261
269
269
264
251
242
220
204
186
163
134
113
75
51
36
0
-31
-57
-95
-128
-148
-200
-232
-267
-296
-320
-348
-368
-397
-406
-419
-426
-434
-431
-424
-416
-394
-393
-380
-353
-319
-286
-233
-207
-175
-144
-132
-113
-94
-51
-14
27
59
96
135
160
190
212
246
273
299
300
319
336
331
338
332
306
290
281
249
235
230
206
185
168
153
139
102
69
35
-3
-29
-61
-91
-119
-154
-165
-173
-182
-190
-199
-181
-174
-176
-165
-147
-141
-119
-106
-69
-47
-55
-31
-11
-6
18
56
69
96
136
164
178
211
228
237
237
242
259
246
253
260
256
253
238
221
206
169
130
110
77
45
6
-26
-44
-79
-103
-126
-171
-219
-264
-288
-297
-290
-298
-311
-305
-312
-304
-302
-299
-302
-281
-265
-234
-189
-185
-154
-107
-91
-80
-53
-23
3
28
46
61
69
82
91
97
114
138
153
153
169
185
182
199
212
201
209
213
223
209
182
164
156
135
106
92
65
51
23
2
-19
-18
-36
-38
-39
-67
-68
-66
-64
-73
-76
-108
-125
-125
-124
-115
-111
-112
-115
-96
-61
-40
-39
-7
4
16
48
56
66
91
83
93
103
116
138
149
156
155
162
145
141
111
102
90
58
38
29
5
-22
-52
-82
-111
-149
-169
-194
-216
-215
-245
-251
-265
-278
-284
-296
-304
-304
-295
-302
-282
-255
-243
-244
-224
-196
-162
-127
-102
-50
-28
13
45
79
121
138
160
193
225
241
262
283
300
310
314
327
339
331
315
335
345
337
329
295
283
271
263
240
212
201
187
158
129
107
72
54
27
-12
-40
-65
-87
-109
-139
-177
-200
-205
-209
-221
-226
-237
-242
-226
-213
-213
-212
-224
-201
-185
-187
-169
-132
-127
-110
-76
-68
-34
-25
-35
-2
26
44
80
72
63
95
89
72
74
55
44
45
50
32
40
51
41
41
42
35
37
19
-3
-31
-68
-88
-117
-137
-137
-144
-155
-138
-136
-145
-147
-149
-153
-158
-139
-152
-133
-89
-80
-61
-24
7
4
32
55
63
88
104
113
130
129
143
149
161
176
162
168
180
156
158
165
148
136
137
128
129
142
139
133
126
103
69
50
33
16
2
-7
-3
-1
-19
1
-8
-15
-24
-32
-39
-58
-67
-80
-88
-108
-85
-73
-71
-74
-73
-52
-46
-32
-30
-13
2
11
17
24
49
56
79
79
85
80
82
82
72
75
61
68
64
54
54
34
8
0
-14
-25
-47
-70
-79
-103
-117
-127
-151
-169
-165
-171
-189
-210
-207
-230
-228
-227
-226
-222
-238
-233
-223
-208
-181
-152
-139
-106
-70
-36
-43
-37
-35
-38
-18
-13
6
37
61
92
123
115
140
177
176
197
226
219
229
247
254
257
258
247
251
253
231
237
224
201
202
205
182
166
127
118
114
80
69
67
43
32
34
3
-29
-30
-38
-56
-53
-67
-69
-82
-89
-92
-84
-92
-102
-107
-114
-107
-96
-91
-104
-96
-94
-86
-85
-93
-81
-86
-79
-77
-63
-58
-63
-54
-57
-41
-51
-54
-56
-49
-44
-59
-79
-87
-96
-103
-107
-116
-115
-102
-88
-84
-73
-100
-104
-96
-94
-112
-110
-107
-121
-113
-132
-110
-81
-71
-65
-31
-24
-10
16
29
55
73
67
80
102
106
113
145
167
159
177
187
211
216
211
216
230
234
231
230
215
229
235
227
236
218
189
171
170
151
121
106
70
39
16
-21
-44
-68
-96
-100
-115
-135
-149
-159
-162
-162
-161
-155
-150
-143
-134
-135
-138
-122
-120
-125
-123
-130
-137
-135
-125
-104
-100
-98
-69
-52
-36
-19
-8
-1
12
26
35
47
54
48
46
41
41
36
47
49
35
34
25
52
56
52
35
30
14
-13
-16
-26
-24
-32
-27
-6
-2
12
6
7
0
-35
-35
-56
-72
-87
-79
-66
-57
-43
-51
-43
-29
-21
-8
-7
12
16
32
50
46
49
65
91
102
119
130
148
147
142
147
167
172
169
163
162
152
115
82
60
48
17
-4
-20
-32
-30
-47
-64
-76
-80
-68
-77
-100
-95
-80
-97
-121
-141
-160
-159
-186
-207
-188
-163
-154
-144
-109
-103
-69
-57
-49
-46
-45
-40
-27
1
2
27
31
39
30
17
21
24
9
-18
-20
-8
-5
-1
7
-1
0
14
29
13
8
30
18
13
10
10
25
21
12
26
17
11
12
10
14
41
60
56
71
48
56
58
55
67
85
114
113
123
135
134
135
134
145
135
135
133
132
136
137
145
142
136
150
139
117
110
88
57
41
22
5
21
10
-10
-19
-8
-16
-30
-27
-39
-70
-92
-99
-118
-146
-145
-169
-182
-178
-193
-205
-210
-213
-251
-264
-254
-263
-259
-261
-242
-208
-200
-187
-192
-177
-172
-161
-153
-118
-94
-89
-59
-49
-38
-31
-19
-5
7
7
22
43
72
90
96
133
152
167
159
166
151
156
166
163
162
145
142
133
137
138
129
127
121
106
91
88
76
82
86
82
90
91
105
112
113
88
69
64
71
81
65
75
78
83
90
97
84
74
74
72
71
57
44
37
36
15
1
6
5
-6
-3
-17
-45
-57
-77
-99
-97
-109
-114
-123
-137
-159
-176
-186
-191
-183
-201
-214
-204
-198
-187
-181
-175
-155
-148
-128
-120
-108
-92
-74
-55
-47
-39
-25
-17
-24
-13
-21
-10
2
-3
-2
3
18
35
54
68
73
83
83
60
74
73
52
51
53
63
53
48
61
53
43
43
56
52
42
47
26
24
23
12
16
5
11
12
13
-5
-15
-15
-9
7
16
15
14
38
38
54
65
64
60
72
53
42
57
58
59
46
59
58
55
53
55
53
63
66
59
68
65
78
94
89
90
101
92
80
71
67
64
40
23
21
22
7
-10
-16
-19
-22
-38
-46
-41
-52
-67
-84
-86
-106
-118
-139
-155
-157
-168
-185
-182
-179
-169
-141
-154
-150
-141
-138
-150
-140
-136
-158
-154
-140
-145
-126
-108
-110
-90
-81
-74
-49
-29
-21
-14
-6
21
27
31
27
48
76
73
89
101
97
115
130
138
135
132
132
136
150
148
153
158
164
170
163
163
169
150
124
125
125
118
101
108
104
97
88
63
74
66
67
59
53
52
35
30
18
14
18
15
21
8
-15
-15
-24
-32
-31
-34
-54
-55
-89
-102
-104
-115
-110
-105
-115
-114
-111
-108
-121
-130
-125
-139
-122
-115
-112
-125
-129
-136
-140
-149
-149
-138
-148
-141
-138
-120
-103
-109
-112
-111
-97
-78
-78
-72
-43
-29
-19
-4
-4
-13
-13
-17
-15
-4
9
26
33
64
81
95
110
127
125
120
128
124
122
107
108
116
120
135
143
158
157
152
147
153
160
143
139
146
145
139
137
132
133
130
113
118
111
94
75
66
63
58
44
36
26
-5
-21
-49
-54
-57
-71
-81
-87
-85
-86
-79
-69
-71
-83
-91
-82
-89
-89
-93
-86
-77
-76
-80
-89
-83
-83
-82
-69
-66
-67
-53
-47
-50
-59
-44
-50
-47
-58
-74
-75
-71
-81
-72
-54
-62
-57
-68
-77
-72
-75
-79
-65
-68
-56
-56
-47
-46
-50
-50
-58
-39
-33
-32
-21
-13
-8
-13
-1
1
-1
1
24
38
40
53
61
74
75
70
74
90
88
81
72
63
59
51
57
62
72
81
91
97
98
96
84
91
93
95
102
99
91
97
116
112
117
139
143
128
120
94
92
113
107
107
96
92
80
63
67
78
76
62
70
62
32
5
-20
-47
-49
-61
-91
-86
-86
-109
-115
-134
-153
-159
-164
-165
-163
-164
-172
-156
-166
-175
-185
-202
-213
-211
-216
-219
-210
-218
-219
-218
-217
-218
-189
-182
-164
-144
-126
-98
-90
-75
-57
-37
-17
-7
-13
-1
20
42
59
79
87
97
98
90
82
91
102
108
120
121
131
140
138
143
134
149
152
152
157
154
152
157
183
173
163
154
155
162
162
147
131
115
95
98
102
106
108
97
70
81
91
82
81
76
68
49
43
37
42
29
31
33
34
34
13
25
23
16
-1
-13
-22
-52
-70
-72
-83
-103
-99
-105
-104
-100
-108
-121
-118
-141
-163
-169
-203
-193
-203
-199
-207
-204
-203
-201
-202
-206
-192
-190
-175
-151
-123
-117
-97
-95
-88
-79
-78
-68
-36
-17
-6
7
7
37
45
58
78
75
72
64
59
75
80
75
81
88
76
81
95
97
100
89
92
98
106
105
102
97
99
95
104
98
106
112
88
92
86
104
82
87
81
78
61
37
72
64
62
49
55
67
70
68
62
58
45
39
21
14
13
15
11
-7
-12
-3
-12
-11
-20
-23
-19
-31
-43
-54
-55
-64
-71
-81
-79
-72
-86
-109
-108
-108
-113
-95
-108
-131
-139
-139
-140
-121
-121
-114
-95
-84
-66
-79
-54
-60
-65
-52
-68
-75
-69
-75
-84
-77
-57
-69
-59
-63
-49
-38
-41
-11
0
3
2
20
28
46
58
68
73
77
86
91
95
102
92
93
84
82
90
92
91
87
91
106
96
101
102
96
108
96
108
104
92
100
83
77
84
69
66
52
36
27
21
12
0
23
19
18
38
43
37
19
6
14
12
15
18
13
-8
-12
-16
-18
-21
-22
-28
-33
-46
-60
-59
-59
-57
-65
-80
-97
-95
-103
-121
-118
-132
-139
-139
-150
-142
-141
-138
-138
-134
-136
-139
-133
-127
-138
-138
-140
-140
-127
-128
-118
-120
-102
-91
-83
-73
-69
-65
-55
-54
-47
-29
-25
-15
6
24
44
73
90
110
129
147
156
171
189
205
213
228
245
253
258
267
266
260
272
271
243
239
230
226
220
211
206
189
181
159
157
143
140
124
112
97
83
81
49
35
11
-2
-18
-37
-58
-66
-68
-71
-87
-98
-113
-139
-144
-143
-147
-153
-162
-177
-159
-166
-170
-167
-170
-169
-167
-156
-169
-167
-165
-158
-152
-141
-136
-133
-127
-138
-139
-135
-133
-143
-138
-131
-146
-145
-132
-123
-117
-122
-112
-105
-104
-91
-80
-83
-70
-70
-54
-59
-59
-60
-55
-61
-70
-45
-45
-21
-12
-7
12
18
24
37
50
69
84
91
83
106
114
116
132
148
155
176
175
188
212
216
208
208
216
210
217
228
232
223
233
221
227
215
214
190
176
174
147
137
118
120
112
100
97
88
89
79
59
41
12
-10
-32
-36
-63
-64
-74
-93
-107
-127
-134
-136
-128
-138
-137
-127
-129
-101
-113
-114
-111
-112
-100
-107
-105
-98
-91
-77
-67
-70
-70
-67
-68
-66
-59
-66
-73
-68
-77
-79
-76
-91
-96
-90
-91
-92
-79
-78
-83
-80
-97
-92
-80
-89
-86
-78
-68
-51
-50
-31
-16
-17
7
14
37
48
45
39
48
73
66
77
87
94
91
111
126
134
140
130
122
116
119
115
107
108
96
85
72
94
115
96
103
94
84
60
53
54
46
35
29
9
-4
-23
-32
-20
-52
-52
-68
-78
-85
-96
-110
-120
-109
-113
-132
-137
-128
-141
-138
-130
-120
-126
-127
-121
-126
-127
-128
-135
-131
-127
-142
-131
-108
-97
-81
-65
-35
-29
-9
-6
-15
5
11
32
39
40
41
53
57
60
76
94
114
131
134
128
129
124
123
125
126
126
131
141
147
135
128
119
111
103
106
94
102
89
93
93
78
95
97
90
84
75
66
52
60
40
14
11
5
16
14
19
26
21
34
35
39
50
50
45
38
40
34
24
11
5
-8
-16
-27
-31
-42
-35
-28
-27
-38
-50
-50
-82
-102
-94
-92
-106
-102
-106
-111
-111
-101
-124
-138
-146
-164
-162
-170
-171
-177
-160
-165
-158
-153
-152
-145
-130
-113
-112
-89
-102
-91
-75
-91
-67
-61
-63
-66
-53
-44
-41
-21
-22
-3
19
20
44
50
42
45
35
46
37
60
84
76
89
105
110
110
105
102
103
102
99
89
103
90
96
102
94
95
89
88
90
89
83
83
67
71
64
54
59
59
61
58
53
53
57
62
70
58
42
54
64
56
49
42
37
19
36
22
21
38
30
18
20
16
-6
-22
-32
-41
-55
-50
-61
-64
-69
-57
-60
-64
-47
-41
-29
-30
-14
-24
-36
-29
-26
-22
-20
-20
-15
-14
-11
-2
0
0
-18
-18
-36
-36
-35
-46
-46
-45
-48
-70
-61
-63
-75
-81
-83
-96
-92
-90
-101
-92
-107
-103
-88
-98
-83
-74
-60
-52
-39
-29
-27
-10
-4
6
17
20
34
48
53
71
64
70
73
71
77
87
102
110
119
106
99
108
109
105
96
85
81
83
67
57
61
52
44
28
22
18
20
7
-1
14
15
13
3
-12
-14
-26
-28
-25
-25
-38
-47
-57
-53
-51
-68
-58
-44
-42
-54
-56
-45
-40
-29
-24
-22
-35
-39
-51
-46
-31
-53
-62
-63
-66
-90
-85
-84
-89
-92
-97
-100
-92
-83
-82
-80
-76
-56
-77
-54
-42
-42
-16
-7
2
-1
17
13
30
30
35
44
34
28
31
34
38
51
49
59
72
86
77
82
93
88
90
92
80
91
109
120
123
129
135
136
130
116
116
117
109
107
102
103
101
97
114
99
83
83
84
88
87
75
57
47
31
10
9
8
5
-14
-30
-31
-34
-49
-64
-56
-76
-79
-83
-82
-93
-96
-105
-108
-109
-116
-125
-124
-129
-131
-128
-124
-125
-119
-110
-102
-95
-92
-74
-77
-64
-70
-63
-49
-49
-50
-43
-53
-54
-58
-53
-47
-52
-63
-56
-40
-41
-23
-14
-13
-4
-2
-8
13
28
41
53
44
40
40
26
32
21
17
26
34
37
33
34
33
26
34
30
9
16
26
32
32
33
35
36
38
29
25
20
30
29
46
36
28
40
36
47
52
42
43
47
32
34
32
36
44
44
48
46
49
46
56
57
53
57
50
27
10
6
10
4
14
13
17
18
15
6
10
6
-10
-12
-16
-16
-18
-16
-21
-16
3
11
-10
-5
-9
-23
-20
-24
-18
-15
-22
-24
-26
-29
-45
-47
-55
-56
-65
-67
-62
-62
-67
-64
-73
-62
-52
-67
-59
-57
-58
-47
-33
-39
-25
-34
-12
-18
-17
-2
-5
-7
-5
-9
-11
9
5
12
21
14
16
1
-3
27
18
21
26
19
26
29
34
52
59
66
70
56
44
48
51
57
64
75
73
82
89
80
79
72
73
69
64
58
52
49
43
33
26
27
13
13
5
-10
-8
-4
-10
-22
-20
-29
-39
-48
-55
-64
-86
-98
-86
-83
-86
-92
-105
-107
-112
-115
-109
-96
-99
-117
-96
-101
-107
-106
-104
-104
-101
-102
-98
-80
-52
-37
-29
-23
-21
-7
-4
-3
4
15
12
25
31
24
31
39
41
58
77
74
72
84
70
66
72
71
69
68
82
85
88
80
75
77
79
86
89
92
103
92
92
90
78
77
75
74
79
79
84
71
49
50
62
66
56
47
41
48
51
49
52
47
42
37
24
18
17
12
5
-6
-18
-10
-12
-21
-29
-45
-57
-60
-85
-96
-114
-129
-134
-134
-119
-120
-127
-122
-121
-123
-116
-108
-112
-115
-113
-111
-95
-103
-108
-108
-113
-112
-96
-83
-81
-71
-76
-62
-54
-53
-37
-39
-32
-27
-23
-25
-17
1
-4
2
17
9
2
15
25
34
34
40
48
49
45
51
47
47
57
62
55
54
69
73
71
69
69
75
95
97
103
96
101
119
119
120
122
120
122
112
100
106
107
109
112
111
100
79
88
89
81
70
57
55
38
33
19
11
15
18
25
7
0
7
-10
-6
-18
-35
-41
-48
-63
-61
-61
-74
-77
-89
-94
-101
-97
-102
-112
-106
-117
-112
