SAMPLES:	20323
BITSPERSAMPLE:	16
CHANNELS:	1
SAMPLERATE:	16000
NORMALIZED:	FALSE
79
93
90
76
82
68
68
67
61
74
92
73
63
57
42
41
33
13
-6
-2
-15
-18
-32
-50
-42
-45
-40
-44
-34
-36
-42
-42
-50
-49
-51
-52
-56
-42
-31
-17
4
18
13
33
37
35
47
49
52
59
60
58
64
49
42
43
47
37
35
37
47
45
41
35
35
41
34
41
36
29
28
20
12
5
15
-1
-6
-3
-18
-25
-29
-35
-61
-63
-80
-88
-92
-100
-112
-130
-137
-142
-128
-121
-110
-111
-96
-83
-68
-50
-46
-39
-34
-26
-17
-11
-10
-14
-6
-17
-21
-20
-28
-33
-34
-20
-23
-23
-21
-21
-19
-19
2
6
1
12
23
17
22
32
34
57
53
65
66
70
72
78
79
56
48
41
41
34
26
28
20
11
4
-12
-5
-8
5
1
-11
-20
-7
-6
-1
22
32
45
59
82
92
87
79
84
67
45
39
27
12
6
7
11
8
12
24
27
25
30
41
29
30
35
36
35
23
15
16
16
8
8
2
-4
-10
-17
-18
-27
-22
-36
-34
-45
-61
-64
-75
-89
-86
-88
-98
-88
-98
-100
-101
-98
-91
-80
-56
-47
-49
-43
-33
-36
-44
-43
-37
-27
-22
-14
-3
7
16
22
23
37
40
37
44
51
49
60
71
78
89
102
99
82
107
118
135
146
139
140
122
118
112
90
65
46
34
12
4
2
-15
-39
-46
-50
-68
-72
-87
-102
-112
-115
-133
-136
-117
-114
-97
-94
-99
-84
-75
-93
-86
-77
-83
-89
-81
-76
-86
-70
-63
-52
-36
-22
-13
-1
12
26
34
38
36
43
42
36
39
37
32
34
27
42
49
41
36
32
28
33
32
18
-8
-15
-6
-9
-3
-6
-5
4
2
0
9
29
37
28
28
29
39
35
36
34
40
34
39
42
42
42
35
46
44
46
44
39
39
38
32
30
25
41
32
26
27
30
34
33
34
45
48
39
53
43
37
39
26
30
31
21
14
3
9
-7
-33
-43
-47
-51
-56
-71
-68
-63
-55
-54
-55
-36
-30
-27
-18
-10
-15
-6
1
-8
-13
-17
-23
-30
-19
-25
-29
-23
-15
-5
-7
-2
-9
-2
1
5
17
31
26
20
23
22
22
12
2
-4
-7
-12
-12
-25
-24
-25
-36
-34
-36
-50
-62
-75
-90
-108
-119
-118
-132
-124
-118
-112
-101
-106
-85
-79
-85
-68
-74
-63
-49
-28
-8
-8
1
7
10
10
15
27
23
38
44
43
47
71
80
77
90
102
112
93
97
107
109
113
115
121
120
106
100
109
105
96
95
97
101
86
79
75
64
60
52
48
29
13
-10
-21
-17
-31
-43
-46
-50
-69
-66
-60
-58
-61
-72
-85
-94
-90
-83
-76
-89
-98
-107
-94
-73
-61
-56
-50
-43
-23
-5
10
27
35
54
58
79
93
93
87
83
80
81
88
96
106
95
80
84
96
93
79
43
38
20
0
0
-13
-17
-28
-36
-46
-59
-64
-61
-64
-75
-87
-92
-88
-80
-81
-70
-61
-55
-46
-50
-51
-61
-52
-47
-48
-51
-63
-61
-52
-50
-64
-53
-49
-31
-19
-16
2
10
25
34
31
32
29
20
16
21
28
27
30
22
11
28
18
10
5
2
10
-5
-12
-4
-3
-16
-15
-12
-16
-19
-34
-39
-45
-39
-48
-68
-79
-77
-76
-77
-74
-66
-48
-33
-35
-25
-13
0
10
15
19
15
17
14
18
18
36
50
54
68
76
85
87
94
105
119
117
121
139
131
123
122
122
115
97
86
77
63
53
54
46
41
19
7
8
5
6
5
-2
-6
-20
-39
-34
-32
-40
-49
-65
-69
-54
-43
-46
-51
-59
-52
-50
-53
-37
-30
-29
-36
-28
-20
-6
-7
-2
6
19
34
29
41
48
59
60
55
59
56
51
44
42
46
38
28
22
33
28
22
22
13
5
-22
-32
-45
-53
-73
-82
-77
-77
-77
-104
-109
-116
-117
-124
-134
-128
-111
-107
-87
-72
-68
-47
-54
-51
-48
-56
-52
-45
-41
-38
-2
5
10
9
24
28
4
4
7
1
-3
6
8
1
-11
-6
11
31
40
52
49
54
62
55
54
55
45
33
39
57
56
61
73
51
53
58
53
33
13
10
3
-1
-5
3
10
17
34
43
36
39
38
29
44
40
40
46
31
18
17
24
13
3
14
28
30
30
25
24
9
-1
2
1
-5
6
30
36
31
47
48
35
25
27
25
10
19
11
-21
-42
-58
-77
-84
-89
-105
-108
-104
-102
-103
-104
-108
-112
-115
-116
-104
-96
-108
-92
-70
-70
-59
-41
-39
-46
-35
-28
-2
-2
20
30
32
50
57
65
74
91
106
109
108
107
112
113
98
118
116
122
125
121
116
108
104
101
101
93
85
72
59
37
38
29
8
-12
-26
-29
-47
-59
-79
-82
-98
-120
-129
-136
-143
-153
-153
-157
-162
-163
-164
-160
-139
-124
-120
-102
-82
-63
-64
-51
-34
-43
-31
-27
-21
-9
-5
-2
10
27
38
47
46
34
41
62
78
83
67
70
85
91
98
106
118
116
111
109
95
82
65
49
50
51
42
41
34
21
13
7
5
-6
-14
-20
-10
0
-3
-6
-1
0
-8
-9
-25
-22
-30
-40
-32
-30
-31
-30
-37
-28
-18
-16
-23
-30
-30
-25
-19
-7
-5
-5
0
6
17
20
26
22
20
33
33
24
21
11
15
21
16
23
39
40
34
29
21
22
27
33
18
1
-24
-24
-26
-35
-25
-21
-32
-37
-50
-52
-62
-65
-57
-56
-61
-51
-31
-24
-10
0
11
28
32
23
13
2
11
5
2
7
1
3
16
24
26
37
38
26
30
26
29
36
51
53
46
44
35
19
14
-5
-40
-54
-48
-57
-50
-58
-67
-55
-56
-61
-68
-64
-68
-61
-57
-62
-46
-36
-41
-50
-47
-36
-33
-39
-37
-27
-24
-18
-5
1
0
11
19
13
11
20
28
34
28
42
50
62
65
63
82
82
92
104
106
112
126
137
139
145
145
135
122
108
85
53
43
40
20
8
3
-17
-30
-39
-44
-51
-76
-80
-88
-99
-99
-100
-91
-89
-97
-100
-116
-123
-125
-138
-132
-123
-105
-105
-89
-82
-96
-77
-68
-61
-65
-51
-53
-45
-26
-10
-2
-1
4
23
37
43
55
63
74
95
107
113
127
140
138
131
136
130
121
113
113
114
95
89
78
63
40
15
21
9
4
-6
-9
-13
-23
-22
-10
-18
-17
-6
-16
-25
-44
-37
-43
-38
-43
-45
-44
-51
-31
-26
-22
-25
-19
-12
-17
-22
-7
-11
-3
-12
-20
-11
-18
-10
-26
-23
-22
-16
-22
-17
-8
-14
-12
-9
-13
-18
-27
-31
-36
-33
-19
-21
-25
-27
-28
-25
-41
-39
-43
-50
-45
-41
-44
-39
-25
-26
-23
-20
-16
-1
-18
-19
-9
-5
-3
3
4
9
18
15
21
28
29
13
4
9
21
21
36
43
48
59
67
84
105
102
102
108
112
110
95
78
67
47
37
26
3
0
-14
-19
-20
-28
-38
-35
-28
-27
-35
-34
-37
-37
-21
-7
0
-1
-6
1
4
8
4
-12
-26
-36
-36
-39
-48
-36
-43
-43
-31
-37
-29
-33
-37
-32
-20
-30
-27
-10
-7
-16
-10
3
4
-5
11
21
13
3
-3
12
-5
-8
-8
-20
-19
-6
-14
-14
-7
-14
-17
-34
-27
-15
-21
-29
-22
-5
5
11
30
32
19
29
42
55
62
64
63
56
65
70
65
74
70
67
60
50
48
35
27
17
12
23
10
4
27
19
25
37
26
19
16
11
15
6
-2
2
5
9
2
1
8
-16
-35
-37
-49
-55
-65
-61
-59
-53
-51
-61
-59
-71
-72
-62
-57
-61
-61
-54
-46
-44
-33
-27
-41
-45
-33
-23
-16
-10
-8
-6
-8
2
-5
-21
-13
-10
1
7
0
4
-1
-7
-3
3
16
18
15
16
16
22
35
21
27
23
26
32
16
14
15
24
20
15
21
21
9
18
14
8
0
4
-2
-4
4
3
-1
-1
-3
-12
-16
-18
-9
-5
16
27
26
32
29
35
29
19
21
10
6
15
15
14
23
30
18
23
34
43
41
42
46
47
50
32
33
37
29
10
1
16
15
-1
0
6
-8
-19
-24
-34
-59
-63
-69
-76
-80
-89
-87
-95
-93
-77
-77
-74
-58
-63
-57
-43
-26
-25
-41
-42
-28
-6
-9
-20
-10
-6
-12
5
21
26
21
31
50
40
51
56
59
65
61
61
70
90
92
85
77
76
84
100
100
84
82
77
83
65
41
25
11
-6
-11
-13
-32
-40
-50
-55
-50
-59
-72
-81
-89
-97
-85
-79
-83
-78
-82
-77
-76
-78
-73
-67
-69
-71
-63
-52
-54
-41
-33
-31
-19
-16
0
4
2
12
17
31
30
11
3
7
18
14
20
20
38
51
56
58
68
71
61
62
46
45
38
29
14
10
0
-19
-18
-27
-23
-25
-24
-12
-16
-16
-10
1
-8
-4
-13
-11
-1
-3
-9
-6
-5
-17
-9
-14
-14
-12
3
15
17
20
24
34
34
35
40
50
60
64
44
51
63
71
72
83
92
95
94
77
72
56
58
70
72
74
85
68
67
60
51
42
25
20
-2
-15
-21
-14
-25
-27
-51
-51
-50
-71
-76
-74
-74
-98
-96
-104
-116
-118
-124
-126
-120
-111
-115
-99
-99
-87
-80
-80
-70
-75
-61
-64
-71
-54
-47
-43
-26
-18
-20
-10
6
-1
10
8
11
19
26
26
27
44
50
47
51
49
38
33
19
8
3
4
4
12
4
10
5
9
16
14
17
11
19
22
11
9
1
-11
-10
-15
-11
-3
12
10
3
5
4
0
2
4
6
5
7
-9
-17
-14
-11
-9
1
20
28
28
37
48
53
61
73
78
71
73
80
81
81
77
74
73
86
73
50
42
30
22
18
23
31
34
42
39
38
37
31
17
5
7
-9
-18
-15
-25
-38
-59
-63
-69
-81
-90
-96
-90
-86
-96
-99
-89
-82
-79
-82
-68
-64
-63
-52
-43
-36
-33
-21
-5
-8
-11
-1
-7
-2
5
3
9
12
18
22
28
44
48
46
48
54
57
50
44
45
41
39
32
16
19
18
15
11
12
12
4
5
8
8
7
11
-7
-9
-12
-14
-14
-29
-31
-36
-29
-39
-55
-47
-44
-52
-71
-69
-69
-73
-69
-53
-59
-78
-66
-57
-50
-27
-8
4
13
18
16
23
37
36
23
37
42
35
29
28
22
17
30
21
20
28
26
17
27
35
45
40
30
15
-2
-4
-12
-20
-13
-12
-14
-9
-6
2
-10
-12
-16
-14
-6
-2
-6
-14
-4
7
6
19
22
12
24
23
29
44
51
56
69
65
72
74
71
77
87
90
88
92
87
80
81
72
58
59
59
59
49
41
44
39
30
29
15
-1
-6
-20
-33
-49
-52
-64
-61
-54
-71
-79
-92
-88
-100
-114
-111
-115
-105
-106
-109
-100
-104
-102
-101
-107
-100
-99
-100
-92
-76
-68
-53
-48
-44
-32
-28
-25
-19
-10
-7
7
18
23
22
18
22
30
37
41
47
53
33
31
47
38
39
37
34
27
27
20
11
8
5
9
4
10
16
15
10
19
17
16
11
5
8
16
22
22
27
35
38
30
28
24
14
10
10
21
25
22
27
29
32
46
56
55
56
62
70
81
64
46
64
68
62
54
40
24
19
14
16
6
5
5
-2
-2
-7
8
-1
-7
-8
-20
-31
-25
-18
-27
-32
-19
-11
-21
-29
-43
-46
-51
-56
-56
-50
-46
-52
-47
-37
-42
-43
-30
-28
-42
-37
-31
-29
-35
-28
-37
-40
-43
-35
-24
-19
-10
-7
-5
-7
0
-10
-12
-10
-10
-15
-24
-27
-31
-29
-28
-33
-29
-26
-21
-6
-8
-21
-27
-17
-16
-15
-5
-4
-1
3
-4
-12
6
15
10
10
7
13
11
22
14
23
35
36
29
28
27
27
36
33
35
39
39
38
39
32
33
34
36
35
32
29
34
23
22
24
17
11
16
18
11
14
15
13
7
12
4
-7
-14
-9
-13
-23
-28
-20
-27
-35
-37
-46
-41
-50
-38
-35
-40
-36
-21
-10
-7
-6
0
1
9
12
11
25
38
36
30
26
36
46
42
50
54
49
68
77
70
78
85
70
57
62
51
43
40
41
21
12
15
14
18
21
27
27
23
22
20
7
3
2
-9
-8
-15
-29
-29
-26
-36
-37
-43
-40
-41
-67
-71
-81
-87
-81
-77
-75
-68
-65
-86
-83
-75
-92
-100
-109
-102
-100
-92
-78
-68
-60
-53
-42
-37
-30
-26
-16
-14
-13
-16
-28
-10
-1
-12
-12
-10
3
-7
-8
2
14
18
13
22
30
31
21
19
32
33
35
33
38
38
31
27
29
29
32
18
12
31
30
39
43
48
42
43
45
44
40
23
15
30
38
42
42
42
66
60
60
69
74
73
73
87
84
96
87
68
63
60
65
55
46
51
44
29
24
26
16
6
-7
-17
-17
-10
-10
-23
-21
-23
-35
-44
-47
-57
-60
-73
-61
-46
-58
-63
-73
-73
-78
-85
-87
-87
-83
-74
-77
-60
-64
-67
-58
-58
-63
-67
-53
-55
-45
-42
-39
-34
-20
-19
-23
-18
-14
-22
-19
-14
-26
-26
-28
-17
-4
2
13
27
29
30
23
16
21
25
12
9
19
29
38
20
28
35
34
42
34
41
43
34
29
30
38
30
22
29
41
46
41
30
23
28
44
41
48
50
46
46
41
36
33
30
33
34
24
31
14
15
20
25
18
18
30
29
24
27
20
11
12
-5
-11
-19
-31
-28
-40
-52
-57
-57
-50
-66
-77
-78
-82
-85
-85
-77
-71
-73
-88
-80
-63
-63
-59
-63
-45
-39
-30
-21
-15
-11
-10
-1
-8
-13
-6
-1
1
11
18
22
25
40
49
51
45
43
47
43
44
43
54
56
43
43
47
54
54
55
48
50
53
42
44
54
45
48
48
45
52
42
36
31
25
36
27
36
45
32
21
14
11
3
-2
-8
-20
-16
-21
-43
-53
-51
-52
-58
-48
-50
-42
-45
-41
-46
-49
-30
-26
-28
-38
-39
-32
-39
-49
-64
-70
-71
-64
-61
-57
-38
-18
-15
-11
6
8
-8
-9
-8
-12
-19
-25
-17
-22
-26
-33
-21
-19
-19
-15
-8
12
17
16
13
0
-1
-9
2
11
2
7
5
7
15
2
-3
-2
2
-3
8
12
12
26
30
25
29
35
31
40
33
34
42
45
38
34
38
28
32
31
32
33
38
48
41
46
57
56
61
56
49
35
32
26
22
18
4
-8
-15
-24
-7
-2
-8
2
-11
-6
-7
-7
-5
-9
5
13
6
12
8
-16
-22
-13
-15
-18
-33
-33
-41
-36
-21
-23
-22
-20
-2
-1
-3
16
23
19
12
4
6
4
-5
-16
-21
-18
-25
-31
-33
-40
-21
-31
-39
-44
-47
-37
-45
-36
-37
-28
-30
-33
-27
-21
-21
-23
-28
-33
-9
-5
-12
-9
-10
-12
-14
-25
-26
-30
-27
-19
-28
-15
-19
-17
-8
2
12
1
1
7
12
20
21
29
39
34
21
15
20
21
30
30
25
25
31
32
34
35
36
36
39
48
46
48
56
63
59
60
59
57
55
47
44
52
61
61
63
64
58
61
52
40
34
45
38
30
17
1
-5
-17
-23
-27
-32
-42
-51
-54
-64
-65
-71
-68
-60
-75
-85
-81
-86
-94
-101
-104
-105
-110
-114
-110
-100
-100
-101
-98
-95
-91
-82
-67
-52
-49
-39
-22
-12
-8
-7
-11
2
3
8
22
20
34
40
40
41
47
48
44
44
31
32
35
38
27
19
16
10
16
14
18
18
24
26
30
41
53
57
66
76
84
84
86
100
100
101
96
92
94
101
91
74
65
48
47
43
34
32
19
12
12
9
12
12
7
8
6
15
17
7
13
17
23
27
34
31
39
35
31
33
23
22
7
-8
-19
-38
-59
-64
-75
-86
-96
-108
-114
-126
-131
-147
-136
-128
-127
-112
-113
-111
-99
-106
-103
-88
-88
-84
-80
-70
-55
-55
-44
-33
-32
-15
-8
-16
-3
-2
10
8
12
22
19
11
10
31
20
26
30
35
35
35
36
39
38
40
48
45
47
51
38
36
32
34
31
30
30
18
17
12
9
14
15
10
22
19
26
33
38
38
32
36
27
28
28
21
20
13
0
3
2
-11
-8
-4
-6
-3
5
4
4
15
17
7
2
10
17
16
16
15
21
15
7
12
14
13
8
8
7
4
3
-13
-7
-4
-7
-6
-15
-12
-8
-7
-9
-10
-11
-13
-17
-22
-11
-2
-8
0
4
4
-1
6
6
1
11
8
13
20
25
16
7
21
17
14
18
18
12
7
2
5
13
9
4
0
9
8
10
16
18
16
17
18
10
-1
-1
-5
-6
-5
-11
-9
-13
-18
-21
-28
-36
-37
-45
-52
-50
-50
-51
-49
-43
-47
-55
-51
-52
-49
-36
-40
-40
-34
-31
-23
-20
-19
-18
-9
-8
-14
-11
-15
-15
-16
-21
-14
-5
-15
-13
-7
-4
-4
-2
-4
1
9
14
22
19
10
9
9
6
3
1
-3
0
1
5
2
-6
-11
-16
-23
-22
-26
-25
-21
-12
0
0
4
4
13
19
23
31
31
31
29
34
43
41
41
44
49
57
62
53
59
59
67
69
77
75
71
72
66
69
65
61
55
50
50
52
45
42
45
52
52
49
45
42
34
25
22
12
13
8
-1
-11
-17
-14
-25
-29
-33
-34
-39
-46
-52
-53
-54
-51
-53
-61
-62
-68
-67
-66
-65
-66
-69
-64
-61
-56
-63
-71
-75
-73
-74
-71
-67
-64
-64
-53
-49
-50
-44
-34
-28
-27
-26
-19
-15
-10
-8
-11
-9
-10
-17
-17
-6
-14
-10
-6
-5
3
9
8
5
5
5
4
11
7
7
14
15
10
13
19
16
16
12
23
36
41
34
35
39
42
42
38
39
29
36
30
31
34
31
30
28
35
32
28
29
26
26
19
18
25
20
26
28
22
30
24
13
17
15
14
23
16
17
15
4
4
4
0
-3
2
3
9
7
2
7
4
3
1
12
10
8
8
8
7
3
3
2
8
8
13
22
21
21
16
8
7
8
5
1
-2
-2
-4
0
-3
-5
-7
-7
-13
-17
-13
-9
-4
-6
-9
-16
-23
-27
-29
-31
-35
-39
-54
-58
-58
-54
-52
-50
-49
-54
-57
-61
-54
-53
-57
-58
-56
-53
-47
-37
-36
-38
-34
-38
-29
-30
-25
-20
-25
-21
-17
-10
-6
2
2
2
1
3
9
16
23
16
20
21
19
22
26
37
41
45
50
41
40
48
41
45
40
38
39
32
35
31
24
16
15
16
9
12
10
11
10
10
13
10
6
5
-1
-8
-6
-13
-2
-2
4
7
13
9
0
7
9
9
12
19
18
19
15
22
25
21
20
29
29
20
25
17
11
12
16
18
24
27
28
24
19
19
16
23
19
19
20
17
20
19
16
11
5
5
3
-2
-8
-15
-16
-18
-16
-23
-25
-25
-24
-30
-30
-31
-28
-26
-30
-34
-36
-30
-32
-34
-37
-37
-37
-31
-34
-25
-24
-28
-25
-24
-21
-22
-21
-14
-15
-15
-8
-9
-8
-11
-13
-8
-1
0
0
5
4
3
4
0
-4
-9
-21
-22
-20
-28
-28
-28
-26
-30
-26
-33
-44
-45
-43
-38
-38
-42
-37
-39
-37
-29
-22
-17
-8
-1
-6
-4
6
10
13
21
19
17
20
21
30
33
29
35
32
40
41
38
48
57
60
58
65
70
70
71
70
67
65
63
74
67
62
61
60
52
50
53
47
40
41
36
28
24
15
14
12
10
-5
-6
-14
-14
-19
-27
-24
-22
-19
-26
-32
-35
-28
-30
-30
-25
-25
-29
-29
-27
-25
-24
-30
-30
-29
-26
-23
-14
-10
-10
-8
-11
-3
2
0
-2
-4
-3
1
6
3
11
5
0
-5
-9
-13
-15
-10
-12
-11
-13
-19
-23
-28
-32
-29
-36
-39
-42
-43
-43
-36
-37
-35
-32
-37
-36
-37
-33
-32
-36
-31
-22
-17
-11
-14
-14
-8
-1
2
-2
0
-4
0
-2
-5
-6
-9
-8
-2
0
-10
-14
-18
-15
-19
-11
-9
-7
-5
-5
-8
-3
6
6
8
13
14
16
19
21
27
28
33
40
47
43
49
56
54
63
74
72
79
95
101
93
84
80
69
65
66
50
40
25
13
2
-13
-15
-21
-7
-6
0
15
31
53
65
77
76
73
63
56
41
21
-8
-38
-65
-100
-128
-142
-164
-191
-195
-191
-185
-179
-160
-138
-116
-79
-50
-34
-16
13
36
42
57
73
76
77
84
82
86
90
99
103
110
114
111
101
101
102
90
78
74
68
55
43
24
1
-9
-16
-36
-58
-71
-69
-69
-72
-78
-87
-98
-102
-98
-92
-99
-97
-88
-83
-73
-60
-57
-47
-40
-29
-28
-24
-18
-9
3
6
2
-3
-5
-9
-17
-18
-21
-24
-22
-13
-17
-12
-12
-20
-16
-21
-37
-48
-45
-43
-45
-48
-46
-40
-50
-43
-35
-32
-20
-15
-9
6
24
30
43
62
81
92
102
122
126
124
129
127
115
113
122
121
112
107
100
96
96
95
88
80
69
51
41
32
8
-8
-11
-13
-34
-51
-62
-71
-76
-76
-73
-67
-67
-64
-54
-43
-34
-28
-25
-13
-4
-6
-8
5
12
15
19
22
27
38
44
51
57
52
62
57
49
49
47
32
17
2
-16
-28
-28
-26
-32
-34
-38
-38
-41
-56
-60
-71
-70
-77
-93
-96
-98
-108
-106
-110
-110
-93
-90
-78
-66
-48
-35
-20
-9
6
12
25
32
37
58
53
47
46
40
32
21
16
13
8
12
19
13
19
19
12
24
25
37
18
16
15
-10
-8
-2
-10
-24
-10
-2
2
19
37
38
51
98
98
126
170
193
202
234
262
241
242
244
192
141
114
41
-58
-136
-204
-294
-388
-435
-495
-571
-588
-559
-559
-558
-490
-436
-381
-299
-185
-100
-55
36
108
135
181
253
272
281
353
378
381
413
453
454
441
461
469
447
435
454
418
359
321
270
188
111
52
-32
-120
-150
-205
-286
-340
-348
-364
-400
-386
-381
-395
-381
-352
-360
-357
-319
-307
-267
-213
-172
-142
-100
-38
10
54
118
162
206
276
308
325
341
343
336
314
304
278
239
210
183
141
113
79
60
23
11
-6
-46
-74
-118
-141
-161
-158
-158
-151
-131
-96
-42
8
86
172
227
316
405
410
429
432
374
315
253
104
-101
-247
-385
-565
-719
-844
-960
-1076
-1085
-1062
-1049
-1001
-892
-762
-661
-504
-339
-219
-118
20
139
176
265
365
425
445
521
585
611
698
812
884
943
1004
1010
1036
1072
1066
998
920
871
753
614
479
349
253
141
52
-44
-135
-225
-274
-336
-424
-457
-509
-562
-585
-615
-643
-663
-689
-709
-718
-708
-689
-679
-615
-558
-495
-401
-321
-254
-182
-113
-61
-27
29
97
144
168
194
212
228
207
187
173
155
149
161
167
156
140
154
169
161
148
149
183
247
333
424
495
572
695
758
743
722
650
545
443
340
84
-242
-455
-673
-934
-1103
-1276
-1493
-1601
-1533
-1481
-1473
-1365
-1174
-1016
-821
-591
-357
-214
-41
165
291
408
514
617
668
711
814
833
839
916
994
1009
1036
1092
1122
1145
1178
1155
1067
1010
945
853
731
543
392
300
218
134
30
-64
-164
-180
-223
-305
-353
-402
-441
-484
-502
-580
-651
-661
-689
-674
-670
-665
-635
-531
-439
-344
-231
-140
-14
105
222
318
437
557
643
699
737
743
743
748
599
456
281
74
-108
-282
-586
-964
-1215
-1444
-1716
-1913
-2094
-2294
-2374
-2274
-2164
-2105
-1978
-1739
-1462
-1155
-827
-528
-271
-5
342
646
862
1063
1299
1509
1650
1801
1859
1878
1943
2010
2018
1974
1924
1841
1797
1728
1587
1417
1245
1107
957
750
476
206
14
-170
-375
-570
-763
-900
-957
-1030
-1069
-1052
-1022
-944
-807
-638
-527
-338
-120
105
288
447
655
773
820
842
742
592
490
337
32
-273
-509
-784
-1032
-1207
-1370
-1528
-1609
-1598
-1564
-1528
-1464
-1364
-1252
-1081
-885
-716
-614
-559
-420
-290
-196
-116
-4
107
216
380
512
640
844
1048
1253
1393
1516
1655
1776
1853
1850
1787
1666
1612
1514
1362
1172
991
787
592
447
273
107
4
7
0
-9
-46
-92
-65
-43
19
-74
-229
-366
-589
-790
-1000
-1307
-1697
-1958
-2169
-2424
-2626
-2741
-2807
-2814
-2697
-2498
-2280
-2031
-1672
-1275
-883
-506
-122
260
563
848
1134
1321
1465
1615
1769
1872
1945
2011
2031
2052
2085
2090
2026
1917
1832
1780
1673
1498
1267
1076
845
589
343
97
-124
-291
-434
-515
-577
-621
-605
-514
-393
-299
-155
-13
104
261
429
491
445
424
318
119
-58
-209
-514
-916
-1190
-1492
-1813
-2064
-2227
-2402
-2495
-2441
-2367
-2250
-2055
-1827
-1607
-1350
-1046
-689
-417
-202
39
277
502
646
831
1016
1128
1283
1417
1490
1561
1648
1744
1780
1830
1855
1851
1841
1809
1725
1589
1440
1290
1153
1005
857
666
573
465
390
384
385
378
400
340
333
350
291
216
72
-170
-402
-645
-911
-1230
-1615
-1928
-2199
-2419
-2594
-2709
-2785
-2809
-2728
-2542
-2308
-2091
-1860
-1586
-1265
-984
-675
-390
-159
99
342
568
745
967
1177
1339
1485
1627
1746
1856
1968
2006
2012
1989
1972
1898
1772
1640
1461
1231
1011
815
655
453
235
122
47
-6
-64
-83
-32
73
198
273
370
477
541
572
531
413
252
68
-138
-399
-758
-1166
-1520
-1816
-2100
-2336
-2495
-2619
-2684
-2603
-2435
-2273
-2079
-1855
-1586
-1283
-1013
-770
-529
-302
-100
117
298
432
592
764
923
1056
1204
1338
1498
1611
1708
1778
1808
1833
1845
1767
1584
1435
1280
1081
891
724
508
305
222
211
159
228
352
461
631
855
994
1107
1273
1330
1242
1107
877
539
242
-110
-576
-1080
-1562
-1963
-2328
-2613
-2831
-3016
-3091
-3064
-2890
-2697
-2500
-2218
-1888
-1523
-1200
-868
-574
-293
-12
253
459
659
872
1065
1304
1506
1683
1849
2010
2148
2263
2288
2253
2216
2167
2004
1760
1574
1286
973
719
429
92
-134
-265
-384
-450
-407
-349
-226
-8
155
312
453
604
645
601
486
244
-51
-316
-622
-1025
-1449
-1823
-2137
-2389
-2557
-2701
-2779
-2741
-2588
-2322
-2082
-1846
-1605
-1317
-977
-692
-434
-189
-6
215
394
555
643
750
919
1081
1244
1390
1537
1625
1758
1842
1878
1898
1901
1846
1736
1603
1350
1091
912
724
463
264
149
29
46
130
231
326
532
769
911
1079
1206
1256
1169
1043
803
460
89
-290
-739
-1273
-1721
-2149
-2472
-2730
-2947
-3078
-3144
-3061
-2886
-2626
-2340
-2044
-1717
-1365
-1020
-706
-437
-231
-44
154
304
417
525
684
855
1039
1228
1409
1605
1806
2015
2159
2262
2353
2364
2318
2215
1993
1736
1491
1200
906
614
367
144
-10
-49
-33
20
177
342
536
726
869
940
902
812
585
318
9
-374
-814
-1306
-1744
-2174
-2511
-2725
-2895
-3045
-3028
-2880
-2666
-2395
-2076
-1718
-1399
-1032
-661
-355
-99
100
278
410
536
603
621
720
796
901
1004
1130
1247
1368
1499
1559
1618
1643
1619
1537
1418
1188
931
701
432
202
-13
-190
-313
-342
-275
-162
-14
174
391
617
852
1077
1200
1183
1095
905
604
326
-17
-499
-967
-1376
-1760
-2124
-2348
-2527
-2646
-2651
-2479
-2258
-2052
-1716
-1375
-995
-615
-294
7
265
476
636
778
852
902
956
1053
1077
1124
1164
1156
1225
1279
1333
1342
1348
1321
1275
1193
993
777
605
389
217
57
-117
-225
-203
-132
-76
102
297
478
727
944
1126
1282
1262
1142
955
655
297
-110
-583
-1117
-1636
-2094
-2534
-2858
-3071
-3262
-3329
-3172
-2949
-2674
-2283
-1847
-1416
-977
-477
-64
303
647
921
1161
1330
1445
1524
1620
1671
1760
1843
1893
1938
2014
2056
2064
1997
1861
1740
1571
1370
1095
812
526
222
-29
-246
-481
-618
-615
-611
-513
-365
-219
-21
224
470
571
643
592
444
250
-48
-390
-853
-1332
-1807
-2202
-2588
-2888
-3075
-3228
-3257
-3101
-2826
-2558
-2158
-1689
-1261
-785
-316
134
538
902
1166
1380
1563
1635
1717
1796
1848
1843
1891
1903
1895
1935
1942
1907
1851
1802
1705
1549
1344
1129
884
649
392
132
-103
-243
-318
-331
-318
-215
-68
86
288
479
672
759
759
688
497
255
-27
-398
-858
-1336
-1775
-2232
-2642
-2949
-3164
-3339
-3359
-3283
-3079
-2829
-2517
-2145
-1715
-1230
-779
-334
67
420
759
1039
1287
1477
1612
1728
1852
1918
1951
2004
2008
2029
2066
2066
2002
1967
1913
1827
1696
1508
1320
1101
896
720
529
358
240
210
201
208
234
288
359
432
534
487
393
240
27
-233
-548
-937
-1362
-1728
-2090
-2404
-2701
-2916
-3056
-3133
-3097
-3009
-2796
-2559
-2198
-1816
-1436
-1020
-636
-235
110
451
747
992
1188
1419
1573
1639
1719
1772
1867
1910
1924
1905
1891
1847
1799
1731
1589
1431
1259
1128
948
768
621
463
372
302
316
302
375
432
486
563
565
550
450
341
89
-202
-535
-853
-1198
-1604
-1996
-2372
-2673
-2917
-3076
-3191
-3217
-3165
-3023
-2779
-2501
-2152
-1800
-1359
-913
-470
-24
351
689
1005
1313
1580
1761
1927
2110
2249
2319
2402
2455
2490
2502
2467
2336
2146
1981
1778
1555
1261
965
700
500
282
116
11
-109
-93
22
121
189
315
406
437
522
436
235
-45
-345
-705
-1070
-1449
-1903
-2295
-2640
-2896
-3134
-3240
-3235
-3204
-3058
-2832
-2555
-2247
-1894
-1502
-1101
-679
-303
122
509
827
1114
1370
1608
1797
2011
2157
2282
2380
2468
2511
2540
2491
2399
2300
2118
1908
1663
1423
1152
889
613
357
172
34
-64
-71
-31
77
271
446
617
768
881
915
860
715
436
46
-431
-928
-1476
-2036
-2567
-3025
-3392
-3673
-3843
-3921
-3901
-3744
-3477
-3148
-2749
-2331
-1922
-1485
-1030
-606
-216
168
470
798
1093
1335
1625
1885
2140
2346
2557
2727
2865
2968
3019
3002
2879
2704
2451
2191
1875
1492
1123
757
442
190
1
-117
-157
-124
37
275
494
688
889
1077
1175
1137
994
683
261
-182
-709
-1314
-1919
-2498
-2992
-3402
-3722
-3906
-3973
-3916
-3718
-3436
-3097
-2711
-2216
-1732
-1258
-821
-422
-29
338
682
938
1182
1405
1622
1894
2081
2278
2455
2630
2789
2892
2915
2832
2726
2531
2292
1932
1565
1154
737
394
51
-279
-486
-537
-550
-434
-237
-33
239
587
883
1105
1296
1321
1189
976
632
137
-378
-976
-1682
-2299
-2830
-3364
-3756
-4004
-4155
-4191
-4027
-3741
-3387
-2939
-2460
-1981
-1444
-939
-478
-40
303
629
961
1224
1483
1770
1988
2213
2444
2684
2853
2994
3164
3230
3209
3096
2902
2671
2391
2043
1649
1185
763
328
-29
-302
-544
-631
-591
-491
-330
-97
150
348
588
732
715
620
401
60
-321
-800
-1400
-2013
-2559
-3038
-3460
-3759
-3931
-4010
-3941
-3720
-3385
-2983
-2550
-2074
-1554
-1012
-529
-82
310
634
934
1231
1444
1654
1889
2131
2363
2576
2752
2909
3094
3181
3209
3162
3034
2859
2631
2321
1885
1450
1035
629
252
-73
-303
-517
-587
-531
-421
-304
-90
110
311
468
480
424
212
-105
-528
-985
-1556
-2170
-2713
-3185
-3673
-4018
-4210
-4309
-4209
-3984
-3669
-3288
-2788
-2244
-1691
-1130
-638
-158
296
703
1038
1334
1584
1808
2081
2314
2547
2762
3010
3201
3382
3566
3624
3673
3608
3444
3204
2898
2529
2089
1643
1191
777
367
51
-203
-348
-400
-429
-351
-216
-53
81
179
158
10
-209
-536
-921
-1361
-1875
-2504
-3027
-3485
-3919
-4236
-4418
-4484
-4460
-4230
-3919
-3507
-3034
-2499
-1923
-1375
-847
-370
69
442
749
1014
1260
1486
1693
1922
2154
2345
2567
2817
3028
3249
3392
3402
3403
3336
3170
2929
2654
2286
1871
1522
1175
870
604
389
283
279
322
390
512
607
714
808
750
614
321
-64
-539
-1035
-1629
-2266
-2855
-3402
-3887
-4287
-4551
-4706
-4681
-4506
-4202
-3792
-3335
-2755
-2190
-1585
-1045
-516
-59
348
684
957
1238
1452
1664
1873
2087
2280
2520
2721
2936
3146
3322
3396
3437
3438
3318
3136
2890
2548
2204
1850
1457
1064
727
456
295
237
233
260
357
480
553
637
609
487
239
-106
-558
-1064
-1667
-2388
-3037
-3626
-4147
-4568
-4845
-5021
-5042
-4842
-4507
-4076
-3545
-2912
-2240
-1540
-885
-294
281
766
1139
1445
1715
1899
2058
2178
2271
2394
2547
2628
2771
2938
3030
3065
3122
3125
3021
2883
2665
2404
2116
1814
1474
1198
899
650
523
431
398
447
555
621
762
814
767
604
369
54
-371
-836
-1484
-2143
-2786
-3397
-3948
-4400
-4733
-5018
-5069
-4949
-4675
-4297
-3766
-3155
-2521
-1807
-1160
-491
87
590
1007
1388
1701
1905
2129
2254
2370
2486
2584
2689
2792
2894
2939
2953
2943
2872
2760
2661
2464
2232
1991
1740
1498
1274
1056
879
765
720
726
708
770
800
894
902
792
621
311
-66
-519
-1016
-1674
-2321
-2925
-3529
-4084
-4551
-4881
-5162
-5185
-5080
-4854
-4491
-3958
-3318
-2694
-1986
-1332
-659
-12
559
1058
1486
1836
2110
2405
2613
2781
2924
3069
3190
3308
3388
3385
3401
3383
3287
3182
3027
2793
2579
2356
2097
1808
1601
1378
1181
1067
983
842
823
831
801
798
692
520
213
-68
-520
-1003
-1512
-2145
-2744
-3338
-3908
-4450
-4818
-5161
-5384
-5396
-5286
-5032
-4681
-4149
-3608
-2971
-2314
-1676
-982
-367
223
751
1292
1697
2073
2431
2684
2921
3105
3260
3345
3463
3461
3400
3356
3242
3146
2980
2835
2583
2373
2177
1920
1725
1538
1379
1256
1246
1173
1113
1114
1107
1073
1000
871
606
274
-148
-590
-1074
-1669
-2264
-2817
-3360
-3857
-4273
-4625
-4896
-5029
-5018
-4876
-4653
-4304
-3891
-3409
-2830
-2279
-1699
-1130
-555
-3
495
977
1396
1866
2221
2521
2826
3063
3260
3415
3558
3534
3516
3440
3268
3093
2910
2642
2367
2208
1986
1799
1649
1521
1401
1369
1391
1362
1394
1402
1365
1315
1196
931
591
196
-300
-816
-1393
-2029
-2682
-3234
-3744
-4232
-4576
-4843
-5002
-4966
-4843
-4616
-4298
-3870
-3420
-2893
-2341
-1806
-1236
-707
-209
225
632
1012
1385
1773
2085
2388
2685
2969
3198
3385
3501
3513
3541
3479
3366
3201
2963
2675
2435
2247
1993
1762
1603
1520
1408
1409
1400
1414
1455
1455
1448
1390
1247
955
616
164
-332
-905
-1534
-2200
-2846
-3418
-3980
-4429
-4777
-5067
-5181
-5157
-5017
-4761
-4408
-3956
-3430
-2884
-2336
-1740
-1168
-660
-189
280
674
1031
1400
1759
2045
2301
2583
2838
3058
3217
3323
3351
3310
3191
3075
2919
2692
2486
2250
2030
1828
1659
1490
1381
1345
1334
1329
1358
1395
1343
1356
1290
1101
838
436
-37
-529
-1045
-1709
-2349
-2895
-3465
-3961
-4344
-4632
-4843
-4842
-4737
-4558
-4266
-3899
-3457
-2985
-2423
-1877
-1308
-772
-297
195
612
1015
1362
1731
2025
2306
2567
2772
2980
3135
3269
3298
3314
3244
3122
2959
2754
2500
2258
2069
1876
1676
1497
1399
1359
1372
1387
1424
1469
1557
1572
1527
1422
1154
810
346
-165
-720
-1360
-2032
-2688
-3262
-3827
-4293
-4636
-4878
-4998
-4956
-4780
-4519
-4166
-3742
-3238
-2732
-2165
-1596
-1068
-501
-34
396
812
1182
1537
1862
2158
2416
2672
2889
3090
3214
3260
3268
3205
3109
2946
2732
2483
2259
1993
1742
1505
1335
1200
1091
1106
1134
1212
1265
1380
1440
1485
1458
1282
1032
646
161
-355
-917
-1607
-2286
-2888
-3498
-4014
-4439
-4748
-4973
-5028
-4935
-4747
-4406
-3976
-3498
-2987
-2397
-1822
-1257
-697
-225
242
697
1091
1424
1738
2020
2278
2539
2735
2949
3103
3192
3218
3194
3140
3002
2836
2593
2317
2035
1774
1493
1262
1065
894
823
810
862
915
1019
1089
1181
1251
1160
1021
742
390
-56
-559
-1121
-1802
-2429
-3047
-3612
-4122
-4500
-4753
-4905
-4863
-4696
-4403
-4030
-3522
-3005
-2415
-1773
-1172
-577
-14
506
943
1349
1717
2066
2354
2590
2820
3020
3232
3349
3426
3454
3440
3379
3267
3115
2852
2603
2323
2016
1700
1389
1101
881
699
547
514
547
567
656
759
802
812
725
548
259
-84
-536
-1046
-1628
-2250
-2860
-3449
-3991
-4444
-4780
-5010
-5088
-5033
-4822
-4512
-4101
-3558
-2988
-2335
-1664
-1018
-396
193
708
1121
1534
1896
2211
2520
2774
2936
3136
3304
3387
3473
3492
3478
3384
3273
3086
2856
2639
2326
2043
1784
1503
1256
1071
891
784
757
728
716
728
728
721
635
455
200
-135
-563
-1000
-1534
-2141
-2737
-3323
-3855
-4349
-4719
-4965
-5137
-5121
-4979
-4736
-4367
-3878
-3312
-2717
-2078
-1401
-731
-95
464
958
1432
1871
2230
2542
2815
3060
3259
3440
3585
3675
3690
3662
3616
3482
3348
3162
2924
2667
2430
2170
1904
1670
1460
1267
1137
1075
983
926
898
839
759
666
466
152
-195
-652
-1113
-1638
-2225
-2853
-3438
-3957
-4449
-4821
-5106
-5299
-5346
-5237
-5034
-4742
-4331
-3805
-3197
-2533
-1861
-1169
-478
143
719
1235
1697
2114
2539
2888
3173
3420
3619
3793
3898
3937
3931
3890
3782
3603
3438
3240
2969
2716
2468
2215
1951
1729
1528
1369
1310
1248
1158
1120
1056
971
857
662
363
-32
-487
-1033
-1563
-2185
-2825
-3444
-3999
-4541
-4972
-5290
-5559
-5628
-5558
-5382
-5077
-4651
-4152
-3589
-2945
-2307
-1633
-993
-339
258
842
1383
1865
2324
2695
3058
3339
3628
3818
3985
4086
4062
4022
3935
3756
3529
3325
3008
2682
2443
2135
1868
1661
1485
1326
1243
1244
1221
1203
1203
1139
1088
960
683
328
-87
-571
-1114
-1685
-2359
-3007
-3613
-4164
-4709
-5081
-5352
-5577
-5550
-5444
-5227
-4907
-4433
-3931
-3365
-2762
-2147
-1495
-880
-235
335
935
1416
1906
2368
2743
3099
3412
3695
3923
4140
4223
4201
4164
4051
3855
3642
3375
3037
2743
2463
2146
1910
1718
1556
1438
1444
1433
1431
1443
1420
1376
1254
1026
663
231
-300
-858
-1462
-2146
-2829
-3477
-4065
-4598
-5033
-5370
-5567
-5657
-5587
-5394
-5126
-4748
-4299
-3768
-3203
-2562
-1944
-1330
-750
-188
402
908
1400
1905
2397
2833
3230
3583
3906
4176
4356
4388
4364
4314
4151
3930
3670
3344
2992
2695
2393
2095
1875
1680
1526
1465
1476
1441
1402
1401
1344
1232
1024
700
257
-217
-785
-1391
-2035
-2754
-3414
-4033
-4591
-5030
-5425
-5660
-5721
-5672
-5504
-5236
-4861
-4400
-3856
-3260
-2700
-2115
-1534
-935
-386
154
686
1182
1683
2137
2576
2980
3378
3706
4002
4205
4318
4361
4322
4224
4050
3807
3513
3199
2887
2618
2333
2081
1865
1701
1620
1544
1530
1529
1480
1431
1376
1195
903
537
68
-490
-1090
-1712
-2421
-3125
-3753
-4369
-4906
-5261
-5523
-5681
-5659
-5529
-5282
-4938
-4532
-4065
-3477
-2904
-2330
-1730
-1171
-594
-66
445
929
1411
1867
2330
2782
3192
3575
3891
4171
4327
4439
4447
4353
4233
4056
3774
3456
3134
2832
2536
2275
2027
1787
1661
1589
1512
1479
1443
1373
1306
1193
933
583
133
-411
-1024
-1639
-2320
-3017
-3647
-4240
-4775
-5206
-5506
-5701
-5746
-5636
-5438
-5130
-4754
-4303
-3794
-3231
-2661
-2073
-1509
-969
-444
55
546
994
1497
1934
2377
2827
3224
3559
3881
4133
4246
4348
4346
4241
4137
3959
3687
3422
3152
2850
2595
2384
2157
2020
1950
1920
1883
1865
1827
1716
1593
1361
998
539
15
-618
-1247
-1918
-2688
-3392
-4055
-4649
-5140
-5493
-5728
-5855
-5794
-5616
-5344
-4959
-4519
-4031
-3476
-2898
-2354
-1796
-1272
-746
-261
229
709
1204
1693
2128
2604
3037
3432
3791
4141
4359
4475
4572
4535
4441
4292
4031
3710
3425
3121
2811
2551
2295
2118
1967
1901
1867
1814
1754
1643
1533
1357
1078
685
192
-374
-1008
-1644
-2358
-3086
-3805
-4460
-5035
-5481
-5767
-5936
-5969
-5851
-5611
-5283
-4880
-4390
-3873
-3298
-2693
-2097
-1509
-976
-495
-14
439
845
1270
1682
2087
2514
2914
3286
3605
3910
4097
4241
4298
4251
4175
4020
3797
3511
3269
2992
2739
2492
2298
2132
2007
1999
1967
1965
1912
1815
1717
1546
1270
847
377
-239
-867
-1503
-2266
-3000
-3696
-4317
-4883
-5293
-5593
-5782
-5792
-5626
-5370
-5024
-4575
-4090
-3524
-2929
-2366
-1779
-1224
-750
-263
182
605
1005
1392
1796
2171
2554
2907
3224
3547
3803
3957
4087
4114
4088
3998
3832
3592
3329
3074
2803
2537
2320
2122
1965
1880
1844
1801
1777
1740
1620
1503
1325
1015
607
108
-480
-1134
-1834
-2564
-3312
-3990
-4614
-5139
-5498
-5725
-5835
-5768
-5567
-5237
-4835
-4361
-3813
-3240
-2625
-2025
-1460
-931
-433
18
458
847
1218
1646
2011
2350
2691
3015
3339
3651
3855
3989
4103
4105
4074
3952
3792
3561
3293
3032
2757
2503
2245
2062
1898
1796
1733
1660
1616
1544
1425
1281
1043
718
268
-265
-884
-1497
-2161
-2885
-3577
-4215
-4771
-5250
-5554
-5752
-5820
-5724
-5517
-5170
-4734
-4209
-3668
-3064
-2432
-1821
-1244
-683
-135
319
726
1122
1515
1881
2226
2589
2883
3180
3446
3701
3862
3977
4040
3991
3949
3824
3633
3407
3173
2906
2656
2448
2225
2063
1956
1894
1840
1770
1689
1593
1495
1324
1080
718
256
-308
-940
-1575
-2273
-3008
-3690
-4289
-4836
-5255
-5539
-5718
-5759
-5623
-5369
-5050
-4650
-4118
-3537
-2940
-2327
-1740
-1173
-658
-168
280
694
1089
1499
1878
2258
2611
2942
3264
3537
3763
3910
4027
4097
4059
3997
3856
3634
3401
3168
2913
2648
2448
2246
2092
1959
1893
1825
1752
1690
1568
1423
1212
949
543
65
-543
-1198
-1842
-2553
-3297
-4013
-4619
-5173
-5606
-5885
-6015
-6008
-5856
-5565
-5191
-4719
-4172
-3562
-2953
-2298
-1671
-1073
-528
-23
476
891
1294
1704
2112
2482
2836
3168
3493
3765
4006
4153
4227
4263
4192
4080
3918
3696
3433
3182
2913
2641
2412
2224
2058
1917
1862
1791
1757
1696
1578
1455
1244
924
472
-49
-690
-1331
-1997
-2730
-3440
-4080
-4653
-5182
-5543
-5795
-5935
-5903
-5717
-5420
-5011
-4520
-3941
-3327
-2683
-2054
-1443
-835
-316
197
654
1088
1490
1896
2270
2619
2958
3266
3557
3822
4034
4112
4162
4120
4005
3855
3666
3411
3123
2883
2601
2342
2101
1898
1730
1673
1667
1611
1610
1579
1514
1384
1184
869
430
-98
-711
-1345
-1982
-2713
-3442
-4096
-4666
-5162
-5530
-5784
-5894
-5832
-5637
-5335
-4944
-4438
-3863
-3237
-2601
-1996
-1373
-801
-263
224
670
1099
1492
1910
2279
2644
2983
3295
3573
3818
4000
4049
4090
4009
3907
3772
3571
3332
3084
2841
2573
2355
2149
1968
1812
1745
1714
1667
1642
1580
1505
1382
1178
858
422
-117
-740
-1376
-2062
-2821
-3540
-4173
-4777
-5259
-5607
-5841
-5932
-5839
-5642
-5337
-4914
-4453
-3886
-3298
-2657
-2041
-1399
-823
-304
219
672
1107
1518
1957
2320
2709
3048
3376
3676
3921
4112
4183
4220
4159
4044
3887
3683
3429
3167
2907
2601
2364
2135
1959
1828
1779
1736
1669
1637
1553
1446
1301
1067
727
271
-266
-882
-1519
-2149
-2857
-3530
-4118
-4671
-5150
-5469
-5685
-5778
-5713
-5518
-5212
-4834
-4351
-3804
-3224
-2631
-2008
-1374
-792
-282
215
685
1126
1550
1976
2359
2732
3060
3366
3631
3864
4017
4045
4073
4007
3900
3748
3569
3318
3075
2823
2568
2340
2132
1941
1795
1759
1696
1657
1594
1510
1376
1216
935
536
104
-442
-1035
-1667
-2301
-3000
-3665
-4241
-4772
-5195
-5519
-5726
-5803
-5690
-5503
-5217
-4825
-4374
-3840
-3287
-2676
-2079
-1459
-887
-353
203
700
1183
1651
2128
2505
2902
3251
3552
3858
4082
4210
4219
4217
4143
4051
3902
3690
3464
3207
2945
2654
2427
2210
2040
1899
1801
1732
1667
1602
1481
1308
1140
905
513
76
-453
-1069
-1670
-2293
-2953
-3608
-4178
-4703
-5181
-5496
-5719
-5825
-5763
-5590
-5303
-4919
-4460
-3943
-3378
-2769
-2176
-1549
-960
-435
106
605
1078
1551
2001
2394
2796
3141
3445
3714
3964
4110
4171
4206
4135
4051
3908
3754
3532
3308
3074
2786
2571
2370
2204
2040
1913
1813
1701
1620
1489
1309
1120
879
528
105
-414
-1004
-1596
-2183
-2819
-3495
-4068
-4591
-5051
-5388
-5587
-5692
-5678
-5493
-5197
-4858
-4441
-3951
-3429
-2866
-2276
-1651
-1066
-481
93
603
1060
1528
1973
2367
2742
3083
3364
3610
3819
3940
3985
3986
3916
3776
3648
3503
3296
3083
2883
2662
2461
2292
2111
1938
1814
1699
1584
1477
1348
1192
978
754
421
0
-470
-1007
-1536
-2085
-2668
-3279
-3847
-4350
-4789
-5143
-5367
-5524
-5545
-5417
-5180
-4868
-4487
-4011
-3455
-2869
-2258
-1620
-1012
-422
131
666
1176
1618
2078
2487
2838
3170
3440
3664
3828
3937
3968
3967
3890
3770
3654
3492
3289
3055
2849
2645
2431
2269
2091
1906
1773
1666
1544
1420
1289
1119
904
691
392
15
-432
-951
-1510
-2023
-2578
-3188
-3729
-4224
-4673
-5031
-5273
-5444
-5506
-5403
-5231
-4944
-4583
-4163
-3663
-3091
-2486
-1864
-1244
-664
-53
523
1048
1551
2055
2509
2889
3268
3563
3775
3956
4083
4139
4119
4075
3950
3796
3634
3447
3205
2979
2776
2541
2384
2192
2013
1834
1700
1571
1436
1315
1141
915
668
374
-21
-444
-954
-1498
-2017
-2533
-3102
-3688
-4166
-4591
-4962
-5221
-5403
-5508
-5474
-5337
-5102
-4771
-4407
-3914
-3361
-2783
-2168
-1551
-915
-319
283
847
1346
1858
2354
2784
3167
3514
3768
4010
4182
4266
4250
4207
4099
3932
3776
3563
3323
3071
2865
2629
2412
2246
2024
1820
1681
1536
1382
1246
1074
862
607
328
-9
-440
-904
-1435
-1962
-2468
-3022
-3611
-4129
-4573
-4969
-5275
-5467
-5558
-5575
-5439
-5206
-4869
-4474
-4007
-3480
-2920
-2284
-1673
-1034
-445
170
765
1323
1856
2355
2835
3230
3621
3908
4178
4369
4497
4527
4474
4366
4181
4024
3819
3585
3304
3039
2769
2480
2257
2032
1818
1626
1496
1339
1209
1053
829
620
376
82
-307
-735
-1239
-1759
-2257
-2780
-3358
-3892
-4358
-4776
-5124
-5395
-5553
-5604
-5512
-5346
-5048
-4676
-4253
-3716
-3156
-2557
-1956
-1300
-687
-102
503
1039
1606
2112
2581
3026
3434
3773
4029
4232
4355
4394
4360
4311
4175
4006
3820
3587
3293
3026
2759
2449
2204
1970
1719
1498
1361
1225
1098
945
787
623
463
225
-119
-469
-929
-1412
-1880
-2382
-2946
-3491
-3980
-4427
-4813
-5132
-5352
-5507
-5504
-5355
-5099
-4734
-4303
-3775
-3194
-2595
-1967
-1308
-653
-43
525
1075
1598
2104
2589
2977
3342
3662
3884
4084
4212
4281
4280
4258
4133
3949
3767
3540
3261
2981
2733
2409
2129
1833
1548
1289
1097
937
776
673
523
374
213
32
-224
-537
-898
-1337
-1799
-2262
-2776
-3345
-3864
-4350
-4773
-5133
-5402
-5568
-5603
-5496
-5272
-4921
-4505
-3988
-3394
-2774
-2110
-1417
-726
-88
527
1122
1679
2220
2683
3100
3477
3808
4055
4257
4418
4507
4512
4471
4382
4190
3979
3757
3485
3198
2918
2600
2267
1982
1701
1420
1196
1006
836
714
586
427
265
121
-89
-381
-716
-1114
-1589
-2016
-2479
-3034
-3564
-4079
-4539
-4953
-5241
-5452
-5581
-5538
-5368
-5048
-4658
-4166
-3591
-2964
-2297
-1592
-904
-247
390
990
1572
2086
2557
2978
3341
3647
3882
4048
4198
4286
4303
4261
4184
4041
3860
3655
3410
3111
2835
2536
2202
1920
1638
1359
1109
915
733
593
495
360
219
87
-67
-317
-605
-958
-1387
-1832
-2313
-2828
-3384
-3898
-4363
-4813
-5174
-5443
-5637
-5677
-5590
-5332
-4964
-4517
-3983
-3373
-2700
-1992
-1246
-505
183
800
1409
1980
2472
2933
3326
3660
3932
4115
4270
4373
4420
4396
4330
4188
4015
3819
3598
3337
3042
2740
2399
2079
1774
1483
1209
980
796
621
512
361
204
60
-80
-272
-554
-867
-1269
-1715
-2179
-2699
-3263
-3797
-4289
-4749
-5138
-5415
-5603
-5674
-5574
-5339
-4963
-4483
-3908
-3267
-2585
-1847
-1100
-372
319
960
1555
2087
2570
3011
3395
3699
3981
4196
4358
4457
4491
4485
4417
4284
4072
3873
3626
3330
3005
2667
2323
1972
1650
1331
1037
798
616
470
353
276
160
56
-44
-203
-431
-734
-1110
-1553
-1987
-2483
-3062
-3635
-4166
-4659
-5062
-5378
-5601
-5719
-5669
-5481
-5136
-4678
-4138
-3506
-2817
-2103
-1380
-641
46
700
1302
1857
2364
2816
3225
3541
3840
4072
4213
4331
4391
4375
4305
4229
4065
3874
3660
3389
3066
2740
2383
2014
1707
1377
1069
810
592
418
320
241
125
49
-25
-178
-395
-668
-1030
-1457
-1900
-2355
-2911
-3473
-4001
-4491
-4931
-5255
-5499
-5626
-5613
-5452
-5115
-4691
-4157
-3578
-2892
-2188
-1450
-684
-24
623
1204
1758
2218
2660
3050
3367
3656
3868
4039
4169
4244
4255
4227
4151
4020
3837
3611
3364
3032
2701
2329
1960
1633
1315
1020
763
613
472
388
339
280
200
147
39
-172
-414
-746
-1155
-1605
-2057
-2604
-3180
-3717
-4247
-4706
-5074
-5349
-5501
-5505
-5364
-5071
-4653
-4128
-3518
-2850
-2087
-1326
-587
113
773
1369
1922
2398
2803
3172
3479
3733
3927
4103
4203
4250
4252
4199
4122
3965
3791
3598
3341
3030
2694
2348
1955
1611
1298
979
730
544
374
252
177
102
23
-48
-122
-298
-523
-824
-1226
-1675
-2139
-2691
-3275
-3822
-4354
-4819
-5191
-5449
-5635
-5644
-5507
-5247
-4853
-4349
-3750
-3100
-2378
-1655
-907
-185
485
1089
1643
2137
2580
2973
3308
3597
3828
3987
4117
4211
4243
4214
4160
4005
3813
3613
3344
3052
2720
2381
1999
1662
1341
1014
740
513
352
199
146
63
-7
-51
-140
-310
-578
-883
-1287
-1702
-2147
-2663
-3232
-3778
-4289
-4770
-5127
-5397
-5566
-5579
-5451
-5173
-4775
-4269
-3659
-2982
-2244
-1492
-731
1
696
1309
1880
2390
2845
3272
3616
3920
4179
4362
4499
4584
4625
4573
4497
4351
4111
3891
3620
3318
2986
2637
2242
1856
1528
1202
907
672
466
309
198
105
-4
-89
-190
-400
-637
-955
-1367
-1823
-2283
-2785
-3327
-3867
-4382
-4829
-5187
-5451
-5644
-5727
-5630
-5400
-5054
-4578
-3995
-3331
-2619
-1857
-1089
-350
367
1021
1592
2122
2626
3050
3420
3751
4029
4216
4358
4465
4495
4449
4340
4179
3936
3696
3420
3123
2798
2464
2116
1764
1465
1157
890
669
495
378
260
197
109
-8
-130
-306
-544
-838
-1198
-1646
-2101
-2641
-3180
-3720
-4217
-4662
-5036
-5313
-5503
-5573
-5524
-5314
-4979
-4538
-3977
-3344
-2616
-1870
-1114
-362
330
976
1550
2077
2554
2987
3339
3640
3921
4088
4211
4306
4338
4276
4156
3997
3778
3562
3301
3012
2684
2355
2030
1697
1426
1140
893
686
529
408
316
259
183
107
11
-136
-351
-661
-1048
-1499
-1950
-2449
-2982
-3504
-4010
-4470
-4868
-5140
-5317
-5376
-5300
-5095
-4740
-4283
-3703
-3076
-2383
-1646
-925
-201
499
1129
1688
2213
2680
3117
3496
3795
4051
4229
4363
4419
4412
4317
4180
3998
3756
3503
3216
2894
2567
2258
1915
1563
1265
983
724
510
374
282
196
152
86
-19
-112
-292
-549
-874
-1270
-1722
-2185
-2697
-3239
-3772
-4247
-4683
-5061
-5303
-5497
-5554
-5468
-5244
-4915
-4470
-3901
-3270
-2550
-1838
-1107
-363
349
979
1557
2100
2579
3045
3428
3753
3994
4177
4313
4376
4387
4284
4128
3942
3712
3471
3201
2901
2566
2245
1906
1582
1287
1022
787
607
477
360
289
232
129
42
-74
-275
-528
-855
-1239
-1669
-2109
-2606
-3134
-3640
-4115
-4567
-4945
-5212
-5397
-5415
-5311
-5100
-4739
-4284
-3728
-3105
-2393
-1693
-959
-203
483
1170
1780
2326
2814
3272
3651
3947
4195
4352
4476
4537
4557
4464
4336
4142
3889
3641
3347
3037
2709
2377
2040
1703
1407
1144
906
695
538
423
314
215
90
-35
-181
-377
-647
-983
-1391
-1831
-2281
-2813
-3367
-3899
-4385
-4809
-5176
-5407
-5591
-5644
-5556
-5335
-4975
-4519
-3973
-3358
-2664
-1955
-1208
-469
285
965
1583
2163
2673
3159
3572
3906
4149
4343
4477
4539
4557
4457
4284
4080
3832
3573
3311
2990
2638
2323
1988
1667
1394
1147
904
704
553
431
352
282
184
76
-43
-259
-525
-861
-1244
-1672
-2122
-2643
-3183
-3701
-4169
-4572
-4938
-5182
-5375
-5419
-5333
-5146
-4842
-4448
-3921
-3301
-2608
-1898
-1158
-429
262
920
1522
2093
2582
3041
3437
3770
4025
4197
4332
4390
4401
4295
4129
3928
3698
3464
3191
2890
2558
2232
1906
1597
1320
1068
837
658
538
432
364
288
198
125
-4
-175
-426
-772
-1189
-1633
-2082
-2602
-3143
-3653
-4127
-4544
-4884
-5121
-5282
-5320
-5216
-5005
-4669
-4249
-3711
-3101
-2434
-1747
-1024
-307
375
1042
1637
2189
2656
3118
3504
3803
4035
4190
4310
4370
4377
4265
4103
3889
3656
3384
3076
2753
2410
2086
1767
1488
1214
956
755
597
464
382
317
229
164
85
-52
-261
-515
-851
-1268
-1704
-2158
-2678
-3212
-3719
-4174
-4580
-4908
-5164
-5309
-5332
-5232
-4994
-4651
-4216
-3690
-3088
-2424
-1703
-995
-297
371
1014
1599
2129
2604
3030
3416
3713
3962
4128
4241
4281
4249
4164
3982
3753
3490
3239
2952
2633
2315
2008
1716
1426
1173
947
761
633
538
465
403
348
276
194
70
-163
-429
-777
-1188
-1628
-2086
-2615
-3178
-3663
-4125
-4539
-4892
-5150
-5312
-5330
-5225
-5009
-4663
-4227
-3686
-3080
-2406
-1725
-1016
-308
381
1042
1648
2212
2712
3161
3549
3855
4076
4238
4344
4410
4403
4309
4148
3934
3694
3430
3125
2787
2470
2156
1852
1555
1288
1051
840
683
553
450
375
275
170
75
-108
-350
-613
-981
-1391
-1797
-2252
-2777
-3303
-3777
-4246
-4657
-4969
-5219
-5386
-5397
-5271
-5054
-4713
-4250
-3726
-3111
-2430
-1730
-1002
-297
382
1047
1649
2190
2672
3141
3531
3839
4085
4244
4353
4404
4366
4252
4090
3886
3646
3396
3131
2829
2524
2234
1953
1671
1416
1161
953
802
660
541
448
306
169
45
-152
-385
-675
-1021
-1441
-1836
-2280
-2819
-3337
-3822
-4280
-4716
-5025
-5267
-5402
-5385
-5274
-5037
-4704
-4234
-3705
-3092
-2410
-1701
-967
-254
447
1095
1710
2248
2760
3235
3603
3918
4142
4292
4375
4414
4357
4240
4097
3893
3646
3357
3059
2705
2372
2023
1703
1415
1141
918
733
594
440
334
231
133
26
-75
-248
-480
-762
-1115
-1500
-1918
-2350
-2874
-3351
-3817
-4254
-4620
-4926
-5136
-5266
-5234
-5118
-4867
-4519
-4084
-3530
-2926
-2251
-1559
-812
-103
577
1229
1805
2364
2855
3307
3651
3957
4180
4333
4420
4436
4381
4228
4053
3804
3555
3296
3024
2725
2439
2143
1853
1615
1367
1161
996
868
747
664
580
465
359
222
5
-264
-587
-976
-1403
-1828
-2323
-2868
-3391
-3876
-4321
-4711
-4996
-5241
-5334
-5302
-5167
-4920
-4588
-4131
-3613
-3009
-2346
-1654
-956
-273
425
1059
1664
2188
2684
3111
3461
3756
3951
4106
4174
4194
4110
3979
3778
3540
3295
3005
2725
2410
2139
1832
1575
1339
1093
920
770
649
538
472
365
261
170
43
-171
-437
-756
-1156
-1535
-1940
-2410
-2897
-3367
-3823
-4277
-4639
-4890
-5112
-5184
-5136
-5002
-4732
-4369
-3893
-3347
-2728
-2053
-1341
-632
58
724
1343
1938
2470
2954
3365
3710
3994
4190
4328
4389
4379
4284
4138
3922
3678
3419
3148
2864
2569
2273
1970
1695
1468
1254
1055
894
781
666
580
484
370
276
93
-148
-435
-769
-1177
-1578
-2033
-2554
-3063
-3559
-3999
-4412
-4749
-5016
-5200
-5232
-5169
-5005
-4766
-4408
-3958
-3418
-2809
-2163
-1484
-804
-137
526
1160
1731
2274
2783
3223
3589
3882
4117
4272
4345
4348
4234
4084
3895
3687
3433
3148
2873
2580
2309
1998
1732
1502
1278
1095
957
836
707
609
463
328
169
-66
-315
-623
-972
-1384
-1795
-2236
-2742
-3208
-3675
-4117
-4512
-4834
-5077
-5223
-5237
-5160
-4950
-4675
-4284
-3809
-3260
-2652
-2005
-1300
-621
57
692
1325
1908
2427
2919
3322
3676
3942
4156
4285
4350
4322
4208
4071
3836
3613
3362
3087
2795
2533
2246
1972
1737
1519
1325
1167
1062
931
819
705
552
415
246
-4
-289
-612
-1021
-1458
-1885
-2372
-2894
-3378
-3854
-4275
-4647
-4931
-5159
-5265
-5232
-5147
-4921
-4646
-4257
-3776
-3220
-2621
-1986
-1302
-627
40
684
1304
1892
2439
2921
3333
3689
3953
4154
4281
4330
4283
4174
4030
3820
3615
3377
3124
2837
2554
2272
1989
1769
1558
1389
1238
1122
1015
914
815
673
556
381
126
-158
-517
-917
-1345
-1776
-2279
-2787
-3262
-3715
-4131
-4512
-4787
-5006
-5094
-5100
-4992
-4777
-4493
-4106
-3664
-3111
-2514
-1883
-1223
-589
44
656
1243
1779
2307
2767
3158
3498
3757
3956
4064
4116
4041
3920
3761
3565
3372
3130
2872
2589
2323
2072
1825
1604
1395
1224
1085
997
913
842
746
620
486
281
42
-275
-646
-1069
-1489
-1950
-2492
-2966
-3439
-3885
-4288
-4602
-4855
-5033
-5101
-5070
-4931
-4713
-4379
-3979
-3499
-2941
-2339
-1715
-1082
-453
166
797
1383
1915
2445
2917
3325
3663
3923
4105
4220
4267
4207
4100
3906
3693
3470
3212
2944
2672
2425
2160
1927
1715
1518
1341
1212
1104
990
906
768
636
478
234
-45
-380
-782
-1238
-1690
-2200
-2731
-3203
-3667
-4071
-4434
-4705
-4945
-5091
-5097
-5026
-4841
-4581
-4211
-3788
-3281
-2728
-2129
-1512
-904
-285
321
900
1450
2005
2510
2948
3339
3642
3889
4051
4147
4156
4090
3962
3781
3574
3328
3088
2820
2568
2314
2084
1875
1695
1516
1381
1292
1176
1106
1028
896
740
511
218
-125
-516
-961
-1428
-1927
-2479
-2995
-3479
-3936
-4336
-4662
-4896
-5076
-5100
-5041
-4894
-4667
-4370
-3991
-3542
-3027
-2483
-1904
-1292
-702
-110
461
1016
1568
2090
2550
2954
3327
3631
3881
4058
4156
4152
4097
3972
3785
3573
3323
3066
2816
2569
2313
2075
1872
1690
1528
1412
1317
1224
1154
1059
938
775
494
155
-250
-709
-1197
-1720
-2263
-2847
-3375
-3858
-4302
-4652
-4922
-5135
-5216
-5191
-5090
-4890
-4618
-4272
-3845
-3356
-2841
-2290
-1690
-1096
-522
82
651
1197
1755
2273
2719
3141
3497
3805
4046
4209
4273
4271
4197
4025
3842
3619
3358
3080
2807
2538
2282
2070
1888
1733
1623
1549
1464
1391
1295
1151
985
740
425
4
-459
-958
-1486
-2036
-2629
-3183
-3678
-4152
-4556
-4875
-5109
-5234
-5230
-5134
-4930
-4673
-4334
-3948
-3506
-3018
-2517
-1960
-1389
-813
-260
285
813
1337
1863
2354
2813
3214
3554
3846
4081
4190
4206
4159
4043
3877
3678
3431
3147
2886
2628
2348
2125
1928
1771
1660
1593
1514
1443
1389
1273
1125
878
576
152
-322
-832
-1367
-1922
-2510
-3085
-3614
-4080
-4489
-4802
-5050
-5211
-5246
-5193
-5019
-4776
-4463
-4076
-3634
-3149
-2652
-2095
-1546
-989
-430
108
632
1156
1676
2164
2634
3050
3408
3711
3969
4128
4178
4191
4121
3959
3786
3574
3309
3036
2800
2572
2345
2150
1983
1872
1803
1740
1675
1619
1543
1415
1235
962
589
120
-390
-945
-1537
-2178
-2818
-3405
-3933
-4393
-4764
-5032
-5224
-5276
-5211
-5071
-4855
-4557
-4189
-3768
-3286
-2811
-2305
-1802
-1306
-800
-284
234
758
1297
1791
2259
2673
3048
3390
3681
3906
4009
4041
3993
3883
3702
3485
3227
2947
2717
2497
2292
2124
1981
1880
1834
1812
1755
1698
1620
1504
1324
1038
667
199
-333
-904
-1487
-2125
-2776
-3370
-3910
-4385
-4765
-5046
-5243
-5319
-5272
-5126
-4901
-4588
-4224
-3821
-3369
-2895
-2395
-1884
-1381
-863
-338
176
679
1196
1708
2157
2565
2950
3317
3660
3919
4053
4115
4101
4012
3879
3681
3438
3166
2921
2704
2503
2354
2213
2122
2088
2067
2031
1981
1900
1775
1582
1291
907
424
-122
-727
-1365
-2042
-2726
-3350
-3914
-4364
-4771
-5076
-5257
-5338
-5280
-5124
-4868
-4564
-4166
-3755
-3310
-2855
-2385
-1868
-1391
-901
-444
39
527
1020
1484
1918
2356
2724
3097
3418
3684
3839
3943
3931
3853
3737
3552
3333
3066
2840
2594
2394
2247
2133
2082
2060
2054
2061
2042
1968
1889
1718
1448
1059
576
34
-564
-1205
-1914
-2596
-3250
-3850
-4366
-4778
-5068
-5286
-5359
-5319
-5154
-4920
-4625
-4253
-3855
-3394
-2944
-2477
-1998
-1536
-1067
-622
-150
320
797
1256
1701
2139
2535
2915
3258
3529
3705
3802
3808
3755
3630
3471
3271
3054
2839
2636
2478
2366
2308
2253
2244
2268
2279
2279
2256
2174
1991
1715
1319
819
232
-384
-1059
-1803
-2534
-3206
-3824
-4349
-4775
-5086
-5295
-5348
-5292
-5150
-4925
-4619
-4236
-3813
-3347
-2888
-2427
-1962
-1502
-1070
-645
-195
244
693
1141
1564
1981
2385
2779
3123
3386
3581
3701
3749
3723
3625
3455
3249
3037
2815
2600
2437
2316
2248
2244
2284
2314
2336
2341
2323
2257
2068
1771
1368
870
274
-367
-1048
-1779
-2512
-3206
-3842
-4391
-4807
-5111
-5300
-5324
-5237
-5033
-4755
-4402
-4009
-3577
-3118
-2656
-2173
-1730
-1284
-848
-431
-18
417
872
1284
1687
2058
2407
2750
3051
3275
3439
3534
3525
3477
3370
3216
3032
2821
2630
2431
2294
2195
2147
2167
2204
2265
2311
2319
2283
2222
2022
1716
1298
782
195
-432
-1115
-1885
-2605
-3296
-3915
-4440
-4862
-5164
-5336
-5349
-5262
-5060
-4787
-4423
-4023
-3574
-3125
-2672
-2194
-1731
-1278
-867
-451
-54
368
788
1186
1578
1929
2288
2618
2918
3120
3273
3364
3363
3346
3252
3100
2916
2737
2540
2369
2264
2202
2209
2255
2332
2410
2488
2518
2504
2435
2252
1928
1492
962
357
-312
-1048
-1836
-2576
-3269
-3884
-4412
-4843
-5155
-5315
-5313
-5219
-4994
-4701
-4348
-3934
-3469
-2991
-2525
-2066
-1627
-1194
-772
-365
32
467
870
1257
1646
1982
2311
2628
2897
3080
3202
3274
3264
3234
3133
2974
2817
2655
2491
2377
2291
2237
2279
2347
2429
2516
2618
2649
2665
2580
2364
2049
1600
1052
433
-252
-1012
-1792
-2537
-3229
-3848
-4372
-4785
-5086
-5207
-5214
-5104
-4909
-4647
-4276
-3868
-3436
-2991
-2524
-2089
-1674
-1247
-847
-464
-57
367
755
1135
1493
1810
2129
2415
2642
2805
2942
2974
2953
2911
2797
2642
2474
2342
2198
2107
2050
2039
2098
2202
2331
2430
2558
2608
2607
2519
2309
2000
1547
1034
420
-273
-1006
-1768
-2493
-3169
-3770
-4284
-4679
-4993
-5120
-5116
-4992
-4778
-4502
-4134
-3740
-3300
-2858
-2380
-1925
-1489
-1055
-639
-251
136
536
875
1246
1592
1889
2169
2412
2600
2740
2837
2837
2809
2746
2622
2490
2353
2237
2122
2054
1994
2001
2079
2190
2341
2498
2628
2683
2698
2583
2383
2051
1583
1040
435
-238
-989
-1746
-2464
-3133
-3737
-4243
-4656
-4933
-5049
-5061
-4933
-4701
-4401
-4033
-3607
-3166
-2716
-2242
-1786
-1351
-913
-495
-98
307
677
1021
1363
1671
1975
2241
2463
2628
2730
2764
2728
2686
2602
2451
2304
2172
2049
1940
1897
1869
1904
2011
2146
2293
2462
2586
2659
2659
2527
2276
1916
1443
888
271
-419
-1160
-1883
-2584
-3238
-3807
-4257
-4631
-4886
-4977
-4984
-4853
-4630
-4331
-3965
-3562
-3108
-2643
-2155
-1712
-1263
-830
-419
-25
388
787
1130
1484
1783
2070
2315
2501
2635
2715
2735
2683
2616
2500
2366
2235
2094
1976
1915
1905
1889
1936
2034
2153
2297
2436
2536
2593
2583
2444
2185
1795
1329
784
167
-533
-1274
-1984
-2669
-3271
-3823
-4284
-4656
-4881
-4993
-4988
-4839
-4631
-4315
-3948
-3524
-3097
-2624
-2152
-1715
-1234
-797
-366
41
461
837
1189
1522
1788
2051
2261
2424
2530
2581
2559
2505
2417
2258
2119
1966
1837
1740
1711
1717
1753
1873
2027
2203
2371
2532
2638
2712
2694
2557
2301
1886
1399
838
214
-500
-1202
-1889
-2542
-3125
-3639
-4046
-4400
-4578
-4667
-4627
-4477
-4256
-3938
-3572
-3167
-2777
-2326
-1896
-1474
-1048
-624
-198
208
608
954
1304
1594
1863
2095
2266
2387
2443
2456
2386
2306
2175
2031
1899
1751
1646
1581
1573
1593
1677
1804
1973
2168
2350
2491
2571
2594
2501
2271
1938
1500
999
415
-218
-877
-1508
-2137
-2721
-3217
-3659
-4020
-4282
-4416
-4450
-4390
-4233
-4022
-3714
-3370
-2993
-2603
-2184
-1772
-1348
-931
-520
-102
317
724
1090
1426
1714
1962
2160
2291
2369
2371
2292
2169
2020
1855
1691
1548
1431
1366
1343
1353
1433
1569
1747
1925
2152
2343
2489
2554
2530
2406
2135
1761
1314
808
177
-491
-1149
-1773
-2356
-2886
-3303
-3681
-3945
-4096
-4135
-4109
-4016
-3833
-3603
-3292
-2992
-2637
-2253
-1861
-1474
-1086
-701
-315
115
509
904
1264
1599
1894
2136
2303
2369
2411
2330
2223
2076
1872
1670
1477
1303
1148
1096
1087
1155
1295
1480
1683
1907
2135
2317
2451
2463
2374
2140
1794
1390
896
316
-325
-936
-1541
-2116
-2627
-3045
-3375
-3615
-3767
-3842
-3807
-3721
-3563
-3357
-3106
-2821
-2499
-2144
-1810
-1453
-1092
-696
-307
114
522
907
1289
1624
1954
2223
2408
2513
2534
2482
2379
2224
1986
1760
1538
1299
1110
999
946
949
1052
1204
1402
1621
1839
2026
2162
2202
2134
1953
1660
1271
810
275
-347
-968
-1552
-2087
-2566
-2968
-3300
-3541
-3653
-3704
-3664
-3565
-3405
-3207
-2971
-2725
-2461
-2154
-1852
-1543
-1221
-875
-512
-109
283
646
1021
1394
1742
2056
2315
2453
2516
2511
2424
2266
2026
1769
1502
1245
1032
878
793
766
841
1003
1200
1423
1647
1861
2061
2126
2105
1967
1712
1344
916
389
-212
-808
-1388
-1920
-2401
-2799
-3120
-3347
-3470
-3509
-3437
-3342
-3189
-2982
-2743
-2505
-2259
-1989
-1716
-1419
-1139
-853
-520
-152
218
581
953
1294
1635
1950
2212
2400
2510
2533
2474
2367
2141
1879
1590
1327
1080
896
768
685
740
866
1047
1261
1494
1701
1909
2020
2005
1901
1691
1362
975
505
-77
-667
-1223
-1772
-2252
-2640
-2942
-3169
-3263
-3295
-3240
-3131
-2988
-2783
-2569
-2332
-2093
-1842
-1621
-1385
-1139
-883
-603
-288
47
366
707
1022
1332
1650
1930
2148
2302
2361
2334
2245
2058
1803
1539
1277
1024
811
691
603
610
688
833
1039
1267
1480
1679
1818
1846
1758
1550
1256
875
430
-109
-670
-1203
-1733
-2173
-2546
-2829
-3036
-3115
-3085
-3003
-2860
-2684
-2468
-2227
-1970
-1757
-1531
-1297
-1095
-876
-673
-439
-190
84
390
709
999
1282
1563
1804
2011
2149
2187
2151
2078
1922
1691
1428
1156
885
658
489
357
351
425
551
743
958
1171
1382
1554
1601
1540
1383
1118
792
401
-92
-633
-1130
-1618
-2038
-2370
-2630
-2831
-2886
-2858
-2753
-2598
-2397
-2153
-1904
-1652
-1430
-1182
-963
-749
-537
-324
-106
125
376
606
885
1141
1392
1646
1866
2029
2154
2218
2169
2089
1955
1742
1490
1228
943
700
539
383
329
379
478
604
798
974
1116
1223
1252
1193
1018
761
440
61
-412
-928
-1418
-1888
-2292
-2621
-2879
-3070
-3135
-3093
-2991
-2806
-2555
-2272
-1991
-1695
-1407
-1110
-833
-596
-359
-126
101
323
555
774
1030
1291
1525
1780
2018
2183
2297
2371
2347
2254
2098
1893
1673
1431
1169
907
729
551
444
436
458
541
676
857
984
1077
1104
1050
898
654
345
-51
-508
-1018
-1484
-1967
-2405
-2734
-2977
-3143
-3204
-3157
-3043
-2853
-2616
-2357
-2069
-1750
-1446
-1148
-834
-580
-363
-127
88
294
525
756
992
1246
1465
1710
1939
2108
2236
2323
2329
2247
2154
1986
1750
1504
1248
968
778
655
515
509
560
635
778
940
1081
1173
1221
1154
1010
763
427
44
-417
-932
-1439
-1894
-2322
-2663
-2913
-3115
-3206
-3164
-3048
-2855
-2606
-2330
-2052
-1725
-1405
-1105
-795
-504
-251
-23
205
426
666
892
1105
1318
1517
1720
1934
2104
2200
2296
2288
2205
2105
1926
1683
1443
1221
968
770
638
503
444
468
506
610
762
885
981
1015
975
856
635
339
-41
-478
-971
-1460
-1909
-2332
-2681
-2935
-3113
-3222
-3204
-3102
-2916
-2680
-2409
-2104
-1787
-1452
-1149
-833
-536
-280
-23
229
452
670
887
1078
1293
1484
1651
1827
1974
2078
2148
2159
2081
1971
1828
1638
1405
1182
946
731
611
496
432
467
546
634
778
932
1025
1059
1048
940
720
422
60
-363
-843
-1333
-1777
-2190
-2560
-2827
-2987
-3100
-3098
-2985
-2809
-2560
-2266
-1956
-1634
-1270
-928
-597
-285
-5
241
479
706
886
1091
1261
1436
1584
1725
1881
2009
2091
2157
2199
2121
1997
1844
1637
1386
1139
893
657
508
390
303
299
351
423
558
715
799
842
830
734
530
251
-82
-491
-952
-1450
-1908
-2350
-2734
-3031
-3241
-3353
-3360
-3251
-3064
-2803
-2487
-2143
-1797
-1421
-1052
-711
-364
-63
228
470
702
906
1123
1336
1534
1716
1852
1998
2163
2273
2314
2357
2302
2177
2048
1864
1620
1377
1159
905
707
571
440
396
438
496
600
751
841
892
877
785
582
295
-36
-435
-890
-1412
-1899
-2324
-2739
-3067
-3283
-3446
-3507
-3440
-3280
-3060
-2744
-2386
-2031
-1623
-1233
-876
-539
-209
76
341
605
851
1082
1321
1540
1756
1942
2094
2234
2350
2406
2435
2427
2324
2197
2051
1827
1560
1339
1087
858
704
586
500
511
563
616
723
819
878
875
841
686
415
76
-312
-759
-1271
-1769
-2228
-2637
-2996
-3235
-3403
-3492
-3456
-3329
-3101
-2836
-2492
-2141
-1766
-1357
-981
-635
-298
28
297
583
840
1073
1310
1523
1715
1877
2021
2148
2284
2373
2438
2469
2410
2319
2192
1996
1740
1515
1280
1032
850
702
583
538
561
608
677
800
883
890
832
699
438
95
-284
-725
-1233
-1773
-2270
-2721
-3114
-3411
-3606
-3723
-3735
-3640
-3446
-3177
-2846
-2476
-2091
-1677
-1293
-923
-564
-231
58
321
584
833
1077
1296
1507
1715
1895
2044
2212
2322
2369
2428
2407
2318
2205
2061
1834
1622
1408
1176
990
850
725
645
669
700
776
884
963
996
957
864
665
388
39
-353
-796
-1316
-1822
-2286
-2716
-3063
-3290
-3451
-3514
-3450
-3301
-3080
-2800
-2454
-2118
-1738
-1356
-1002
-654
-308
-9
275
550
781
994
1215
1443
1638
1816
1972
2105
2251
2328
2367
2386
2329
2236
2115
1938
1725
1519
1306
1097
946
841
748
717
758
789
852
912
945
923
839
670
386
55
-334
-782
-1283
-1799
-2270
-2661
-3020
-3288
-3459
-3569
-3575
-3467
-3279
-3050
-2731
-2380
-2015
-1627
-1231
-875
-512
-172
129
422
680
928
1136
1366
1557
1725
1885
2010
2163
2267
2300
2314
2310
2226
2104
1960
1759
1567
1406
1212
1034
930
836
747
728
746
779
827
877
895
826
723
512
201
-154
-543
-979
-1458
-1923
-2342
-2713
-3030
-3252
-3399
-3486
-3452
-3326
-3141
-2898
-2577
-2224
-1876
-1490
-1128
-786
-443
-121
175
459
731
970
1221
1451
1637
1833
2011
2140
2263
2357
2380
2397
2352
2253
2152
2038
1861
1654
1498
1298
1139
1034
943
883
878
878
869
887
876
810
688
522
256
-82
-452
-842
-1284
-1749
-2180
-2571
-2923
-3211
-3383
-3496
-3533
-3452
-3294
-3113
-2871
-2537
-2211
-1843
-1453
-1089
-732
-375
-42
262
566
842
1087
1337
1561
1743
1922
2088
2230
2356
2415
2434
2444
2397
2304
2201
2080
1919
1780
1635
1486
1351
1254
1158
1098
1077
1045
1023
987
939
826
646
393
82
-291
-674
-1063
-1505
-1951
-2361
-2691
-2996
-3226
-3366
-3460
-3466
-3385
-3240
-3068
-2811
-2503
-2190
-1830
-1486
-1120
-771
-411
-93
220
534
798
1051
1288
1526
1718
1894
2030
2160
2267
2288
2314
2322
2252
2149
2078
1949
1781
1661
1507
1330
1214
1137
1044
1005
982
924
886
839
744
608
424
167
-141
-484
-845
-1218
-1626
-2047
-2399
-2687
-2963
-3143
-3243
-3319
-3292
-3197
-3065
-2882
-2614
-2337
-2047
-1691
-1333
-992
-647
-313
-9
302
598
878
1152
1402
1613
1801
1968
2114
2266
2365
2399
2437
2447
2392
2308
2229
2079
1939
1829
1668
1514
1431
1330
1227
1170
1110
1051
1016
945
821
651
418
140
-183
-537
-910
-1270
-1673
-2062
-2359
-2644
-2912
-3066
-3159
-3246
-3228
-3147
-3022
-2855
-2631
-2382
-2111
-1791
-1469
-1139
-779
-453
-145
153
437
719
986
1221
1447
1654
1830
1983
2138
2229
2248
2295
2278
2204
2145
2071
1945
1842
1746
1601
1478
1402
1312
1219
1167
1090
1018
978
897
768
597
384
113
-180
-520
-861
-1217
-1599
-1956
-2263
-2538
-2777
-2917
-3020
-3110
-3091
-3026
-2918
-2753
-2516
-2273
-1986
-1661
-1353
-1018
-682
-358
-41
264
524
781
1046
1277
1482
1668
1836
1976
2104
2181
2206
2240
2212
2135
2064
1974
1846
1747
1625
1474
1354
1255
1161
1093
1035
943
870
797
688
564
394
174
-96
-406
-738
-1053
-1387
-1739
-2053
-2325
-2599
-2807
-2923
-3027
-3081
-3046
-2991
-2882
-2728
-2526
-2306
-2020
-1697
-1368
-1006
-647
-297
23
352
650
940
1221
1453
1689
1872
2039
2173
2299
2377
2434
2478
2419
2358
2303
2218
2073
1966
1839
1672
1568
1457
1341
1232
1141
1016
936
838
689
540
350
119
-155
-448
-786
-1086
-1411
-1775
-2078
-2330
-2567
-2765
-2876
-2978
-3019
-3008
-2940
-2833
-2665
-2460
-2268
-2009
-1736
-1446
-1119
-773
-449
-119
221
497
781
1044
1304
1541
1776
1963
2127
2270
2330
2385
2414
2384
2340
2302
2184
2045
1925
1769
1610
1480
1341
1212
1139
1053
950
888
781
654
502
309
56
-215
-514
-813
-1102
-1436
-1773
-2080
-2340
-2603
-2797
-2947
-3077
-3120
-3112
-3053
-2957
-2788
-2584
-2351
-2069
-1776
-1450
-1098
-744
-403
-66
254
552
854
1140
1378
1626
1831
2006
2166
2285
2355
2417
2442
2406
2382
2330
2227
2105
1991
1807
1649
1529
1376
1230
1117
1001
883
801
705
600
474
303
78
-153
-426
-710
-995
-1319
-1626
-1891
-2146
-2396
-2577
-2734
-2881
-2935
-2946
-2933
-2872
-2736
-2578
-2382
-2105
-1829
-1501
-1145
-798
-452
-113
206
501
822
1105
1375
1632
1845
2036
2209
2327
2371
2411
2407
2355
2291
2208
2091
1970
1859
1688
1543
1412
1266
1143
1024
916
828
746
634
543
416
258
64
-164
-421
-673
-938
-1242
-1544
-1813
-2084
-2332
-2523
-2676
-2812
-2879
-2898
-2880
-2811
-2678
-2502
-2267
-1984
-1698
-1374
-1053
-726
-413
-101
211
530
860
1136
1432
1691
1905
2101
2262
2365
2428
2490
2460
2377
2300
2175
2011
1860
1692
1485
1341
1211
1063
931
827
719
643
568
489
403
283
114
-91
-302
-552
-795
-1059
-1370
-1661
-1924
-2193
-2431
-2606
-2767
-2896
-2952
-2971
-2934
-2836
-2676
-2498
-2252
-1977
-1686
-1362
-1034
-712
-394
-62
261
604
941
1237
1523
1795
2020
2221
2411
2498
2562
2610
2583
2506
2419
2286
2096
1938
1757
1559
1422
1289
1135
1006
900
787
706
642
558
482
386
252
88
-98
-328
-550
-803
-1094
-1355
-1614
-1890
-2127
-2306
-2492
-2644
-2708
-2736
-2718
-2651
-2539
-2405
-2201
-1956
-1687
-1368
-1052
-724
-401
-75
226
554
864
1143
1421
1663
1880
2068
2233
2294
2342
2367
2300
2220
2113
1948
1755
1596
1413
1202
1040
873
704
599
508
420
391
346
286
255
182
76
-72
-248
-459
-658
-906
-1189
-1454
-1728
-1995
-2239
-2419
-2612
-2732
-2778
-2796
-2776
-2678
-2532
-2373
-2139
-1879
-1590
-1265
-953
-637
-300
54
383
732
1065
1360
1670
1953
2184
2371
2527
2588
2616
2612
2529
2421
2309
2138
1943
1749
1520
1284
1089
896
712
589
509
431
406
384
367
367
330
247
145
15
-175
-367
-607
-902
-1202
-1491
-1794
-2090
-2309
-2521
-2686
-2776
-2825
-2816
-2747
-2626
-2477
-2256
-2000
-1727
-1392
-1069
-749
-426
-98
220
558
895
1194
1500
1778
2001
2202
2384
2466
2525
2530
2485
2390
2247
2065
1828
1628
1389
1122
921
734
553
436
384
329
328
344
376
394
383
350
279
166
-26
-221
-458
-770
-1068
-1359
-1671
-1969
-2200
-2424
-2605
-2710
-2759
-2771
-2731
-2637
-2506
-2307
-2063
-1793
-1506
-1184
-859
-513
-142
199
548
911
1237
1533
1797
2015
2190
2350
2438
2460
2456
2393
2281
2140
1948
1699
1470
1234
976
757
574
405
303
256
219
233
272
334
403
446
435
398
295
148
-12
-224
-530
-859
-1136
-1462
-1792
-2067
-2325
-2556
-2695
-2775
-2807
-2771
-2673
-2551
-2362
-2103
-1848
-1545
-1230
-905
-578
-237
109
448
822
1140
1446
1736
1958
2139
2293
2386
2394
2387
2324
2191
2023
1822
1559
1324
1106
850
630
463
317
215
184
169
198
293
390
483
578
628
629
602
497
338
144
-130
-456
-766
-1103
-1463
-1770
-2037
-2298
-2478
-2575
-2646
-2647
-2570
-2468
-2311
-2083
-1836
-1553
-1219
-890
-581
-235
115
461
831
1184
1487
1765
1990
2159
2305
2389
2379
2343
2273
2114
1918
1707
1451
1181
941
679
447
268
119
10
-29
-12
18
120
230
340
458
540
577
557
480
340
161
-70
-396
-727
-1043
-1411
-1750
-2031
-2290
-2498
-2623
-2713
-2744
-2709
-2625
-2499
-2319
-2088
-1837
-1528
-1192
-861
-513
-136
222
591
943
1253
1552
1790
1996
2160
2255
2278
2211
2158
2016
1818
1622
1400
1132
886
672
435
276
156
76
48
104
168
269
417
517
648
763
805
804
761
631
460
267
-5
-323
-640
-989
-1367
-1671
-1944
-2207
-2382
-2495
-2578
-2578
-2506
-2378
-2208
-1988
-1735
-1440
-1100
-759
-398
-9
357
730
1095
1417
1683
1934
2119
2233
2312
2325
2235
2140
2002
1788
1559
1308
1031
762
557
328
134
14
-87
-119
-72
-13
67
240
385
534
690
784
803
797
707
536
344
81
-261
-604
-950
-1349
-1673
-1955
-2231
-2436
-2595
-2697
-2719
-2682
-2578
-2429
-2226
-1958
-1667
-1317
-964
-599
-199
179
545
906
1238
1503
1763
1967
2099
2205
2239
2158
2038
1900
1677
1434
1223
978
710
490
274
87
-33
-93
-106
-59
32
140
297
454
579
732
859
898
911
872
724
535
329
34
-323
-656
-1034
-1428
-1756
-2054
-2318
-2494
-2607
-2691
-2669
-2591
-2479
-2307
-2083
-1821
-1508
-1141
-771
-379
-3
375
765
1138
1446
1686
1913
2019
2103
2140
2088
1966
1829
1660
1425
1201
974
752
521
344
175
54
6
-29
-29
34
144
267
436
591
739
881
982
1003
976
897
732
534
275
-47
-403
-752
-1133
-1478
-1787
-2104
-2386
-2564
-2689
-2753
-2724
-2648
-2506
-2298
-2033
-1720
-1350
-965
-586
-187
200
575
936
1260
1518
1741
1902
2003
2069
2077
2022
1905
1754
1548
1325
1118
903
674
499
373
265
214
211
247
329
445
580
705
853
986
1084
1181
1227
1207
1146
1012
814
575
285
-75
-442
-826
-1236
-1605
-1940
-2256
-2535
-2732
-2880
-2925
-2901
-2813
-2644
-2414
-2126
-1799
-1423
-1032
-612
-194
211
601
928
1209
1425
1586
1686
1728
1701
1636
1536
1398
1258
1078
897
714
528
348
196
89
29
2
36
97
209
343
478
645
817
969
1100
1209
1240
1210
1122
967
756
534
250
-110
-481
-860
-1252
-1610
-1927
-2217
-2465
-2629
-2717
-2732
-2673
-2540
-2343
-2091
-1776
-1429
-1049
-650
-275
106
478
810
1096
1329
1504
1638
1726
1775
1754
1684
1562
1420
1278
1078
872
653
475
316
198
138
106
123
187
282
393
541
677
849
1027
1171
1282
1378
1413
1371
1285
1122
872
613
296
-78
-474
-871
-1261
-1624
-1928
-2228
-2455
-2622
-2725
-2731
-2663
-2533
-2341
-2069
-1756
-1400
-1016
-630
-241
131
441
733
979
1160
1306
1399
1434
1418
1364
1264
1143
1013
842
670
511
359
264
194
148
146
174
223
302
395
536
692
840
995
1143
1259
1337
1400
1395
1335
1227
1062
821
549
246
-107
-480
-835
-1209
-1587
-1929
-2216
-2449
-2596
-2669
-2655
-2574
-2428
-2213
-1962
-1639
-1300
-929
-569
-224
110
405
657
879
1058
1172
1257
1303
1282
1236
1160
1063
944
809
650
496
392
327
284
269
286
339
415
491
596
700
831
958
1070
1186
1273
1345
1356
1360
1293
1182
1017
787
530
226
-122
-516
-906
-1276
-1636
-1948
-2243
-2456
-2613
-2711
-2722
-2659
-2527
-2357
-2116
-1821
-1491
-1145
-772
-416
-86
236
486
686
840
956
1013
1034
1017
962
916
858
809
766
709
664
620
598
596
611
645
695
756
847
915
1008
1126
1235
1345
1437
1514
1557
1569
1547
1478
1340
1163
960
694
414
124
-220
-573
-921
-1250
-1607
-1909
-2183
-2406
-2546
-2609
-2604
-2511
-2333
-2116
-1844
-1572
-1271
-972
-663
-363
-111
116
302
456
561
636
670
676
660
641
617
581
532
486
479
492
525
563
621
692
772
853
918
976
1032
1072
1093
1131
1148
1160
1172
1177
1169
1151
1097
972
814
613
385
122
-153
-468
-828
-1186
-1526
-1831
-2099
-2296
-2412
-2493
-2502
-2436
-2310
-2121
-1884
-1614
-1318
-1006
-697
-433
-210
4
182
321
443
539
608
642
689
722
767
821
871
927
962
1013
1053
1088
1124
1171
1227
1283
1313
1362
1411
1444
1453
1449
1405
1336
1268
1191
1121
1045
960
863
736
585
393
145
-133
-430
-737
-1086
-1428
-1733
-2026
-2272
-2445
-2564
-2616
-2582
-2479
-2314
-2131
-1916
-1671
-1420
-1186
-980
-774
-574
-384
-249
-128
-4
84
166
258
372
480
586
698
792
883
989
1098
1180
1270
1358
1414
1442
1466
1483
1490
1491
1463
1418
1366
1319
1259
1197
1141
1089
1032
967
880
736
544
341
112
-154
-428
-715
-1011
-1307
-1589
-1849
-2050
-2185
-2277
-2317
-2290
-2221
-2121
-2002
-1860
-1664
-1470
-1300
-1137
-967
-797
-638
-453
-278
-96
63
242
424
589
748
912
1090
1265
1427
1566
1680
1749
1811
1849
1863
1865
1830
1779
1703
1637
1544
1456
1381
1282
1185
1079
979
863
733
599
471
306
121
-104
-342
-608
-865
-1121
-1382
-1613
-1813
-1986
-2127
-2206
-2270
-2298
-2272
-2212
-2128
-2022
-1892
-1761
-1622
-1475
-1308
-1137
-965
-788
-605
-428
-221
-2
217
431
645
853
1064
1275
1454
1612
1723
1805
1842
1848
1829
1774
1704
1622
1544
1441
1358
1274
1182
1105
1023
944
868
789
682
561
435
272
101
-101
-335
-568
-785
-1002
-1208
-1416
-1594
-1748
-1876
-1954
-2023
-2069
-2084
-2054
-2005
-1941
-1852
-1743
-1610
-1458
-1282
-1095
-888
-680
-446
-222
13
280
540
827
1089
1328
1544
1749
1924
2044
2119
2162
2163
2130
2070
1980
1888
1789
1680
1556
1425
1287
1141
1016
914
810
692
573
435
293
160
2
-209
-412
-611
-821
-1017
-1186
-1382
-1583
-1740
-1878
-2009
-2104
-2191
-2266
-2313
-2329
-2321
-2274
-2213
-2111
-1978
-1822
-1611
-1381
-1118
-844
-550
-246
76
403
714
1023
1308
1561
1779
1972
2120
2223
2282
2310
2290
2221
2136
2029
1913
1783
1652
1515
1392
1279
1163
1032
890
759
616
478
314
160
22
-154
-338
-502
-686
-864
-1013
-1180
-1347
-1490
-1623
-1779
-1899
-2026
-2149
-2226
-2273
-2289
-2285
-2245
-2171
-2075
-1946
-1758
-1533
-1285
-1003
-694
-376
-48
292
638
973
1275
1556
1800
1983
2129
2243
2291
2304
2263
2205
2111
2007
1900
1784
1678
1550
1418
1304
1198
1072
938
773
617
452
270
111
-41
-197
-374
-527
-692
-871
-1024
-1174
-1344
-1502
-1641
-1788
-1918
-2025
-2122
-2216
-2283
-2328
-2358
-2336
-2307
-2229
-2087
-1904
-1673
-1398
-1093
-768
-410
-46
307
678
1027
1337
1619
1867
2057
2227
2354
2423
2451
2416
2354
2280
2201
2087
1969
1858
1731
1592
1457
1326
1191
1061
922
760
594
410
230
60
-85
-243
-402
-557
-719
-871
-1007
-1150
-1313
-1440
-1574
-1720
-1870
-2013
-2154
-2280
-2382
-2478
-2526
-2530
-2488
-2384
-2229
-2010
-1750
-1446
-1103
-749
-380
-14
344
686
1006
1301
1574
1795
1969
2107
2201
2254
2255
2225
2169
2097
2014
1911
1801
1689
1566
1447
1317
1164
998
824
641
457
268
90
-81
-234
-357
-487
-622
-732
-841
-946
-1052
-1159
-1272
-1400
-1521
-1651
-1775
-1906
-2040
-2145
-2230
-2302
-2337
-2324
-2258
-2117
-1939
-1721
-1442
-1115
-759
-383
-7
362
714
1053
1365
1656
1906
2089
2222
2327
2389
2411
2408
2395
2365
2297
2213
2108
2009
1894
1771
1639
1482
1333
1163
984
799
612
400
199
17
-167
-348
-524
-681
-839
-991
-1137
-1287
-1453
-1610
-1759
-1922
-2079
-2201
-2309
-2419
-2503
-2557
-2596
-2580
-2502
-2389
-2243
-2025
-1748
-1426
-1094
-738
-359
16
386
735
1073
1358
1620
1833
1995
2105
2178
2211
2215
2197
2136
2063
1994
1901
1800
1693
1581
1460
1340
1208
1058
912
750
574
385
209
32
-128
-287
-422
-551
-669
-782
-920
-1035
-1154
-1258
-1374
-1504
-1644
-1770
-1883
-1994
-2091
-2163
-2213
-2226
-2194
-2131
-2015
-1847
-1634
-1360
-1052
-710
-348
10
363
689
997
1277
1541
1750
1905
2014
2088
2148
2170
2173
2153
2114
2053
1981
1904
1792
1660
1529
1407
1276
1146
992
825
670
504
325
161
-18
-201
-374
-534
-677
-814
-961
-1109
-1257
-1404
-1549
-1690
-1812
-1921
-2023
-2110
-2194
-2240
-2256
-2233
-2181
-2105
-1984
-1825
-1612
-1365
-1063
-736
-400
-58
282
615
913
1196
1443
1639
1802
1915
1998
2059
2087
2086
2054
2001
1936
1853
1779
1675
1557
1454
1332
1213
1073
918
755
578
380
198
23
-132
-283
-438
-567
-709
-834
-954
-1078
-1217
-1338
-1444
-1558
-1677
-1785
-1885
-1975
-2051
-2096
-2105
-2090
-2036
-1932
-1795
-1628
-1419
-1162
-893
-590
-263
35
355
651
922
1168
1379
1548
1698
1816
1905
1961
1978
1990
1969
1942
1917
1868
1815
1759
1689
1611
1507
1372
1222
1062
894
701
492
287
82
-132
-344
-545
-731
-882
-1031
-1159
-1286
-1411
-1518
-1621
-1733
-1827
-1916
-1995
-2051
-2119
-2160
-2161
-2136
-2067
-1963
-1811
-1624
-1404
-1155
-894
-602
-308
-7
297
582
847
1075
1263
1428
1573
1684
1789
1871
1934
1996
2021
2035
2015
1994
1939
1887
1830
1736
1640
1513
1364
1195
1015
807
606
384
163
-53
-242
-410
-557
-682
-809
-918
-1029
-1132
-1228
-1313
-1409
-1507
-1599
-1677
-1737
-1786
-1845
-1865
-1843
-1811
-1725
-1629
-1531
-1376
-1192
-994
-765
-525
-262
8
262
520
748
945
1125
1276
1392
1491
1570
1628
1678
1727
1752
1755
1746
1717
1668
1585
1492
1376
1227
1050
862
649
437
221
8
-195
-398
-574
-744
-887
-1016
-1130
-1228
-1313
-1378
-1431
-1477
-1521
-1545
-1580
-1611
-1635
-1660
-1652
-1619
-1567
-1504
-1418
-1311
-1180
-1018
-850
-633
-403
-169
85
339
573
795
1000
1182
1346
1481
1589
1680
1751
1792
1828
1841
1851
1863
1854
1826
1759
1693
1597
1485
1344
1174
1000
810
611
409
191
-16
-212
-398
-572
-727
-857
-977
-1071
-1143
-1213
-1261
-1296
-1331
-1370
-1413
-1451
-1476
-1499
-1508
-1509
-1487
-1434
-1370
-1281
-1167
-1061
-915
-761
-585
-394
-193
4
189
401
560
709
856
979
1089
1164
1231
1288
1351
1406
1425
1458
1475
1487
1477
1456
1395
1322
1232
1106
961
793
619
444
263
69
-105
-281
-435
-562
-696
-800
-881
-944
-996
-1047
-1087
-1136
-1175
-1208
-1239
-1261
-1263
-1243
-1227
-1195
-1148
-1114
-1054
-980
-887
-779
-659
-506
-348
-196
-28
144
321
478
605
738
860
973
1062
1143
1202
1235
1287
1312
1327
1338
1333
1322
1298
1267
1211
1138
1042
920
782
629
466
286
110
-66
-222
-372
-510
-626
-724
-801
-861
-925
-986
-1022
-1060
-1087
-1121
-1144
-1149
-1148
-1143
-1148
-1141
-1124
-1095
-1043
-986
-915
-815
-695
-566
-421
-283
-141
12
154
283
405
516
617
707
803
888
954
1023
1072
1094
1108
1114
1132
1134
1114
1084
1035
971
882
800
699
584
464
327
186
42
-67
-172
-271
-347
-429
-485
-532
-580
-618
-644
-677
-713
-755
-788
-810
-822
-833
-848
-840
-822
-813
-779
-710
-641
-557
-471
-365
-262
-155
-34
86
205
321
432
539
638
720
807
875
925
961
993
1030
1049
1049
1038
1015
975
926
862
776
688
595
493
371
248
122
-3
-119
-232
-331
-419
-500
-577
-620
-685
-758
-806
-855
-886
-898
-905
-916
-923
-933
-944
-931
-906
-892
-874
-836
-793
-743
-683
-609
-527
-444
-368
-263
-149
-34
81
180
295
392
505
603
684
772
853
922
988
1045
1079
1099
1109
1094
1055
1007
937
861
772
690
600
497
378
275
157
43
-48
-143
-227
-299
-361
-421
-469
-498
-539
-575
-602
-637
-658
-682
-699
-718
-735
-747
-742
-732
-725
-701
-666
-603
-544
-483
-437
-373
-290
-211
-128
-55
12
84
150
224
322
412
504
596
691
768
825
876
904
905
895
870
831
774
695
610
510
418
322
234
151
73
-3
-61
-122
-181
-224
-285
-325
-377
-424
-470
-519
-556
-596
-631
-649
-682
-707
-710
-705
-678
-652
-615
-561
-498
-442
-401
-343
-266
-197
-146
-88
-27
38
104
170
238
300
371
448
531
602
671
744
811
855
891
904
907
886
854
809
744
662
565
477
377
284
204
128
50
-25
-88
-134
-181
-222
-270
-302
-345
-407
-455
-514
-563
-606
-658
-687
-712
-735
-754
-764
-741
-696
-666
-608
-548
-483
-418
-361
-290
-231
-166
-111
-59
-1
54
119
190
261
331
385
438
496
535
590
648
682
711
727
718
710
674
622
556
483
404
328
266
200
134
81
11
-51
-103
-149
-188
-222
-264
-313
-362
-426
-476
-536
-576
-618
-655
-669
-679
-677
-662
-641
-609
-562
-509
-442
-355
-275
-202
-135
-63
-4
52
94
127
160
185
211
249
281
324
378
436
490
527
591
637
677
707
720
730
705
671
623
559
497
430
359
303
234
181
149
118
81
31
-19
-81
-128
-190
-248
-309
-378
-446
-517
-576
-625
-664
-686
-682
-668
-647
-629
-587
-532
-475
-415
-355
-292
-246
-200
-153
-106
-65
-24
16
45
70
98
131
167
197
240
290
333
398
445
469
508
539
558
559
549
531
502
457
399
353
312
273
236
196
129
86
36
3
-36
-83
-123
-172
-220
-286
-332
-389
-441
-484
-529
-549
-570
-572
-567
-553
-533
-499
-443
-379
-311
-251
-179
-115
-49
5
36
72
97
118
134
156
164
159
163
179
209
238
274
306
336
363
381
393
392
404
405
395
380
361
333
298
271
236
212
191
165
126
77
31
-34
-93
-159
-213
-274
-338
-377
-418
-444
-469
-482
-505
-517
-507
-506
-490
-447
-398
-347
-283
-231
-175
-116
-53
13
76
124
155
185
189
199
200
195
178
174
191
194
204
207
218
235
265
281
297
304
298
292
277
270
256
253
257
263
263
250
227
186
133
93
54
-3
-62
-112
-156
-208
-259
-315
-362
-401
-429
-457
-467
-473
-459
-434
-403
-361
-305
-234
-174
-101
-38
13
70
100
128
150
175
189
190
183
181
173
150
143
134
142
163
185
206
213
233
247
255
257
256
245
231
223
209
192
186
183
161
140
127
102
87
50
-5
-54
-112
-173
-231
-291
-352
-397
-439
-468
-494
-507
-505
-476
-454
-419
-360
-308
-247
-176
-103
-53
-3
49
83
113
132
127
132
134
127
105
81
62
33
40
45
37
49
71
82
93
109
119
128
143
156
169
170
178
185
195
198
191
189
189
188
177
158
126
91
48
8
-42
-75
-94
-127
-162
-205
-230
-246
-248
-255
-243
-209
-174
-132
-97
-74
-40
-11
26
70
102
136
160
180
174
175
170
159
139
122
100
63
52
30
-6
-33
-62
-77
-81
-75
-56
-43
-32
-19
-4
21
41
67
90
91
92
99
92
91
72
59
52
31
9
-23
-52
-101
-141
-182
-209
-245
-270
-278
-273
-256
-244
-205
-161
-102
-45
14
69
114
155
185
200
205
206
199
182
158
130
84
47
16
-12
-23
-36
-55
-62
-68
-70
-77
-67
-60
-64
-51
-45
-55
-30
-4
17
46
60
94
114
126
135
136
130
105
87
69
47
17
-20
-64
-98
-126
-160
-181
-193
-202
-203
-181
-162
-134
-90
-45
-8
30
74
106
135
159
154
154
149
130
108
96
62
37
0
-25
-49
-64
-75
-107
-113
-106
-105
-99
-97
-98
-94
-94
-89
-78
-56
-37
-14
13
39
51
64
70
84
89
87
90
83
64
44
30
12
-5
-26
-35
-53
-73
-75
-67
-58
-41
-24
0
20
46
64
68
92
119
131
130
125
121
121
116
109
87
62
37
13
-18
-48
-61
-70
-66
-72
-67
-61
-53
-45
-34
-16
-1
17
38
47
60
75
100
124
134
139
130
127
119
97
74
58
42
25
11
-16
-43
-66
-92
-106
-121
-128
-127
-114
-101
-80
-67
-54
-32
-12
0
4
19
20
16
9
-8
-32
-50
-71
-88
-108
-125
-137
-154
-170
-177
-175
-170
-175
-174
-175
-177
-165
-159
-149
-132
-117
-92
-62
-45
-18
10
35
47
62
80
94
110
111
116
116
109
112
109
89
59
48
48
37
36
37
32
38
50
66
95
121
146
178
190
198
215
208
189
161
137
112
90
59
36
15
0
-2
-11
-7
-11
-2
9
14
12
9
6
-7
-12
-7
-10
-7
-4
1
13
23
39
48
55
61
64
64
52
41
26
7
-14
-32
-45
-56
-63
-85
-91
-99
-106
-109
-110
-87
-73
-62
-34
-14
-1
2
-8
-10
-13
-15
-15
-24
-52
-73
-91
-122
-128
-147
-165
-183
-193
-184
-177
-161
-162
-154
-141
-123
-112
-96
-78
-59
-51
-38
-12
4
12
16
15
32
46
56
85
101
122
129
130
141
147
148
149
148
142
137
143
149
151
147
137
128
120
109
102
102
112
112
98
83
67
48
28
9
-26
-46
-68
-88
-102
-120
-113
-108
-91
-86
-91
-84
-89
-87
-89
-102
-89
-82
-73
-67
-79
-73
-59
-56
-47
-29
-17
-3
1
11
39
53
72
92
108
111
116
109
101
103
88
68
62
50
43
35
30
47
40
45
38
19
15
0
-5
-29
-42
-62
-78
-105
-125
-129
-137
-147
-171
-173
-182
-175
-158
-145
-132
-123
-96
-75
-63
-55
-41
-34
-28
-21
-15
-11
7
34
51
76
86
93
112
118
144
153
165
184
190
187
176
155
139
125
104
97
81
73
62
62
65
58
57
54
40
34
27
15
21
12
-4
-18
-27
-35
-57
-68
-74
-85
-89
-87
-92
-91
-103
-100
-96
-96
-88
-85
-77
-77
-77
-71
-68
-73
-62
-50
-43
-38
-27
-3
7
28
38
63
82
95
101
105
106
94
88
75
64
32
28
15
10
9
-8
-5
-8
-10
-20
-10
-5
-23
-37
-42
-63
-77
-102
-117
-124
-138
-155
-154
-142
-149
-157
-154
-144
-139
-118
-115
-114
-93
-71
-52
-40
-31
-26
-11
14
24
46
71
90
114
133
169
187
205
233
253
261
260
267
275
269
258
250
239
226
207
180
161
149
137
110
79
57
31
15
5
-16
-42
-61
-80
-92
-94
-109
-121
-134
-158
-180
-188
-204
-223
-223
-225
-218
-213
-214
-206
-211
-207
-196
-188
-178
-165
-156
-142
-121
-108
-84
-65
-36
-6
30
49
67
94
106
124
143
153
159
170
154
145
135
121
116
106
102
93
92
93
88
90
75
64
56
43
37
25
14
6
-2
-14
-21
-33
-38
-47
-56
-64
-72
-79
-78
-85
-90
-93
-80
-78
-87
-83
-87
-80
-75
-66
-54
-43
-27
-4
16
38
56
75
96
114
140
155
165
164
162
154
151
139
117
107
91
81
64
51
32
12
3
-8
-13
-20
-33
-50
-71
-84
-90
-95
-96
-97
-111
-113
-109
-110
-112
-116
-117
-123
-127
-135
-143
-148
-143
-131
-129
-125
-108
-102
-94
-77
-71
-42
-18
5
29
45
58
83
101
115
146
153
166
188
201
205
211
226
243
224
208
197
187
158
129
114
90
72
60
58
36
21
14
8
-7
-24
-42
-50
-57
-73
-78
-94
-109
-128
-144
-154
-155
-142
-136
-122
-118
-114
-109
-108
-123
-123
-119
-127
-119
-111
-92
-73
-61
-40
-10
24
32
54
77
85
105
120
124
129
140
139
121
106
92
67
58
46
32
14
-3
-7
0
-10
-23
-33
-52
-69
-80
-103
-107
-120
-136
-132
-138
-133
-129
-121
-118
-116
-105
-100
-96
-71
-59
-53
-32
-31
-35
-44
-49
-40
-29
-23
-30
-27
-16
-14
-6
6
28
46
71
86
92
115
134
138
144
157
166
176
180
194
187
189
189
188
186
174
172
166
155
133
128
120
113
110
98
78
70
73
61
49
37
22
8
-3
-26
-30
-42
-51
-68
-81
-94
-123
-151
-172
-180
-183
-191
-197
-200
-200
-199
-194
-173
-149
-126
-114
-114
-104
-98
-85
-82
-77
-53
-35
-12
3
12
18
34
52
60
56
60
70
73
82
91
92
98
105
99
100
92
94
93
73
60
46
45
39
25
22
12
1
-7
-20
-28
-36
-45
-49
-56
-48
-59
-65
-66
-81
-84
-94
-91
-88
-82
-69
-55
-36
-18
-4
14
24
36
46
59
62
65
67
66
59
49
42
36
34
33
22
26
28
19
29
35
32
24
28
31
42
35
28
23
7
-3
-12
-16
-22
-30
-38
-38
-37
-48
-54
-75
-88
-96
-107
-114
-113
-104
-109
-108
-111
-104
-91
-79
-70
-58
-46
-33
-21
-17
1
21
35
40
45
67
63
60
65
81
86
95
108
117
131
128
126
130
140
136
129
129
125
118
106
98
88
71
63
59
48
37
22
9
4
3
-11
-21
-30
-42
-54
-61
-59
-63
-73
-74
-87
-97
-95
-85
-86
-100
-99
-101
-100
-98
-91
-88
-59
-48
-38
-21
-15
2
5
16
17
16
20
22
30
35
40
53
51
50
54
54
58
51
41
32
38
28
21
27
23
27
32
24
21
16
11
2
-4
-3
-5
-11
-21
-30
-35
-37
-45
-56
-64
-76
-80
-84
-107
-99
-105
-110
-109
-104
-89
-80
-71
-61
-45
-31
-23
-11
-2
16
20
26
32
37
41
41
41
49
48
34
32
28
37
39
42
46
52
52
42
54
55
53
45
46
42
22
22
16
-3
-3
-9
-15
-15
-16
-6
-11
-23
-17
-12
-19
-17
-10
-2
16
24
22
26
16
19
15
15
23
33
41
43
44
52
56
68
70
60
63
59
52
36
28
25
24
19
16
15
18
29
31
32
27
24
18
18
8
2
-13
-20
-18
-33
-48
-63
-63
-76
-86
-87
-99
-107
-116
-104
-101
-110
-111
-111
-112
-110
-112
-120
-115
-119
-115
-104
-102
-88
-74
-58
-40
-33
-22
-5
5
8
4
19
35
63
71
81
107
113
128
114
105
118
113
114
124
118
116
111
109
113
100
90
81
79
67
55
46
36
26
15
28
25
24
36
43
33
42
51
43
30
13
9
-3
-16
-28
-40
-38
-27
-17
-23
-35
-38
-50
-57
-67
-72
-75
-82
-95
-85
-69
-56
-51
-38
-27
-29
-12
-22
-21
-9
-9
-2
0
-2
-1
8
11
7
6
-2
-5
-7
-9
-6
-20
-26
-31
-30
-31
-38
-30
-24
-11
0
4
8
-10
-11
-17
-27
-29
-43
-48
-57
-57
-71
-84
-80
-81
-69
-65
-58
-53
-34
-31
-21
-2
6
5
7
8
11
10
17
8
3
13
20
34
51
72
86
94
93
87
70
68
76
77
86
90
99
106
99
108
99
86
78
75
78
90
96
106
102
104
108
99
86
69
66
49
42
30
8
2
-12
-25
-23
-28
-25
-23
-42
-52
-61
-72
-74
-84
-105
-108
-123
-130
-144
-147
-158
-174
-169
-152
-137
-125
-127
-113
-107
-109
-102
-85
-70
-68
-50
-44
-42
-44
-36
-36
-29
-24
-28
-22
-26
-11
0
14
28
33
32
27
20
14
18
24
26
41
61
56
61
67
63
61
72
74
79
70
73
82
82
93
89
93
89
82
72
66
64
52
44
40
37
38
37
27
18
23
23
11
7
12
18
19
30
27
29
17
6
20
19
15
5
16
31
37
45
60
49
51
46
36
38
31
26
23
16
5
-4
-26
-28
-42
-58
-75
-99
-118
-114
-112
-113
-110
-106
-115
-109
-109
-103
-106
-114
-112
-119
-121
-122
-126
-124
-111
-109
-94
-86
-81
-67
-59
-52
-36
-13
1
34
49
64
70
70
71
72
79
70
77
82
86
94
93
85
82
79
76
79
80
73
70
66
58
53
54
49
40
36
33
45
44
32
34
34
44
38
29
32
41
33
30
42
28
27
31
21
17
16
12
0
-10
-17
-23
-23
-29
-33
-34
-22
-12
6
11
14
20
11
15
31
15
11
17
1
17
19
17
21
12
3
-3
-20
-26
-32
-44
-58
-65
-61
-77
-68
-71
-65
-65
-81
-84
-100
-110
-119
-123
-113
-105
-100
-105
-105
-110
-105
-105
-104
-97
-87
-75
-78
-74
-75
-53
-41
-33
-19
-3
5
16
34
50
62
73
84
82
96
102
114
128
123
133
146
144
135
122
118
99
89
88
82
82
85
79
83
93
67
69
62
45
33
23
17
-2
-11
-28
-38
-43
-47
-59
-61
-67
-65
-63
-69
-54
-60
-50
-36
-39
-44
-39
-38
-45
-44
-32
-25
-25
-12
2
12
24
40
54
63
75
92
85
98
106
105
113
104
99
92
79
66
49
46
32
21
4
-9
-18
-39
-41
-46
-62
-65
-72
-89
-101
-111
-110
-117
-124
-130
-123
-126
-136
-131
-130
-127
-135
-131
-130
-118
-114
-104
-91
-87
-79
-64
-48
-34
-19
-16
6
14
22
32
49
67
83
90
108
132
162
173
174
175
163
170
162
165
159
140
117
101
80
66
56
35
13
5
6
-7
-16
-20
-22
-47
-66
-86
-101
-109
-111
-109
-103
-88
-92
-91
-77
-67
-70
-79
-71
-80
-82
-71
-48
-27
-22
-11
-10
-15
-7
8
18
40
61
82
99
113
113
116
115
107
102
113
116
114
119
103
93
86
81
78
75
62
38
29
22
11
-7
-10
-11
-14
-23
-27
-29
-60
-69
-90
-104
-99
-97
-99
-102
-96
-105
-97
-98
-96
-101
-97
-87
-84
-76
-77
-68
-54
-52
-46
-35
-33
-22
-16
-11
13
27
44
47
61
75
78
87
100
95
90
93
80
60
57
53
38
23
7
5
-5
-1
-1
-4
-3
-7
-15
-43
-59
-66
-68
-76
-77
-78
-73
-73
-63
-59
-63
-70
-75
-64
-51
-45
-46
-42
-41
-32
-20
-8
6
23
38
45
49
56
83
85
93
102
107
115
117
131
126
110
109
112
115
119
115
108
104
99
84
63
54
46
40
37
25
26
29
13
2
-3
-21
-26
-41
-58
-80
-83
-88
-98
-106
-124
-139
-137
-127
-112
-103
-106
-99
-94
-81
-82
-79
-73
-72
-65
-63
-64
-51
-50
-58
-57
-58
-34
-8
17
40
60
71
85
90
88
91
98
107
99
107
110
114
106
93
92
92
75
53
38
23
8
-12
-23
-42
-50
-64
-66
-72
-88
-94
-101
-94
-95
-101
-98
-93
-83
-86
-76
-62
-51
-40
-40
-36
-28
-13
-12
-12
-11
-7
-1
6
11
2
19
22
30
39
63
72
84
97
106
121
131
135
131
136
137
129
138
135
123
113
101
85
68
54
32
12
8
0
-10
-17
-28
-37
-50
-58
-77
-70
-69
-67
-74
-82
-104
-116
-119
-126
-119
-116
-109
-103
-101
-111
-100
-84
-80
-81
-64
-37
-24
-5
-2
6
14
20
27
37
56
72
89
94
104
102
92
96
86
84
87
90
90
99
105
93
87
66
43
33
11
-1
-11
-34
-46
-63
-81
-82
-83
-88
-95
-98
-98
-110
-105
-114
-117
-116
-117
-110
-104
-101
-99
-89
-78
-68
-63
-58
-49
-39
-22
-10
3
17
41
55
71
85
90
106
116
116
136
147
133
125
116
110
108
98
92
84
83
77
64
68
75
58
43
27
19
6
-18
-29
-40
-46
-64
-64
-67
-70
-74
-80
-84
-86
-68
-68
-73
-71
-69
-64
-70
-53
-52
-51
-42
-37
-31
-36
-24
-8
-2
-4
-5
-4
4
15
26
41
54
68
80
94
100
112
123
129
127
129
125
107
103
92
88
80
80
68
62
44
21
10
7
-18
-30
-37
-57
-68
-78
-85
-95
-105
-114
-118
-121
-129
-124
-115
-103
-99
-95
-93
-95
-79
-79
-79
-86
-83
-62
-59
-54
-52
-41
-42
-30
-20
-24
-16
4
24
31
41
46
51
57
72
92
102
107
98
105
99
98
101
97
93
79
74
69
59
53
40
22
18
8
6
2
1
-5
-15
-24
-39
-40
-35
-32
-35
-22
-24
-26
-34
-56
-63
-66
-67
-56
-45
-41
-37
-35
-26
-23
-15
-9
-2
4
6
9
11
14
15
32
37
38
47
45
43
48
57
45
47
49
45
38
36
18
19
10
-4
-10
-22
-19
-23
-17
-33
-35
-53
-50
-35
-48
-35
-29
-29
-41
-49
-36
-45
-47
-39
-40
-41
-45
-50
-46
-47
-46
-41
-35
-34
-26
-10
-1
-4
5
9
13
26
30
43
49
60
79
94
99
103
109
114
119
102
99
94
77
79
69
64
53
48
37
35
30
13
-3
-13
-10
-18
-25
-36
-30
-34
-34
-49
-60
-61
-72
-76
-70
-67
-67
-64
-51
-49
-54
-59
-47
-44
-39
-38
-30
-32
-33
-19
-11
7
4
10
14
14
24
33
43
41
40
41
39
22
22
23
18
24
34
37
27
28
23
17
6
10
1
-11
-13
-11
-10
-4
-5
-8
-16
-18
-29
-35
-25
-18
-10
-17
-25
-25
-33
-32
-35
-35
-34
-31
-27
-31
-29
-36
-43
-43
-33
-38
-26
-16
-9
-10
-14
-14
-8
-2
0
16
23
36
35
38
38
41
55
49
56
60
47
46
43
31
28
23
27
21
17
19
4
-10
-9
-7
-6
0
-6
1
15
13
7
-2
-10
-27
-38
-43
-49
-41
-34
-25
-30
-34
-35
-43
-48
-51
-47
-48
-44
-36
-25
-13
-7
5
18
29
28
22
30
40
40
42
53
58
51
56
54
48
41
48
53
36
29
25
21
12
12
11
11
12
28
19
11
11
6
7
7
3
1
3
-8
-11
-23
-38
-51
-46
-55
-52
-65
-73
-77
-76
-57
-42
-22
-20
-13
-6
-1
5
4
17
27
39
45
62
70
60
65
63
67
81
83
73
74
61
56
54
48
42
38
24
12
6
-5
1
7
-2
-11
-12
-13
-26
-32
-39
-38
-47
-53
-62
-67
-79
-88
-77
-85
-85
-83
-89
-82
-85
-96
-106
-95
-93
-94
-80
-75
-76
-80
-79
-80
-79
-73
-69
-49
-33
-21
-10
-2
21
31
41
48
63
81
80
85
88
101
98
102
107
114
115
110
115
102
111
112
115
112
101
101
110
100
102
90
71
65
54
42
22
9
-5
-13
-14
-33
-56
-67
-81
-67
-58
-62
-67
-77
-78
-77
-79
-84
-88
-85
-84
-87
-73
-70
-54
-49
-49
-33
-17
-4
10
24
46
52
55
60
58
58
58
50
54
54
52
53
47
43
39
43
36
25
23
22
25
24
27
24
25
21
13
1
-5
-12
-29
-38
-42
-38
-36
-43
-45
-45
-64
-63
-62
-59
-64
-81
-90
-88
-87
-79
-85
-85
-80
-92
-89
-89
-75
-84
-79
-60
-57
-51
-45
-37
-34
-30
-21
-3
16
29
39
41
54
62
59
70
80
80
89
91
89
88
77
71
69
62
66
61
49
53
44
30
30
40
41
38
37
27
11
2
-7
-13
-10
-14
-13
-14
-10
-2
8
3
-3
-11
-2
15
10
7
9
14
11
16
13
27
26
23
26
27
30
33
21
13
9
11
10
4
2
0
-3
-7
-17
-33
-32
-29
-27
-26
-32
-34
-40
-47
-61
-62
-57
-55
-42
-31
-43
-58
-55
-62
-66
-62
-60
-57
-49
-45
-29
-19
-3
20
36
57
57
68
70
69
71
71
81
85
87
89
84
92
101
98
98
86
84
82
86
75
65
64
48
43
29
12
2
-2
-8
-15
-23
-43
-46
-37
-57
-67
-84
-95
-96
-106
-117
-130
-132
-123
-139
-153
-153
-162
-165
-159
-147
-150
-138
-131
-123
-95
-79
-56
-51
-33
-13
-7
-3
1
13
24
30
41
48
58
71
78
89
97
100
102
96
93
101
101
103
108
115
107
98
99
96
89
79
75
74
74
68
58
48
31
23
18
2
6
5
-4
-9
-8
-16
-24
-24
-37
-39
-36
-42
-49
-54
-61
-52
-46
-46
-31
-31
-19
-4
12
32
38
35
39
37
38
38
27
30
28
24
8
9
17
12
10
20
17
4
10
6
12
12
2
5
7
-3
-5
-15
-31
-38
-45
-47
-48
-57
-62
-58
-63
-54
-61
-55
-47
-52
-44
-49
-60
-60
-55
-54
-37
-28
-24
-10
1
12
20
30
33
39
46
48
57
56
56
58
58
58
63
66
70
72
74
68
63
72
62
64
75
64
48
29
11
11
4
-8
-11
-29
-41
-44
-55
-56
-67
-80
-83
-82
-89
-87
-84
-85
-88
-90
-86
-76
-79
-77
-60
-60
-60
-59
-52
-52
-51
-41
-32
-25
-20
-17
-18
-15
-13
-2
0
15
35
31
26
27
20
12
4
14
19
21
17
18
16
22
34
38
38
42
45
37
32
30
34
32
27
32
28
18
4
10
2
-1
4
9
13
15
16
23
33
37
39
37
32
30
39
45
47
52
48
46
40
46
38
34
36
37
45
41
40
46
50
46
44
36
44
47
40
35
31
20
14
15
12
8
-7
-8
-12
-6
-23
-26
-36
-58
-67
-66
-71
-75
-72
-72
-61
-64
-47
-53
-54
-46
-58
-60
-52
-57
-52
-54
-49
-42
-41
-32
-30
-26
-17
-17
-23
-24
-11
-2
-2
0
3
-8
-17
-12
-31
-30
-28
-24
-24
-23
-24
-22
-17
-19
-23
-16
-4
-5
-3
-6
4
-4
-8
-8
-11
7
2
0
3
4
8
5
17
31
42
49
55
66
61
64
74
69
70
81
80
80
83
77
85
68
60
58
51
41
27
17
15
14
13
7
-10
-7
-5
0
3
6
22
24
24
5
13
17
3
-7
-26
-20
-19
-17
-24
-25
-20
-23
-27
-28
-29
-28
-20
-18
-18
-25
-29
-27
-35
-32
-40
-46
-40
-37
-40
-39
-34
-38
-29
-34
-32
-35
-37
-43
-43
-41
-42
-26
-7
2
1
-5
-12
-3
-10
-14
-13
-31
-15
-6
-4
-4
-3
-2
-6
-3
-5
12
17
14
22
27
29
29
24
16
14
13
19
28
39
48
45
49
50
59
61
57
56
56
40
43
43
34
33
15
15
20
18
11
5
-1
-15
-21
-29
-36
-46
-42
-45
-56
-56
-68
-68
-72
-64
-58
-64
-68
-55
-47
-46
-36
-38
-36
-29
-30
-32
-35
-33
-35
-28
-24
-13
4
9
6
9
16
22
27
23
21
22
25
33
35
38
35
40
41
41
45
50
65
75
84
86
80
77
67
61
56
55
58
61
59
56
46
33
37
24
10
8
12
21
11
14
1
-10
-13
-11
-7
-13
-20
-32
-26
-29
-45
-47
-37
-45
-38
-43
-39
-36
-38
-37
-40
-45
-46
-46
-44
-37
-40
-34
-31
-41
-36
-43
-41
-46
-47
-41
-28
-27
-31
-25
-19
-31
-37
-34
-31
-31
-35
-35
-25
-16
-14
-14
-8
2
2
4
9
17
22
44
42
40
37
36
39
33
37
49
62
65
59
64
64
64
63
57
55
57
57
56
35
23
7
3
4
-5
-4
-14
-19
-20
-22
-15
-7
-16
-30
-27
-21
-15
-13
-5
-1
-12
-7
3
-3
-13
-9
-15
-22
-20
-17
-10
-17
-26
-21
-23
-16
-10
-9
0
-1
-11
-14
-10
-13
-20
-13
-26
-27
-24
-17
-16
-4
6
10
8
4
23
23
28
39
38
33
32
16
13
19
9
8
5
4
13
15
23
25
27
20
15
22
11
1
-5
-9
-10
-11
-22
-29
-28
-32
-40
-35
-36
-40
-31
-25
-7
4
10
24
14
-4
2
1
7
5
9
14
15
24
34
30
21
25
10
8
19
16
10
6
5
-3
5
1
2
2
-5
5
-1
-1
-5
-16
-17
-10
-18
-12
-19
-30
-33
-42
-39
-54
-52
-55
-53
-52
-53
-51
-48
-41
-41
-39
-29
-21
-24
-25
-8
-17
-21
-21
-17
-7
-9
-1
14
21
27
28
33
43
52
57
62
57
52
48
33
28
27
32
25
24
26
31
32
32
50
39
24
24
25
23
25
28
35
30
33
22
14
15
13
17
11
-1
2
-4
0
0
-14
-23
-33
-23
-4
-4
-7
6
3
-3
3
8
11
13
17
14
8
17
13
5
6
13
13
10
2
-9
-20
-14
-1
-11
-12
-20
-27
-24
-27
-27
-35
-45
-43
-41
-31
-25
-23
-21
-20
-14
-22
-29
-29
-42
-43
-51
-58
-61
-59
-60
-56
-57
-52
-50
-41
-33
-36
-29
-22
-11
-2
-2
-1
11
9
20
31
29
30
40
31
29
38
27
32
29
31
38
45
53
56
50
47
50
38
45
54
47
43
49
55
55
50
41
34
36
33
28
26
23
21
21
14
4
0
4
-10
-7
-8
-26
-23
-18
-24
-30
-37
-41
-52
-41
-49
-42
-44
-57
-48
-47
-51
-60
-52
-46
-46
-39
-38
-40
-34
-31
-28
-25
-25
-23
-24
-17
-22
-14
-5
-9
-7
-14
4
9
11
17
18
37
35
44
43
47
46
47
48
47
45
50
49
48
54
50
51
65
61
57
56
37
35
30
30
17
17
16
11
5
-9
-10
-16
-15
-21
-18
-14
-19
-6
-10
-9
2
-8
-9
-6
-5
-5
-8
-5
-12
-9
-8
-8
-10
-15
-27
-27
-22
-19
-14
-16
-7
-2
3
2
10
15
21
18
19
14
9
6
11
9
3
2
-9
-15
-17
-21
-22
-17
-37
-32
-24
-38
-35
-26
-34
-34
-42
-41
-46
-50
-52
-55
-49
-48
-46
-55
-44
-45
-40
-31
-41
-39
-30
-26
-24
-24
-28
-24
-18
-14
-3
-6
-7
-6
4
8
11
19
36
38
33
24
25
33
32
29
21
25
28
17
14
24
17
19
16
14
15
19
26
27
29
40
34
39
40
34
39
36
41
36
34
34
19
28
34
28
28
25
33
31
23
28
22
18
10
4
-4
2
-1
-1
8
9
15
9
9
15
15
17
21
25
11
2
-7
-8
-5
-9
-6
-3
-5
5
3
6
-1
-13
-22
-15
-12
-12
-12
-7
-10
-15
-9
-17
-11
-15
-17
-16
-18
-19
-16
-16
-13
-8
-17
-10
-1
-5
-7
-3
5
-14
-4
-5
-9
-5
2
0
-3
3
-4
-12
-17
-15
-21
-19
-20
-24
-27
-25
-27
-27
-20
-14
-11
-22
-12
-11
-23
-22
-16
-17
-16
-16
-14
-11
-8
-10
-6
-5
-14
-15
-19
-20
-20
-21
-22
-18
-10
-6
-8
-8
-2
2
