SAMPLES:	22071
BITSPERSAMPLE:	16
CHANNELS:	1
SAMPLERATE:	16000
NORMALIZED:	FALSE
35
39
45
52
55
56
59
54
48
35
26
18
9
12
6
-3
-6
-10
-14
-19
-16
-14
-11
-7
-7
-3
6
-1
6
9
0
-2
-2
-9
-11
-12
-16
-18
-16
-19
-24
-21
-17
-8
-16
-13
0
-8
-1
-2
-1
0
-2
-1
0
-1
-4
6
7
14
4
10
11
8
14
10
13
11
10
13
15
17
19
16
14
16
14
13
13
9
8
7
2
1
3
-5
-5
-6
-8
-11
-16
-19
-12
-10
-8
-2
0
5
3
9
11
9
8
12
21
18
23
11
10
9
4
6
2
5
10
7
8
10
6
7
8
8
10
8
5
9
10
6
1
5
7
4
2
8
10
6
1
-2
2
-10
-9
-10
-16
-14
-19
-20
-17
-20
-23
-22
-26
-23
-18
-18
-17
-9
-7
-5
-9
-11
-8
-5
-5
-1
0
-7
-9
-8
-10
-14
-15
-13
-14
-17
-17
-16
-19
-21
-23
-26
-26
-25
-18
-13
-15
-9
-7
-5
-4
-1
8
4
12
10
5
6
9
7
6
8
9
8
6
8
12
13
10
7
10
10
5
10
8
5
2
1
-7
3
4
0
10
8
3
8
14
9
18
13
11
10
6
13
17
18
16
12
2
-3
-2
1
0
2
8
11
8
2
7
1
-1
-9
-9
-9
-8
-7
-9
-2
-5
-4
-6
-10
-15
-10
-8
-3
0
2
3
5
7
11
16
13
14
14
12
15
14
21
19
15
15
14
15
4
3
6
4
5
3
6
7
0
-1
3
-2
0
-4
-8
-2
-4
1
-1
-7
-1
-2
4
9
6
14
14
13
7
7
10
9
9
3
8
8
7
16
9
2
3
3
1
-4
-6
-3
-3
-5
-5
-2
-5
-11
-10
-19
-17
-25
-28
-24
-24
-28
-35
-26
-27
-24
-25
-24
-20
-14
-18
-21
-18
-14
-14
-14
-12
-17
-17
-18
-13
-11
-9
-8
-11
-10
-12
-11
-9
-8
-4
0
-2
-1
0
0
1
0
8
14
17
17
19
18
17
16
17
15
20
16
11
10
13
12
15
12
12
11
9
5
-1
5
-1
7
4
5
6
10
6
10
12
15
15
16
15
5
9
5
5
1
2
5
8
4
1
0
4
1
-2
-4
0
-2
-8
-11
-5
-9
-10
-9
-14
-10
-14
-14
-15
-17
-20
-20
-16
-11
-12
-9
-6
-11
-2
-2
-2
0
-6
-5
-3
-9
-3
-9
-6
-3
-2
4
-3
4
3
4
8
8
8
9
15
14
21
20
27
24
23
23
19
27
24
25
25
24
19
20
10
13
12
4
6
4
8
5
5
3
4
2
0
-3
-4
-11
-9
-7
-6
-7
-1
-4
-7
-9
-6
-3
-10
-7
-15
-12
-16
-20
-20
-17
-20
-18
-16
-16
-13
-19
-18
-22
-19
-19
-22
-16
-16
-8
-6
-6
-3
-8
-6
-12
-9
-7
-3
-4
-3
1
1
0
1
6
0
2
2
-3
2
3
6
11
11
13
15
15
11
18
17
15
9
11
11
5
9
18
16
9
6
13
11
10
4
3
5
4
5
4
10
3
5
5
-5
-10
-10
-7
-13
-14
-12
-15
-17
-20
-22
-18
-14
-18
-18
-20
-19
-14
-13
-8
-7
-7
-7
-9
-8
-9
-12
-3
-1
-3
0
4
8
15
15
16
17
14
11
16
21
16
13
22
21
18
15
15
17
17
23
23
26
25
27
24
21
22
21
13
10
4
1
-2
-4
-6
-11
-7
-5
-6
-1
-3
-5
-7
-10
-13
-14
-15
-12
-11
-15
-13
-13
-17
-17
-17
-20
-22
-24
-25
-24
-22
-22
-26
-25
-20
-21
-19
-14
-18
-17
-15
-11
-11
-13
-8
-12
-4
-13
-13
-10
-9
-6
-4
0
-6
1
0
0
6
5
7
7
13
16
21
16
13
11
14
15
18
23
31
33
33
30
37
35
32
32
28
31
28
23
24
31
26
21
23
25
26
25
24
22
15
10
7
3
0
-6
-9
-9
-13
-18
-16
-13
-14
-18
-17
-18
-18
-20
-23
-16
-20
-26
-22
-23
-22
-20
-21
-11
-15
-15
-15
-8
-14
-18
-16
-19
-19
-18
-17
-20
-22
-19
-16
-14
-17
-11
-15
-11
-13
-11
-10
-9
-6
-8
-1
-3
1
-2
0
-5
-2
-3
4
11
16
15
14
19
22
21
24
24
24
25
20
17
15
18
15
14
16
10
8
11
12
9
15
11
10
11
11
11
7
9
13
10
9
3
12
7
5
9
6
6
4
2
-4
-3
-10
-11
-11
-13
-16
-15
-12
-11
-9
-15
-11
-8
-10
-12
-14
-9
-15
-13
-21
-20
-14
-16
-14
-15
-11
-17
-9
-7
-7
-6
-7
0
2
1
3
4
3
3
5
5
9
9
10
9
2
-2
-6
-6
-3
-8
-5
-5
-6
-9
-9
-10
-13
-16
-13
-10
-6
1
-3
-1
1
2
3
3
2
7
7
7
9
11
11
12
12
19
18
18
20
23
17
16
15
11
9
8
7
4
5
2
3
-1
0
2
1
-2
1
2
3
0
-1
-1
0
9
7
9
4
3
2
1
0
-4
2
-1
0
1
-1
-5
-2
-3
-2
-1
-1
2
2
3
8
4
0
0
0
0
-5
-4
-5
-8
-7
-6
-4
-5
-4
0
0
-6
-6
-5
-10
-6
-11
-9
-5
-6
-6
-10
-10
-12
-14
-17
-15
-10
-12
-7
-5
-1
-3
-2
2
8
6
7
7
4
7
4
5
3
2
0
3
6
7
1
5
8
11
10
12
11
13
8
6
9
2
4
0
2
-2
-1
0
1
1
-4
1
1
3
3
6
6
7
4
6
6
1
3
3
0
0
-6
-7
-10
-13
-14
-17
-13
-18
-22
-19
-21
-24
-22
-23
-21
-21
-15
-12
-12
-7
-4
-4
1
3
-1
-2
-5
0
2
5
11
12
13
14
9
8
10
9
8
10
11
9
10
15
14
13
15
14
13
14
13
12
16
19
20
17
19
19
22
17
15
16
7
6
4
5
2
1
0
-5
-7
-10
-8
-7
-7
-8
-4
-5
-7
-5
-5
-8
-9
-11
-6
-7
-4
-5
-7
-11
-10
-14
-20
-13
-13
-9
-12
-11
-4
-3
-3
-3
-4
0
-2
-4
-3
0
-1
-3
0
1
-3
-6
-3
-8
-11
-7
-5
-5
-4
-1
-1
-1
-1
-7
0
-1
-3
-6
-5
-7
-6
-8
-5
-5
-7
-7
-7
-5
-5
0
1
3
10
8
6
8
10
12
14
13
15
16
9
12
14
6
6
4
2
-3
-3
-2
-1
1
1
0
4
-1
-2
1
1
4
4
7
12
14
13
19
14
14
15
10
11
7
13
10
10
12
15
13
7
14
11
11
10
16
14
9
11
10
5
2
1
-2
-3
-4
-9
-9
-14
-19
-15
-15
-13
-13
-12
-15
-14
-17
-17
-22
-22
-19
-26
-28
-27
-24
-28
-29
-30
-31
-32
-33
-34
-29
-31
-32
-27
-24
-24
-25
-16
-12
-12
-9
-4
1
1
6
8
9
8
4
1
5
2
5
5
10
13
10
12
13
15
16
19
20
19
22
19
22
22
23
25
29
32
34
33
34
37
34
34
36
40
35
30
30
26
24
19
19
17
13
12
9
7
6
8
4
7
7
-2
-5
-7
-6
-7
-8
-6
-6
-4
-8
-7
-8
-8
-8
-7
-8
-12
-13
-13
-12
-14
-20
-20
-24
-22
-22
-26
-26
-26
-26
-28
-26
-30
-29
-28
-25
-23
-23
-19
-14
-12
-15
-12
-10
-8
-7
-4
-1
-1
2
6
6
5
7
12
12
17
16
19
20
16
20
21
19
18
22
22
18
16
17
20
18
17
17
17
14
6
7
6
3
2
-4
-3
-4
-7
-8
-12
-9
-11
-12
-12
-12
-14
-14
-14
-16
-15
-17
-20
-19
-20
-18
-20
-22
-18
-19
-17
-18
-17
-17
-19
-20
-15
-8
-9
-7
-4
2
4
1
2
8
6
6
3
6
6
3
5
6
5
5
9
9
8
10
11
13
11
11
9
11
9
10
14
13
17
18
19
21
18
18
18
16
12
8
10
6
4
11
7
8
7
11
13
10
13
13
15
11
6
8
6
2
-1
-2
-2
-6
-10
-7
-8
-7
-12
-13
-11
-9
-7
-8
-2
-5
-8
-5
-4
-4
-3
-1
-8
-8
-8
-4
-5
-6
-1
0
2
0
3
3
1
-2
-1
-5
-3
-6
-4
-9
-15
-12
-14
-12
-10
-8
-8
-8
-6
-5
-9
-15
-11
-10
-11
-6
-10
-11
-7
-7
-6
-5
-3
-1
-3
-1
-3
-1
1
0
1
0
2
-1
0
0
-1
-1
2
-2
-5
-1
1
0
-1
1
-2
-2
-1
-3
-2
0
-4
0
1
2
3
6
7
8
13
11
11
14
15
14
16
13
10
12
10
9
7
7
11
13
10
11
19
21
22
23
20
24
23
26
21
18
17
15
10
6
4
2
-1
-3
-4
-3
-4
-7
-7
-4
-5
-10
-6
-6
-10
-9
-11
-13
-13
-13
-12
-11
-9
-13
-16
-17
-16
-12
-13
-14
-9
-5
-9
-11
-11
-12
-15
-17
-17
-22
-24
-23
-22
-23
-17
-17
-15
-13
-9
-6
-3
-4
-2
4
2
5
-1
-1
0
-1
3
3
6
6
8
12
7
11
15
14
12
12
12
11
8
8
12
8
6
5
8
8
4
2
5
6
8
9
14
17
16
15
13
10
8
5
5
7
6
9
14
11
14
10
11
14
12
8
5
8
4
6
3
0
-1
0
-1
-3
-3
-3
0
-2
-5
-11
-10
-8
-8
-7
-8
-7
-10
-16
-14
-12
-9
-9
-13
-12
-13
-17
-11
-14
-15
-11
-12
-10
-13
-15
-13
-10
-11
-13
-10
-8
-8
-13
-10
-6
-10
-14
-10
-8
-10
-12
-9
-6
-4
-6
-4
-1
-1
1
1
6
8
10
8
8
10
11
11
14
13
10
12
14
15
14
15
17
12
9
11
11
10
10
5
10
8
7
8
8
11
10
13
13
13
12
13
16
19
16
12
13
13
13
10
9
5
6
6
3
1
5
7
2
0
-2
-4
-6
-9
-7
-8
-10
-9
-12
-16
-18
-17
-17
-15
-15
-15
-16
-15
-10
-10
-12
-9
-9
-10
-14
-13
-14
-15
-14
-15
-13
-14
-17
-15
-16
-19
-21
-17
-15
-16
-16
-16
-12
-13
-14
-16
-11
-7
-10
-4
-3
1
5
8
12
14
16
20
21
19
23
27
26
24
23
25
27
27
32
30
28
25
22
18
16
14
13
9
6
3
3
5
-2
-1
1
4
3
0
2
1
2
-1
-3
-3
-6
-3
-2
-10
-11
-10
-11
-14
-13
-13
-9
-8
-10
-7
-3
0
0
-3
-1
1
-2
-1
-1
-6
-9
-12
-15
-13
-16
-19
-17
-16
-16
-14
-13
-11
-11
-10
-9
-7
-9
-6
-2
0
0
3
7
10
10
10
13
14
16
13
9
10
9
7
7
7
7
3
4
8
6
5
3
6
1
-5
-4
-2
-2
-1
-2
2
6
1
1
6
10
11
11
11
11
10
14
14
16
15
15
15
14
12
10
10
5
1
2
4
2
3
5
6
5
3
4
5
1
-2
-4
-10
-13
-12
-13
-15
-15
-16
-19
-21
-20
-17
-19
-16
-12
-16
-18
-24
-24
-18
-19
-19
-17
-16
-13
-12
-15
-12
-12
-14
-11
-6
1
5
3
5
8
9
7
10
9
9
6
9
14
12
7
6
10
6
7
8
11
10
4
6
7
6
9
11
13
9
7
5
6
9
6
3
6
6
4
4
2
3
3
3
1
2
0
-3
-3
-5
-6
-4
-3
-2
-3
-4
-6
-6
-11
-5
0
2
0
-2
2
0
-7
-6
-4
-7
-5
-8
-6
-4
-7
-9
-8
-3
-7
-8
-7
-1
0
-4
-5
-1
1
-6
0
7
8
3
5
7
11
11
9
11
11
7
8
8
6
5
2
3
2
2
6
7
6
6
5
7
9
4
3
3
5
4
0
2
1
-1
-3
-6
-6
-7
-5
-3
0
0
2
1
-1
0
2
1
-1
2
1
1
3
0
-2
-7
-5
-9
-16
-17
-17
-18
-14
-16
-16
-10
-11
-13
-15
-12
-9
-10
-10
-7
-4
-3
-4
1
1
5
10
7
8
4
6
3
5
4
4
7
7
5
5
5
7
3
5
4
4
3
-1
1
2
4
2
4
3
1
0
0
0
-1
1
-2
-2
-1
-4
-4
-3
-4
-3
-2
-3
0
-1
-1
1
1
0
0
1
5
3
3
3
2
3
3
3
2
3
6
2
3
2
1
4
3
5
3
8
8
9
8
9
10
6
9
12
11
14
14
7
11
12
13
12
12
16
18
15
13
14
16
17
12
8
10
8
4
2
-1
-1
-3
-3
-2
-4
-6
-12
-11
-15
-16
-16
-14
-15
-20
-17
-18
-21
-24
-25
-24
-26
-28
-26
-23
-24
-22
-18
-18
-19
-18
-16
-17
-16
-15
-14
-12
-9
-9
-9
-5
-6
-5
-3
3
4
4
4
7
8
9
9
10
14
12
12
10
10
12
13
13
11
12
14
11
8
9
11
13
7
11
10
8
3
3
4
0
-2
1
0
-4
-2
-2
0
-2
-5
-2
0
-3
-3
-1
2
2
1
2
5
6
3
3
0
-1
-6
-10
-8
-10
-10
-11
-12
-10
-11
-11
-9
-5
-3
0
1
5
5
7
8
10
10
8
13
14
15
15
13
15
14
18
19
16
14
12
12
10
8
9
10
8
4
6
6
6
5
3
5
4
2
1
2
5
6
3
2
1
2
0
1
-3
-4
-2
-5
-5
-5
-4
-7
-8
-10
-10
-11
-10
-14
-15
-16
-16
-11
-15
-18
-18
-17
-19
-20
-22
-20
-18
-19
-21
-19
-16
-15
-11
-11
-10
-4
-3
-4
-2
-4
-4
-4
-7
-3
0
3
4
5
4
9
8
8
10
10
10
8
10
10
10
8
8
11
9
8
9
8
9
6
7
9
6
6
0
4
3
2
5
7
8
7
6
5
7
6
2
2
4
7
6
4
6
4
2
-1
2
3
0
-2
-1
4
5
2
2
2
1
0
2
4
4
5
4
3
1
-1
-2
-4
-8
-5
-1
-3
-5
-3
-4
-4
-5
-7
-5
-5
-7
-5
-2
0
-3
-3
-1
0
-2
-1
0
-1
-1
-5
-7
-8
-10
-9
-8
-8
-8
-10
-9
-9
-9
-10
-8
-8
-4
-1
0
6
8
9
7
10
15
18
18
18
17
21
16
10
8
6
3
-2
-5
-7
-10
-14
-16
-17
-17
-23
-20
-16
-11
-14
-11
-1
3
1
4
13
15
17
20
25
22
18
17
17
17
15
15
10
6
2
-3
-6
-8
-14
-17
-21
-19
-17
-14
-12
-9
-8
-6
-1
5
11
16
20
22
23
22
21
24
23
19
15
11
6
-1
-2
-5
-9
-13
-16
-15
-19
-20
-19
-21
-23
-18
-17
-18
-16
-14
-11
-8
-10
-7
-3
-1
-1
-3
-1
0
2
1
0
0
-1
-3
-6
-7
-6
-5
-8
-10
-9
-7
-5
-2
-1
-1
0
3
6
4
6
10
11
14
15
11
13
14
11
14
14
11
11
7
8
5
4
2
1
0
-1
-4
-2
-3
-6
-5
-5
-3
-4
-4
-4
-3
-1
0
-1
-1
-5
-2
-6
-7
-4
-1
1
-2
-2
-2
-3
-6
-11
-12
-9
-10
-11
-12
-11
-11
-16
-13
-9
-5
-2
-1
2
8
11
7
7
11
8
9
11
15
13
7
7
7
10
7
5
7
9
8
4
4
5
7
7
5
5
8
5
4
7
5
8
7
8
6
6
8
7
3
7
8
4
2
1
1
-4
-8
-7
-2
-1
-3
-2
1
5
3
1
-1
0
-1
-4
-4
-5
-4
-10
-10
-12
-12
-11
-14
-11
-9
-11
-10
-6
-3
0
-1
0
1
3
2
1
-1
0
0
-1
-4
-1
1
3
2
2
-1
-2
2
-2
-2
-4
1
-2
-3
-3
-1
-1
-2
-4
-5
-4
-1
-3
-4
-3
-4
-1
-5
-1
-3
-3
-3
-6
1
1
-1
-2
-1
0
-1
-4
-4
-2
-2
-3
-6
-4
1
2
1
3
4
8
4
2
6
10
11
6
9
10
9
4
7
10
8
7
6
8
10
8
7
7
7
7
8
3
2
7
3
2
-2
0
0
-5
-3
-1
-5
-6
-3
4
9
4
5
3
5
2
0
3
3
0
-3
-2
-1
3
-1
-3
-2
-4
-1
-3
0
2
2
2
-2
-4
1
0
-6
-4
-3
-3
-6
-4
-1
-4
-9
-4
-3
-6
-7
-7
-5
-6
-10
-11
-11
-12
-14
-14
-15
-10
-12
-9
-7
-6
-8
-7
-3
-3
-2
-4
-3
-5
-3
-3
-2
-3
-4
-4
-5
-1
-3
-3
-1
-2
1
1
1
1
4
8
2
2
9
9
9
8
5
7
7
7
7
6
3
3
3
-1
1
6
4
3
5
5
5
3
0
4
6
4
1
3
7
6
4
8
10
13
8
6
11
14
15
15
15
17
20
17
18
20
24
27
16
15
20
17
3
0
4
4
-3
-7
-7
-9
-14
-21
-19
-9
-11
-14
-12
-13
-10
-16
-17
-14
-17
-20
-21
-19
-14
-17
-17
-12
-11
-10
-14
-7
-2
-4
-4
-3
0
-2
-1
-2
-5
-3
-4
-4
-4
-4
-6
-8
-8
-13
-18
-16
-15
-14
-4
0
-1
-6
5
15
16
13
18
18
18
7
10
13
11
9
5
12
10
8
7
8
2
-3
2
1
1
-1
-1
-10
-18
18
47
6
-26
2
12
-6
1
10
-27
-55
0
41
-11
-31
14
6
-7
32
33
-7
-7
30
41
23
17
30
27
22
46
40
9
24
41
29
25
19
30
35
8
3
9
-6
-2
9
0
-11
-46
-156
-203
-86
-29
-148
-235
-189
-170
-172
-90
-72
-254
-290
-49
51
-74
-65
26
-3
31
191
216
95
123
258
246
165
208
262
202
165
179
148
113
124
107
49
-6
-23
8
3
-46
-74
-57
-41
-25
11
24
-9
-17
40
64
44
44
78
67
35
48
42
17
12
-8
-53
-88
-81
-92
-125
-141
-156
-182
-175
-149
-148
-157
-152
-135
-111
-92
-73
-39
-11
14
33
44
55
82
106
108
106
119
127
141
157
132
113
117
110
92
75
86
61
20
50
71
16
-44
-133
-318
-362
-200
-221
-418
-483
-466
-507
-457
-317
-362
-568
-492
-174
-125
-175
-39
24
7
192
428
423
380
489
590
560
541
587
553
444
426
361
241
236
218
106
-8
-101
-124
-77
-101
-169
-176
-138
-73
-6
93
166
173
219
309
365
374
389
413
372
355
338
270
229
179
83
-41
-137
-188
-264
-350
-430
-520
-581
-610
-586
-566
-605
-614
-557
-481
-374
-303
-265
-166
-71
-57
-4
86
152
184
211
199
148
120
125
152
131
24
-51
-54
-56
-11
-43
-164
-202
-195
-144
-38
-50
-88
-31
84
223
274
234
255
422
508
509
495
429
392
129
-218
-88
-87
-486
-576
-540
-867
-1171
-1027
-836
-1165
-1477
-1061
-859
-1140
-795
-289
-463
-413
269
658
606
848
1349
1516
1370
1586
1896
1686
1542
1641
1433
1116
1013
890
670
283
-11
-56
-205
-519
-666
-654
-656
-716
-663
-413
-163
-118
-101
197
472
613
815
959
970
891
856
913
797
582
553
478
64
-151
-153
-339
-542
-719
-894
-991
-952
-809
-817
-948
-928
-716
-394
-204
-206
-218
-47
52
45
244
-24
-842
-713
-59
-540
-1322
-1156
-1025
-1616
-1828
-1252
-1559
-2516
-2005
-1132
-1608
-1906
-1037
-694
-979
-337
504
463
459
1202
1716
1482
1531
2102
2120
1815
1874
1846
1607
1422
1285
1128
766
326
230
275
60
-266
-326
-257
-319
-361
-244
-36
129
194
361
595
708
914
1137
1225
1199
1162
1372
1557
1383
1246
1300
1059
642
705
762
186
-238
-125
-160
-996
-2090
-1966
-1317
-1768
-2340
-2307
-2596
-2892
-2363
-1656
-2045
-2990
-2453
-1099
-928
-1123
-474
-225
-321
578
1532
1287
998
1543
2041
1835
1512
1800
1752
1049
886
850
251
-121
-178
-396
-941
-1473
-1280
-900
-1126
-1274
-966
-625
-412
-20
511
735
925
1488
1892
1863
1970
2365
2454
2233
2134
1957
1648
1610
1601
1202
659
357
-14
-419
-467
-643
-1029
-1296
-1307
-1475
-2460
-3127
-2296
-1771
-2399
-2696
-2524
-2489
-2236
-1489
-1108
-2014
-2575
-1058
188
-305
-333
284
178
473
1593
1976
1402
1204
1872
2178
1631
1569
1847
1247
831
905
537
166
101
-71
-411
-845
-976
-662
-505
-524
-569
-529
-181
270
595
982
1281
1299
1496
2000
2267
2291
2274
2168
2019
1953
2041
2138
1836
995
256
152
316
76
-557
-1151
-1522
-1718
-2210
-3159
-3492
-3052
-2992
-3408
-3584
-3484
-3363
-2891
-2100
-2173
-2954
-2304
-698
-269
-408
-40
205
408
1318
2204
1944
1367
1796
2510
2314
1882
1946
1687
1182
1031
853
573
238
-141
-347
-698
-1080
-853
-489
-646
-877
-641
-192
211
598
1012
1212
1430
2080
2656
2722
2716
2927
3127
3208
3146
2992
2730
2083
1353
1176
896
88
-525
-793
-1292
-1908
-2358
-3295
-4573
-4535
-3620
-3814
-4554
-4511
-4259
-4018
-3113
-2230
-2594
-2903
-1497
-21
146
367
1023
1257
1693
2612
2864
2479
2456
2763
2660
2160
1820
1618
1146
720
362
-326
-682
-900
-1636
-1653
-1117
-1652
-2026
-1240
-834
-919
-391
384
583
733
1789
2654
2324
2359
3268
3390
3084
3527
3653
3147
3164
3199
2264
1277
1281
1339
474
-412
-639
-1083
-1660
-1638
-2435
-4360
-4713
-3397
-3203
-4185
-4562
-4372
-4199
-3389
-2271
-2460
-3260
-2369
-571
-77
-107
440
862
1196
2229
2951
2651
2437
2741
3011
2673
2094
1869
1575
1033
524
-86
-459
-647
-1142
-1539
-1977
-2402
-1932
-1243
-1425
-1678
-1190
-428
186
857
1524
1695
1886
2740
3498
3443
3408
3803
3799
3531
3668
3527
2571
1848
1851
1456
419
-91
-301
-988
-1590
-1768
-2331
-3996
-5048
-4079
-3413
-4281
-4731
-4513
-4527
-3998
-2868
-2449
-3008
-2931
-1358
-10
11
253
975
1123
1690
2876
3109
2794
2858
3010
2965
2615
2255
2083
1533
769
286
-174
-602
-928
-1403
-1938
-2505
-2625
-1972
-1524
-1692
-1603
-1201
-687
381
1443
1746
1829
2337
3216
3989
4357
4439
4189
4186
4875
4589
3093
2773
2985
2070
1210
761
-228
-1054
-1140
-1218
-2828
-5206
-5330
-3956
-4357
-5303
-5360
-5787
-5765
-4342
-3203
-3509
-4204
-3340
-1303
-536
-490
402
865
972
2216
3277
3161
3044
3374
3718
3295
2555
2744
2655
1582
879
386
-299
-701
-960
-1409
-2126
-2782
-3057
-3038
-2041
-1020
-1650
-2133
-1045
250
1183
1987
2312
2057
2411
4225
5466
4635
3964
4713
4876
4036
3957
4007
2780
1792
1619
944
-212
-801
-767
-1797
-4321
-5476
-4511
-4318
-5158
-5681
-6099
-6216
-5365
-4043
-3570
-4318
-4353
-2448
-702
-509
-27
932
1192
1928
3197
3632
3595
3674
3964
4073
3344
2949
3088
2385
1414
784
92
-383
-750
-1239
-1707
-2407
-3114
-2834
-1767
-1611
-2041
-1471
-683
-363
629
1972
2271
1994
2883
4206
4332
4282
4796
4843
4355
3921
3673
3525
2894
2084
1410
439
-241
-472
-989
-1892
-3748
-5423
-4955
-4288
-5105
-5750
-6075
-6431
-5671
-4446
-4117
-4423
-4524
-3297
-1587
-1086
-574
374
516
1277
2778
3145
3289
3654
3793
4077
3837
3285
3353
2994
2083
1504
781
131
-164
-649
-1178
-1679
-2291
-2825
-2668
-1455
-763
-1393
-1342
-356
396
1611
2870
2715
2282
3070
4678
5530
4948
4522
4695
4033
3699
4458
3732
1957
1222
715
-136
-719
-768
-1108
-3186
-5293
-5228
-4649
-4837
-5065
-5590
-6578
-6395
-4617
-3382
-3637
-4238
-3980
-2498
-935
-91
383
411
468
1575
2891
3297
3285
3383
3320
3122
3049
3027
2826
2053
1085
571
47
-499
-656
-1090
-2099
-2792
-2546
-1809
-1521
-1621
-1457
-1077
-506
371
1124
1587
2202
3064
3625
3922
4306
4810
5176
5432
4866
3509
3233
3894
3460
2118
972
73
-266
-291
-820
-2236
-4460
-5594
-4690
-4136
-5089
-5958
-6215
-6054
-5252
-4311
-3882
-4257
-4367
-2765
-1220
-1060
-464
476
548
1131
2410
3008
3050
3242
3576
3488
2998
3003
3145
2459
1733
1188
421
37
-7
-642
-1430
-1671
-2261
-2966
-2013
-462
-845
-1623
-814
152
720
1940
2960
2494
2155
3830
5472
5162
4886
5311
4279
3332
4534
4751
2884
1804
1538
676
-24
-258
-600
-2392
-5027
-5465
-4385
-4524
-5557
-6382
-6795
-6550
-5705
-4478
-3963
-5029
-5227
-2899
-1192
-1381
-789
195
346
1037
2451
3064
2725
2855
3834
3766
2680
2808
3205
2445
1658
1115
384
-289
-791
-890
-1109
-2041
-2501
-2100
-1998
-1579
-605
-647
-952
-260
1006
2446
3149
2971
3292
3921
4813
6143
6284
4940
3881
4211
5131
4689
3033
1977
1235
643
604
148
-1639
-3974
-5161
-4699
-4472
-5418
-6337
-6562
-6395
-6090
-5331
-4447
-4503
-4775
-3455
-1770
-1556
-969
593
898
753
1926
3127
3201
3006
3487
3681
2704
2625
3308
2342
1095
819
402
-338
-973
-1291
-1682
-2817
-3310
-2100
-1761
-2708
-2053
-986
-1176
-448
1048
1733
2049
2609
3778
4423
4386
5459
6130
5006
4376
4906
4944
4235
3275
2474
1792
1025
521
51
-1553
-3888
-4921
-4509
-4624
-5780
-6578
-6657
-6600
-6066
-5262
-5038
-5089
-4584
-3144
-1823
-1560
-818
434
929
1641
2613
3124
3689
3989
3836
3874
3642
3252
3220
2767
1750
857
256
-54
-667
-1403
-1819
-2811
-3566
-2283
-1428
-2697
-2936
-1366
-544
-453
511
1665
1771
2410
4209
4671
4032
4923
6213
5567
4269
4468
4989
4283
3370
2679
1441
515
735
679
-1031
-3840
-5346
-4595
-4116
-5161
-6115
-6750
-7007
-5939
-4498
-4287
-5078
-5114
-3189
-1493
-1342
-587
399
416
1126
2509
3051
3224
3407
3634
3680
3038
2865
3229
2578
1518
815
-17
-476
-659
-1288
-2093
-2766
-2931
-2531
-2283
-2321
-2473
-2264
-970
50
316
1354
2385
2760
3679
4580
4783
5162
5840
5670
4515
4364
5036
4267
3080
2658
1685
710
726
332
-1670
-4034
-4911
-4539
-4553
-5265
-6192
-6890
-6530
-5442
-4780
-4586
-4707
-4525
-2907
-1226
-777
-290
431
1145
2221
3003
3550
3810
3611
3982
4126
3260
2918
2954
2344
1447
570
-141
-639
-1132
-1599
-2075
-2926
-3508
-3192
-2519
-2121
-2026
-1771
-1152
-309
960
2234
2738
2918
3523
4482
5354
5862
5664
4642
4029
4759
4962
3714
2644
1704
743
564
416
-1088
-3875
-5452
-4558
-4232
-5663
-6475
-6751
-6983
-6132
-4916
-4603
-5162
-4923
-2753
-1119
-1191
-403
915
1198
2107
3625
3938
3683
3955
4565
4487
3460
3190
3443
2433
1449
1053
-18
-828
-883
-1403
-2360
-3084
-2947
-2602
-3155
-2923
-1751
-1752
-1551
13
839
1234
2519
3474
3627
3937
4950
6084
5835
4584
4300
4521
4299
4068
2995
1301
721
777
259
-942
-3431
-5325
-4811
-4310
-5133
-6053
-6865
-6925
-5867
-4935
-4685
-4960
-4888
-3320
-1387
-870
-590
426
1090
1903
3219
3747
3847
4030
4128
4333
3901
3158
3061
2684
1775
878
-83
-619
-809
-1276
-2074
-2854
-3168
-2952
-2623
-2479
-2213
-1886
-1599
-758
533
1623
2264
2678
3370
4270
4992
5931
6211
4960
4126
4714
5034
4365
3086
1752
1074
773
448
-358
-2695
-5247
-5260
-4299
-4983
-6267
-6805
-6702
-6407
-5740
-4509
-4424
-5447
-4092
-1472
-1231
-1215
388
1252
1468
2562
3714
3905
3612
4150
4762
3771
2966
3402
2814
1596
1137
193
-796
-738
-1088
-2102
-2823
-3092
-2991
-2690
-2481
-2539
-2831
-2275
-485
730
1120
1719
2396
3238
4475
5417
5799
5667
4910
4793
5455
5268
4282
3342
2237
1503
1401
1015
-132
-2404
-4559
-4670
-4152
-4775
-5598
-6475
-6971
-6301
-5308
-4484
-4349
-5001
-4221
-2046
-1139
-773
212
701
1259
2547
3543
4003
3911
3890
4326
3929
3179
3392
3106
1934
1003
35
-450
-506
-1422
-2369
-2719
-3183
-3329
-2997
-2791
-2859
-2902
-2088
-886
-325
616
1952
2462
3008
4099
4929
5586
5784
4966
4586
5011
4973
4437
3548
2431
1588
1020
694
-14
-2390
-4729
-4639
-4098
-4987
-6021
-6517
-6627
-6299
-5538
-4560
-4556
-5038
-3628
-1583
-1311
-873
619
1127
1530
2759
3594
3895
4007
4341
4569
3830
3202
3444
3028
1856
924
429
233
-650
-1895
-2163
-2269
-2916
-2988
-2627
-3033
-3546
-2764
-1106
-448
-623
209
1539
2389
3406
4357
4636
4850
5063
4944
4975
4977
4527
3739
2826
2222
1939
1388
376
-1301
-3426
-4257
-3760
-4292
-5672
-6354
-6768
-6650
-5515
-4861
-5107
-5243
-4416
-2613
-1485
-1174
-126
775
1189
2509
3522
3615
4130
4644
4684
4451
3802
3590
3661
2581
1404
1213
764
-236
-1039
-1561
-1960
-2338
-2695
-2852
-3058
-2963
-2169
-1584
-1464
-981
40
1200
2210
2766
3100
3789
4844
5061
4375
4355
4695
4216
3527
2987
2258
1738
1233
513
-835
-3110
-4404
-3834
-3977
-5279
-6175
-6529
-6383
-5817
-5073
-4750
-5182
-4933
-2939
-1401
-1253
-497
681
1187
2077
3469
4152
4092
4223
4751
4754
4135
3979
3755
2709
1695
1352
1076
97
-923
-1265
-1740
-2368
-2239
-2198
-2960
-3243
-2420
-1485
-1125
-916
-427
522
1855
3054
3513
3372
3829
4616
4449
4251
4452
3848
2887
2560
2371
1634
554
22
-787
-3111
-4700
-4097
-4090
-5445
-6011
-6284
-6735
-6033
-4639
-4309
-5168
-4990
-2865
-1383
-1062
53
843
822
1998
3682
4120
4037
4409
4862
4684
3994
3897
3798
2652
1833
1703
962
-256
-969
-1133
-1494
-2136
-2229
-2198
-2747
-2628
-1492
-904
-1061
-633
478
1403
2223
3209
3766
3737
4290
4976
4459
4080
4466
3902
2856
2432
1779
977
463
-215
-1717
-4009
-4958
-4130
-4490
-6035
-6478
-6526
-6779
-5869
-4547
-4714
-5409
-4357
-2175
-1226
-1011
303
1336
1360
2499
4044
4117
4044
4787
5093
4308
3773
4141
3667
2285
1880
1571
214
-779
-926
-1274
-1956
-2397
-2721
-3065
-2767
-1813
-1298
-1356
-990
-90
875
2079
3080
3268
3595
4560
5137
4641
4163
4573
4565
3478
2528
1954
1402
829
270
-943
-3564
-5345
-4341
-3928
-5798
-7030
-7114
-7124
-6413
-5167
-4826
-5680
-5454
-3066
-1316
-1246
-301
1059
1350
2399
4056
4368
4411
4993
5339
5177
4477
4216
4087
3128
2497
2014
676
-312
-658
-1119
-1741
-2528
-2938
-3111
-3385
-2848
-1788
-1546
-1563
-857
335
1565
2682
3400
3663
3992
4799
5355
4993
4833
4804
3956
3175
2864
2117
1150
403
-525
-2646
-4738
-4591
-4331
-5891
-6848
-6991
-7600
-7296
-6001
-5400
-5885
-5793
-3830
-2175
-1856
-635
768
940
2054
3988
4575
4656
5170
5735
5773
5171
4884
4640
3532
3000
2937
1475
36
-420
-943
-1459
-2050
-2641
-3123
-3748
-2999
-1721
-1993
-1914
-826
-208
933
2567
3220
3485
3945
4895
5415
4768
4824
5319
4244
3365
3314
2376
1437
1051
-152
-2391
-4422
-4627
-4199
-5553
-7008
-7335
-7941
-7705
-6259
-5803
-6441
-6420
-4592
-2469
-1917
-1196
260
782
1725
3766
4644
4517
4955
5683
5884
5366
4917
4704
3762
3041
2922
1693
194
-344
-923
-1631
-2123
-2697
-3158
-3590
-3378
-2447
-2119
-2139
-1469
-378
882
2114
2902
3495
4138
4872
5367
5033
4872
5369
5074
4019
3417
2749
2059
1591
651
-1295
-3715
-4500
-3985
-5024
-6704
-7054
-7566
-7925
-6830
-5890
-6297
-6728
-5342
-3160
-2481
-1852
-49
742
1126
3070
4412
4424
4906
5628
5805
5584
5180
4862
4156
3381
3155
2081
560
19
-757
-1624
-1814
-2576
-3607
-3797
-3643
-3070
-2349
-2271
-2116
-1280
172
1803
2621
2885
3769
4783
5304
5531
5454
5413
5239
4606
4216
3754
2701
1789
1096
-568
-2916
-4006
-3828
-4456
-6095
-7253
-7570
-7540
-7097
-6396
-6509
-7113
-6087
-3835
-2645
-2180
-1178
-65
1083
2684
3945
4482
4741
5232
5884
5888
5433
5112
4462
3933
3499
2300
1224
663
-278
-1124
-1762
-2517
-2989
-3509
-3744
-3085
-2754
-2813
-2150
-1304
-450
814
1870
2538
3068
3947
4983
4939
4758
5362
5122
4310
4301
3889
2804
2076
1513
-5
-2341
-3399
-3269
-4279
-5682
-6179
-6997
-7518
-6745
-6026
-6322
-6845
-6043
-4290
-3221
-2350
-1065
-534
177
2123
3567
3907
4310
4921
5463
5446
5107
5102
4675
3975
3453
2324
1207
703
-7
-851
-1652
-2613
-3280
-3397
-3287
-3102
-2978
-2905
-2438
-1393
-297
814
1776
2289
2956
3868
4467
4660
4925
5265
4974
4381
4151
3858
3207
2357
1542
-76
-2453
-3112
-2635
-3831
-5557
-6280
-6866
-6967
-6156
-5559
-6102
-6828
-5665
-3488
-2699
-2369
-1222
-403
461
2359
3503
3583
4143
4850
5255
5168
4727
4710
4534
3843
3204
2028
997
794
108
-952
-1789
-2703
-3434
-3314
-2675
-2707
-3334
-3152
-2078
-1170
-166
980
1470
1738
2809
4070
4264
3965
4362
4942
4598
4095
3979
3429
2735
2185
1557
49
-2540
-3607
-2671
-3224
-5249
-6264
-6634
-6542
-5825
-5191
-5398
-6438
-5803
-3104
-1800
-1981
-1205
-250
669
2352
3679
4039
4035
4313
5260
5372
4356
4296
4518
3634
2635
1835
1053
542
-111
-817
-1806
-3098
-3380
-2777
-2706
-3047
-3308
-3004
-2015
-1028
-142
672
1052
1699
2976
3672
3589
3732
4209
4505
4165
3729
3585
3108
2369
1786
716
-1103
-2664
-3136
-3133
-4206
-5717
-6066
-5958
-6162
-5751
-5028
-5325
-5659
-4368
-2596
-1979
-1451
-248
624
1378
2766
3942
4237
4355
4848
5298
5011
4483
4544
4391
3371
2345
1671
1020
323
-381
-1107
-1941
-2865
-3308
-2928
-2714
-3036
-2976
-2634
-1956
-842
95
782
1332
1777
2729
3685
3529
3591
4283
4120
3666
3694
3359
2783
2224
1326
282
-1505
-3150
-3012
-3264
-4897
-5816
-6181
-6469
-5862
-5291
-5255
-5458
-5367
-3757
-1845
-1435
-885
58
663
2215
3773
4167
4517
4729
5020
5638
5083
4278
4672
4316
2916
2145
1562
816
9
-753
-1321
-2583
-3681
-2962
-2378
-3178
-3383
-3041
-2772
-1733
-545
114
524
1038
2068
3057
3097
3094
3569
3624
3474
3379
3116
2846
2291
1462
893
-230
-2238
-3410
-3473
-3807
-4916
-5738
-5935
-6216
-6010
-4990
-4520
-4989
-4658
-3010
-1665
-873
135
810
1307
2750
4123
4761
5176
5255
5358
5600
5211
4791
4974
4241
2692
1927
1516
700
-37
-730
-1700
-2856
-3366
-2796
-2547
-3002
-3022
-2747
-2322
-1293
-173
444
798
1279
2020
2805
3091
2984
3172
3177
2761
2676
2600
1964
1329
884
44
-1743
-3515
-3765
-3628
-4603
-5814
-6115
-6323
-6463
-5520
-4560
-5043
-5299
-3775
-2001
-1107
-298
609
1124
1939
3639
4904
5111
5157
5520
5763
5536
5275
5261
4889
3687
2496
2015
1584
766
-4
-863
-1983
-2922
-2867
-2378
-2758
-3060
-2597
-2422
-1906
-661
229
803
1290
1785
2461
2860
2980
3296
3233
2878
2689
2308
2040
1784
844
-59
-587
-2288
-4199
-4353
-4239
-5303
-6218
-6424
-6628
-6575
-5470
-4381
-4820
-5154
-3477
-1477
-668
265
1209
1418
2536
4431
5185
5388
5537
5632
5948
5761
5321
5410
4776
3457
2669
1990
1287
766
-84
-1114
-2074
-2785
-2697
-2356
-2502
-2676
-2762
-2369
-1190
-166
569
1266
1420
1763
2900
3315
3016
3090
3022
2568
2207
2011
1729
972
119
-520
-1860
-3821
-4787
-4613
-4990
-6290
-7078
-6905
-6900
-6667
-5557
-4987
-5420
-4825
-2796
-1316
-641
423
1477
2016
3207
4864
5589
5611
5856
6061
5826
5523
5764
5727
4334
2898
2490
2014
1329
755
-276
-1696
-2688
-2502
-1660
-1816
-2603
-2664
-2204
-1319
-44
719
991
1283
2041
3228
3686
3209
3154
3420
3218
2831
2399
1851
1419
864
-124
-1060
-2644
-4768
-5269
-4745
-5633
-6999
-7390
-7249
-7083
-6498
-5308
-5070
-5841
-4615
-1874
-981
-633
836
1562
2160
3971
5511
5897
5607
5603
6305
6063
5424
5979
5455
3453
2728
2501
1642
931
149
-1040
-2403
-2831
-1804
-1489
-2596
-2848
-2295
-1840
-574
625
596
839
1959
3112
3692
3416
3224
3486
3472
3337
2881
1902
1443
1220
276
-706
-2009
-4094
-5149
-4910
-5369
-6755
-7573
-7556
-7413
-7148
-6113
-5389
-5906
-5219
-2873
-1594
-1106
342
1416
1925
3248
4768
5570
5752
5934
6281
5936
5481
6090
5901
4243
3180
2619
1766
1270
610
-754
-2138
-2610
-1965
-1680
-2340
-2579
-2281
-1902
-757
363
511
1071
2235
2950
3499
3863
3669
3744
4135
3957
3196
2496
2178
1681
832
12
-1153
-3349
-4935
-4891
-5150
-6424
-7158
-7440
-7887
-7584
-6488
-5749
-6085
-5905
-3966
-2370
-1629
-273
883
1400
2667
4238
5085
5488
5760
6203
6144
5559
5765
6001
4892
3695
2829
1847
1328
704
-424
-1667
-2668
-2517
-1880
-2400
-2906
-2609
-2225
-1286
-197
221
696
1834
2962
3582
3718
3524
3822
4466
4439
3723
2820
2279
2015
1515
677
-608
-2665
-4371
-4656
-4873
-5858
-6887
-7684
-8077
-7671
-6793
-6191
-6169
-6065
-4860
-3123
-1834
-556
484
1063
2282
3897
4916
5620
6093
6153
6071
5982
6101
6186
5418
4128
3159
2244
1435
975
58
-1428
-2377
-2427
-2274
-2434
-2702
-2687
-2490
-1889
-664
260
575
1511
2741
3177
3617
3939
3712
4106
4604
3929
3026
2602
2184
1759
1023
-173
-2002
-4208
-4784
-4193
-5197
-6819
-7461
-8058
-7883
-6631
-6015
-6246
-6526
-5490
-3184
-1758
-1127
14
704
1610
3627
4887
5251
5673
5858
6049
6118
5905
6191
5774
4238
3280
2487
1512
1135
285
-1144
-2273
-2867
-2470
-2185
-2775
-2901
-2670
-2298
-1031
34
347
1142
2321
3053
3556
3754
3747
4208
4565
4181
3327
2663
2553
2243
1189
313
-1207
-3918
-4724
-3731
-4666
-6655
-7411
-7742
-7644
-6827
-6051
-5997
-6584
-5809
-3298
-1877
-1388
-107
651
1439
3281
4540
5258
5758
5663
5999
6192
5654
5965
5967
4379
3089
2297
1701
1298
144
-1226
-2062
-2720
-2778
-2423
-2625
-3057
-3006
-2315
-1302
-573
53
1052
1966
2604
3315
3544
3503
4044
4471
3904
3030
2654
2533
2189
1335
284
-1627
-3882
-4239
-3677
-4667
-6317
-7282
-7709
-7421
-6510
-5724
-6025
-6622
-5414
-3215
-1950
-981
-17
396
1499
3447
4639
5163
5621
5887
5931
5765
5876
6165
5565
4481
3560
2365
1630
1537
599
-1087
-2088
-2316
-2384
-2414
-2546
-2787
-2886
-2292
-1178
-474
-126
921
2075
2607
3147
3297
3190
3959
4448
3628
2681
2406
2362
1980
1010
128
-1590
-4099
-4406
-3537
-4821
-6554
-6906
-7324
-7646
-6690
-5450
-5681
-6496
-5097
-2808
-2173
-1212
645
1062
1463
3417
4955
5350
5593
6080
6276
5638
5483
6141
5531
4141
3304
2387
1372
785
166
-902
-2128
-2600
-2503
-2720
-2829
-2610
-2535
-2257
-1541
-716
104
1030
1997
2543
2746
2941
3206
3762
4246
3653
2636
2372
2279
1867
1180
79
-1979
-4201
-4508
-3761
-4758
-6330
-6947
-7513
-7435
-6286
-5510
-5816
-6078
-4733
-2674
-1696
-685
721
1297
2322
4035
4969
5583
6126
6267
6457
6136
5570
5763
5430
4309
3249
2030
1258
733
-251
-1237
-2203
-2934
-2842
-2708
-2908
-2928
-2741
-2181
-1293
-580
7
993
2021
2725
3195
3053
3050
3794
4188
3605
2804
2216
1972
1690
983
-241
-2601
-4554
-4325
-4015
-5364
-6717
-7451
-7813
-7255
-6260
-5867
-6376
-6382
-4347
-2293
-1884
-970
495
1302
2724
4347
4997
5370
5930
6600
6688
5982
5905
6027
5097
4339
3703
2302
1313
823
-95
-1368
-2285
-2491
-2478
-2861
-3053
-2863
-2703
-1987
-986
-547
-69
1079
2135
2935
3328
2979
3141
4107
4360
3662
3006
2434
1997
1719
1335
-204
-3116
-4488
-3664
-4073
-5670
-6312
-7291
-8096
-7011
-5743
-5873
-6543
-5932
-3944
-2583
-1709
-315
358
988
2974
4460
4940
5636
6114
6309
6417
6102
6208
6064
4993
4153
3344
2229
1454
650
-507
-1590
-2402
-2635
-2667
-2987
-3173
-3078
-2759
-2226
-1431
-662
-40
948
1891
2518
3033
3000
3153
4094
4071
3191
2962
2749
2170
1686
1186
-412
-3136
-4235
-3467
-4169
-5943
-6560
-7231
-7894
-6903
-5852
-6315
-6847
-5831
-3903
-2676
-1849
-638
210
1252
3215
4494
4995
5550
6070
6608
6679
6275
6278
6131
5312
4403
3522
2718
1799
749
-265
-1416
-2187
-2274
-2548
-3074
-3169
-3002
-2711
-2139
-1480
-866
-158
875
1804
2210
2390
2668
3144
3797
3850
3005
2603
2655
2198
1673
987
-993
-3473
-3915
-3067
-4058
-6025
-6660
-7062
-7478
-6694
-5745
-6262
-6995
-5665
-3488
-2641
-1908
-564
90
1143
3087
4420
4939
5353
5938
6378
6284
6295
6509
5882
4984
4339
3434
2695
2092
971
-392
-1410
-1659
-1701
-2372
-2816
-2753
-2838
-2412
-1543
-1253
-970
53
1080
1643
1940
2021
2215
2983
3657
3298
2608
2284
2276
2039
1557
458
-2104
-3912
-3147
-2915
-4800
-6007
-6439
-7285
-6999
-5683
-5577
-6737
-6497
-4334
-3068
-2678
-1175
-78
19
1593
3679
4340
4734
5489
5801
5669
5843
6554
6497
5239
4364
3902
3256
2845
2066
445
-832
-1121
-1192
-1561
-2155
-2549
-2541
-2200
-1633
-1254
-1105
-486
592
1240
1636
1772
1574
2103
2983
2837
2262
2077
1844
1522
1300
586
-1437
-3564
-3587
-3104
-4295
-5584
-6012
-6713
-6958
-5886
-5202
-6019
-6367
-4709
-3099
-2655
-1764
-569
-9
1064
2831
3878
4250
4763
5465
5675
5469
5771
5982
5337
4650
4066
3352
2937
2402
1311
179
-563
-703
-832
-1325
-1724
-1902
-1741
-1167
-717
-653
-285
536
1249
1593
1610
1455
1565
2170
2408
1858
1441
1490
1278
819
339
-1250
-3371
-3770
-3203
-3981
-5292
-5927
-6371
-6404
-5610
-4991
-5531
-5867
-4577
-3043
-2363
-1411
-458
-197
888
2693
3557
3932
4493
4798
4969
5056
5191
5316
4827
4137
3475
2835
2638
2315
1278
167
-482
-640
-603
-929
-1327
-1465
-1398
-815
-181
-46
147
756
1354
1708
1870
1741
1605
1910
2140
1589
954
937
840
300
-89
-1314
-3618
-4454
-3557
-3952
-5543
-6061
-5980
-6394
-5959
-4604
-4526
-5469
-4693
-2483
-1626
-1378
-10
913
1036
2299
3892
4350
4442
4739
4962
4840
4715
5018
4754
3669
3009
2684
2239
1850
1045
32
-439
-720
-882
-794
-1108
-1381
-967
-483
-138
243
697
1352
1794
1970
2254
2076
1806
2191
2196
1459
1000
756
426
99
-413
-1385
-3467
-5167
-4463
-4038
-5570
-6428
-6624
-6820
-6051
-4925
-4578
-5092
-4991
-2918
-1043
-785
-132
824
1401
2737
4052
4473
4794
4942
5065
5412
4922
4558
4921
4297
3045
2320
1999
1728
1046
33
-623
-1087
-1210
-888
-944
-1415
-1334
-631
-63
372
846
1373
2108
2485
2511
2502
2160
2203
2569
1895
1009
796
482
-22
-415
-1186
-2973
-4928
-5283
-4608
-5222
-6342
-6720
-7064
-7045
-5664
-4459
-4893
-5237
-3849
-1816
-775
-92
875
1292
2011
3891
5049
4917
4979
5356
5416
5186
5044
5005
4395
3498
2759
2043
1584
1267
484
-441
-977
-1277
-1255
-1067
-1103
-1132
-950
-470
291
849
1324
2103
2497
2479
2698
2525
2350
2634
2317
1477
849
488
315
-79
-919
-2369
-4496
-5459
-4710
-4896
-6188
-6727
-7138
-7125
-5828
-4873
-5030
-5145
-4321
-2458
-916
-176
575
980
1705
3586
4662
4731
5237
5297
5063
5298
5166
4810
4448
3683
2892
2103
1628
1506
749
-459
-990
-1165
-1262
-987
-1016
-1400
-1098
-309
254
690
1181
1839
2412
2727
2920
2635
2186
2465
2553
1634
827
537
123
-303
-734
-2088
-4293
-5551
-5154
-5088
-6102
-6817
-7093
-7216
-6503
-5286
-4920
-5186
-4501
-2851
-1505
-405
679
1182
1757
3155
4392
5012
5398
5501
5298
5059
5035
5028
4582
3882
3005
2001
1645
1568
883
-62
-819
-1209
-1025
-792
-917
-1048
-926
-323
431
918
1373
2021
2602
3057
3218
2942
2625
2523
2479
2012
1162
445
83
-388
-1008
-1633
-3371
-5646
-5850
-5106
-6107
-7123
-6947
-7158
-7314
-6102
-4663
-4813
-5079
-3298
-1414
-887
300
1832
1931
2438
4189
5100
5257
5677
5638
5166
4802
4675
4728
4192
3118
1936
1230
1383
1046
-127
-849
-1315
-1660
-1172
-573
-918
-1434
-688
566
993
1327
2110
2609
2959
3585
3792
3146
2690
2869
2808
1809
760
378
-90
-882
-1294
-2273
-4844
-6502
-5794
-5355
-6666
-7578
-7485
-7508
-7100
-5576
-4539
-5160
-4954
-2629
-839
-139
1098
1942
2191
3392
4865
5684
5956
5740
5637
5529
5022
4864
4836
3863
2434
1432
1316
1319
274
-888
-1346
-1696
-1813
-1242
-1049
-1490
-1397
-411
566
996
1442
2246
2962
3319
3635
3672
3086
2819
3126
2699
1512
795
513
-83
-914
-1622
-3412
-5760
-6129
-5340
-6094
-7365
-7675
-7774
-7617
-6494
-5179
-5223
-5618
-4026
-1721
-729
183
1395
1900
2810
4409
5549
5951
5944
6021
6043
5469
5080
5189
4610
3490
2295
1488
1373
894
-115
-1006
-1813
-1999
-1467
-1171
-1479
-1740
-1207
-86
684
1168
1792
2385
3048
3727
3859
3389
3014
3265
3374
2472
1419
945
351
-241
-608
-1987
-4720
-6271
-5491
-5181
-6779
-7836
-7698
-7813
-7373
-5703
-4897
-5775
-5388
-2775
-1001
-631
568
1967
2437
3357
5109
6076
5908
5897
6286
6021
5253
5101
5119
4208
2689
1695
1473
1046
-35
-898
-1397
-2133
-2351
-1703
-1531
-1997
-1798
-790
27
377
1057
2078
2752
3087
3525
3553
3091
3176
3540
2993
1761
964
757
442
-404
-1491
-3360
-5604
-5914
-5203
-6111
-7428
-7698
-7868
-7772
-6523
-5266
-5485
-5723
-3845
-1662
-1103
-89
1673
2085
2804
4861
5864
5811
6274
6657
6439
5945
5492
5380
4925
3816
2693
1750
1178
785
-151
-1144
-1799
-2296
-2070
-1484
-1850
-2266
-1337
-387
-33
598
1361
1987
2663
3263
3539
3065
2580
3126
3352
2201
1188
898
490
-192
-972
-2209
-4369
-6030
-5664
-5465
-6772
-7549
-7671
-7842
-7271
-6087
-5425
-5424
-4916
-3107
-1372
-435
780
1758
2462
3933
5175
5869
6550
6491
6191
6592
6363
5522
5194
4845
3668
2233
1784
1657
380
-936
-1079
-1544
-2335
-1960
-1526
-2041
-2049
-892
-186
-50
645
1588
2206
2756
3181
3157
2799
2780
3307
2922
1672
1070
775
202
-270
-1099
-3076
-5374
-5962
-5141
-5600
-7118
-7787
-7920
-7669
-6463
-5403
-5621
-5824
-4462
-2238
-820
-176
616
1543
2793
4386
5454
5881
5992
6033
6426
6560
5790
5236
5215
4473
2975
2111
1993
1203
-47
-652
-1256
-2013
-1914
-1473
-1741
-2139
-1606
-657
-219
235
985
1577
2245
2864
3059
2999
2800
2906
3120
2477
1521
1124
786
326
-381
-1698
-3686
-5267
-5491
-5256
-6045
-7197
-7769
-7899
-7267
-6157
-5602
-5751
-5559
-3981
-1891
-820
-114
837
1684
2982
4640
5577
5859
5880
6083
6524
6276
5639
5499
5071
4005
3028
2444
1875
1052
138
-700
-1529
-1926
-1590
-1495
-1940
-2043
-1377
-716
-125
555
997
1543
2260
2745
3015
2880
2447
2781
3111
2231
1368
1034
584
136
-397
-1827
-4288
-5780
-5012
-4776
-6441
-7320
-7407
-7644
-6802
-5461
-5357
-5959
-5270
-3006
-1445
-1003
60
1147
1877
3484
4919
5400
5783
6024
6081
6388
6091
5439
5303
4978
3807
2580
2214
1964
766
-299
-632
-1442
-2058
-1499
-1358
-2106
-1998
-908
-498
-425
412
1147
1584
2212
2633
2681
2384
2273
2864
2796
1676
1094
916
459
13
-595
-2289
-4670
-5696
-4986
-4988
-6443
-7346
-7600
-7730
-6583
-5293
-5661
-6030
-4839
-2972
-1576
-681
273
1090
2039
3761
5025
5247
5698
6250
6183
6209
6136
5455
5105
5102
4084
2638
2263
2054
1075
3
-629
-1177
-1768
-1532
-1135
-1697
-1842
-985
-595
-373
393
1048
1541
2093
2393
2487
2288
2217
2641
2468
1550
1179
946
307
-349
-859
-2049
-4452
-5804
-5051
-5064
-6434
-7080
-7355
-7622
-6852
-5380
-5030
-5854
-5121
-2732
-1512
-937
438
1226
1803
3449
4882
5282
5358
5744
6256
6183
5682
5471
5201
4811
4116
2845
2280
1994
993
280
-253
-1120
-1520
-1338
-1046
-1255
-1550
-906
-424
-321
482
1281
1567
1949
2258
2410
2279
2147
2629
2470
1375
1085
936
258
-25
-576
-2316
-4450
-5457
-4816
-4714
-6165
-7102
-7402
-7390
-6255
-5316
-5521
-5655
-4901
-3178
-1610
-882
-55
789
1795
3269
4270
4710
5303
5590
5553
5718
5480
5134
5168
4841
3674
2574
2387
2186
1231
320
-349
-1151
-1380
-870
-793
-1390
-1599
-945
-435
-46
598
995
1298
1896
2311
2320
2054
2069
2560
2318
1494
1125
799
454
79
-772
-2104
-4069
-5363
-4740
-4489
-5949
-6973
-7066
-6971
-6361
-5419
-4975
-5345
-5120
-3080
-1326
-975
-22
1180
1753
2973
4392
4853
5030
5352
5591
5704
5432
4913
4728
4747
4008
2633
2085
2084
1223
138
-205
-671
-1608
-1426
-498
-990
-1801
-1001
-356
-484
168
1026
1198
1410
1979
2343
1937
1536
2259
2538
1422
696
561
236
32
-495
-1913
-3980
-5336
-4593
-3921
-5479
-6780
-6766
-6769
-6175
-4819
-4532
-5257
-4820
-2654
-1094
-890
9
1244
1692
2814
4407
4686
4575
5244
5557
5350
5104
4792
4683
4515
3738
2665
2186
1890
1152
279
-310
-914
-1457
-1115
-640
-1306
-1780
-898
-415
-339
369
827
955
1468
2052
2219
1662
1490
2174
2176
1372
908
459
87
-126
-617
-1514
-3526
-5346
-4810
-4062
-5394
-6411
-6488
-6625
-6317
-5211
-4247
-4758
-5022
-2989
-1123
-890
70
1382
1781
2668
3908
4560
4884
5090
5328
5523
5155
4586
4482
4465
3927
2588
1828
1945
1146
9
-196
-662
-1498
-1190
-527
-986
-1628
-936
-66
-190
65
915
1193
1430
2087
2257
1845
1583
1904
2289
1544
499
374
224
-306
-701
-1483
-3228
-4946
-5026
-4083
-4926
-6468
-6349
-6189
-6347
-5218
-4154
-4572
-4742
-3139
-1279
-732
-147
1246
1915
2317
3683
4548
4483
4799
5304
5213
4807
4501
4331
4128
3689
2826
1860
1544
1192
283
-352
-718
-1216
-1295
-940
-948
-1249
-988
-210
-26
-25
641
1290
1579
1892
2154
2120
1874
1844
2090
1829
912
353
263
-30
-716
-1356
-2133
-3981
-5361
-4496
-4107
-5644
-6462
-6156
-6049
-5741
-4672
-3810
-4396
-4245
-1831
-363
-521
631
2007
2177
2982
4226
4720
4772
4886
5314
5133
4280
4176
4077
3448
3293
2383
1039
994
672
-241
-580
-948
-1483
-1601
-1217
-831
-1120
-1132
-345
-175
-12
1134
1719
1542
1824
2316
2151
1789
2025
2326
1387
287
503
440
-337
-811
-1555
-3184
-4690
-4797
-4084
-4786
-6282
-6353
-5900
-5741
-5028
-4152
-4078
-4111
-2876
-1029
-263
149
1413
2279
2500
3418
4532
4850
4990
5148
4926
4508
4315
4351
3764
2956
2553
1686
894
778
116
-729
-1062
-1374
-1651
-1656
-1237
-903
-1174
-1038
-334
-5
547
1448
1656
1669
2146
2484
2394
2116
1999
1941
1338
632
509
162
-572
-1065
-1767
-3389
-4876
-4881
-4355
-4961
-5960
-6148
-6030
-5538
-4507
-3647
-3728
-3751
-2261
-547
229
957
1745
2161
2888
3848
4645
5005
4820
4772
4727
4305
4130
4225
3357
2151
1833
1492
785
195
-328
-1021
-1668
-1691
-1255
-1518
-1788
-1184
-1078
-1145
-374
320
580
1089
1705
1987
2197
2465
2422
2081
1892
1866
1359
645
345
4
-734
-1251
-1821
-3351
-4844
-4838
-4307
-5033
-5888
-5825
-5602
-5295
-4387
-3367
-3268
-3298
-1778
-76
235
948
2123
2396
2889
3993
4705
4649
4520
4654
4498
4106
4158
4001
2724
1845
2000
1489
433
64
-508
-1409
-1495
-1198
-1339
-1811
-1722
-1105
-1065
-911
-79
249
468
1417
1963
1901
2217
2620
2369
1945
1930
1879
1418
781
351
-182
-734
-895
-1605
-3465
-4880
-4764
-4350
-4799
-5530
-5796
-5794
-5295
-4036
-3059
-3263
-3402
-1880
-134
319
837
1875
2306
2670
3799
4702
4542
4172
4505
4579
4012
3929
3840
2629
1647
1855
1612
350
-447
-619
-1100
-1554
-1406
-1356
-1830
-1939
-1227
-817
-874
-426
271
733
1316
1914
2225
2402
2543
2454
2135
2082
2118
1675
928
418
0
-528
-815
-1472
-3308
-4935
-4534
-3821
-4607
-5523
-5670
-5586
-4962
-3642
-2925
-3465
-3522
-1671
86
194
594
1765
2219
2711
3863
4382
4093
4028
4377
4445
3750
3396
3458
2477
1437
1566
1187
-58
-558
-670
-1272
-1789
-1589
-1358
-1825
-2049
-1343
-841
-756
-163
360
496
1235
2099
2266
2330
2540
2367
2160
2278
2301
1586
769
606
348
-376
-823
-1385
-3256
-4645
-4063
-3703
-4689
-5333
-5373
-5216
-4416
-3468
-3156
-3361
-2987
-1428
-199
195
919
1600
1967
2934
3707
3882
4092
4102
4065
4052
3599
3462
3278
2066
1414
1534
731
-61
-261
-1056
-1704
-1607
-1350
-1518
-2079
-1893
-1030
-868
-636
113
228
577
1736
2336
2239
2331
2596
2612
2347
2177
2210
1614
779
612
427
-318
-826
-1445
-3217
-4662
-4166
-3511
-4405
-5378
-5349
-4949
-4431
-3528
-2735
-3158
-3330
-1528
186
380
813
1593
1956
2623
3619
4243
4053
3692
4034
4129
3386
3175
3045
1944
1180
1101
642
-153
-702
-1044
-1618
-2084
-1876
-1575
-1907
-1859
-1300
-934
-628
-115
400
915
1531
2024
2367
2560
2754
2729
2509
2381
2170
1648
1102
799
473
-117
-727
-1377
-2728
-4024
-3962
-3741
-4388
-4800
-4802
-4943
-4559
-3390
-2734
-3161
-3054
-1551
-317
79
876
1538
1486
2212
3625
3970
3523
3586
3923
3772
3350
3153
2760
1688
1041
1190
714
-334
-829
-1059
-1507
-1860
-1747
-1527
-1840
-1946
-1142
-674
-736
-200
621
953
1373
2061
2519
2633
2681
2838
2618
2148
2163
1983
1183
749
599
58
-584
-1155
-2277
-3791
-4235
-3505
-3711
-4784
-4996
-4600
-4333
-3881
-2982
-2731
-3020
-2092
-413
228
367
1180
1916
2189
2811
3623
3751
3506
3655
3833
3285
2671
2708
2293
1185
721
692
124
-733
-1140
-1393
-1887
-1957
-1447
-1577
-2098
-1667
-836
-577
-277
331
671
1155
2055
2500
2455
2579
2791
2520
2350
2556
2134
1330
1094
880
230
-171
-377
-1704
-3732
-4036
-2963
-3527
-4683
-4580
-4626
-4935
-4020
-2570
-2692
-3549
-2542
-558
-238
-53
1306
1633
1433
2557
3625
3447
3199
3555
3787
3066
2498
2862
2251
1053
1017
851
-213
-746
-788
-1209
-1723
-1855
-1535
-1673
-2030
-1427
-738
-713
-368
377
755
1254
1967
2402
2521
2717
2869
2671
2489
2642
2425
1658
1232
1057
516
78
-347
-1623
-3410
-3784
-3087
-3537
-4497
-4634
-4814
-4910
-3933
-2911
-3045
-3496
-2526
-906
-439
-6
1089
1447
1549
2586
3460
3398
3313
3621
3702
2959
2422
2802
2380
1054
775
718
-212
-782
-820
-1322
-2099
-2211
-1521
-1588
-2274
-1811
-968
-816
-310
437
594
981
1930
2667
2763
2620
2805
2857
2545
2708
2699
1786
1278
1260
824
138
-308
-1243
-3026
-4034
-3352
-3103
-4234
-4866
-4796
-4816
-4364
-3133
-2563
-3296
-3098
-1166
-16
58
842
1550
1460
2189
3536
3781
3094
3131
3799
3356
2303
2507
2668
1455
698
692
99
-725
-998
-1098
-1600
-2132
-1869
-1377
-1733
-1806
-1020
-672
-504
157
699
1186
1831
2316
2699
2861
2805
2843
2828
2766
2500
1909
1638
1494
767
142
-259
-1331
-2883
-3677
-3341
-3500
-4575
-4908
-4711
-4902
-4481
-3426
-3241
-3554
-2998
-1495
-391
-222
352
1267
1558
2265
3417
3511
3211
3493
3828
3525
2649
2305
2506
1795
870
755
173
-786
-862
-858
-1551
-2235
-2148
-1597
-1671
-1823
-1170
-770
-739
73
926
1150
1568
2312
2799
2865
2914
3088
2755
2598
2917
2441
1517
1274
1076
400
-189
-1061
-2778
-3865
-3422
-3434
-4533
-5096
-5115
-5135
-4664
-3601
-3168
-3713
-3242
-1486
-626
-394
538
1178
1424
2238
3169
3455
3421
3622
3951
3545
2750
2714
2793
2091
1411
889
237
-325
-577
-784
-1518
-2259
-2005
-1360
-1566
-1801
-1229
-744
-576
195
983
1130
1656
2493
2832
2964
3126
3122
2885
2918
3038
2429
1686
1511
1114
273
-257
-1168
-3039
-4140
-3720
-3630
-4619
-5456
-5546
-5314
-4828
-4008
-3540
-3904
-3700
-2109
-708
-285
105
760
1426
2166
2989
3628
3562
3299
3634
3727
3052
2669
2644
2061
1272
760
351
-101
-639
-1140
-1616
-1936
-1761
-1441
-1601
-1655
-1259
-734
-159
340
710
1233
1963
2603
2996
3180
3289
3212
3033
3246
3155
2333
1836
1722
1165
334
-210
-1019
-2829
-4209
-3810
-3639
-4886
-5505
-5249
-5347
-5182
-4060
-3294
-3884
-3831
-1965
-686
-690
97
1138
1337
1935
3157
3616
3283
3387
3947
3668
2763
2704
2737
1928
1436
1019
153
-369
-584
-1021
-1584
-1968
-1945
-1690
-1645
-1581
-1261
-836
-247
289
640
1279
2015
2446
2974
3434
3338
3159
3243
3464
3405
2591
1854
1658
1194
414
-34
-805
-2951
-4544
-3792
-3334
-4855
-5765
-5368
-5383
-5394
-4099
-3031
-4084
-4402
-2090
-516
-716
-8
1130
1175
1799
3383
3944
3324
3281
4098
4059
2956
2710
2992
2035
1182
1090
431
-518
-883
-928
-1442
-2156
-2156
-1653
-1696
-1766
-1214
-768
-550
138
945
1370
1871
2477
2950
3181
3361
3456
3229
3198
3348
2739
1981
1707
1246
416
-328
-1047
-2618
-4423
-4370
-3750
-4801
-5745
-5591
-5670
-5533
-4337
-3432
-3927
-4084
-2365
-641
-488
22
1204
1436
1952
3379
3822
3417
3572
4098
4077
3247
2772
2759
2253
1626
1155
198
-531
-618
-891
-1435
-2013
-2210
-1792
-1371
-1314
-1161
-930
-460
427
1040
1410
2018
2501
2977
3566
3697
3539
3314
3372
3454
2638
1792
1744
1154
69
-433
-1127
-3027
-4667
-4351
-3996
-5265
-6074
-5663
-5877
-5816
-4447
-3602
-4186
-4095
-2351
-878
-613
7
1106
1397
1934
3309
3894
3596
3692
4189
4252
3485
2883
2894
2325
1335
1015
586
-407
-988
-1075
-1417
-2017
-2130
-1644
-1492
-1630
-1156
-576
-385
256
1208
1649
2068
2782
3374
3670
3819
3767
3437
3320
3422
2812
1865
1475
1014
167
-533
-1276
-2897
-4631
-4621
-4088
-5078
-6060
-5918
-5727
-5644
-4856
-3865
-3822
-3895
-2598
-877
-368
34
1182
1822
2134
3060
3854
3957
3831
4040
4228
3564
2772
2717
2260
1277
815
442
-323
-998
-1375
-1631
-1955
-2050
-1829
-1658
-1594
-1204
-564
-14
514
1049
1621
2389
3070
3521
3982
4045
3696
3493
3557
3520
2826
1950
1462
865
3
-535
-1181
-2965
-4875
-4988
-4283
-5036
-6026
-5927
-6057
-6143
-4871
-3464
-3845
-4284
-2641
-849
-562
129
1471
1597
1728
3179
4167
3811
3696
4182
3999
3138
2798
2826
1962
1054
855
200
-748
-1022
-1137
-1697
-2145
-2145
-1839
-1631
-1527
-1044
-540
-224
456
1267
1830
2438
3108
3538
3824
4016
3995
3598
3284
3288
2870
1958
1368
910
-39
-720
-1199
-2833
-4865
-4942
-4005
-4817
-6162
-6004
-5641
-5692
-4709
-3372
-3672
-4201
-2513
-395
-190
45
1353
1986
2206
3346
4297
3973
3626
4186
4223
3176
2666
2706
2015
1215
771
62
-594
-927
-1175
-1585
-2068
-2178
-1778
-1490
-1398
-1225
-797
16
674
1095
1786
2512
3005
3582
3873
3850
3748
3376
3288
3329
2551
1599
1251
797
-83
-816
-1403
-2897
-4901
-5080
-4298
-5158
-6155
-5824
-5793
-5896
-4813
-3614
-3501
-3659
-2474
-746
-117
483
1596
1962
2274
3349
4080
4096
3929
3879
3986
3503
2629
2472
2141
1148
583
263
-417
-1129
-1458
-1522
-1892
-2246
-1852
-1460
-1590
-1152
-305
-5
420
1271
1900
2396
3026
3475
3654
3701
3756
3569
3176
3025
2528
1558
1121
714
-320
-1090
-1582
-3085
-4840
-5128
-4619
-5193
-6102
-5921
-5659
-5783
-4898
-3363
-3336
-3692
-2333
-565
-4
498
1649
2235
2399
3367
4393
4200
3825
4184
4253
3441
2665
2527
2078
1248
730
182
-649
-1112
-1256
-1478
-1864
-2176
-1827
-1331
-1222
-976
-398
75
658
1357
1964
2549
2983
3416
3886
3911
3594
3327
3013
2880
2438
1422
900
503
-445
-1210
-1726
-3074
-4939
-5370
-4668
-5027
-6044
-5975
-5653
-5770
-4897
-3356
-3251
-3659
-2336
-488
97
637
1734
2138
2366
3495
4377
4152
3843
4104
4150
3606
2877
2346
1836
1309
812
124
-576
-1077
-1375
-1585
-1845
-2181
-2056
-1508
-1132
-919
-459
181
702
1329
1952
2343
2829
3383
3763
3849
3675
3207
2771
2722
2415
1460
724
246
-500
-1218
-1482
-2523
-4731
-5687
-4697
-4628
-5720
-5907
-5720
-5773
-4898
-3302
-2937
-3605
-2816
-677
372
676
1485
2044
2300
3212
4150
4052
3712
3849
3994
3564
2806
2349
1963
1386
847
168
-533
-866
-1106
-1384
-1735
-1962
-1695
-1260
-974
-763
-487
49
731
1273
1657
2156
2703
3157
3548
3712
3521
3064
2685
2801
2600
1591
712
293
-402
-1084
-1554
-2720
-4608
-5365
-4483
-4503
-5676
-5790
-5287
-5384
-4836
-3291
-2794
-3445
-2628
-516
216
367
1513
2294
2205
2875
4082
4064
3530
3829
4008
3211
2473
2382
1985
1172
620
105
-597
-1015
-1144
-1467
-1939
-2144
-1723
-1218
-1043
-945
-610
53
649
1145
1807
2268
2605
3217
3657
3665
3495
3107
2828
2789
2405
1534
825
313
-313
-981
-1557
-2633
-4487
-5192
-4320
-4502
-5614
-5613
-5421
-5416
-4502
-3173
-2955
-3441
-2466
-428
264
487
1568
2008
2100
3072
3940
3838
3555
3753
3921
3288
2437
2276
1865
1148
742
123
-536
-800
-1094
-1395
-1644
-2014
-1754
-1194
-1031
-830
-515
-70
593
1182
1740
2274
2579
3000
3473
3585
3484
3038
2472
2485
2265
1288
688
420
-395
-1204
-1570
-2461
-4295
-5019
-4094
-4311
-5648
-5616
-5009
-5017
-4578
-3410
-2979
-3317
-2359
-440
227
338
1337
2093
2335
3016
3694
3772
3637
3705
3703
3241
2575
2218
1800
1252
776
87
-475
-654
-972
-1369
-1581
-1660
-1519
-1203
-963
-749
-498
-31
703
1233
1569
2059
2625
2963
3237
3487
3362
2820
2428
2529
2247
1337
738
400
-386
-1156
-1492
-2660
-4448
-4950
-4267
-4496
-5473
-5521
-5166
-5126
-4480
-3108
-2770
-3241
-2322
-455
242
465
1459
2073
2145
2905
3910
3864
3353
3557
3818
3119
2362
2181
1650
934
734
266
-633
-1036
-1076
-1383
-1750
-1852
-1668
-1432
-1142
-741
-516
-246
459
1152
1591
2114
2641
3073
3396
3611
3506
2928
2536
2691
2465
1505
799
473
-185
-854
-1237
-2553
-4501
-4783
-3927
-4315
-5298
-5463
-5306
-5033
-4146
-2950
-2804
-3186
-2098
-367
244
717
1538
1873
2291
3008
3566
3775
3576
3493
3578
3118
2448
2223
1886
1363
667
-45
-360
-725
-1173
-1410
-1781
-2040
-1598
-1138
-1057
-892
-517
35
600
1127
1650
2111
2595
3030
3256
3358
3257
2747
2509
2643
2138
1145
561
221
-509
-1110
-1736
-3443
-5082
-4668
-3962
-4824
-5559
-5436
-5394
-5031
-3800
-2938
-3370
-3319
-1638
-292
93
906
1657
1832
2499
3441
3744
3690
3779
3904
3643
2967
2475
2264
1976
1360
500
-101
-387
-743
-1048
-1330
-1869
-2078
-1497
-972
-1027
-951
-403
53
522
1296
1829
2137
2622
3079
3296
3334
3067
2744
2664
2438
1788
1109
748
278
-579
-1092
-1815
-3818
-4938
-4079
-3958
-5238
-5659
-5302
-5351
-4912
-3453
-2852
-3610
-3121
-1046
-32
114
1090
1794
1768
2559
3788
3987
3689
3755
3976
3695
2960
2618
2406
1826
1204
586
-44
-553
-937
-1233
-1569
-1946
-1994
-1518
-1128
-1122
-954
-402
119
651
1272
1817
2336
2815
3197
3400
3234
2905
2848
2816
2332
1579
1044
650
82
-639
-1239
-2515
-4375
-4647
-3925
-4531
-5500
-5635
-5610
-5352
-4492
-3572
-3433
-3558
-2447
-861
-193
409
1412
1906
2258
3059
3776
4067
4121
4149
4103
3593
2911
2774
2502
1717
1073
461
-173
-632
-916
-1132
-1706
-2107
-1789
-1470
-1369
-1089
-701
-411
48
751
1385
1892
2418
2782
3000
3220
3254
2926
2613
2473
1978
1265
889
558
-200
-949
-1908
-3568
-4761
-4337
-4089
-5227
-5943
-5726
-5533
-5143
-4112
-3394
-3748
-3348
-1402
-294
-222
756
1767
1981
2587
3587
4013
3934
4037
4336
4044
3252
3008
2895
2143
1421
913
218
-347
-726
-1137
-1521
-1954
-2011
-1555
-1413
-1409
-1023
-555
-105
423
950
1519
2099
2574
3061
3409
3412
3243
3114
2934
2538
1975
1498
1095
419
-252
-812
-2162
-4035
-4550
-4075
-4588
-5458
-5591
-5684
-5804
-4965
-3702
-3692
-4061
-2768
-1085
-750
-145
1255
1757
1919
2951
3802
3757
3857
4402
4387
3578
3038
3100
2688
1821
1323
866
-55
-751
-805
-1021
-1773
-2179
-1830
-1636
-1788
-1417
-758
-582
-324
505
1140
1545
2316
3023
3182
3155
3180
3148
3035
2811
2320
1645
1097
777
321
-386
-1283
-2860
-4380
-4468
-4023
-4647
-5505
-5723
-5751
-5508
-4459
-3465
-3670
-3697
-2283
-752
-263
472
1566
1981
2377
3383
4139
4169
4202
4411
4267
3534
3121
3068
2524
1735
1070
419
-256
-715
-1090
-1600
-2129
-2265
-1998
-1847
-1758
-1495
-1043
-596
-62
501
976
1731
2518
2948
3123
3218
3121
3112
3204
2895
2153
1520
1265
835
82
-552
-1581
-3472
-4541
-4045
-4225
-5323
-5696
-5623
-5774
-5324
-4127
-3609
-3955
-3285
-1575
-659
-168
961
1763
2096
2875
3782
4110
4236
4442
4475
4067
3460
3144
2923
2369
1614
794
74
-447
-899
-1274
-1730
-2249
-2357
-2023
-1742
-1661
-1462
-883
-314
172
801
1485
2041
2649
3161
3368
3271
3114
3165
3106
2597
2053
1596
1102
584
-43
-999
-2577
-4039
-4197
-3951
-4833
-5700
-5791
-5860
-5662
-4783
-3972
-4061
-3927
-2464
-980
-482
235
1361
1943
2545
3524
4122
4251
4497
4695
4386
3767
3476
3291
2649
1893
1298
611
-75
-491
-964
-1728
-2168
-2110
-1995
-1943
-1772
-1678
-1467
-884
-148
385
745
1472
2279
2689
3098
3417
3184
2976
3053
2940
2421
1756
1306
880
192
-489
-1509
-3245
-4451
-4229
-4157
-5125
-5886
-6010
-5932
-5380
-4252
-3834
-4230
-3541
-1766
-744
-254
647
1372
1951
2943
3909
4164
4103
4476
4736
4245
3691
3522
3134
2400
1888
1248
274
-352
-587
-1140
-1970
-2317
-2031
-2000
-2149
-1776
-1486
-1278
-524
311
661
1092
1951
2738
3100
3328
3530
3319
3107
3355
3208
2279
1590
1389
848
155
-601
-2128
-3864
-4219
-3868
-4581
-5563
-5863
-6026
-5949
-4879
-3906
-4224
-4325
-2805
-1308
-843
88
1137
1391
2095
3455
4089
4028
4246
4632
4457
3810
3578
3522
2711
1922
1501
740
-131
-528
-878
-1565
-2318
-2416
-1881
-1997
-2274
-1863
-1463
-1146
-243
535
775
1237
2162
3025
3319
3393
3533
3305
3143
3340
2948
2100
1717
1277
521
-178
-1282
-3000
-4132
-3997
-4136
-5216
-5846
-5799
-5867
-5469
-4419
-3993
-4288
-3713
-1954
-814
-438
493
1489
1995
2769
3773
4286
4331
4369
4591
4426
3697
3438
3397
2497
1419
967
474
-357
-983
-1300
-1953
-2660
-2383
-1829
-2149
-2355
-1718
-1224
-850
-20
708
1004
1564
2493
3042
3242
3418
3273
2975
3062
2980
2393
1780
1289
687
118
-566
-2046
-3757
-4177
-3907
-4495
-5309
-5703
-6020
-5831
-4729
-3963
-4254
-4108
-2680
-1328
-655
255
1109
1537
2490
3631
4016
4189
4617
4710
4523
4222
3740
3404
3042
2315
1369
643
146
-551
-1157
-1490
-2093
-2536
-2174
-1841
-2107
-2087
-1464
-994
-544
322
996
1362
1987
2766
3167
3275
3362
3249
3136
3158
2850
2202
1674
1207
629
-47
-1192
-2920
-4027
-3869
-4111
-5231
-5697
-5760
-6017
-5540
-4440
-4151
-4403
-3578
-1938
-1160
-640
593
1409
1803
2702
3605
3925
4230
4597
4526
4102
3694
3468
3190
2592
1756
903
274
-105
-632
-1374
-1922
-2323
-2366
-1966
-1779
-1985
-1924
-1341
-723
-139
471
1024
1688
2376
2950
3385
3449
3139
3109
3245
3007
2348
1791
1489
895
194
-425
-1951
-3739
-3961
-3646
-4470
-5446
-5638
-5761
-5774
-4888
-3887
-4074
-4171
-2666
-1300
-855
105
1143
1613
2309
3330
3968
4190
4358
4597
4350
3770
3611
3462
2792
2143
1386
530
157
-263
-933
-1550
-2126
-2259
-2038
-2000
-1949
-1883
-1666
-1074
-398
180
788
1392
2001
2616
2986
3206
3206
3037
3026
3081
2622
1982
1674
1254
536
-200
-1265
-2812
-3854
-3826
-3960
-4897
-5526
-5650
-5710
-5325
-4308
-3935
-4194
-3453
-1873
-1046
-541
557
1390
1869
2650
3603
4002
4098
4461
4579
3975
3500
3618
3284
2458
1847
1142
365
-55
-540
-1309
-2031
-2293
-2097
-2035
-2174
-2030
-1695
-1425
-776
-131
183
829
1705
2286
2662
2976
3052
2956
2930
3096
2818
2051
1681
1546
864
210
-620
-2448
-3679
-3430
-3586
-4608
-5287
-5476
-5575
-5446
-4597
-3865
-4198
-3930
-2232
-1145
-818
137
1130
1688
2352
3172
3868
4102
4172
4458
4224
3511
3554
3526
2676
1966
1547
817
124
-268
-771
-1526
-2046
-1868
-1714
-1961
-1851
-1462
-1354
-1046
-313
152
529
1370
2075
2363
2570
2816
2859
2733
2796
2716
2069
1579
1484
1022
383
-424
-2001
-3498
-3494
-3181
-4156
-5306
-5501
-5391
-5357
-4654
-3953
-4347
-4287
-2612
-1184
-978
-470
615
1446
2067
2951
3709
3770
3967
4593
4523
3686
3499
3784
3237
2223
1681
1278
541
28
-323
-1132
-1885
-1723
-1411
-1756
-1983
-1644
-1196
-940
-506
-32
285
984
1945
2344
2434
2666
2728
2779
2915
2755
2234
1657
1426
1196
478
-305
-1429
-3082
-3693
-3261
-3747
-4900
-5393
-5484
-5450
-4914
-4135
-4030
-4302
-3396
-1649
-912
-656
240
1057
1627
2463
3296
3670
3802
4063
4279
3853
3395
3588
3387
2485
1897
1455
746
282
-149
-897
-1589
-1773
-1483
-1476
-1854
-1752
-1347
-1134
-649
-133
66
666
1492
2028
2400
2542
2475
2474
2600
2716
2360
1611
1329
1201
640
128
-873
-2714
-3577
-3066
-3446
-4605
-5013
-5056
-5271
-4906
-3881
-3836
-4316
-3298
-1628
-1310
-1029
154
916
1388
2310
3024
3150
3537
4181
4271
3732
3339
3551
3481
2838
2167
1583
1030
563
117
-524
-1244
-1581
-1387
-1393
-1670
-1666
-1400
-1046
-654
-220
59
461
1228
1886
2186
2377
2362
2244
2354
2445
2239
1726
1297
1051
565
57
-599
-1927
-3267
-3384
-3310
-4028
-4497
-4737
-5222
-5164
-4147
-3488
-3802
-3690
-2375
-1488
-1022
82
820
1043
1782
2798
3192
3423
3921
4198
3759
3258
3447
3552
2930
2346
1913
1198
650
478
72
-836
-1538
-1292
-1005
-1437
-1532
-1191
-1129
-909
-286
47
155
700
1544
1954
1999
2163
2174
1914
2001
2138
1723
1163
935
616
179
-393
-1795
-3110
-3105
-3092
-4044
-4580
-4548
-4954
-5116
-4116
-3482
-4035
-3683
-2054
-1314
-1263
-242
736
959
1760
2753
2928
3069
3745
4155
3769
3156
3256
3474
3000
2430
1945
1278
779
485
43
-630
-1199
-1261
-1077
-1222
-1493
-1359
-1034
-757
-444
-112
215
728
1258
1683
1966
1973
1924
1896
1974
1996
1635
1123
867
695
307
-376
-1668
-2962
-3076
-2786
-3477
-4327
-4594
-4733
-4568
-3898
-3521
-3783
-3642
-2363
-1169
-886
-422
337
897
1698
2511
2752
2956
3484
3950
3852
3216
3011
3347
3121
2539
2069
1388
835
799
426
-505
-1126
-963
-744
-1039
-1259
-1179
-1032
-731
-252
1
53
585
1430
1675
1667
1819
1668
1592
1920
1989
1465
873
692
642
326
-537
-1961
-3020
-2993
-2890
-3476
-4127
-4538
-4854
-4493
-3500
-3366
-4007
-3433
-2070
-1498
-1059
-151
201
483
1720
2720
2636
2698
3478
3876
3522
3093
3160
3116
2743
2607
2183
1212
707
925
573
-584
-1102
-759
-763
-1172
-1101
-992
-1151
-892
-194
1
-183
441
1374
1502
1470
1889
1762
1337
1651
1891
1243
655
597
426
120
-494
-1842
-3180
-3233
-2614
-3125
-4167
-4471
-4551
-4387
-3400
-2773
-3439
-3596
-2193
-954
-645
-207
319
633
1406
2512
2998
2757
2870
3557
3641
3002
2845
3079
2761
2422
2257
1571
893
827
640
-85
-755
-782
-607
-786
-896
-719
-698
-637
-208
122
259
684
1286
1516
1646
1767
1655
1367
1407
1598
1202
649
512
302
-60
-542
-1823
-3139
-3068
-2619
-3145
-3944
-4212
-4246
-4164
-3450
-2770
-3265
-3368
-1946
-906
-771
-253
419
790
1498
2340
2685
2683
2876
3411
3375
2768
2678
2781
2437
2265
2062
1259
742
693
353
-285
-690
-674
-638
-778
-742
-674
-731
-530
-85
70
184
684
1170
1386
1487
1449
1201
1018
1107
1148
794
346
148
-88
-367
-964
-2288
-3248
-2958
-2700
-3352
-3905
-4100
-4231
-3885
-3004
-2729
-3255
-2956
-1544
-690
-567
38
642
909
1670
2481
2774
2820
2965
3327
3406
2907
2755
2815
2300
1910
1866
1545
1006
675
370
-185
-575
-355
-258
-656
-690
-365
-325
-215
199
224
146
731
1359
1454
1405
1485
1210
800
1001
1187
641
193
101
-266
-507
-892
-2303
-3411
-3085
-2822
-3441
-3846
-3957
-4308
-4029
-2841
-2479
-3247
-2868
-1198
-587
-570
300
845
905
1745
2637
2655
2553
2977
3409
3120
2614
2625
2566
2178
2085
1876
1216
874
795
396
-49
-285
-286
-283
-420
-383
-289
-202
144
346
245
490
1026
1411
1570
1596
1422
1035
899
1110
904
199
-3
-1
-508
-845
-1533
-3021
-3573
-3015
-3149
-3854
-4142
-4203
-4178
-3744
-2975
-2818
-3178
-2430
-1044
-699
-428
365
738
1174
2055
2400
2471
2781
2983
3090
2906
2628
2645
2294
1950
1959
1547
1066
1048
677
6
-226
-156
-111
-273
-355
-249
-211
-21
434
581
436
700
1206
1442
1593
1671
1442
1028
894
1104
848
101
-198
-292
-522
-738
-1822
-3351
-3469
-2933
-3336
-3799
-3852
-4191
-4253
-3221
-2374
-2873
-3064
-1714
-620
-593
86
883
827
1373
2506
2658
2343
2681
3178
3121
2667
2547
2354
1755
1762
1889
1169
571
698
427
-215
-274
-154
-423
-536
-221
-104
-133
90
454
502
548
1008
1393
1486
1549
1645
1407
934
783
1054
717
-102
-313
-360
-738
-1153
-1969
-3300
-3793
-3128
-2966
-3741
-4186
-3947
-3847
-3439
-2370
-2307
-2922
-1921
-288
7
91
766
1309
1646
2274
2998
2947
2566
3015
3357
2801
2453
2230
1798
1709
1561
1071
699
420
55
-181
-307
-400
-411
-392
-269
-256
-150
313
488
426
677
999
1207
1495
1591
1463
1196
785
732
853
465
-134
-422
-654
-862
-1219
-2446
-3704
-3576
-3135
-3603
-3952
-3798
-3982
-3853
-2889
-2228
-2703
-2548
-969
-167
-215
612
1435
1407
2022
2978
2911
2631
3042
3381
3035
2682
2611
2239
1754
1787
1505
735
678
622
-97
-357
-209
-462
-515
-134
-139
-308
46
546
574
590
960
1156
1218
1557
1752
1359
983
737
558
649
404
-450
-974
-1016
-1145
-1717
-3096
-4011
-3722
-3615
-3834
-3863
-4271
-4451
-3631
-2673
-2392
-2693
-2271
-834
-46
162
868
1163
1333
2385
3074
2825
2746
3055
3242
3027
2641
2467
2024
1583
1738
1425
633
533
430
-119
-290
-225
-402
-394
-97
-76
-140
297
745
774
856
1194
1392
1565
1853
1875
1538
1221
955
776
780
397
-359
-804
-912
-1177
-2134
-3350
-3729
-3581
-3706
-3866
-4037
-4330
-4197
-3327
-2501
-2492
-2667
-1828
-552
28
446
957
1167
1655
2587
3046
2883
2785
2988
3180
2939
2593
2317
1878
1596
1381
964
578
283
-31
-255
-320
-578
-791
-432
-134
-325
-212
312
510
614
1012
1343
1299
1473
1832
1752
1401
1112
870
683
472
37
-421
-824
-1126
-1478
-2493
-3651
-3790
-3507
-3732
-4014
-4043
-4226
-4114
-3157
-2219
-2449
-2671
-1411
-241
-15
643
1361
1328
1703
2757
3209
2842
2840
3285
3114
2680
2601
2290
1727
1582
1386
813
433
324
59
-257
-486
-707
-627
-348
-135
-119
-13
349
597
792
1204
1401
1416
1735
1963
1776
1473
1112
925
880
480
-84
-394
-811
-1210
-1591
-2804
-3762
-3559
-3572
-3977
-4092
-4142
-4285
-3984
-2957
-2311
-2762
-2343
-804
-233
-1
1056
1482
1383
2296
3194
3007
2859
3283
3434
3049
2767
2662
2229
1772
1722
1307
639
500
276
-174
-330
-479
-753
-625
-398
-431
-360
-92
256
517
664
1018
1291
1307
1628
1844
1506
1136
912
640
591
321
-266
-691
-1091
-1498
-2176
-3297
-3735
-3446
-3845
-4228
-4163
-4359
-4220
-3436
-2772
-2643
-2543
-1774
-616
-28
485
1169
1359
1807
2801
3133
3049
3228
3243
3282
3307
2893
2462
2235
1968
1633
1161
879
654
53
-183
-51
-503
-726
-300
-295
-523
-169
303
369
464
822
1172
1191
1302
1728
1664
1229
1082
823
535
430
7
-471
-765
-1133
-1699
-2744
-3595
-3493
-3498
-4021
-4129
-4228
-4493
-4076
-3139
-2661
-2830
-2446
-1253
-463
-98
800
1333
1353
2102
2986
3039
2917
3141
3489
3445
2847
2695
2719
2089
1708
1679
1153
514
267
296
99
-595
-805
-367
-430
-577
-178
-46
-92
307
833
1054
1018
1127
1566
1673
1463
1432
888
301
567
518
-92
-439
-898
-1366
-1972
-2962
-3319
-3351
-3808
-4006
-3990
-4247
-4229
-3631
-2974
-2711
-2645
-1875
-793
-410
223
1169
1287
1555
2578
2978
2819
2963
3288
3441
3114
2864
2822
2335
1879
1859
1563
1011
575
290
201
-47
-557
-611
-437
-617
-489
-157
-189
-60
354
778
1014
1038
1227
1431
1423
1539
1333
592
352
524
236
-237
-636
-1138
-1699
-2510
-3121
-3302
-3554
-3835
-3923
-4169
-4232
-3767
-3140
-2813
-2831
-2395
-1361
-608
-68
596
894
1283
2180
2899
2907
2875
3098
3283
3291
3209
2939
2475
2225
2124
1804
1330
960
528
294
170
-158
-427
-421
-377
-408
-292
-101
-46
93
477
735
897
1072
1132
1072
1208
1335
784
169
261
262
-222
-596
-959
-1599
-2481
-2995
-2943
-3345
-4050
-4054
-3812
-3932
-3925
-3414
-2921
-2858
-2496
-1401
-668
-585
146
1184
1313
1630
2626
3034
2875
3019
3374
3469
3187
3023
2995
2474
1982
1927
1744
1152
672
587
366
-127
-323
-265
-483
-573
-249
-176
-353
-69
431
595
721
878
856
872
1160
1336
786
85
73
110
-137
-354
-826
-1578
-2339
-2808
-2698
-3070
-3882
-3864
-3650
-4011
-3916
-3234
-2993
-3049
-2468
-1495
-999
-732
121
910
923
1428
2450
2759
2738
3131
3321
3127
3027
3166
3050
2469
2151
2073
1686
1344
1118
842
540
190
20
44
-172
-277
35
40
-166
6
294
503
709
843
928
830
829
1218
975
174
-10
29
-312
-481
-687
-1319
-2122
-2747
-2748
-2856
-3493
-3671
-3667
-3948
-3728
-3235
-3141
-2940
-2430
-1851
-1169
-582
-127
358
815
1283
1841
2195
2518
2785
2781
2804
2875
2780
2664
2453
2115
1828
1547
1401
1229
930
581
275
182
170
55
2
17
-28
62
194
339
490
621
756
830
854
875
951
780
297
60
41
-197
-546
-815
-1144
-1774
-2479
-2657
-2680
-3224
-3524
-3302
-3387
-3593
-3229
-2777
-2669
-2431
-1795
-1095
-682
-260
392
783
1050
1665
2202
2389
2670
2845
2817
2795
2674
2602
2469
2114
1814
1655
1365
1093
992
726
291
103
179
181
34
-64
57
127
125
325
491
513
658
766
702
687
746
656
178
-240
-258
-363
-675
-910
-1194
-1700
-2354
-2581
-2479
-2810
-3278
-3206
-3147
-3273
-2947
-2522
-2514
-2399
-1768
-1076
-685
-268
263
569
893
1575
2008
2079
2349
2567
2527
2508
2456
2313
2232
2080
1814
1489
1307
1215
1037
884
598
358
416
440
414
416
354
371
445
508
519
554
612
656
569
491
605
548
100
-363
-518
-585
-777
-1051
-1324
-1719
-2292
-2639
-2559
-2622
-3064
-3237
-3047
-2948
-2882
-2587
-2239
-2085
-1808
-1098
-475
-233
158
672
888
1180
1780
2099
2199
2326
2453
2484
2394
2300
2168
1920
1751
1636
1343
1161
1097
976
788
569
338
312
492
527
421
324
389
502
536
597
569
461
449
457
419
327
37
-452
-661
-696
-911
-1138
-1366
-1622
-1970
-2400
-2579
-2527
-2749
-2978
-2825
-2727
-2729
-2443
-2033
-1892
-1815
-1312
-600
-245
-25
468
804
959
1477
1959
1912
1881
2118
2260
2216
2090
1960
1850
1669
1558
1493
1284
1089
1006
1016
847
676
644
669
665
613
660
641
541
648
750
639
610
639
545
371
300
260
-95
-575
-725
-859
-1111
-1225
-1401
-1775
-2076
-2327
-2587
-2627
-2617
-2708
-2727
-2627
-2429
-2161
-1886
-1560
-1356
-1105
-469
-4
125
529
879
990
1316
1611
1714
1818
1876
1974
1929
1681
1625
1638
1402
1250
1233
1030
872
947
879
641
528
548
585
550
645
758
616
573
666
623
564
590
511
293
200
205
79
-313
-709
-841
-917
-1148
-1320
-1517
-1769
-1998
-2214
-2351
-2449
-2511
-2318
-2180
-2350
-2177
-1771
-1531
-1234
-950
-660
-155
237
486
805
955
1197
1608
1717
1668
1725
1732
1782
1819
1606
1407
1357
1241
1178
1064
781
726
818
788
784
657
531
647
682
656
689
641
583
646
607
472
421
335
178
74
-46
-166
-452
-890
-1027
-1026
-1291
-1459
-1548
-1793
-2002
-2129
-2213
-2341
-2382
-2291
-2121
-1980
-1785
-1541
-1339
-1052
-690
-396
-35
306
474
730
1048
1234
1373
1459
1469
1507
1547
1579
1526
1367
1213
1134
1033
988
893
708
676
721
716
693
598
521
554
681
727
677
655
700
682
604
580
550
456
327
193
16
-186
-468
-658
-794
-983
-1204
-1420
-1532
-1589
-1726
-1856
-1981
-2179
-2177
-1948
-1813
-1786
-1635
-1382
-1153
-853
-521
-235
-90
161
545
763
875
1086
1224
1212
1264
1294
1288
1276
1256
1196
1072
897
872
876
843
722
629
714
698
613
695
646
515
742
892
752
683
709
659
580
557
614
455
208
137
-5
-353
-571
-660
-910
-1151
-1304
-1463
-1579
-1701
-1795
-1878
-1999
-2025
-1947
-1777
-1654
-1633
-1451
-1108
-991
-853
-477
-156
-44
122
493
651
678
1003
1169
1041
1042
1197
1166
1009
1032
1024
831
733
753
731
575
531
669
627
511
627
665
581
699
811
794
774
832
843
736
712
770
655
468
372
243
20
-147
-303
-556
-755
-975
-1152
-1265
-1411
-1488
-1523
-1681
-1711
-1621
-1669
-1631
-1483
-1375
-1262
-1086
-823
-615
-379
-124
73
165
345
613
782
826
920
989
958
995
1006
909
861
851
712
541
504
477
407
404
465
413
365
464
517
484
543
674
612
541
656
602
455
519
558
413
296
227
77
-97
-265
-379
-537
-755
-970
-1078
-1158
-1274
-1325
-1436
-1567
-1521
-1430
-1342
-1320
-1304
-1107
-899
-791
-626
-379
-203
-36
202
433
541
657
850
964
912
894
992
989
933
957
929
785
681
592
508
430
499
544
453
385
459
506
502
554
574
526
573
652
623
561
539
541
482
406
279
61
-123
-206
-317
-485
-700
-909
-1064
-1119
-1183
-1304
-1438
-1529
-1556
-1519
-1522
-1486
-1442
-1365
-1161
-963
-806
-647
-414
-221
-95
107
414
581
635
733
889
962
1004
1038
1027
953
877
889
866
732
648
658
641
641
626
591
547
550
577
591
566
548
549
523
560
523
498
582
574
386
169
34
-14
-118
-254
-425
-667
-820
-899
-970
-1180
-1396
-1483
-1538
-1542
-1548
-1562
-1570
-1542
-1391
-1192
-1086
-941
-687
-515
-351
-154
63
250
411
591
672
759
915
1000
993
998
1064
1041
959
947
887
746
699
684
607
603
649
616
567
585
640
606
634
691
615
540
590
650
579
479
343
190
108
48
-46
-218
-421
-557
-694
-834
-994
-1128
-1235
-1314
-1412
-1527
-1584
-1608
-1580
-1481
-1335
-1271
-1211
-1029
-777
-616
-443
-220
-43
108
303
561
687
729
872
992
934
911
1029
1070
958
912
900
786
665
682
673
569
548
591
567
539
577
578
530
537
567
537
524
551
514
505
439
289
189
130
7
-131
-237
-369
-495
-606
-783
-947
-1064
-1112
-1192
-1339
-1401
-1398
-1409
-1390
-1351
-1308
-1245
-1085
-856
-753
-577
-377
-220
-26
181
339
475
652
757
888
948
936
927
952
971
879
771
708
656
577
526
492
421
368
391
367
321
349
313
307
378
396
351
380
390
401
404
329
205
112
72
-61
-179
-270
-358
-462
-580
-696
-871
-981
-1002
-1092
-1204
-1211
-1199
-1215
-1151
-1035
-975
-874
-758
-627
-444
-269
-105
87
227
333
478
624
725
839
927
947
911
887
943
924
819
727
678
602
547
515
436
334
248
227
193
172
164
108
136
178
195
187
214
229
243
308
229
122
78
4
-100
-202
-269
-389
-539
-642
-686
-765
-855
-941
-1018
-1043
-1044
-1092
-1145
-1079
-983
-885
-757
-612
-466
-287
-124
-6
119
252
424
595
714
790
888
941
969
991
929
901
890
821
733
677
550
466
440
362
248
139
104
98
93
64
34
25
16
14
14
3
17
26
37
31
-19
-39
-92
-165
-197
-253
-341
-459
-538
-598
-670
-762
-844
-929
-948
-901
-943
-960
-949
-920
-809
-699
-556
-442
-316
-158
33
192
343
526
631
718
815
891
943
1017
996
965
947
925
837
723
644
514
426
355
280
198
86
48
52
7
-52
-77
-151
-186
-169
-170
-130
-120
-118
-139
-159
-158
-141
-138
-171
-176
-222
-268
-320
-387
-445
-473
-520
-620
-629
-628
-635
-649
-653
-624
-584
-479
-381
-298
-238
-148
5
123
204
331
486
589
689
780
801
747
768
811
789
738
701
623
551
488
394
294
199
103
32
-48
-88
-65
-110
-170
-217
-258
-256
-258
-250
-234
-230
-254
-259
-220
-210
-221
-197
-162
-194
-221
-236
-261
-293
-296
-305
-398
-482
-474
-458
-492
-523
-516
-498
-444
-394
-327
-211
-124
14
175
274
352
454
600
672
716
794
836
840
836
870
830
753
682
629
544
436
330
242
181
74
-17
-63
-107
-158
-186
-232
-324
-344
-350
-383
-358
-361
-360
-346
-369
-360
-334
-334
-320
-322
-323
-321
-326
-342
-329
-345
-373
-373
-399
-386
-391
-431
-483
-440
-412
-358
-293
-249
-166
-65
26
139
216
281
424
516
592
687
758
774
823
832
800
743
709
673
599
517
435
362
277
213
119
28
-40
-99
-170
-246
-312
-376
-379
-403
-425
-390
-400
-377
-327
-317
-296
-246
-244
-224
-180
-146
-118
-129
-138
-153
-177
-196
-178
-202
-221
-244
-301
-323
-317
-275
-234
-210
-197
-136
-59
48
126
173
220
341
442
503
610
665
663
658
658
671
636
618
577
483
394
335
268
176
96
15
-65
-105
-147
-216
-273
-313
-346
-331
-368
-379
-375
-425
-378
-331
-275
-265
-240
-195
-180
-164
-97
-85
-140
-118
-106
-111
-122
-138
-152
-196
-250
-295
-331
-329
-311
-301
-274
-232
-176
-91
20
96
161
252
360
443
487
555
564
569
602
635
631
586
577
550
480
426
377
309
245
190
79
-3
-67
-163
-231
-320
-369
-403
-444
-482
-482
-506
-491
-471
-439
-388
-388
-344
-323
-269
-159
-90
-91
-89
-68
-50
-37
-38
-79
-123
-141
-164
-194
-218
-209
-161
-126
-102
-62
7
64
122
215
255
317
395
433
470
508
529
541
543
547
538
540
515
480
441
362
273
210
149
75
-52
-135
-197
-249
-294
-367
-425
-462
-497
-499
-491
-498
-485
-442
-393
-353
-306
-274
-238
-174
-99
-71
-32
-33
-48
-42
-18
-10
-41
-64
-55
-61
-75
-73
-96
-99
-64
-60
-43
-16
33
88
128
205
272
334
389
413
468
537
577
585
575
552
546
518
479
392
312
257
216
158
68
-6
-85
-173
-230
-293
-370
-451
-500
-514
-509
-508
-524
-498
-458
-428
-358
-278
-225
-180
-107
-69
-61
-28
-23
0
14
12
11
-19
-44
-47
-70
-85
-115
-115
-117
-93
-42
-26
-6
30
81
114
161
241
318
365
408
452
488
499
491
468
456
401
407
385
318
237
167
152
106
36
-37
-93
-142
-190
-234
-324
-399
-415
-423
-442
-428
-406
-405
-372
-325
-262
-236
-204
-146
-99
-62
-33
-9
23
56
82
100
76
53
15
-15
-46
-63
-70
-96
-94
-78
-67
-62
-35
-11
46
91
124
185
243
274
277
322
331
345
354
348
334
298
288
247
192
147
157
127
61
12
-45
-127
-193
-262
-289
-316
-374
-396
-392
-390
-404
-377
-362
-340
-296
-269
-259
-234
-172
-103
-61
-16
33
57
74
101
130
87
46
73
77
80
84
90
83
62
90
112
100
102
134
138
144
189
232
258
262
288
319
355
368
351
339
321
316
279
243
190
171
85
42
15
-71
-104
-157
-199
-238
-262
-302
-330
-337
-332
-337
-348
-342
-341
-320
-276
-253
-225
-187
-132
-77
-57
-1
36
34
34
45
45
22
28
27
2
19
-7
-30
-21
-19
15
18
16
21
44
56
77
93
121
120
109
159
187
190
211
205
174
188
153
128
100
89
67
20
-27
-56
-114
-153
-184
-213
-244
-280
-294
-330
-325
-311
-286
-249
-230
-214
-168
-108
-67
-14
35
57
92
135
186
209
204
221
219
208
182
167
161
142
114
94
92
93
109
104
77
67
69
78
73
86
127
158
169
169
161
151
163
194
196
179
168
164
111
79
88
51
-15
-54
-78
-136
-185
-220
-252
-306
-311
-317
-333
-330
-330
-320
-308
-309
-284
-263
-244
-187
-143
-93
-72
-54
-11
3
12
31
70
88
73
70
69
46
31
36
28
32
45
83
99
86
101
120
145
174
186
202
210
200
195
191
177
179
179
152
143
127
88
44
40
48
1
-18
-19
-52
-87
-109
-113
-138
-170
-195
-228
-251
-256
-243
-224
-221
-214
-178
-125
-107
-77
-35
-19
3
2
-5
14
44
70
86
90
101
92
90
90
86
47
15
2
-7
8
7
15
32
43
49
53
63
80
125
156
157
160
150
137
128
109
120
121
87
46
40
23
7
-16
-45
-77
-86
-80
-124
-169
-188
-209
-222
-210
-202
-188
-197
-178
-159
-130
-106
-69
-34
2
50
69
78
88
101
91
84
74
55
33
32
9
-18
-41
-20
-4
3
12
5
2
9
42
42
55
42
44
82
90
107
133
154
151
148
137
107
123
108
99
104
87
75
63
49
30
-20
-34
-58
-69
-120
-148
-121
-151
-146
-142
-137
-156
-159
-129
-119
-81
-52
-38
-28
7
40
53
84
83
86
93
55
63
68
49
32
33
10
-10
-9
4
4
9
27
19
23
25
27
33
43
51
57
39
46
70
83
76
87
70
51
53
50
33
38
25
-12
-31
-59
-96
-121
-124
-144
-170
-208
-230
-238
-233
-212
-203
-191
-198
-169
-153
-141
-115
-92
-84
-70
-50
-41
-48
-43
-25
-36
-12
-13
-8
-3
-8
8
35
55
73
109
134
135
138
153
165
200
188
163
189
188
197
179
182
187
156
140
133
134
134
137
135
108
90
69
43
21
-4
-23
-80
-92
-105
-131
-128
-137
-124
-122
-133
-136
-149
-149
-132
-123
-86
-69
-51
-42
-45
-69
-79
-65
-90
-85
-67
-59
-70
-67
-48
-38
-36
-35
-30
-27
-13
20
25
33
39
60
64
68
83
100
147
133
156
186
163
165
147
145
116
105
87
86
64
29
34
28
12
-9
-8
-37
-68
-80
-95
-103
-112
-122
-95
-85
-98
-90
-91
-72
-60
-57
-62
-24
16
7
-7
6
7
-9
-25
-9
-6
-10
5
7
4
0
15
12
16
30
47
32
39
54
60
73
62
73
95
103
80
76
51
48
51
45
40
39
17
0
17
1
3
4
-5
-27
-44
-61
-96
-100
-106
-103
-94
-97
-101
-92
-89
-81
-90
-94
-64
-51
-45
-31
-20
4
21
13
18
13
16
37
32
28
26
14
15
30
35
20
20
35
64
75
91
93
86
109
133
115
113
126
125
115
124
98
82
77
51
45
15
17
-25
-52
-53
-80
-103
-126
-139
-156
-177
-215
-214
-208
-204
-196
-213
-209
-192
-177
-175
-173
-147
-131
-106
-71
-68
-53
-12
-19
-14
9
12
8
29
55
42
56
73
70
87
93
113
121
133
141
142
142
154
157
164
182
176
175
186
183
172
169
125
103
101
87
64
57
48
-1
-14
-56
-90
-105
-117
-99
-124
-104
-102
-131
-120
-98
-105
-92
-77
-53
-31
-22
-19
-29
-32
-46
-41
-27
-13
0
1
-1
17
16
20
31
29
26
28
35
32
54
75
90
85
79
78
85
77
87
95
83
82
100
94
81
78
57
63
58
34
8
-12
-25
-40
-77
-87
-98
-115
-122
-162
-159
-155
-155
-156
-146
-138
-147
-146
-136
-134
-130
-99
-75
-82
-84
-47
-43
-43
-29
-18
0
-6
7
9
11
12
20
16
18
20
2
-4
-18
1
14
33
48
54
80
98
115
136
152
170
178
178
223
227
217
219
205
187
161
157
126
98
83
48
14
5
-23
-66
-95
-114
-121
-131
-151
-158
-169
-169
-163
-160
-138
-114
-92
-84
-90
-66
-67
-81
-81
-82
-88
-88
-70
-53
-42
-37
-50
-47
-50
-46
-31
-21
-20
-25
1
22
29
42
65
93
106
114
122
128
129
135
149
135
126
115
102
85
53
38
14
-17
-54
-70
-68
-85
-67
-60
-62
-66
-43
-37
-28
-19
-21
-27
-27
-28
-19
-19
3
13
19
32
33
21
16
20
9
-3
6
15
6
7
8
9
15
22
25
10
4
4
2
13
10
40
45
50
74
77
93
100
107
123
101
93
114
108
81
48
48
25
-28
-31
-37
-84
-108
-124
-126
-168
-197
-210
-241
-221
-209
-196
-174
-162
-153
-132
-93
-79
-70
-43
-30
-31
-13
6
-9
-6
-19
-18
-20
-21
6
8
1
19
11
6
21
29
46
42
52
76
84
108
124
134
154
176
187
200
193
190
196
156
163
146
119
88
70
41
7
-10
-14
-37
-56
-55
-89
-116
-124
-100
-99
-100
-88
-59
-45
-42
-47
-56
-37
-38
-54
-35
-35
-27
-17
12
35
49
46
51
45
45
40
31
24
3
-7
-11
-12
-21
-28
-45
-48
-64
-69
-40
-35
-30
7
26
38
43
48
62
77
81
65
67
51
45
49
50
43
26
19
-3
1
-20
-31
-34
-48
-67
-71
-77
-86
-88
-84
-79
-70
-55
-46
-29
-9
0
14
15
23
36
54
55
24
7
-2
-37
-40
-52
-65
-67
-75
-70
-73
-77
-81
-65
-52
-44
-1
18
38
51
42
53
68
96
98
95
116
118
109
100
89
77
58
42
26
-22
-43
-48
-72
-83
-87
-86
-94
-100
-93
-80
-73
-67
-57
-26
-35
-21
-4
-13
9
14
28
37
21
62
69
58
55
61
43
31
27
14
-5
-38
-40
-60
-63
-74
-59
-34
-27
1
12
34
56
50
68
68
58
67
48
60
76
64
63
56
40
38
30
22
16
1
1
-29
-24
-25
-57
-78
-90
-81
-92
-85
-88
-88
-88
-60
-59
-43
-21
-11
0
17
65
85
106
114
128
153
161
160
152
135
125
119
106
89
84
55
43
36
27
27
14
25
22
11
-6
-15
-28
-48
-44
-45
-56
-34
-30
-42
-37
-30
-22
-32
-43
-55
-73
-87
-118
-136
-146
-162
-146
-154
-169
-175
-169
-169
-179
-172
-152
-154
-148
-102
-73
-47
-23
10
16
34
56
45
52
62
62
56
49
40
42
30
15
15
21
24
22
27
27
55
64
70
84
78
82
99
105
108
119
123
127
125
111
122
139
121
99
76
70
58
40
40
29
22
14
6
-13
-6
-17
-44
-82
-111
-131
-160
-165
-159
-160
-141
-107
-89
-62
-17
1
36
57
70
86
87
106
104
94
78
72
70
67
52
31
27
-2
-10
-19
-51
-60
-63
-71
-70
-75
-89
-84
-87
-64
-48
-27
-10
8
10
29
34
3
11
15
5
-14
-24
-41
-62
-77
-84
-86
-82
-86
-104
-107
-91
-90
-81
-76
-60
-46
-39
-9
15
24
55
84
97
116
143
166
166
183
172
171
164
160
159
151
129
113
104
88
66
43
36
8
-13
-28
-41
-37
-41
-53
-43
-30
-33
-36
-35
-16
-8
4
4
3
2
-18
-33
-24
-34
-38
-47
-61
-63
-71
-90
-107
-113
-140
-158
-168
-169
-171
-159
-137
-109
-89
-76
-45
-28
-3
34
51
71
108
122
141
150
153
158
156
154
126
113
98
76
46
34
23
9
2
-12
-27
-53
-72
-65
-68
-49
-41
-32
-6
8
14
28
41
47
58
64
59
67
53
31
26
-17
-33
-54
-62
-74
-91
-100
-116
-115
-117
-123
-118
-92
-78
-76
-73
-67
-49
-30
-22
2
21
44
55
71
80
86
96
87
74
69
65
75
52
42
45
26
3
-17
-23
-38
-36
-48
-50
-44
-35
-14
-12
7
32
52
58
72
91
90
92
93
91
75
61
55
36
30
1
-18
-41
-68
-80
-88
-83
-86
-84
-86
-85
-87
-78
-61
-51
-34
-21
-4
-10
0
7
8
16
21
33
31
46
51
57
35
33
25
8
13
0
7
-14
-24
-55
-81
-84
-90
-89
-90
-78
-85
-76
-67
-46
-8
18
25
45
59
81
95
100
115
100
98
91
75
64
54
38
13
3
3
-11
-5
-41
-51
-50
-71
-58
-46
-22
-16
-7
-4
6
20
24
50
56
64
67
80
82
76
71
59
47
43
47
40
39
30
15
0
-29
-47
-50
-73
-85
-87
-82
-81
-72
-48
-36
-46
-26
-10
1
25
37
42
60
72
59
55
53
45
20
30
12
-10
-29
-46
-58
-70
-79
-83
-71
-69
-78
-77
-55
-60
-45
-35
-26
-15
-10
3
16
15
35
46
46
56
48
54
55
51
52
63
51
41
39
24
19
6
-5
-14
-30
-50
-72
-76
-74
-69
-74
-59
-48
-40
-11
-7
12
30
28
19
27
22
9
21
5
-3
3
-7
-17
-33
-43
-76
-69
-68
-76
-63
-72
-69
-49
-38
-21
-5
3
26
31
48
71
63
71
72
71
104
105
129
140
136
133
107
94
79
65
34
14
-3
0
-6
-25
-27
-50
-53
-36
-22
-26
-20
-20
-25
-13
-10
-20
-17
7
1
22
19
27
31
36
41
15
7
-7
-41
-58
-70
-65
-56
-74
-69
-69
-76
-65
-62
-54
-54
-45
-34
-29
-28
-27
-13
-6
2
5
18
33
27
23
27
9
15
10
12
16
12
17
-2
5
6
4
10
10
5
14
18
8
17
28
43
43
44
55
73
88
85
100
91
90
83
66
57
41
29
7
-12
-26
-52
-95
-119
-129
-155
-179
-170
-172
-159
-140
-139
-127
-108
-100
-85
-65
-34
-28
-1
30
31
52
60
71
72
62
57
56
56
45
52
58
45
49
53
29
16
-3
-8
-2
-9
-10
-15
-13
1
9
32
33
33
66
63
62
74
74
76
51
37
43
33
29
6
-3
-7
-5
-23
-18
-30
-31
-28
-31
-13
-24
-35
-26
-22
-25
-17
-2
11
7
20
27
40
52
54
56
46
42
27
18
19
15
21
33
26
8
8
-7
-5
-11
5
4
-14
-13
4
-9
-14
-11
-12
-7
8
26
11
28
30
31
35
33
23
20
10
-4
-6
-19
-30
-49
-51
-73
-89
-90
-108
-140
-149
-153
-144
-144
-123
-122
-118
-86
-71
-58
-42
-23
-19
15
32
43
38
28
47
42
43
38
49
49
44
67
63
64
63
71
68
66
49
45
51
61
54
55
64
48
52
38
25
22
17
9
7
-3
-10
-25
-26
-38
-57
-63
-82
-67
-78
-81
-115
-79
-136
-65
-157
-79
-142
-45
-23
-87
28
-11
44
25
62
87
74
48
135
66
122
71
138
48
97
35
77
43
47
76
34
57
30
51
52
25
77
8
78
44
21
98
4
78
0
30
4
-6
20
12
31
37
56
32
40
33
34
26
7
-7
-25
-20
-33
-62
-38
-82
-66
-97
-67
-55
-46
-36
-48
-37
-40
-18
-29
-10
-4
11
29
19
35
7
-5
-10
-15
-48
-49
-51
-69
-86
-88
-90
-106
-93
-90
-69
-68
-44
-43
-40
-36
-22
-18
-12
-16
-8
-13
-5
0
11
16
17
2
17
21
7
23
12
14
4
6
-13
-11
-29
-37
-40
-51
-46
-51
-37
-39
-19
-39
-27
-17
-5
3
8
6
10
11
15
54
55
68
70
73
65
73
76
57
53
61
43
43
36
21
36
40
35
31
22
12
-8
-17
-1
-7
-4
13
21
11
18
1
-2
-10
-15
-10
-8
-18
-40
-36
-43
-58
-63
-65
-56
-54
-58
-44
-23
-9
-7
-11
7
11
19
26
39
51
64
75
82
82
96
84
84
96
95
94
90
100
90
96
92
78
66
56
55
13
16
15
5
13
-2
-16
-12
-25
-27
-25
-13
-5
-9
2
-20
-13
-26
-24
-30
-27
-13
-38
-38
-47
-72
-72
-73
-68
-72
-66
-65
-55
-50
-61
-67
-80
-90
-78
-61
-58
-40
-28
-29
-30
-30
-39
-32
-21
-28
-14
-24
0
-15
-9
-7
1
16
4
10
8
5
12
-2
-2
-8
-2
-24
-28
-26
-6
-6
-12
13
19
18
11
11
8
13
13
22
10
12
9
4
4
5
2
-10
-17
-20
-29
-9
-11
-8
5
17
5
17
16
7
10
20
20
15
21
24
32
34
43
55
58
53
67
59
53
53
40
32
16
18
12
13
11
10
13
11
15
9
20
14
19
19
15
20
8
11
1
7
1
12
22
11
8
8
17
0
4
-2
-7
-14
-27
-39
-41
-46
-52
-29
-39
-34
-31
-14
8
2
6
21
18
26
33
34
48
55
64
60
53
40
21
-3
-11
-21
-28
-29
-13
-21
-24
-19
-24
-26
-19
-24
-32
-22
-26
-25
-36
-38
-56
-50
-55
-61
-53
-76
-66
-55
-59
-46
-45
-40
-29
-24
-32
-33
-41
-22
-24
-35
-43
-37
-46
-35
-29
-15
-5
6
16
20
29
22
41
31
48
48
67
77
87
83
63
76
59
62
54
60
54
45
43
28
21
25
27
33
29
21
14
30
22
10
8
-4
-9
-15
-14
-19
-25
-29
-30
-24
-25
-33
-23
-21
-37
-42
-40
-43
-59
-50
-50
-64
-59
-65
-62
-52
-57
-32
-13
-20
-16
-4
12
5
10
15
12
14
14
16
22
23
35
21
18
28
33
18
21
19
10
9
-9
1
-1
17
21
12
18
30
39
30
34
37
43
48
70
58
71
63
59
47
41
40
28
47
18
-2
-23
-18
-26
-28
-24
-28
-10
-5
-3
-15
4
4
7
0
2
6
6
-1
-17
-18
-28
-17
3
-4
6
13
9
19
-3
0
14
-5
-9
-5
-12
-21
-40
-30
-17
-25
-29
-31
-25
-28
-33
-21
-16
-7
-7
-10
10
21
30
36
35
22
33
35
25
34
16
10
-13
-31
-44
-40
-55
-70
-60
-68
-59
-68
-77
-72
-79
-73
-79
-70
-70
-72
-66
-58
-41
-27
-25
-9
-9
-18
-34
-17
-18
-28
-7
-2
9
13
9
15
13
1
18
22
20
25
48
44
38
36
47
59
52
57
63
84
74
76
92
81
86
87
85
77
64
59
41
41
31
23
19
25
20
7
14
20
19
7
20
23
28
22
22
42
29
9
16
16
3
-1
-26
-23
-25
-36
-35
-49
-48
-59
-76
-71
-55
-59
-62
-47
-54
-70
-54
-60
-65
-58
-56
-53
-56
-38
-19
-22
-21
-18
-20
-13
-9
8
25
32
43
39
38
41
26
37
50
35
26
20
11
11
-5
-5
-30
-23
-13
-8
3
26
28
48
56
61
77
69
93
97
82
66
74
49
23
13
0
0
-11
-15
-14
-13
-25
-28
-30
-42
-35
-34
-31
-38
-47
-36
-54
-49
-47
-50
-61
-54
-40
-45
-29
-17
-12
-23
-20
-12
-19
-17
-10
-13
-25
-45
-45
-48
-42
-55
-40
-46
-46
-45
-46
-37
-24
-17
-32
-16
-24
-8
1
14
29
20
18
14
18
21
30
16
29
41
35
29
33
32
32
28
0
2
0
24
30
35
38
35
30
31
31
45
49
40
55
57
47
61
48
44
62
44
41
55
45
28
26
18
1
-6
-7
-20
-25
-26
-30
-42
-42
-40
-42
-33
-41
-33
-20
-5
-18
-6
7
3
32
41
55
46
55
52
44
42
36
26
21
16
-1
-8
-14
-21
-17
-18
-16
-16
-15
-19
-16
-28
-28
-27
-21
-8
-12
-3
-8
3
-2
3
2
-4
1
-7
1
-21
-17
-38
-44
-42
-61
-47
-53
-64
-54
-36
-49
-46
-68
-62
-63
-64
-49
-48
-41
-39
-11
-17
-10
-4
0
0
-1
4
-5
-2
2
0
12
23
20
18
25
11
1
-4
-14
-5
-10
-17
3
-12
-11
10
12
23
12
22
46
44
58
63
45
67
69
60
64
52
52
53
55
52
60
49
48
42
36
26
10
11
7
2
15
5
-2
1
9
-22
-29
0
6
1
11
16
13
26
10
18
31
19
21
32
14
28
-4
-5
-18
-28
-19
-19
-7
-45
-30
-19
-45
-45
-29
-29
-33
-38
-4
-31
-23
-9
-12
0
-19
-10
-36
-39
-40
-43
-43
-40
-28
-49
-43
-48
-62
-63
-74
-61
-57
-58
-36
-36
-32
-20
-19
-15
-13
8
14
40
33
34
27
35
44
53
51
59
61
61
78
65
72
32
34
22
12
7
31
9
5
22
21
-1
21
19
22
25
14
11
11
26
11
3
5
-4
-17
1
-7
-23
-28
-29
-27
-18
-43
-30
-23
-28
-20
-15
-20
-23
-13
-24
-12
-14
-31
-32
-43
-58
-31
-36
-29
-24
-4
-9
-16
-2
-6
2
38
39
25
15
29
30
31
12
9
17
14
21
6
-1
-12
15
19
19
32
27
36
26
45
28
57
62
42
57
46
60
45
53
54
68
37
46
24
28
38
37
2
-7
3
-43
-27
-41
-34
-57
-64
-60
-47
-66
-64
-35
-41
-36
-59
-44
-46
-27
-30
-37
-5
-38
-26
-36
-30
-28
-43
-37
-37
-47
-29
-50
-18
-16
-17
15
-29
-4
3
-6
-1
-5
-10
1
7
10
32
19
20
34
26
63
61
38
59
45
48
53
28
27
26
8
0
10
9
-2
-13
-2
1
-22
-23
-8
-5
1
14
-6
-4
-2
5
-1
-10
-2
1
-4
-10
-8
-5
-5
-12
-20
6
-4
-16
-6
4
14
-25
-24
-39
-47
-57
-48
-46
-32
-17
1
14
16
5
8
30
14
35
29
29
19
25
50
48
31
49
30
40
16
5
10
-12
3
3
-5
-7
1
5
10
2
4
16
37
34
49
46
42
50
56
31
23
22
25
11
3
24
10
11
6
-5
-17
-7
-15
-16
-43
-50
-21
-46
-48
-50
-25
-38
-9
-22
-45
-41
-35
-27
-42
-33
-50
-40
-42
-47
-51
-38
-43
-47
-71
-47
-57
-43
-31
-22
-20
-26
3
-18
-8
-15
11
9
-9
16
18
21
32
27
21
24
30
44
37
27
32
42
40
51
52
31
40
39
36
32
21
34
30
28
27
26
22
16
32
15
16
11
14
-8
-10
-2
-3
-7
-11
-13
-17
-11
-19
-10
4
15
12
16
23
-7
6
-10
-36
-28
-39
-26
-20
-31
-35
-30
-27
-37
-14
-21
1
-20
-30
-19
-33
-23
-6
11
-4
7
3
9
1
16
27
12
22
16
25
28
23
22
23
38
37
21
19
14
22
7
13
8
12
26
33
44
41
65
41
71
55
38
51
42
20
21
23
-9
-4
-46
-32
-24
-50
-40
-53
-45
-35
-63
-49
-50
-83
-84
-90
-97
-85
-81
-67
-80
-66
-48
-55
-56
-57
-17
-21
-11
-9
10
13
-6
15
-7
-8
24
17
22
23
48
44
33
59
36
58
55
47
48
50
48
28
28
29
9
22
16
26
30
37
44
29
42
43
44
10
5
20
26
32
14
15
17
6
-3
-16
-20
-13
9
-12
-18
-13
-15
-39
-25
-20
-48
-21
-28
-45
-21
-30
-27
-36
-7
-13
-22
1
-18
-19
-16
-31
-44
-40
-46
-44
-54
-39
-39
-39
-33
-32
-38
-28
-23
-30
-4
-9
2
5
-1
11
13
25
25
23
8
7
9
6
26
33
52
57
64
52
76
76
72
62
73
85
75
81
57
70
73
72
61
60
41
31
19
22
16
23
11
15
5
-13
-21
-29
-25
-38
-38
-51
-59
-66
-71
-61
-76
-78
-75
-88
-86
-71
-72
-51
-62
-51
-46
-43
-33
-42
-33
-32
-6
-29
-31
-29
-32
-19
-15
-18
-24
-12
-13
4
-1
-5
7
25
28
34
33
38
46
37
34
49
47
42
55
41
60
51
50
60
46
44
22
29
14
34
34
34
30
30
44
-1
20
13
-1
3
-4
5
-6
-11
-4
2
5
41
31
32
16
31
23
-14
-9
-22
-30
-24
-42
-32
-24
-27
-34
-37
-17
-15
-20
-27
-10
-8
-28
-23
-33
-30
-36
-44
-47
-53
-31
-29
-35
-25
-45
-29
-39
-38
-26
-23
-21
-27
-12
-16
-29
-16
-21
-29
0
1
12
17
24
7
8
11
-4
2
19
13
5
20
22
7
12
34
23
37
41
40
28
30
41
37
31
29
21
17
12
22
11
14
12
0
-10
10
6
-3
3
-9
17
2
20
1
7
20
8
-1
-7
-11
-8
6
1
-3
1
-7
-4
1
-5
1
-21
-17
-21
-20
-19
-14
-8
13
28
23
17
15
23
7
13
-7
-17
-6
18
10
19
32
41
37
36
58
36
35
40
37
20
19
41
23
22
28
14
15
5
-5
-2
7
-7
-2
-17
-13
1
-12
-25
-13
-24
-34
-61
-50
-67
-87
-80
-77
-61
-56
-53
-58
-49
-41
-34
-55
-46
-42
-34
-43
-43
-44
-44
-35
-49
-44
-40
-47
-57
-49
-46
-33
-29
-15
-5
11
36
36
41
45
46
44
24
7
16
2
21
22
36
39
45
33
52
48
22
58
40
39
53
56
50
48
63
54
71
60
58
48
46
42
32
38
29
30
35
44
52
53
51
29
13
21
3
0
-2
-16
-16
-6
-13
-27
-26
-26
-28
-58
-46
-43
-45
-64
-72
-69
-70
-63
-67
-44
-57
-53
-44
-49
-49
-40
-41
-53
-24
-27
-27
-18
-21
-20
-13
-7
-8
11
30
24
25
41
32
28
15
4
11
25
3
-2
-4
8
3
-15
-10
3
17
41
44
55
62
59
61
46
55
66
60
28
31
16
16
26
19
49
30
37
33
37
50
42
43
24
28
30
21
2
7
-7
-18
-23
-29
-33
-55
-51
-62
-56
-64
-46
-45
-49
-39
-41
-43
-56
-64
-59
-55
-73
-85
-81
-65
-66
-64
-49
-46
-54
-34
-36
-37
-22
-12
11
19
24
30
31
31
14
35
34
23
26
33
36
46
54
35
40
31
24
21
18
20
18
24
26
20
14
8
4
12
6
14
21
12
20
40
35
19
21
17
7
-9
-26
-31
-11
-9
-21
-27
-22
-14
-31
-37
-30
-15
-10
-4
-1
-10
-4
15
7
6
25
17
23
7
11
16
18
22
31
39
35
30
38
36
40
31
24
16
8
-1
4
21
9
-3
-4
10
-2
-18
-5
17
17
30
26
25
31
30
14
-8
-11
-18
-23
-13
-16
-22
-25
-17
-13
-27
-26
-26
-49
-56
-61
-59
-54
-63
-61
-64
-66
-60
-71
-72
-69
-67
-44
-44
-40
-22
-20
-11
-11
-3
-10
-8
0
-4
12
-6
-7
1
3
16
18
22
24
27
29
12
15
26
24
36
39
25
36
37
45
54
47
42
45
45
31
21
18
18
12
14
11
21
15
15
15
15
12
16
21
14
36
36
29
25
19
24
7
3
5
-2
3
14
11
12
5
5
3
7
8
1
4
-9
-14
-16
-12
-33
-24
-28
-31
-39
-41
-42
-45
-28
-18
-23
-24
-6
-18
-18
-26
-26
-29
-17
-12
-20
-17
-6
-3
-10
-9
1
8
-14
-3
6
3
9
4
9
18
5
-1
6
0
7
13
9
12
20
16
21
13
19
25
36
28
29
43
43
43
40
48
37
32
29
15
19
4
2
7
0
6
-8
-9
-3
-1
-3
-21
-6
1
-7
-2
-11
-15
-15
-14
-10
-9
-9
-1
-16
-12
-19
-13
-13
-16
-9
-17
-15
-26
-23
-32
-34
-35
-35
-32
-21
-18
-34
-22
-34
-26
-23
-21
-33
-36
-37
-40
-35
-29
-17
-10
-11
-19
-14
-6
-3
-27
-9
-14
-28
-32
-36
-27
-25
-5
-7
-1
0
9
15
31
36
37
41
22
36
32
34
35
29
30
34
18
20
28
34
32
37
45
34
38
29
32
23
20
15
24
18
17
17
19
30
29
27
32
47
37
41
42
41
40
33
36
43
35
36
27
21
12
3
-5
-7
-11
-19
-21
-19
-27
-30
-44
-44
-43
-45
-33
-44
-37
-32
-33
-29
-24
-28
-30
-24
-21
-15
-17
-18
-15
-20
-12
-18
-23
-14
-15
-22
-17
-25
-22
-19
-26
-19
-29
-22
-28
-21
-16
-17
-14
-16
4
-2
-8
0
7
-2
5
5
-8
-11
2
-5
-13
1
10
10
15
8
4
20
10
9
4
8
11
12
15
13
27
24
19
14
22
19
19
16
16
19
9
17
25
20
20
17
9
13
12
12
6
0
7
1
2
-7
-10
-12
-19
-15
-18
-19
-20
-15
-13
-9
-14
-14
-6
-17
-14
-15
-8
-1
-4
-2
-1
-2
3
-1
-7
-3
-9
-13
-13
-18
-12
-11
-11
-1
7
0
4
7
10
12
9
10
9
17
11
2
-4
4
1
11
14
8
8
3
10
19
11
11
14
16
12
9
2
-4
4
8
3
6
8
5
12
9
14
15
20
17
25
19
29
36
28
33
29
40
33
28
23
18
15
10
12
7
7
13
9
16
6
1
-1
1
-12
-11
-1
-14
-23
-25
-23
-31
-30
-30
-30
-40
-35
-37
-37
-42
-38
-34
-42
-40
-43
-35
-45
-45
-40
-44
-36
-38
-39
-30
-31
-25
-26
-31
-27
-26
-23
-18
-2
-5
0
12
19
22
23
26
24
18
16
20
21
22
23
18
11
13
1
-3
-3
0
6
2
8
10
14
17
21
16
17
23
22
20
18
19
14
9
12
15
7
8
2
-3
3
5
5
5
12
14
13
16
14
13
17
16
12
11
5
6
4
6
7
4
5
8
3
8
16
9
11
18
18
18
6
-3
-3
-16
-15
-15
-7
-11
-17
-9
-12
-14
-10
-14
-23
-21
-13
-16
-18
-21
-15
-19
-16
-13
-22
-12
-10
-3
-7
-6
-6
-3
-1
-2
-3
1
10
13
17
16
11
12
8
13
16
12
8
8
13
3
5
5
-3
1
0
6
10
16
12
10
5
5
5
1
6
0
0
2
6
1
0
8
5
3
3
-1
-5
-7
-5
-3
-12
-13
-19
-23
-18
-19
-19
-19
-20
-16
-17
-14
-3
-4
2
0
2
10
9
8
5
-2
-1
-7
-6
2
-3
-6
1
3
-2
-1
8
5
4
2
3
3
-7
-12
-23
-18
-20
-22
-18
-17
-13
-21
-15
-11
-13
-16
-19
-13
-17
-14
-22
-12
-12
-13
-9
-1
-1
-1
2
-1
-4
-5
9
7
5
2
5
11
11
13
18
17
15
14
14
19
20
23
20
21
26
21
19
22
17
17
22
26
26
19
17
21
22
24
19
24
25
25
20
20
17
14
19
15
14
21
22
20
14
14
10
14
10
11
7
-2
2
-8
2
-7
-13
-12
-14
-11
-16
-15
-16
-16
-16
-21
-23
-28
-31
-33
-34
-34
-35
-27
-32
-29
-27
-26
-20
-18
-19
-15
-9
-4
-5
2
3
11
11
8
18
6
8
9
2
-1
-2
8
4
1
0
-6
-6
-9
-9
-10
-12
-11
-12
-11
-8
-2
-5
-4
-3
-7
-10
-8
-6
-6
-5
-3
-3
1
1
5
12
8
14
12
18
21
21
26
19
15
17
14
13
19
21
18
16
12
10
10
8
5
5
12
9
9
4
7
-4
-9
-7
-8
-12
-18
-20
-21
-27
-30
-30
-33
-34
-32
-35
-34
-31
-29
-22
-21
-18
-16
-13
-9
-4
-1
6
3
0
1
4
5
4
5
7
5
4
6
6
10
9
16
18
17
20
22
23
24
20
14
17
15
17
14
20
24
21
19
19
11
18
23
20
17
17
22
17
13
12
9
2
2
-4
-3
-5
-2
-6
-8
-9
-7
-9
-13
-10
-16
-16
-16
-14
-14
-9
-12
-10
-11
-16
-16
-15
-18
-14
-16
-10
-11
-13
-9
-10
-6
-2
3
4
8
7
8
8
3
4
-1
2
0
3
8
11
16
13
11
3
6
3
-2
3
3
1
-1
-2
0
1
-3
-9
-6
-9
-11
-10
-11
-12
-12
-11
-12
-9
-9
-4
-8
-8
-11
-11
-7
-13
-15
-7
-4
-7
-8
-9
-9
-8
-4
-2
2
14
12
14
16
10
14
6
7
6
10
13
11
16
15
12
8
3
7
6
2
7
5
8
12
7
6
8
7
4
2
2
0
-1
2
2
0
0
-6
-4
-1
-3
1
-2
4
11
7
14
9
9
8
3
1
-2
4
0
4
3
4
0
-2
-7
-10
-1
-10
-8
-3
-7
-5
-8
-5
0
0
-4
-8
-6
-12
-15
-16
-12
-13
-17
-11
-11
-13
-12
-15
-13
-10
-7
-1
3
9
10
7
3
3
5
4
-1
-1
2
-3
-5
-6
-3
-4
-6
-3
-8
-4
0
3
7
7
8
4
-2
2
2
3
5
11
11
11
8
6
5
2
2
4
5
13
17
17
17
13
13
11
16
16
18
16
17
12
14
12
8
5
1
6
5
1
-1
-2
-9
-6
-5
-9
-12
-10
-12
-17
-17
-11
-11
-10
-8
-7
-10
-15
-13
-14
-18
-13
-11
-14
-13
-10
-6
-9
-3
-3
2
-3
-6
-4
-6
0
1
3
0
0
-2
-1
1
0
5
4
2
3
7
3
1
5
4
5
1
1
-1
-3
3
-4
-6
-3
-6
-4
-5
-1
-4
2
3
2
4
6
7
5
4
6
11
7
7
8
4
2
1
3
5
5
8
9
8
10
3
1
2
2
1
0
-3
-8
-5
-9
-5
-3
-2
-2
3
5
4
6
2
6
6
6
4
7
3
6
7
0
-1
-8
-10
-8
-9
-11
-15
-10
-8
-9
-5
-5
-6
-4
-5
-4
-8
-4
-2
-4
-6
-3
-2
-5
0
-3
2
5
1
5
7
6
3
0
-1
3
5
5
8
4
6
4
2
-2
-4
0
1
4
-2
-5
-2
-1
-6
-2
-1
-1
-1
-2
0
0
1
2
5
6
9
8
8
6
1
-1
-6
-4
-7
-9
-5
-7
-6
-4
-1
-4
-4
-1
-3
-2
0
2
4
7
9
12
13
11
13
14
10
8
11
10
14
11
14
13
8
5
4
4
-5
-4
-7
-7
-6
-8
-8
-11
-10
-12
-13
-10
-12
-11
-11
-12
-9
-11
-10
-8
-7
-9
-10
-12
-8
-6
-9
-7
-7
-5
-3
-2
1
5
4
3
6
7
7
9
7
9
16
13
11
8
8
8
6
7
9
8
8
11
9
8
3
1
2
0
1
1
5
5
6
8
2
4
6
6
8
9
11
10
8
9
11
10
6
3
0
-5
-7
-5
-3
-1
-6
-9
-6
-6
-8
-9
-9
-3
-5
-6
-3
-2
-3
-2
-9
-9
-13
-19
-19
-22
-22
-15
-15
-17
-15
-13
-10
-10
-12
-14
-6
-11
-11
-7
-6
-6
-8
-4
-5
0
-1
0
0
2
4
2
3
2
5
6
8
9
10
11
9
9
7
6
6
8
8
10
11
6
5
8
10
9
12
15
14
15
16
14
13
11
7
5
-2
-7
-3
-3
-4
-6
-8
-5
-4
-8
-4
-3
-3
-1
0
-3
1
1
1
-1
-3
-3
-2
-3
-2
-6
-3
-5
-3
1
1
5
5
8
8
7
6
5
5
2
-1
1
5
1
3
2
-1
2
-3
0
-1
0
4
3
2
-4
-3
-7
-9
-10
-11
-11
-12
-12
-10
-5
-7
-8
-9
-11
-9
-10
-5
-1
-3
4
4
3
5
1
-6
-5
-5
-7
-10
-6
-3
-5
-4
-5
-5
-7
-7
-6
-5
-3
-3
-1
-2
-2
3
2
2
7
8
8
6
4
5
4
8
8
9
11
11
9
10
9
7
5
7
10
11
9
6
11
9
9
8
10
8
9
11
9
12
10
9
8
8
7
8
7
5
1
0
2
-3
-3
-5
-6
-6
-8
-8
-9
-8
-4
-7
-6
-5
-5
-5
-4
-2
-2
-3
-2
0
2
2
-5
-4
-1
-1
-4
-4
-2
-5
-4
-4
-4
-5
-5
-8
-6
-8
-6
-4
-4
-2
-2
0
0
1
0
-1
-4
-3
-4
-6
-7
-6
-9
-7
-8
-10
-9
-9
-12
-11
-6
-5
-7
-3
-3
-7
-6
-8
-6
-8
-3
-3
-3
-3
1
5
2
5
9
7
10
13
15
14
16
19
18
16
21
19
18
14
14
15
12
10
10
11
8
5
2
4
7
2
0
2
0
-3
-6
-5
-7
-6
-10
-13
-14
-14
-18
-13
-17
-16
-13
-14
-12
-10
-8
-4
-1
-3
1
0
-1
2
4
4
5
6
6
1
-1
1
0
3
1
1
3
2
0
4
-2
0
-1
0
-1
-3
-1
-4
-2
1
0
0
1
0
-3
0
1
3
4
4
3
5
5
6
7
9
8
6
7
3
1
1
4
2
4
4
4
8
4
5
9
4
2
1
1
-1
-4
-6
-7
-3
-5
-11
-10
-11
-10
-8
-4
-3
-2
-3
-2
-1
-2
-2
-2
-5
-6
-6
-4
-6
-2
-4
-7
-6
-7
-5
-8
-6
-9
-10
-10
-8
-9
-7
-9
-8
-4
-5
-4
-6
-4
-4
-4
-3
-2
-2
0
0
1
5
4
2
0
-4
-1
0
-3
-3
0
0
-2
0
0
4
5
6
8
10
11
10
11
12
9
9
8
7
12
11
12
14
12
13
16
15
16
20
18
15
13
13
8
8
12
13
13
13
10
9
13
11
8
11
8
7
6
6
6
6
5
0
0
-1
-1
0
-6
-5
-2
-4
-8
-6
-3
-6
-9
-8
-7
-10
-8
-9
-14
-13
-12
-15
-18
-23
-18
-18
-22
-21
-19
-19
-21
-20
-19
-17
-13
-14
-12
-10
-10
-10
-9
-6
-7
-7
-4
-4
-7
-10
-9
-10
-8
-8
-8
-4
-4
-3
0
1
-1
4
3
6
6
4
8
5
4
3
4
6
6
7
8
9
7
11
10
10
9
10
12
11
14
11
13
12
11
10
5
4
2
3
-1
1
5
3
2
2
3
3
2
2
3
3
3
3
0
1
-2
-2
0
-4
-1
-1
-1
2
0
-1
-2
-5
-7
-6
-4
-4
-5
-8
-6
-3
-3
-2
1
2
1
3
6
7
6
7
5
5
7
7
7
8
9
10
12
11
12
11
11
13
13
14
16
14
10
11
9
9
7
8
9
6
4
6
3
3
1
-4
-3
-4
-9
-9
-12
-12
-12
-16
-18
-21
-19
-23
-21
-19
-21
-19
-20
-20
-18
-17
-10
-8
-6
-7
-6
-4
-6
-5
-6
-3
-2
-2
-2
-3
-2
0
-1
3
3
3
-1
-1
0
0
-2
-6
-1
-3
-1
-3
-3
0
0
-2
-2
-2
-5
-4
-1
-2
-1
-1
1
-2
-1
-2
-2
-1
0
2
0
0
3
3
5
7
8
8
6
10
8
8
12
11
8
10
10
8
9
9
7
3
1
1
-1
-1
-2
-2
-2
-2
-3
-1
1
1
4
5
8
6
8
10
6
5
3
3
3
3
5
3
-1
-1
-1
-3
-5
-5
-5
-4
-4
-4
-2
2
5
4
6
6
4
6
5
7
8
6
9
8
8
9
6
3
7
6
3
5
3
5
4
3
3
3
1
4
2
0
-2
-4
-4
-6
-4
-4
-4
-6
-7
-12
-12
-12
-15
-17
-17
-14
-15
-13
-12
-10
-11
-10
-7
-10
-10
-11
-10
-8
-9
-6
-8
-8
-9
-10
-9
-10
-7
-4
-3
-3
-2
0
1
-1
0
0
-1
0
-1
3
4
4
6
6
9
10
12
12
13
15
15
14
15
15
15
14
12
12
12
8
7
6
4
3
3
1
2
2
0
2
2
2
-2
-1
-1
-5
-4
-4
-3
-2
-2
-5
-3
-3
-2
-2
-3
1
2
0
0
1
2
3
2
2
2
0
-3
-4
-6
-2
-3
-2
-1
-1
-2
-2
-2
-2
-3
-7
-7
-7
-7
-6
-5
-4
-5
-6
-6
-7
-7
-6
-5
-5
-4
-2
-2
0
-1
-3
-6
-5
-6
-7
-8
-7
-4
-5
-1
0
-1
3
6
8
13
15
16
14
14
14
13
16
14
15
15
13
15
13
15
16
19
20
20
20
18
17
13
13
14
11
9
8
6
2
1
-3
-5
-10
-11
-13
-14
-12
-12
-13
-16
-19
-20
-22
-21
-21
-20
-21
-21
-20
-22
-23
-22
-23
-20
-19
-17
-16
-12
-14
-11
-8
-6
-5
-6
-4
0
1
0
2
2
2
5
7
5
3
4
2
0
1
3
4
3
4
3
5
7
4
5
5
5
6
5
3
3
5
7
4
6
6
7
6
7
8
10
14
12
12
14
12
12
11
11
8
8
6
7
4
2
3
1
3
3
3
1
5
2
1
2
0
-2
-3
-4
-4
-1
-4
0
-1
-2
-3
-3
-4
-4
-6
-3
-4
-5
-2
-3
-6
-8
-8
-9
-11
-10
-8
-10
-6
-3
-4
-1
-2
-4
-3
-5
