SAMPLES:	18119
BITSPERSAMPLE:	16
CHANNELS:	1
SAMPLERATE:	16000
NORMALIZED:	FALSE
-112
-92
-82
-73
-86
-61
-64
-54
-41
-25
-16
-6
17
26
29
35
34
35
49
46
31
32
39
36
31
35
47
40
50
23
-15
-4
-2
-1
-12
-7
-17
-46
-22
-16
-17
-30
-35
-43
-49
-31
-28
-37
-39
-49
-61
-57
-50
-60
-65
-54
-62
-54
-41
-34
-25
-6
4
19
48
85
86
88
89
94
96
87
108
113
123
138
141
140
151
178
191
187
172
163
165
148
123
97
86
90
75
59
49
54
25
-4
8
-10
-39
-41
-62
-74
-79
-94
-102
-118
-124
-148
-138
-138
-155
-149
-158
-120
-114
-119
-103
-94
-88
-82
-61
-39
-41
-47
-33
-30
-21
-15
-9
-6
-8
0
23
29
44
16
20
23
28
62
46
57
66
74
71
58
56
63
35
12
2
-11
-17
-24
-49
-49
-56
-68
-70
-85
-101
-105
-107
-108
-115
-110
-118
-129
-124
-118
-109
-108
-107
-122
-102
-92
-83
-91
-99
-84
-56
-39
-31
-18
-2
17
22
51
65
68
82
81
84
99
104
108
121
113
139
145
139
137
147
151
116
116
121
128
130
129
119
124
111
106
104
110
96
67
84
93
95
98
74
59
37
27
31
28
28
8
-13
-42
-54
-51
-59
-46
-43
-77
-79
-75
-80
-85
-87
-83
-81
-39
-59
-63
-40
-29
-17
-11
18
16
4
3
-2
5
8
-11
3
12
7
21
12
17
15
14
8
-6
2
0
-7
-24
-20
-21
-49
-47
-45
-56
-92
-99
-85
-116
-125
-114
-114
-105
-108
-114
-117
-111
-96
-95
-99
-89
-64
-75
-61
-42
-41
-9
0
16
20
40
51
65
85
72
80
89
87
94
108
97
100
113
100
103
104
101
101
90
66
70
79
79
62
54
47
35
8
7
19
-2
4
7
0
15
-17
-58
-49
-72
-81
-80
-78
-85
-88
-92
-110
-106
-114
-106
-99
-115
-106
-101
-112
-127
-112
-98
-82
-58
-41
-24
-12
18
36
48
51
59
87
98
105
106
115
123
138
136
136
142
145
120
112
123
94
104
106
93
80
63
64
64
55
55
52
39
42
11
9
7
4
-17
-40
-39
-68
-89
-79
-79
-98
-98
-110
-109
-113
-127
-108
-105
-72
-46
-73
-71
-64
-76
-62
-57
-46
-37
-27
-12
7
9
-2
16
16
30
31
32
47
68
76
69
74
86
76
83
98
106
110
122
131
128
114
89
97
83
72
62
64
49
28
19
14
-8
-31
-37
-72
-77
-96
-127
-137
-144
-158
-136
-143
-167
-155
-149
-149
-148
-159
-139
-104
-91
-90
-70
-45
-42
-15
-30
-19
-8
-8
18
3
3
1
6
12
19
20
33
30
28
38
39
46
49
56
48
46
66
53
44
31
24
19
-8
8
-4
-15
-18
-38
-44
-32
-43
-38
-55
-49
-39
-50
-25
-38
-23
-37
-44
-34
-3
10
29
43
31
41
51
68
74
96
97
96
108
129
121
124
118
110
110
116
114
115
134
139
129
124
100
99
109
92
87
84
100
89
62
48
49
53
22
10
5
-3
-36
-72
-86
-116
-140
-143
-161
-178
-185
-189
-171
-193
-206
-183
-167
-172
-143
-140
-129
-119
-131
-110
-80
-51
-32
-25
-3
10
16
44
62
70
72
65
59
68
72
62
76
91
105
108
109
93
85
108
100
95
77
71
72
60
87
85
60
42
22
17
-16
-11
-15
-35
-29
-61
-66
-69
-86
-101
-103
-105
-122
-126
-142
-141
-137
-142
-131
-137
-130
-104
-114
-90
-69
-50
-27
-26
-7
27
35
33
20
37
42
55
63
67
84
70
84
82
85
99
104
120
117
102
99
114
96
78
64
57
59
46
33
34
31
-6
-20
-17
-31
-54
-39
-48
-79
-78
-78
-75
-63
-67
-66
-79
-88
-102
-118
-118
-108
-82
-79
-76
-70
-51
-23
-6
2
37
35
45
60
64
99
102
91
73
71
88
106
87
86
95
96
82
88
100
101
105
92
89
81
87
69
78
78
75
61
45
37
4
-6
-22
-36
-54
-82
-103
-93
-98
-106
-117
-115
-95
-91
-92
-83
-86
-84
-91
-79
-83
-68
-62
-64
-57
-39
-11
4
13
13
14
14
25
38
33
38
54
36
36
39
38
29
22
1
26
32
16
2
0
-19
-20
-12
-31
-44
-55
-52
-63
-65
-67
-67
-73
-74
-84
-86
-81
-82
-73
-53
-42
-37
-35
-17
-11
-4
14
31
45
45
68
62
72
77
63
76
86
100
81
88
102
92
87
91
94
85
83
98
88
75
81
80
82
91
69
67
53
41
52
37
44
16
0
8
20
12
0
-2
-21
-39
-45
-50
-44
-49
-86
-81
-90
-94
-97
-92
-95
-104
-97
-93
-104
-118
-137
-134
-122
-127
-121
-118
-111
-108
-107
-94
-62
-56
-36
-27
-24
-25
3
7
6
18
18
39
46
73
63
81
90
96
115
120
120
109
105
87
79
87
86
85
78
51
66
68
59
61
50
46
44
54
45
54
60
49
41
29
32
22
12
8
3
-18
-22
-24
-29
-28
-43
-40
-42
-26
-40
-37
-20
-49
-27
-26
-18
-23
-28
-22
-43
-47
-53
-49
-69
-81
-63
-58
-63
-46
-63
-52
-50
-55
-44
-52
-49
-53
-52
-40
-42
-32
-36
-41
-41
-32
-27
-17
-13
-27
-32
-37
-23
-25
-11
-27
-45
-38
-25
-22
-19
-1
4
11
-1
5
12
45
50
42
51
77
83
93
103
112
106
102
118
137
129
136
128
137
133
111
99
80
92
92
73
45
65
59
47
56
77
85
67
42
31
8
-3
-4
-7
-21
-38
-46
-46
-46
-50
-48
-69
-80
-78
-73
-72
-89
-96
-108
-123
-95
-98
-105
-111
-120
-115
-118
-105
-78
-72
-70
-75
-69
-46
-47
-41
-42
-44
-41
-38
-28
-13
-10
-16
-6
16
30
20
14
23
3
11
22
41
40
9
13
10
8
16
11
19
19
15
14
17
24
10
13
12
4
5
-2
-18
-13
-28
-48
-36
-45
-42
-32
-12
-6
0
20
34
34
27
62
83
74
67
53
47
46
62
63
77
85
95
86
98
111
116
108
78
67
60
87
88
83
88
75
68
60
43
34
29
38
39
35
34
-7
-20
-1
-7
-36
-42
-29
-41
-52
-46
-44
-43
-52
-51
-50
-53
-67
-68
-84
-87
-96
-113
-102
-111
-98
-113
-102
-100
-99
-85
-95
-104
-98
-86
-78
-75
-73
-60
-65
-62
-54
-44
-58
-52
-66
-60
-47
-10
-14
-38
-13
-16
13
30
67
85
104
101
99
84
74
71
53
56
56
58
70
76
73
70
54
44
37
41
21
32
26
21
26
33
27
36
45
34
31
22
4
16
9
-6
-9
-1
5
0
-1
7
28
13
27
26
2
24
25
16
10
16
14
9
14
7
12
20
36
13
21
23
31
31
18
17
-5
20
4
-34
-37
-41
-42
-44
-56
-78
-92
-84
-82
-93
-75
-62
-77
-96
-60
-86
-70
-37
-41
-27
-27
-31
-39
-37
-42
-19
-6
-14
-13
-14
23
40
40
59
50
33
36
46
45
38
60
54
49
60
75
66
41
47
33
33
56
54
68
75
94
82
83
80
76
82
54
56
43
27
-2
-22
-35
-46
-56
-58
-57
-58
-54
-56
-49
-30
-38
-44
-63
-78
-100
-119
-96
-75
-57
-44
-29
-33
-22
1
12
23
12
15
22
18
22
23
14
16
16
13
12
29
29
18
12
-8
-11
-7
21
12
2
15
-6
-7
-13
-12
-14
-6
-9
-22
-44
-68
-55
-50
-38
-21
-4
16
10
6
9
3
-16
-26
-40
-47
-54
-15
9
9
17
13
34
33
36
22
21
34
8
6
12
-10
-1
1
4
18
17
22
10
23
14
20
39
39
19
17
0
12
21
16
35
1
-11
-24
-13
3
22
30
8
7
-7
-27
-17
-33
-32
-28
-16
-27
-40
-22
-11
-5
3
-6
0
-1
5
-2
-6
-11
-25
16
35
37
21
9
7
6
9
31
29
39
44
27
31
37
43
40
55
53
65
49
45
49
59
57
27
18
-2
14
6
12
5
-3
-5
-3
-15
-29
-34
-42
-27
-30
-21
-23
-33
-33
-31
0
-3
-17
-33
-41
-58
-46
-25
-26
-19
-35
-42
-58
-55
-32
-10
-2
-6
4
-2
-6
-15
-11
3
3
22
7
8
14
-5
-12
-19
-14
-33
-23
-36
-45
-25
-29
-31
-41
-24
-29
-24
-24
6
-1
-11
-35
-55
-47
-32
-19
-35
-45
-49
-42
-38
-8
-12
-17
3
11
3
-9
-23
-11
-10
-27
-21
-3
-7
-3
17
22
24
50
34
17
29
54
60
56
80
92
95
84
110
92
83
99
88
75
56
63
50
74
76
43
56
63
64
39
33
15
5
13
-5
-11
5
15
5
17
13
-5
-24
-35
-54
-33
-28
-42
-52
-81
-54
-51
-27
-2
-1
-33
-48
-43
-30
-2
-10
-13
-4
-5
6
-6
-27
-12
-21
-3
2
-15
-4
-6
4
3
5
-5
-3
-8
-28
-22
-12
-7
-23
-13
-12
-30
-39
-47
-15
-12
-9
-4
-11
14
5
3
0
-7
-34
-29
-16
0
-11
-23
-15
-9
-7
-19
-6
0
4
-11
-20
-44
-43
-43
-51
-38
-13
-12
-6
-12
3
32
25
6
20
13
12
3
-5
9
19
36
34
56
48
47
55
51
48
44
35
22
8
-6
-16
-35
-36
-21
-6
-10
9
28
15
-3
-31
-37
-54
-43
-55
-70
-68
-44
-37
-48
-27
-13
0
14
29
37
28
25
17
23
49
23
31
39
43
51
67
54
45
57
54
27
52
67
63
72
63
73
42
43
47
46
59
87
70
46
44
33
26
-4
-13
-17
-13
-22
-9
-5
-12
-20
-25
-36
-64
-68
-74
-96
-119
-99
-72
-42
-33
-25
-15
-39
-49
-45
-39
-44
-29
-53
-76
-96
-67
-44
-29
-15
-6
-25
-41
-33
-32
-25
-23
-10
-19
-37
-34
-33
-8
-16
-8
10
29
44
21
30
26
26
34
26
28
45
40
47
51
64
77
48
32
31
22
6
1
-4
4
7
10
6
26
36
50
47
29
9
-1
-17
-17
-2
-9
-1
6
13
14
21
18
3
1
6
-27
-35
-34
-48
-49
-46
-39
-30
-36
-17
5
9
-3
-13
-1
-15
-19
-23
-30
-33
-15
-5
-3
10
-4
-14
-4
7
-16
-24
-31
-27
-39
-55
-61
-59
-48
-39
-28
-22
-9
-6
-13
-16
-23
-17
-23
-35
-10
-18
-1
26
22
49
65
58
55
61
67
54
57
60
64
90
85
82
101
86
73
70
60
60
66
52
74
95
92
93
96
75
60
61
78
102
70
61
55
36
33
12
0
-12
-33
-34
-29
-27
-35
-56
-55
-65
-70
-73
-88
-91
-84
-89
-90
-88
-82
-87
-92
-76
-65
-64
-65
-70
-69
-52
-48
-41
-17
-2
-13
-31
-18
1
6
4
7
0
-6
-17
-18
-18
-10
-24
-39
-24
-32
-25
-29
-15
-35
-41
-23
-48
-29
-24
-14
-20
-14
-12
-8
-7
-17
-7
0
5
0
-4
-21
-27
-23
-27
-16
-17
-5
-8
-18
9
23
44
55
53
37
7
17
42
42
61
63
67
84
71
76
87
81
84
81
67
67
64
49
39
41
46
41
39
52
60
33
26
5
1
4
-34
-40
-31
-50
-45
-63
-73
-58
-51
-55
-83
-65
-46
-50
-35
-46
-43
-31
-52
-34
-23
-4
-4
-11
-15
-13
-5
-17
-10
-20
-11
-17
0
17
16
38
21
27
37
39
46
46
36
28
25
29
32
26
27
28
37
41
34
29
30
31
29
35
20
24
11
5
20
17
13
20
17
3
7
-1
7
4
11
20
13
0
4
-8
-25
-18
1
27
17
6
-14
-40
-59
-51
-38
-41
-51
-38
-37
-52
-31
-44
-50
-29
-19
-12
-16
-21
-8
-15
-17
-11
-18
-4
-8
6
14
20
3
-23
-33
-40
-51
-53
-36
-40
-47
-50
-57
-43
-29
-21
-30
-39
-46
-57
-51
-45
-27
-31
-32
-35
-44
-40
-19
-5
-17
-11
-23
-19
-17
-19
-10
-13
-2
-4
-3
11
10
24
46
60
75
78
68
66
66
55
59
54
64
79
70
81
100
100
86
94
77
82
79
66
71
57
45
41
44
47
64
55
66
49
39
20
-2
5
5
0
-18
-16
-15
-9
-14
5
-7
-14
6
16
8
3
-17
-48
-73
-80
-86
-77
-53
-33
-30
-25
-24
-15
-14
-37
-25
-38
-27
-12
-19
-4
-1
3
12
17
-2
3
1
-7
1
13
16
4
-9
-10
-11
-10
-6
-7
-8
-23
-22
-29
-29
-32
-27
-34
-40
-60
-47
-38
-53
-37
-33
-27
-24
-24
-38
-28
-17
-5
1
4
-14
-22
-21
-16
0
-6
-2
-7
-15
-14
-4
-5
2
16
12
27
37
39
33
17
12
16
3
13
18
-8
-20
-18
-13
-30
-57
-60
-51
-53
-54
-39
-21
-15
-11
-4
3
4
12
19
14
-11
10
29
35
40
33
68
89
73
75
76
67
45
34
51
65
65
54
53
73
59
44
66
48
47
36
41
51
50
48
46
36
18
27
20
28
25
19
20
-6
17
-7
-12
-14
-17
-19
-16
2
-5
19
14
-5
-16
-26
-35
-58
-69
-65
-66
-66
-69
-71
-62
-64
-68
-75
-75
-89
-77
-89
-92
-86
-89
-59
-63
-65
-44
-43
-44
-48
-18
-11
-29
-29
-32
-36
-19
-15
-8
10
24
34
20
32
44
55
60
56
56
42
23
20
38
32
51
51
51
65
78
82
85
69
54
44
20
23
0
1
0
0
-2
-6
-18
-19
-26
-25
-30
-26
-24
-22
-20
-19
-10
0
-3
-17
-38
-33
-29
-42
-45
-51
-28
-50
-56
-40
-40
-23
-23
-13
-17
-6
9
-10
-4
-15
-15
-9
3
19
12
17
10
30
39
40
63
68
71
85
92
90
86
85
72
59
61
61
44
31
24
7
13
6
-3
-2
0
23
24
4
-11
-19
-27
-37
-43
-30
-37
-31
-6
-1
-11
-22
-12
-6
6
-7
-11
-2
-9
-12
-14
-21
-33
-18
-16
-23
-21
-15
-14
-9
-19
-3
-4
-5
-10
-34
-33
-19
-2
-10
-1
-10
6
13
8
2
3
-2
-11
-12
-21
-26
-28
-22
-29
-41
-42
-34
-18
-7
-9
-17
-1
4
2
11
17
8
17
34
24
27
33
34
9
7
-3
6
20
13
2
-8
-10
-1
2
-9
-7
-10
-1
-14
-24
-20
-23
-24
-27
-26
-26
-15
1
-1
11
28
23
13
11
15
9
1
-9
-7
-19
-3
1
4
5
26
41
34
22
25
19
11
10
0
13
14
-3
7
5
8
25
23
31
27
38
30
31
33
25
27
18
23
28
37
33
27
24
30
26
17
13
2
-10
-11
-8
-4
4
0
6
-10
-4
13
8
-3
-17
-21
-14
-18
-22
-32
-32
-24
-24
-13
-26
-32
-25
-29
-25
-30
-21
-8
-4
5
-4
-14
-28
-47
-40
-30
-47
-48
-51
-57
-75
-73
-67
-62
-68
-70
-57
-48
-35
-32
-32
-33
-25
-16
-18
-17
-5
4
2
-1
18
33
36
37
40
55
53
53
52
51
54
43
51
54
55
61
40
28
28
22
11
2
10
12
6
17
18
26
35
29
24
33
43
36
29
26
29
30
21
23
30
25
19
18
15
14
13
3
2
0
-13
-16
-19
-17
-13
-14
-16
-16
-15
-15
-15
-22
-37
-36
-42
-43
-47
-46
-32
-19
-44
-41
-24
-34
-36
-32
-29
-42
-33
-39
-36
-38
-36
-31
-35
-29
-19
-13
-14
-9
5
6
24
43
34
53
68
58
69
83
81
82
80
68
62
52
49
52
49
50
42
38
44
35
30
31
25
16
17
4
-8
-9
-12
-19
-23
-15
-15
-30
-37
-50
-48
-40
-32
-33
-20
-15
-18
-18
-19
-29
-36
-31
-29
-27
-30
-32
-28
-36
-34
-36
-43
-44
-46
-56
-60
-50
-51
-49
-42
-54
-59
-46
-49
-43
-33
-32
-24
-18
-4
2
0
7
11
10
7
3
-13
-8
-9
-6
-5
5
18
21
45
51
52
49
42
39
42
45
40
29
24
41
28
29
41
43
56
54
61
69
72
68
76
82
81
78
70
67
62
50
38
29
18
9
7
4
0
-6
-10
-12
-17
-18
-14
-20
-33
-22
-19
-18
-21
-25
-22
-30
-34
-39
-39
-48
-61
-75
-86
-75
-54
-46
-45
-43
-29
-5
7
17
16
21
27
35
33
35
46
43
43
50
42
39
34
32
33
31
29
23
11
7
3
-13
-18
-35
-33
-35
-30
-35
-46
-59
-70
-88
-95
-95
-104
-84
-85
-74
-75
-67
-63
-74
-63
-53
-31
-31
-24
-20
-26
-6
-5
-3
12
2
6
6
-3
-7
-7
-2
20
32
24
42
52
53
57
64
58
71
72
63
76
71
61
64
61
64
66
73
71
75
77
67
79
75
66
52
46
36
20
-7
-20
-18
-29
-36
-52
-59
-78
-92
-95
-101
-103
-98
-101
-98
-86
-76
-74
-68
-64
-67
-66
-59
-47
-41
-33
-11
-7
1
10
13
39
60
80
91
96
109
108
107
102
104
109
103
95
75
59
55
46
35
24
1
2
-3
-21
-13
-13
-24
-17
-9
-3
8
11
18
18
40
44
51
67
56
57
52
58
65
49
36
18
2
-12
-35
-72
-103
-129
-178
-218
-264
-303
-329
-350
-351
-354
-350
-341
-306
-263
-220
-162
-94
-5
90
187
306
402
488
586
639
691
762
798
815
810
768
721
632
508
368
217
36
-160
-337
-510
-682
-824
-943
-1047
-1128
-1172
-1174
-1166
-1127
-1061
-961
-866
-752
-602
-497
-379
-244
-118
7
118
221
331
422
507
621
717
799
908
987
1057
1079
1084
1070
1023
982
900
820
729
611
491
366
223
121
11
-86
-160
-254
-349
-424
-482
-533
-568
-587
-615
-634
-593
-552
-519
-435
-338
-249
-138
-6
105
243
428
559
697
818
914
979
1024
1059
1040
942
787
609
366
139
-121
-430
-742
-1025
-1293
-1573
-1789
-1952
-2104
-2188
-2191
-2155
-2091
-1964
-1777
-1568
-1310
-1018
-738
-458
-173
123
404
656
899
1135
1339
1522
1689
1819
1914
2008
2064
2082
2096
2100
2040
1976
1868
1708
1504
1286
1075
826
577
319
87
-142
-332
-521
-689
-854
-977
-1051
-1119
-1162
-1163
-1140
-1080
-979
-859
-731
-588
-446
-314
-148
11
160
238
288
238
182
133
3
-149
-337
-544
-796
-969
-1116
-1287
-1417
-1471
-1503
-1501
-1389
-1265
-1163
-1020
-813
-626
-405
-193
-13
151
285
413
502
584
622
703
787
820
900
1005
1094
1167
1261
1343
1374
1404
1401
1351
1295
1216
1095
960
841
707
575
439
308
182
83
-3
-79
-104
-150
-132
-82
-56
-4
60
131
188
231
313
332
269
148
-9
-233
-460
-654
-950
-1304
-1579
-1782
-2028
-2213
-2330
-2435
-2468
-2388
-2217
-2032
-1804
-1524
-1220
-894
-514
-150
164
469
767
1036
1246
1393
1546
1671
1760
1842
1890
1929
1947
1953
1917
1873
1774
1677
1577
1439
1274
1073
818
594
397
133
-123
-356
-546
-717
-854
-970
-1050
-1050
-981
-889
-730
-513
-338
-141
88
324
525
697
854
896
864
772
569
355
119
-198
-586
-1008
-1365
-1690
-1978
-2188
-2398
-2553
-2600
-2533
-2409
-2253
-2058
-1837
-1524
-1204
-851
-530
-255
1
261
529
701
895
1068
1255
1429
1570
1677
1774
1872
1970
2052
2076
2090
2049
2034
1979
1830
1656
1483
1261
1031
846
628
416
233
101
-3
-47
-63
-45
39
127
233
283
379
457
434
347
191
-37
-286
-549
-868
-1281
-1674
-2015
-2304
-2537
-2749
-2910
-3009
-2996
-2848
-2658
-2474
-2230
-1925
-1580
-1230
-851
-500
-179
141
458
736
976
1198
1400
1589
1725
1843
1906
1982
2067
2109
2089
2043
1984
1873
1754
1609
1418
1190
972
775
555
372
170
4
-88
-129
-123
-54
57
153
318
485
624
725
841
873
818
687
470
176
-153
-471
-871
-1281
-1674
-2012
-2315
-2575
-2786
-2904
-2972
-2932
-2772
-2584
-2379
-2158
-1849
-1554
-1237
-915
-623
-333
-33
267
534
773
981
1220
1442
1639
1815
1940
2080
2191
2214
2220
2207
2085
1969
1840
1672
1411
1180
968
713
516
372
264
162
168
236
347
491
654
784
916
1063
1133
1184
1162
1021
807
510
120
-317
-750
-1248
-1771
-2240
-2642
-3040
-3366
-3585
-3724
-3739
-3643
-3434
-3169
-2857
-2471
-2072
-1649
-1232
-780
-342
56
413
741
1028
1268
1512
1731
1954
2152
2328
2450
2528
2630
2646
2644
2553
2411
2210
1974
1706
1401
1084
755
480
261
53
-78
-139
-123
-3
180
353
528
739
905
1036
1158
1195
1062
867
599
202
-217
-656
-1167
-1690
-2155
-2592
-2976
-3258
-3443
-3589
-3598
-3510
-3354
-3075
-2775
-2439
-2058
-1656
-1245
-818
-434
-90
212
518
823
1079
1320
1542
1745
1926
2109
2228
2346
2432
2493
2492
2413
2265
2083
1878
1647
1397
1127
856
635
450
283
215
198
282
415
592
740
897
1085
1225
1316
1393
1382
1166
893
565
138
-331
-792
-1363
-1908
-2352
-2806
-3224
-3522
-3735
-3849
-3829
-3718
-3497
-3224
-2877
-2488
-2094
-1708
-1303
-879
-516
-197
118
440
713
996
1296
1544
1755
1984
2153
2323
2498
2604
2670
2704
2666
2537
2377
2181
1936
1673
1385
1077
828
591
399
335
302
320
425
569
695
857
1030
1152
1228
1318
1234
1025
749
336
-109
-546
-1064
-1664
-2203
-2661
-3111
-3448
-3684
-3863
-3926
-3857
-3662
-3377
-3051
-2687
-2260
-1792
-1315
-892
-492
-113
220
526
781
1001
1211
1415
1589
1759
1895
2028
2115
2207
2292
2277
2204
2125
2037
1883
1668
1447
1204
989
813
631
473
413
387
438
546
694
828
998
1172
1248
1345
1358
1249
1025
769
430
-12
-448
-983
-1569
-2070
-2543
-2970
-3283
-3507
-3684
-3717
-3607
-3425
-3134
-2737
-2357
-1952
-1476
-1010
-553
-126
237
564
890
1186
1399
1560
1744
1869
1982
2074
2140
2167
2165
2132
2074
1951
1782
1601
1386
1189
981
772
530
363
253
163
143
150
223
393
563
724
873
1026
1121
1204
1213
1075
823
478
48
-417
-897
-1460
-2050
-2584
-3022
-3422
-3721
-3914
-4031
-4025
-3861
-3622
-3270
-2821
-2345
-1812
-1259
-730
-193
327
820
1241
1604
1914
2192
2432
2626
2807
2899
2970
2974
2975
2944
2791
2605
2416
2159
1889
1644
1338
1025
733
459
190
47
-43
-91
-82
24
114
265
440
530
673
759
804
725
568
305
-45
-441
-885
-1386
-1948
-2495
-2946
-3361
-3737
-3972
-4164
-4224
-4173
-3981
-3665
-3269
-2812
-2318
-1757
-1187
-593
-66
446
910
1341
1756
2076
2357
2614
2826
2964
3073
3123
3094
3057
2952
2826
2637
2407
2131
1842
1597
1265
957
687
439
237
122
38
-18
15
96
197
314
463
559
611
706
661
531
296
-45
-420
-835
-1271
-1771
-2288
-2763
-3183
-3557
-3809
-4019
-4120
-4105
-3975
-3704
-3407
-2989
-2572
-2052
-1500
-944
-393
140
648
1097
1512
1889
2230
2490
2766
2984
3162
3276
3309
3308
3237
3130
2981
2742
2488
2219
1934
1642
1352
1076
820
622
458
349
313
333
385
480
567
621
663
657
622
505
302
-15
-402
-813
-1241
-1672
-2152
-2649
-3082
-3448
-3752
-3944
-4062
-4107
-4029
-3884
-3601
-3304
-2928
-2498
-2035
-1527
-1055
-546
-96
359
779
1186
1541
1874
2155
2424
2655
2841
2960
3047
3102
3069
3008
2846
2675
2441
2198
1965
1684
1405
1170
953
773
657
572
554
602
711
852
976
1073
1100
1095
1090
932
644
285
-165
-668
-1192
-1759
-2349
-2952
-3444
-3847
-4157
-4329
-4443
-4422
-4310
-4058
-3697
-3330
-2851
-2357
-1854
-1282
-719
-198
266
731
1168
1566
1917
2252
2590
2849
3076
3259
3370
3405
3408
3317
3162
2977
2698
2373
2042
1652
1297
953
646
376
184
35
-36
52
141
308
483
668
804
904
936
930
744
476
108
-370
-874
-1485
-2086
-2695
-3279
-3783
-4188
-4465
-4621
-4694
-4602
-4403
-4053
-3604
-3117
-2572
-2001
-1391
-786
-195
349
854
1311
1739
2152
2505
2810
3095
3340
3520
3659
3745
3774
3748
3635
3440
3205
2884
2522
2114
1698
1267
859
512
183
-19
-179
-246
-194
-69
104
318
522
678
811
910
843
654
384
-47
-550
-1092
-1693
-2346
-3008
-3653
-4193
-4599
-4877
-5044
-5101
-4989
-4743
-4345
-3861
-3288
-2691
-2077
-1424
-789
-177
343
873
1340
1800
2203
2572
2917
3215
3494
3709
3897
4002
4086
4075
4002
3811
3554
3232
2865
2446
1979
1510
1026
637
304
40
-147
-213
-200
-74
116
308
482
664
818
870
815
597
226
-237
-774
-1352
-1990
-2703
-3357
-3938
-4402
-4806
-5051
-5171
-5143
-4933
-4595
-4144
-3629
-3041
-2421
-1788
-1161
-551
21
559
1043
1482
1861
2209
2579
2877
3211
3472
3689
3841
3972
4063
4010
3909
3683
3438
3055
2674
2256
1772
1302
896
480
129
-96
-266
-347
-295
-140
17
250
448
598
757
799
674
409
52
-406
-893
-1459
-2141
-2821
-3446
-4001
-4472
-4787
-5010
-5077
-4971
-4713
-4362
-3893
-3362
-2758
-2093
-1487
-878
-266
296
838
1312
1736
2105
2483
2828
3132
3421
3647
3872
3999
4117
4153
4098
3952
3743
3476
3100
2673
2235
1807
1317
904
535
189
-18
-134
-191
-168
-39
32
182
338
445
414
299
84
-292
-724
-1225
-1760
-2394
-3032
-3658
-4194
-4600
-4899
-5064
-5097
-4991
-4756
-4356
-3897
-3355
-2759
-2114
-1472
-836
-228
264
756
1206
1619
1942
2305
2620
2911
3179
3407
3659
3837
3995
4028
4017
3926
3783
3585
3263
2918
2523
2051
1604
1247
827
522
344
170
97
152
269
309
397
496
524
494
368
89
-341
-796
-1340
-1924
-2580
-3261
-3905
-4444
-4898
-5250
-5418
-5482
-5379
-5106
-4684
-4181
-3581
-2866
-2158
-1433
-739
-67
534
1052
1493
1865
2239
2561
2813
3073
3350
3596
3811
3976
4116
4224
4229
4187
4094
3886
3591
3274
2943
2522
2099
1659
1222
877
624
365
228
192
171
196
231
269
250
217
65
-178
-582
-1051
-1577
-2158
-2785
-3447
-4087
-4659
-5153
-5517
-5715
-5811
-5701
-5429
-4992
-4445
-3812
-3098
-2373
-1596
-825
-112
541
1111
1615
2061
2431
2764
3048
3268
3462
3642
3822
3938
4053
4146
4125
4089
3985
3817
3583
3330
3017
2649
2271
1882
1494
1187
936
698
592
512
491
540
597
654
649
633
475
201
-190
-683
-1231
-1811
-2531
-3259
-3955
-4611
-5154
-5601
-5894
-6095
-6078
-5867
-5505
-4995
-4381
-3693
-2938
-2122
-1347
-597
130
794
1349
1818
2227
2577
2910
3173
3375
3610
3784
3916
4004
4099
4102
4064
4028
3866
3696
3494
3237
2923
2622
2296
1986
1699
1429
1195
1036
943
872
834
822
795
749
653
447
132
-286
-789
-1358
-1960
-2678
-3396
-4091
-4718
-5284
-5698
-6010
-6189
-6184
-6032
-5663
-5195
-4550
-3855
-3063
-2267
-1427
-603
140
823
1429
2001
2455
2885
3213
3478
3708
3859
4007
4073
4118
4130
4040
3948
3805
3594
3350
3111
2805
2488
2236
1949
1631
1438
1257
1091
1054
1014
986
1014
1013
967
963
859
632
305
-121
-600
-1152
-1773
-2488
-3186
-3876
-4538
-5090
-5533
-5881
-6099
-6085
-5933
-5642
-5190
-4614
-3973
-3222
-2464
-1698
-898
-156
538
1181
1749
2238
2728
3124
3440
3727
3970
4086
4202
4291
4228
4168
4072
3877
3647
3423
3138
2847
2572
2273
1963
1728
1518
1332
1208
1145
1084
1085
1116
1092
1079
1008
810
538
186
-315
-843
-1402
-2060
-2756
-3419
-4086
-4707
-5207
-5630
-5947
-6079
-6062
-5909
-5599
-5152
-4612
-3970
-3236
-2524
-1763
-998
-299
388
1051
1661
2173
2688
3093
3415
3745
3986
4168
4305
4390
4339
4285
4181
3970
3776
3551
3229
2955
2726
2421
2152
1945
1758
1602
1516
1435
1344
1326
1272
1207
1137
940
684
336
-97
-663
-1217
-1822
-2521
-3185
-3853
-4500
-5086
-5500
-5858
-6092
-6145
-6082
-5846
-5475
-5007
-4452
-3747
-3042
-2306
-1538
-803
-105
555
1177
1735
2292
2791
3216
3579
3928
4174
4344
4481
4537
4502
4449
4305
4041
3832
3554
3225
2949
2639
2330
2083
1883
1698
1548
1484
1382
1300
1278
1242
1174
1065
847
522
117
-377
-945
-1563
-2196
-2901
-3580
-4192
-4783
-5285
-5679
-5968
-6094
-6078
-5902
-5600
-5198
-4661
-4074
-3413
-2714
-1991
-1325
-622
46
637
1152
1670
2191
2616
3011
3381
3733
3988
4235
4436
4479
4479
4450
4273
4068
3863
3578
3288
3040
2777
2499
2302
2120
1965
1879
1880
1820
1769
1756
1631
1460
1220
918
417
-79
-666
-1322
-2033
-2791
-3517
-4244
-4835
-5380
-5780
-6115
-6266
-6308
-6177
-5863
-5486
-4942
-4375
-3716
-3036
-2293
-1555
-842
-160
479
1078
1572
2076
2508
2916
3276
3561
3789
3977
4137
4195
4173
4166
4019
3832
3678
3420
3204
2965
2742
2504
2335
2179
2023
1973
1946
1911
1878
1871
1798
1735
1509
1217
844
335
-259
-925
-1609
-2383
-3108
-3810
-4464
-5055
-5490
-5853
-6089
-6137
-6061
-5816
-5472
-5008
-4472
-3857
-3207
-2503
-1788
-1099
-422
226
836
1376
1917
2398
2792
3166
3503
3773
4019
4177
4224
4222
4158
3979
3808
3628
3377
3093
2852
2592
2349
2203
2078
1935
1883
1868
1816
1807
1811
1749
1703
1544
1268
931
452
-110
-717
-1387
-2144
-2890
-3595
-4256
-4851
-5339
-5718
-5980
-6041
-5984
-5775
-5440
-4982
-4485
-3873
-3226
-2569
-1845
-1190
-525
58
637
1167
1675
2143
2516
2878
3215
3468
3696
3913
4007
4064
4045
3970
3829
3625
3398
3106
2846
2589
2365
2161
2004
1845
1782
1768
1768
1782
1808
1815
1761
1654
1423
1092
642
122
-507
-1160
-1915
-2665
-3407
-4144
-4755
-5288
-5750
-6052
-6120
-6058
-5856
-5529
-5062
-4528
-3868
-3170
-2499
-1757
-1032
-386
252
855
1361
1872
2370
2784
3113
3432
3671
3867
4044
4104
4112
4053
3923
3740
3521
3264
2967
2652
2359
2104
1842
1698
1533
1467
1442
1432
1456
1480
1495
1496
1432
1239
984
580
97
-477
-1059
-1786
-2547
-3242
-3976
-4606
-5111
-5533
-5883
-6020
-5992
-5832
-5523
-5080
-4574
-3947
-3265
-2622
-1888
-1178
-493
152
805
1333
1838
2334
2762
3174
3526
3789
4015
4239
4297
4320
4295
4157
3973
3774
3506
3181
2874
2552
2220
1980
1761
1510
1419
1361
1348
1373
1384
1363
1339
1265
1075
820
427
-65
-622
-1170
-1894
-2617
-3279
-3985
-4640
-5174
-5619
-5984
-6114
-6088
-5926
-5633
-5221
-4711
-4072
-3395
-2718
-1958
-1227
-532
145
831
1408
1980
2518
2973
3384
3734
4032
4269
4472
4555
4580
4535
4440
4242
4065
3791
3463
3171
2822
2470
2193
1953
1705
1567
1463
1356
1296
1263
1152
1051
934
693
370
-36
-552
-1126
-1707
-2407
-3135
-3785
-4449
-5048
-5531
-5903
-6190
-6296
-6257
-6092
-5754
-5294
-4784
-4195
-3474
-2766
-2027
-1292
-562
152
863
1503
2061
2661
3159
3598
3976
4327
4600
4812
4902
4904
4900
4740
4570
4342
4062
3683
3387
3060
2717
2495
2259
2022
1859
1792
1682
1627
1568
1474
1351
1202
906
503
33
-517
-1121
-1787
-2529
-3297
-4024
-4692
-5294
-5798
-6193
-6470
-6549
-6474
-6317
-5998
-5561
-5059
-4443
-3788
-3104
-2376
-1669
-973
-294
356
1011
1625
2248
2812
3332
3817
4222
4558
4840
5009
5090
5090
4988
4814
4617
4323
3987
3689
3369
3058
2758
2542
2306
2175
2071
1985
1931
1874
1764
1634
1437
1100
699
148
-476
-1136
-1816
-2628
-3388
-4121
-4825
-5421
-5902
-6283
-6562
-6605
-6555
-6346
-6032
-5594
-5121
-4516
-3852
-3234
-2530
-1848
-1163
-510
169
776
1398
2026
2601
3124
3618
4063
4441
4749
4942
5078
5126
5057
4926
4732
4464
4159
3864
3506
3174
2936
2687
2475
2367
2284
2235
2192
2147
2041
1938
1693
1327
910
358
-294
-950
-1693
-2556
-3347
-4137
-4869
-5509
-5997
-6434
-6660
-6693
-6632
-6430
-6101
-5654
-5167
-4545
-3953
-3302
-2628
-1961
-1315
-690
-64
532
1153
1734
2327
2868
3406
3847
4233
4580
4836
4984
5071
5076
4956
4763
4473
4167
3836
3477
3177
2866
2603
2446
2291
2190
2129
2085
1974
1907
1793
1531
1224
763
198
-424
-1057
-1817
-2652
-3409
-4147
-4850
-5425
-5828
-6179
-6322
-6347
-6244
-5992
-5630
-5187
-4701
-4088
-3529
-2927
-2311
-1707
-1156
-603
-28
488
1049
1625
2174
2670
3184
3646
4020
4381
4630
4829
4910
4926
4830
4655
4448
4172
3860
3552
3323
3051
2825
2670
2563
2472
2414
2352
2221
2121
1924
1606
1224
679
41
-674
-1392
-2253
-3074
-3824
-4609
-5243
-5755
-6166
-6432
-6477
-6413
-6252
-5926
-5519
-5069
-4544
-3936
-3373
-2783
-2221
-1659
-1091
-566
-40
463
992
1532
2049
2569
3083
3533
3926
4254
4535
4749
4876
4921
4872
4764
4604
4337
4075
3825
3568
3305
3125
2998
2852
2777
2715
2604
2467
2325
2031
1640
1168
597
-116
-840
-1626
-2506
-3294
-4116
-4869
-5508
-5980
-6379
-6592
-6574
-6477
-6227
-5835
-5381
-4872
-4275
-3663
-3068
-2443
-1842
-1303
-770
-264
220
697
1172
1669
2157
2597
3028
3416
3775
4082
4311
4499
4582
4595
4515
4403
4227
4008
3747
3529
3350
3141
3014
2887
2818
2769
2741
2649
2546
2379
2057
1673
1135
503
-210
-958
-1835
-2725
-3586
-4414
-5156
-5798
-6266
-6631
-6762
-6752
-6572
-6245
-5824
-5308
-4712
-4036
-3409
-2737
-2109
-1526
-979
-420
51
525
1035
1471
1882
2358
2721
3123
3534
3831
4056
4282
4496
4564
4614
4561
4445
4267
4138
3918
3711
3531
3344
3239
3180
3131
3031
2992
2898
2758
2504
2142
1651
1058
411
-372
-1212
-2124
-2986
-3894
-4706
-5420
-6021
-6460
-6731
-6817
-6778
-6514
-6168
-5703
-5142
-4498
-3833
-3138
-2432
-1808
-1192
-599
-79
406
908
1344
1734
2133
2517
2846
3147
3433
3689
3842
3968
4058
4050
3984
3916
3796
3646
3481
3320
3171
3038
2960
2924
2937
2914
2894
2882
2810
2642
2374
1997
1481
868
193
-613
-1474
-2329
-3210
-4043
-4773
-5372
-5932
-6272
-6475
-6531
-6433
-6195
-5819
-5363
-4741
-4153
-3519
-2853
-2211
-1593
-1008
-478
32
583
1060
1475
1916
2320
2660
2975
3229
3428
3601
3724
3803
3809
3782
3696
3559
3468
3338
3209
3123
3021
2990
2960
3005
3024
3053
3076
3048
2935
2687
2395
1933
1408
721
26
-850
-1702
-2539
-3430
-4194
-4871
-5404
-5866
-6091
-6267
-6246
-6098
-5820
-5439
-4963
-4361
-3805
-3190
-2584
-1954
-1378
-797
-248
286
845
1323
1770
2191
2574
2846
3111
3300
3438
3542
3567
3520
3419
3284
3141
3023
2889
2773
2659
2583
2584
2601
2639
2670
2732
2786
2795
2772
2603
2338
1928
1441
824
97
-704
-1528
-2343
-3194
-3949
-4634
-5159
-5627
-5894
-6072
-6112
-5964
-5728
-5339
-4886
-4339
-3797
-3183
-2574
-1947
-1359
-761
-169
386
990
1504
1994
2471
2893
3221
3504
3713
3830
3950
3968
3896
3744
3562
3337
3112
2909
2651
2479
2366
2325
2348
2416
2493
2546
2635
2630
2611
2495
2264
1879
1365
780
79
-685
-1526
-2353
-3177
-3934
-4593
-5145
-5551
-5837
-5979
-6020
-5924
-5714
-5396
-4979
-4508
-4026
-3476
-2910
-2347
-1779
-1220
-675
-106
468
1047
1619
2134
2645
3043
3395
3703
3919
4003
4067
4046
3887
3717
3469
3207
2925
2754
2550
2367
2317
2323
2393
2478
2617
2670
2785
2800
2699
2498
2184
1664
1066
430
-415
-1261
-2119
-2957
-3763
-4416
-4981
-5436
-5713
-5841
-5884
-5807
-5574
-5273
-4878
-4424
-3966
-3463
-2936
-2432
-1898
-1362
-877
-370
206
770
1321
1870
2364
2839
3245
3595
3861
4012
4066
4062
3972
3767
3531
3274
2991
2712
2488
2296
2170
2164
2198
2265
2378
2503
2592
2681
2630
2474
2153
1713
1139
496
-240
-1105
-1908
-2750
-3505
-4203
-4755
-5221
-5496
-5626
-5691
-5594
-5410
-5106
-4788
-4327
-3901
-3465
-3019
-2560
-2109
-1646
-1166
-711
-156
402
991
1571
2131
2606
3053
3445
3722
3939
4028
4014
3917
3725
3482
3197
2896
2551
2294
2068
1894
1884
1901
2033
2145
2314
2436
2512
2556
2454
2204
1800
1313
704
10
-802
-1616
-2446
-3228
-3913
-4474
-4892
-5186
-5287
-5276
-5146
-4898
-4591
-4238
-3790
-3352
-2927
-2501
-2107
-1698
-1312
-922
-561
-172
283
710
1173
1666
2116
2518
2910
3243
3472
3621
3675
3606
3472
3255
2970
2690
2387
2104
1846
1654
1577
1593
1636
1778
1965
2105
2249
2281
2245
2060
1748
1285
727
46
-737
-1506
-2318
-3069
-3747
-4284
-4735
-5041
-5155
-5151
-5007
-4764
-4423
-4045
-3613
-3173
-2744
-2345
-1940
-1560
-1191
-825
-470
-69
323
755
1210
1666
2075
2479
2816
3081
3308
3456
3522
3481
3358
3154
2905
2647
2334
2058
1856
1681
1594
1590
1676
1732
1914
2052
2198
2277
2232
2079
1731
1327
762
119
-660
-1427
-2206
-2968
-3630
-4205
-4618
-4873
-5018
-5056
-4926
-4695
-4367
-3990
-3529
-3091
-2648
-2181
-1780
-1379
-1021
-680
-359
3
405
773
1163
1588
1989
2315
2650
2977
3177
3318
3416
3383
3272
3116
2874
2582
2330
2081
1815
1621
1531
1490
1519
1632
1728
1816
1942
1979
1901
1769
1478
1004
493
-95
-840
-1570
-2292
-3068
-3745
-4262
-4698
-5014
-5128
-5111
-4990
-4736
-4380
-3979
-3520
-3015
-2561
-2079
-1606
-1176
-786
-403
-18
352
737
1129
1547
1980
2343
2668
2992
3238
3430
3556
3623
3592
3492
3281
3048
2786
2478
2191
1971
1757
1587
1589
1588
1596
1680
1762
1791
1808
1716
1463
1142
720
192
-400
-1103
-1854
-2607
-3307
-3964
-4454
-4855
-5109
-5192
-5159
-4983
-4747
-4382
-3964
-3478
-2994
-2534
-2054
-1605
-1205
-813
-409
-72
297
697
1090
1470
1883
2274
2596
2927
3191
3351
3480
3522
3474
3359
3194
2942
2688
2425
2133
1901
1686
1577
1501
1506
1532
1633
1698
1758
1789
1688
1527
1218
839
343
-219
-896
-1610
-2347
-3053
-3696
-4240
-4598
-4837
-4908
-4842
-4666
-4382
-4025
-3576
-3144
-2657
-2197
-1760
-1381
-1038
-698
-375
-33
301
652
1004
1326
1672
2015
2309
2625
2865
3051
3205
3286
3218
3123
2956
2705
2454
2192
1894
1642
1502
1376
1303
1328
1393
1474
1628
1722
1739
1722
1616
1285
864
372
-233
-888
-1587
-2274
-3018
-3636
-4130
-4533
-4807
-4921
-4864
-4710
-4395
-4034
-3596
-3118
-2610
-2162
-1700
-1269
-893
-551
-219
110
389
713
1050
1363
1673
2048
2332
2623
2901
3094
3229
3304
3296
3177
3003
2776
2507
2236
1982
1732
1542
1417
1330
1323
1401
1477
1546
1668
1710
1640
1538
1281
870
379
-199
-906
-1632
-2331
-3091
-3749
-4251
-4691
-4997
-5091
-5036
-4853
-4551
-4126
-3652
-3104
-2548
-2017
-1510
-1039
-611
-273
88
388
645
939
1214
1490
1779
2076
2298
2553
2784
2938
3061
3173
3191
3117
2977
2763
2543
2273
1995
1761
1541
1388
1292
1237
1281
1331
1377
1442
1550
1494
1357
1164
771
282
-270
-903
-1627
-2370
-3053
-3700
-4257
-4680
-5001
-5159
-5112
-4967
-4698
-4282
-3818
-3307
-2713
-2157
-1652
-1099
-611
-211
192
545
834
1134
1438
1716
1995
2285
2473
2675
2879
3021
3119
3176
3177
3111
3029
2870
2639
2390
2160
1937
1739
1584
1480
1429
1433
1443
1485
1540
1565
1511
1373
1159
800
338
-184
-795
-1494
-2213
-2946
-3622
-4201
-4668
-5006
-5226
-5220
-5123
-4870
-4507
-4054
-3584
-3046
-2477
-1952
-1395
-894
-463
-40
377
688
992
1342
1642
1934
2236
2504
2730
2925
3074
3149
3197
3167
3107
2982
2814
2623
2399
2172
1957
1817
1644
1552
1525
1555
1619
1677
1721
1712
1659
1504
1219
829
342
-213
-836
-1539
-2269
-2971
-3636
-4244
-4672
-5015
-5221
-5247
-5099
-4877
-4555
-4128
-3641
-3112
-2564
-2046
-1507
-983
-517
-94
299
670
1040
1405
1729
2061
2365
2659
2867
3056
3220
3306
3333
3312
3204
3052
2884
2646
2416
2178
1944
1754
1641
1538
1496
1536
1579
1645
1724
1767
1735
1595
1347
941
429
-149
-761
-1450
-2178
-2874
-3537
-4130
-4622
-4942
-5168
-5197
-5077
-4864
-4496
-4094
-3605
-3121
-2582
-2060
-1567
-1121
-696
-288
75
469
793
1193
1511
1854
2180
2493
2772
2998
3208
3290
3308
3295
3205
3021
2831
2570
2309
2073
1838
1630
1496
1430
1400
1455
1524
1613
1705
1783
1796
1685
1493
1185
724
159
-471
-1177
-1941
-2680
-3383
-4036
-4540
-4898
-5150
-5238
-5159
-4961
-4634
-4221
-3757
-3246
-2708
-2158
-1661
-1137
-706
-298
97
470
813
1149
1525
1821
2106
2404
2653
2857
3055
3196
3247
3231
3179
3020
2834
2638
2378
2122
1895
1684
1523
1409
1360
1371
1466
1540
1653
1715
1749
1688
1527
1285
885
342
-264
-894
-1682
-2422
-3105
-3749
-4332
-4750
-5011
-5203
-5175
-5024
-4743
-4375
-3912
-3411
-2903
-2368
-1890
-1388
-946
-517
-129
258
604
968
1318
1663
1994
2341
2671
2907
3158
3301
3379
3374
3329
3209
3056
2885
2650
2404
2164
1949
1764
1666
1615
1603
1671
1741
1800
1865
1879
1784
1592
1339
910
360
-229
-891
-1633
-2393
-3101
-3794
-4389
-4813
-5115
-5308
-5342
-5244
-4983
-4606
-4190
-3726
-3229
-2692
-2201
-1674
-1181
-738
-325
72
464
832
1209
1595
1987
2379
2752
3020
3261
3448
3554
3592
3533
3460
3303
3115
2874
2616
2383
2137
1930
1761
1657
1599
1627
1653
1712
1761
1728
1670
1525
1272
912
379
-241
-916
-1615
-2359
-3117
-3790
-4404
-4890
-5225
-5449
-5523
-5380
-5156
-4786
-4351
-3876
-3352
-2817
-2256
-1739
-1216
-725
-285
143
542
903
1297
1677
2043
2398
2748
3050
3279
3483
3610
3651
3660
3566
3430
3273
3031
2766
2544
2329
2124
1988
1880
1801
1807
1845
1859
1885
1881
1820
1661
1399
1011
509
-103
-749
-1435
-2179
-2935
-3619
-4235
-4800
-5190
-5465
-5605
-5574
-5407
-5117
-4745
-4317
-3804
-3284
-2755
-2232
-1702
-1205
-742
-292
180
620
1031
1442
1820
2200
2541
2882
3132
3353
3512
3596
3618
3559
3477
3327
3178
2956
2759
2558
2352
2250
2175
2139
2119
2173
2198
2228
2257
2193
2039
1793
1437
908
300
-401
-1123
-1861
-2642
-3341
-3989
-4541
-4996
-5304
-5474
-5507
-5376
-5118
-4767
-4396
-3955
-3509
-2998
-2550
-2075
-1587
-1154
-690
-273
168
559
989
1417
1847
2272
2630
2955
3188
3400
3508
3561
3558
3476
3335
3196
2992
2755
2572
2388
2265
2195
2158
2130
2165
2210
2217
2218
2189
2059
1804
1498
1032
438
-236
-946
-1730
-2512
-3212
-3891
-4423
-4844
-5117
-5293
-5303
-5177
-4967
-4600
-4232
-3807
-3347
-2868
-2398
-1935
-1482
-1048
-602
-180
238
640
1062
1458
1881
2237
2603
2900
3138
3334
3435
3497
3461
3352
3186
2997
2766
2552
2331
2187
2067
1980
1965
1977
2018
2057
2107
2129
2100
1994
1791
1442
1006
419
-236
-948
-1699
-2451
-3200
-3855
-4430
-4892
-5191
-5377
-5445
-5325
-5121
-4796
-4392
-3952
-3481
-3009
-2500
-2043
-1548
-1089
-671
-255
159
557
938
1363
1764
2192
2572
2884
3158
3383
3548
3616
3606
3555
3418
3231
3023
2830
2621
2418
2266
2166
2111
2107
2121
2199
2252
2256
2239
2126
1922
1585
1158
584
-67
-773
-1530
-2344
-3119
-3805
-4459
-4925
-5245
-5451
-5553
-5438
-5243
-4946
-4521
-4084
-3600
-3132
-2594
-2140
-1657
-1219
-793
-370
61
462
834
1260
1673
2089
2484
2856
3129
3410
3592
3689
3732
3688
3577
3445
3256
3061
2880
2695
2542
2434
2408
2347
2392
2437
2440
2434
2400
2283
2049
1722
1239
646
-48
-796
-1609
-2428
-3222
-4025
-4671
-5167
-5535
-5765
-5840
-5731
-5508
-5169
-4754
-4256
-3760
-3255
-2752
-2273
-1776
-1345
-912
-509
-76
311
723
1157
1605
2030
2464
2849
3166
3480
3694
3785
3826
3812
3717
3582
3395
3185
2946
2759
2593
2459
2410
2378
2382
2441
2470
2454
2403
2293
2097
1751
1282
672
-47
-813
-1593
-2465
-3267
-4005
-4686
-5214
-5587
-5818
-5907
-5785
-5572
-5208
-4732
-4228
-3698
-3156
-2609
-2095
-1580
-1122
-706
-291
99
476
881
1279
1649
2044
2422
2776
3088
3378
3588
3701
3760
3734
3628
3502
3323
3133
2934
2726
2537
2414
2382
2358
2400
2473
2540
2558
2561
2477
2270
1946
1501
902
187
-583
-1417
-2307
-3203
-3990
-4695
-5274
-5689
-5964
-6050
-5957
-5721
-5354
-4868
-4360
-3818
-3253
-2706
-2202
-1688
-1201
-786
-382
27
401
765
1195
1625
2004
2401
2783
3061
3337
3555
3676
3726
3720
3601
3443
3286
3055
2809
2623
2441
2288
2257
2220
2252
2346
2456
2486
2529
2512
2340
2063
1669
1085
385
-334
-1166
-2067
-2931
-3742
-4505
-5076
-5507
-5797
-5931
-5846
-5636
-5276
-4793
-4283
-3710
-3137
-2571
-2069
-1580
-1149
-766
-374
-4
352
714
1116
1510
1895
2305
2674
2974
3233
3438
3530
3595
3605
3497
3352
3193
2973
2742
2530
2355
2223
2155
2141
2153
2220
2313
2382
2417
2398
2282
2026
1648
1119
440
-270
-1063
-1922
-2775
-3562
-4330
-4986
-5452
-5788
-5956
-5904
-5705
-5409
-4957
-4466
-3899
-3292
-2696
-2126
-1605
-1095
-666
-289
75
413
760
1140
1520
1883
2250
2578
2870
3139
3344
3509
3589
3596
3510
3362
3194
2971
2736
2541
2356
2225
2156
2161
2203
2243
2360
2437
2473
2485
2385
2133
1780
1285
620
-121
-924
-1821
-2714
-3560
-4333
-5012
-5512
-5848
-6017
-6003
-5839
-5544
-5099
-4572
-4027
-3442
-2852
-2263
-1715
-1197
-729
-277
152
533
920
1305
1705
2082
2474
2864
3140
3395
3593
3744
3806
3797
3688
3535
3340
3115
2897
2683
2489
2324
2248
2198
2194
2244
2295
2334
2349
2338
2227
2001
1629
1138
519
-189
-951
-1810
-2690
-3541
-4319
-4980
-5511
-5862
-6079
-6131
-6013
-5740
-5349
-4845
-4298
-3717
-3101
-2537
-1971
-1421
-918
-470
-18
397
811
1228
1614
1996
2357
2738
3050
3323
3562
3696
3778
3800
3729
3637
3486
3276
3060
2841
2624
2468
2358
2298
2284
2311
2356
2411
2463
2430
2352
2152
1817
1346
755
65
-699
-1518
-2408
-3259
-4062
-4773
-5369
-5769
-6034
-6150
-6067
-5861
-5495
-5031
-4478
-3923
-3329
-2715
-2147
-1558
-1029
-542
-93
375
798
1221
1626
1995
2348
2701
3002
3248
3502
3631
3698
3690
3630
3493
3353
3171
2964
2758
2565
2390
2261
2236
2191
2230
2296
2380
2432
2432
2387
2204
1924
1527
960
281
-447
-1232
-2078
-2912
-3702
-4450
-5048
-5523
-5854
-6033
-6026
-5869
-5550
-5101
-4614
-4070
-3476
-2880
-2309
-1732
-1191
-701
-219
253
680
1106
1516
1927
2287
2634
2938
3161
3387
3558
3637
3646
3563
3441
3279
3079
2872
2651
2466
2309
2183
2128
2120
2162
2221
2283
2341
2355
2323
2219
1961
1599
1126
503
-206
-941
-1739
-2577
-3365
-4085
-4722
-5224
-5525
-5751
-5813
-5697
-5468
-5081
-4644
-4130
-3588
-2992
-2454
-1904
-1374
-882
-398
74
530
929
1377
1787
2147
2477
2800
3063
3248
3409
3473
3480
3440
3311
3136
2954
2753
2550
2369
2216
2102
2039
2017
2016
2087
2172
2230
2260
2250
2166
1944
1640
1220
645
-22
-724
-1493
-2306
-3107
-3842
-4513
-5083
-5479
-5749
-5861
-5784
-5577
-5226
-4785
-4287
-3745
-3169
-2594
-2046
-1494
-943
-459
52
555
991
1416
1844
2233
2551
2879
3140
3342
3494
3602
3612
3543
3448
3305
3124
2932
2742
2545
2368
2219
2140
2103
2101
2124
2172
2228
2246
2210
2119
1962
1659
1249
699
41
-667
-1407
-2203
-3006
-3731
-4411
-4996
-5429
-5717
-5897
-5898
-5733
-5447
-5026
-4562
-4023
-3475
-2874
-2277
-1705
-1137
-608
-110
392
833
1256
1712
2120
2525
2858
3172
3392
3576
3704
3720
3715
3642
3515
3338
3158
2958
2767
2595
2429
2312
2224
2201
2202
2244
2280
2278
2253
2121
1937
1656
1244
721
94
-633
-1370
-2151
-2950
-3710
-4400
-4983
-5446
-5724
-5904
-5955
-5826
-5573
-5195
-4723
-4187
-3642
-3045
-2466
-1904
-1311
-749
-246
252
762
1234
1686
2113
2492
2831
3136
3387
3577
3721
3802
3788
3703
3578
3404
3210
3032
2842
2672
2498
2368
2272
2198
2189
2193
2211
2216
2192
2126
1969
1711
1351
843
236
-442
-1186
-1944
-2746
-3498
-4199
-4812
-5300
-5637
-5875
-5961
-5868
-5649
-5308
-4876
-4366
-3816
-3255
-2663
-2105
-1529
-976
-462
49
545
1024
1465
1897
2281
2672
3002
3290
3512
3682
3767
3761
3720
3585
3415
3249
3056
2854
2671
2530
2421
2346
2323
2292
2292
2325
2340
2341
2278
2173
1963
1609
1164
575
-91
-827
-1610
-2394
-3179
-3888
-4540
-5051
-5427
-5690
-5813
-5760
-5585
-5286
-4874
-4427
-3921
-3384
-2841
-2317
-1774
-1249
-726
-213
300
770
1228
1700
2116
2510
2833
3115
3323
3520
3640
3643
3593
3495
3318
3093
2900
2694
2518
2380
2256
2186
2193
2220
2253
2304
2335
2327
2257
2147
1947
1596
1164
600
-88
-805
-1543
-2320
-3097
-3789
-4444
-4967
-5365
-5602
-5744
-5711
-5522
-5262
-4824
-4393
-3889
-3366
-2813
-2286
-1757
-1218
-719
-196
306
772
1232
1680
2091
2471
2811
3104
3315
3484
3607
3644
3592
3496
3348
3179
2993
2787
2584
2415
2285
2202
2161
2164
2207
2265
2318
2324
2303
2235
2074
1782
1376
826
150
-571
-1305
-2089
-2877
-3602
-4286
-4855
-5303
-5578
-5756
-5779
-5611
-5364
-4984
-4551
-4057
-3528
-2975
-2439
-1924
-1387
-862
-354
143
629
1069
1535
1989
2388
2773
3124
3383
3579
3728
3788
3765
3675
3529
3347
3140
2912
2703
2543
2394
2300
2260
2245
2274
2332
2375
2353
2294
2167
1978
1663
1224
692
28
-664
-1384
-2161
-2929
-3676
-4358
-4948
-5391
-5686
-5881
-5905
-5785
-5555
-5214
-4797
-4316
-3803
-3240
-2697
-2141
-1574
-1037
-536
-18
492
978
1471
1960
2379
2803
3171
3452
3683
3855
3955
3929
3865
3728
3547
3340
3136
2921
2730
2578
2447
2374
2347
2348
2344
2388
2374
2321
2228
2059
1778
1344
853
221
-482
-1193
-1959
-2782
-3537
-4219
-4825
-5283
-5601
-5809
-5890
-5761
-5562
-5229
-4815
-4348
-3840
-3287
-2726
-2185
-1614
-1086
-544
-31
462
939
1449
1923
2364
2783
3145
3475
3698
3887
3972
4005
3955
3834
3664
3442
3231
2969
2760
2578
2432
2334
2286
2269
2275
2300
2303
2266
2181
2043
1774
1388
913
307
-397
-1145
-1905
-2705
-3470
-4182
-4823
-5332
-5696
-5928
-6045
-5944
-5772
-5437
-4992
-4512
-3997
-3458
-2878
-2350
-1774
-1236
-705
-208
305
779
1257
1767
2216
2650
3043
3368
3616
3798
3902
3917
3855
3746
3561
3357
3157
2938
2754
2595
2456
2374
2345
2349
2389
2425
2435
2418
2323
2171
1928
1550
1083
487
-214
-924
-1673
-2474
-3274
-3974
-4637
-5148
-5520
-5771
-5895
-5855
-5669
-5386
-4989
-4528
-4033
-3512
-2946
-2416
-1865
-1302
-780
-243
256
740
1223
1710
2143
2555
2957
3270
3525
3723
3842
3834
3791
3716
3536
3354
3168
2966
2758
2607
2469
2354
2347
2360
2371
2412
2469
2438
2356
2220
1969
1607
1169
587
-130
-842
-1578
-2361
-3143
-3834
-4463
-4995
-5393
-5648
-5785
-5749
-5620
-5377
-4997
-4568
-4112
-3587
-3037
-2509
-1967
-1420
-884
-371
183
681
1139
1616
2071
2490
2880
3207
3467
3674
3796
3849
3803
3727
3560
3358
3140
2946
2745
2555
2423
2318
2265
2264
2308
2327
2401
2419
2359
2255
2067
1739
1292
751
71
-679
-1426
-2195
-3012
-3738
-4385
-4956
-5395
-5692
-5893
-5931
-5776
-5568
-5245
-4806
-4337
-3829
-3262
-2719
-2177
-1604
-1092
-577
-47
464
929
1403
1903
2342
2766
3142
3440
3698
3855
3908
3889
3823
3695
3502
3288
3106
2895
2707
2564
2470
2394
2364
2385
2390
2413
2391
2348
2226
2063
1747
1342
843
175
-576
-1326
-2084
-2888
-3612
-4302
-4909
-5380
-5687
-5914
-5988
-5883
-5675
-5340
-4910
-4397
-3905
-3336
-2774
-2219
-1649
-1086
-551
-12
542
1020
1551
2054
2507
2891
3257
3589
3837
4034
4134
4160
4111
4002
3820
3602
3394
3195
2984
2821
2693
2594
2534
2509
2518
2494
2503
2447
2307
2141
1837
1416
911
304
-418
-1151
-1922
-2767
-3541
-4234
-4888
-5420
-5772
-6033
-6178
-6115
-5960
-5672
-5258
-4801
-4304
-3741
-3154
-2602
-2000
-1435
-914
-379
162
638
1122
1623
2072
2504
2917
3265
3537
3795
3958
4040
4061
3980
3833
3659
3455
3251
3048
2839
2698
2585
2496
2478
2491
2493
2492
2460
2376
2232
2006
1652
1189
589
-126
-877
-1636
-2434
-3243
-3957
-4634
-5210
-5613
-5898
-6072
-6046
-5876
-5610
-5222
-4772
-4280
-3742
-3163
-2607
-2059
-1495
-969
-460
57
533
1000
1507
1981
2404
2781
3129
3417
3651
3853
3968
3993
3973
3878
3709
3500
3301
3117
2911
2753
2619
2530
2494
2499
2513
2540
2549
2443
2313
2127
1791
1366
822
142
-613
-1340
-2141
-2925
-3654
-4336
-4933
-5394
-5697
-5919
-5935
-5834
-5607
-5287
-4868
-4390
-3883
-3302
-2777
-2194
-1639
-1097
-578
-49
459
917
1408
1862
2295
2691
3044
3315
3557
3713
3822
3870
3796
3717
3548
3343
3138
2954
2755
2599
2506
2442
2385
2404
2422
2404
2417
2373
2266
2107
1821
1405
905
276
-454
-1194
-1947
-2746
-3488
-4161
-4780
-5264
-5590
-5816
-5901
-5818
-5639
-5329
-4932
-4468
-3978
-3419
-2867
-2326
-1760
-1200
-667
-158
368
860
1331
1794
2241
2637
3000
3322
3564
3767
3867
3913
3883
3778
3657
3456
3248
3043
2841
2672
2538
2423
2340
2315
2318
2313
2305
2260
2129
1970
1715
1319
848
252
-424
-1129
-1842
-2608
-3398
-4068
-4689
-5215
-5574
-5795
-5922
-5890
-5711
-5465
-5077
-4641
-4145
-3604
-3010
-2453
-1899
-1343
-817
-280
250
738
1212
1725
2188
2614
3000
3362
3636
3843
3992
4058
4054
3966
3850
3704
3504
3309
3127
2940
2774
2662
2555
2487
2470
2480
2459
2424
2336
2156
1937
1586
1124
587
-67
-781
-1506
-2245
-3028
-3767
-4401
-4983
-5418
-5719
-5946
-6001
-5898
-5691
-5385
-4984
-4532
-4012
-3467
-2914
-2393
-1835
-1269
-729
-184
347
852
1347
1816
2264
2673
3030
3318
3550
3742
3889
3960
3950
3892
3775
3619
3424
3247
3073
2930
2825
2747
2681
2635
2622
2596
2549
2449
2284
2058
1763
1332
803
166
-560
-1313
-2054
-2804
-3545
-4193
-4785
-5267
-5612
-5840
-5964
-5922
-5739
-5476
-5108
-4656
-4174
-3645
-3095
-2532
-1975
-1398
-844
-309
244
776
1302
1798
2262
2676
3030
3341
3595
3769
3886
3957
3946
3874
3774
3633
3435
3241
3073
2890
2754
2678
2583
2517
2494
2461
2412
2346
2195
1986
1735
1371
896
342
-307
-1036
-1766
-2514
-3274
-3947
-4527
-5026
-5419
-5689
-5851
-5877
-5748
-5531
-5196
-4773
-4295
-3814
-3266
-2718
-2191
-1618
-1070
-516
29
560
1053
1572
2047
2482
2862
3214
3489
3698
3846
3908
3955
3915
3812
3667
3508
3328
3150
3001
2845
2744
2665
2581
2519
2490
2433
2360
2258
2056
1811
1492
1060
543
-25
-705
-1426
-2100
-2840
-3542
-4140
-4685
-5156
-5486
-5657
-5752
-5682
-5502
-5223
-4877
-4442
-3980
-3504
-2958
-2448
-1913
-1354
-821
-285
277
779
1250
1721
2160
2532
2871
3179
3408
3604
3730
3771
3764
3686
3555
3421
3262
3097
2945
2824
2720
2652
2571
2511
2478
2444
2395
2294
2141
1906
1637
1236
785
221
-414
-1087
-1766
-2443
-3154
-3778
-4347
-4821
-5181
-5399
-5541
-5560
-5408
-5197
-4901
-4543
-4101
-3658
-3150
-2644
-2132
-1572
-1038
-514
-4
525
1007
1496
1953
2365
2722
3046
3307
3497
3660
3734
3749
3717
3616
3487
3312
3142
2990
2841
2699
2579
2518
2426
2373
2339
2286
2184
2081
1873
1597
1275
829
328
-267
-889
-1549
-2192
-2864
-3514
-4085
-4583
-4979
-5255
-5416
-5495
-5410
-5227
-4969
-4638
-4242
-3795
-3335
-2804
-2309
-1796
-1274
-743
-219
297
818
1284
1750
2165
2572
2945
3250
3502
3681
3816
3856
3861
3806
3701
3563
3401
3229
3050
2882
2718
2589
2480
2394
2321
2249
2149
2057
1909
1680
1404
1039
572
47
-546
-1213
-1839
-2461
-3130
-3742
-4259
-4729
-5096
-5326
-5468
-5502
-5376
-5184
-4923
-4577
-4162
-3736
-3262
-2755
-2284
-1742
-1204
-677
-147
386
878
1344
1806
2218
2592
2942
3230
3458
3645
3755
3798
3773
3719
3626
3497
3331
3188
3062
2925
2787
2675
2568
2457
2382
2271
2152
2021
1821
1556
1255
844
357
-158
-745
-1352
-1941
-2570
-3209
-3758
-4252
-4699
-5015
-5202
-5321
-5293
-5157
-4999
-4705
-4349
-3957
-3517
-3031
-2547
-2052
-1486
-945
-454
62
556
1016
1502
1938
2326
2699
3025
3289
3475
3620
3702
3750
3728
3665
3565
3399
3253
3145
3000
2833
2720
2584
2439
2314
2187
2052
1910
1724
1489
1251
943
529
98
-395
-975
-1572
-2144
-2728
-3300
-3778
-4234
-4619
-4875
-5065
-5174
-5124
-5026
-4853
-4541
-4209
-3836
-3405
-2945
-2489
-1966
-1407
-889
-358
168
657
1134
1600
2003
2380
2718
2996
3233
3426
3562
3667
3711
3667
3600
3511
3387
3257
3117
2942
2774
2629
2467
2324
2222
2091
1930
1794
1613
1385
1153
830
402
-40
-536
-1105
-1635
-2143
-2699
-3207
-3644
-4067
-4417
-4649
-4829
-4916
-4871
-4781
-4595
-4318
-4003
-3631
-3184
-2728
-2269
-1747
-1221
-710
-206
289
737
1163
1601
1993
2362
2688
2970
3224
3419
3539
3616
3632
3580
3492
3379
3236
3094
2954
2782
2587
2412
2250
2084
1940
1793
1629
1483
1289
1052
810
490
124
-256
-708
-1234
-1702
-2155
-2652
-3097
-3500
-3877
-4186
-4409
-4568
-4659
-4617
-4532
-4355
-4119
-3837
-3479
-3059
-2624
-2177
-1669
-1179
-673
-161
334
782
1235
1683
2077
2461
2796
3093
3346
3530
3652
3724
3711
3660
3592
3474
3315
3163
2998
2791
2593
2389
2190
2026
1890
1715
1555
1381
1167
939
708
396
37
-324
-764
-1227
-1680
-2139
-2642
-3075
-3489
-3852
-4152
-4369
-4548
-4619
-4606
-4533
-4351
-4113
-3823
-3491
-3100
-2704
-2252
-1757
-1271
-769
-261
220
666
1132
1561
1942
2312
2650
2928
3172
3380
3505
3612
3646
3600
3529
3416
3246
3089
2918
2700
2494
2307
2108
1881
1723
1530
1351
1184
966
749
524
219
-130
-489
-905
-1339
-1753
-2193
-2650
-3076
-3453
-3809
-4077
-4268
-4403
-4435
-4389
-4293
-4117
-3875
-3596
-3263
-2858
-2425
-1978
-1469
-1001
-509
-12
473
944
1406
1851
2265
2650
2965
3267
3520
3718
3832
3920
3931
3880
3801
3650
3477
3276
3056
2787
2554
2298
2060
1861
1645
1428
1223
1032
792
577
319
19
-304
-691
-1100
-1516
-1900
-2362
-2832
-3233
-3623
-3961
-4219
-4414
-4570
-4598
-4555
-4443
-4232
-3973
-3685
-3320
-2911
-2511
-2059
-1556
-1073
-601
-111
364
831
1310
1753
2178
2559
2900
3201
3435
3617
3715
3782
3767
3706
3613
3474
3282
3098
2871
2602
2404
2168
1935
1726
1525
1331
1160
1008
781
587
338
43
-297
-657
-1062
-1463
-1844
-2306
-2721
-3113
-3468
-3802
-4036
-4210
-4344
-4346
-4306
-4189
-4008
-3745
-3457
-3127
-2734
-2342
-1882
-1430
-966
-503
-26
443
906
1377
1811
2219
2581
2938
3228
3491
3650
3768
3840
3812
3731
3588
3406
3189
2983
2721
2462
2230
2016
1773
1581
1424
1214
1072
919
760
586
372
106
-189
-532
-935
-1330
-1726
-2187
-2610
-2987
-3359
-3678
-3912
-4119
-4253
-4292
-4252
-4145
-3972
-3712
-3438
-3091
-2737
-2347
-1891
-1439
-990
-518
-48
399
868
1329
1770
2173
2564
2917
3216
3474
3642
3743
3756
3731
3631
3484
3302
3094
2851
2565
2302
2037
1802
1564
1373
1180
1020
884
707
582
417
200
-50
-323
-667
-1028
-1360
-1779
-2204
-2582
-2972
-3358
-3645
-3861
-4054
-4148
-4159
-4115
-3962
-3774
-3540
-3234
-2859
-2488
-2077
-1631
-1202
-744
-274
194
633
1107
1543
1984
2387
2755
3087
3374
3578
3736
3847
3829
3776
3657
3467
3230
3010
2726
2412
2116
1843
1572
1331
1121
901
768
628
462
342
217
7
-198
-463
-808
-1132
-1467
-1880
-2310
-2661
-3042
-3388
-3626
-3838
-4015
-4089
-4119
-4079
-3926
-3727
-3487
-3158
-2802
-2435
-1990
-1546
-1109
-652
-152
298
766
1252
1702
2142
2538
2888
3205
3490
3681
3833
3890
3836
3726
3583
3368
3124
2870
2548
2228
1956
1673
1396
1184
992
818
699
566
432
329
126
-99
-320
-606
-953
-1268
-1645
-2070
-2437
-2791
-3150
-3445
-3662
-3887
-4004
-4028
-4032
-3934
-3746
-3531
-3269
-2940
-2603
-2205
-1764
-1350
-923
-423
81
550
1049
1541
1985
2416
2801
3147
3475
3719
3848
3937
3951
3886
3745
3557
3314
3037
2725
2371
2066
1755
1474
1210
990
787
628
503
361
262
159
-15
-199
-399
-693
-1000
-1296
-1674
-2076
-2425
-2787
-3135
-3379
-3600
-3810
-3913
-3944
-3933
-3798
-3625
-3421
-3130
-2805
-2492
-2109
-1690
-1273
-801
-311
163
633
1121
1581
2035
2461
2824
3147
3415
3596
3725
3788
3761
3659
3511
3277
3009
2717
2404
2073
1761
1451
1165
956
755
615
519
413
296
222
110
-53
-220
-477
-771
-1068
-1389
-1793
-2152
-2489
-2857
-3151
-3409
-3628
-3781
-3824
-3845
-3787
-3617
-3443
-3193
-2858
-2531
-2178
-1760
-1338
-924
-463
3
457
936
1425
1855
2280
2691
3032
3347
3560
3706
3775
3788
3703
3542
3327
3047
2750
2423
2087
1764
1457
1184
949
748
566
465
382
269
204
143
27
-104
-250
-489
-749
-1004
-1340
-1708
-2058
-2452
-2826
-3109
-3356
-3583
-3698
-3750
-3749
-3649
-3501
-3310
-3057
-2736
-2434
-2065
-1633
-1231
-785
-328
137
600
1089
1561
2014
2463
2846
3171
3450
3655
3775
3820
3770
3638
3449
3186
2867
2535
2178
1826
1534
1241
974
775
604
452
374
323
238
206
175
53
-56
-220
-471
-737
-1011
-1350
-1728
-2072
-2449
-2802
-3083
-3358
-3572
-3678
-3735
-3729
-3636
-3500
-3322
-3062
-2770
-2461
-2073
-1656
-1250
-798
-317
149
638
1130
1585
2048
2491
2873
3198
3468
3638
3723
3761
3691
3544
3358
3094
2774
2426
2079
1722
1383
1066
784
592
421
278
224
186
157
171
135
24
-70
-221
-470
-745
-1025
-1376
-1754
-2093
-2476
-2830
-3100
-3363
-3557
-3660
-3711
-3687
-3552
-3388
-3189
-2915
-2596
-2270
-1873
-1446
-1010
-545
-69
412
889
1375
1848
2297
2704
3070
3383
3634
3797
3874
3861
3730
3546
3296
2977
2618
2236
1854
1499
1146
831
568
361
220
127
121
92
92
133
105
27
-62
-237
-470
-724
-1007
-1351
-1702
-2046
-2403
-2736
-3036
-3301
-3494
-3593
-3652
-3610
-3493
-3336
-3111
-2827
-2509
-2194
-1782
-1338
-887
-418
54
529
1014
1502
1980
2436
2833
3186
3456
3664
3789
3796
3740
3595
3364
3051
2702
2363
1982
1595
1233
913
613
377
208
83
22
12
25
42
89
72
29
-53
-210
-440
-684
-949
-1283
-1630
-1989
-2353
-2692
-2973
-3227
-3421
-3539
-3600
-3575
-3477
-3354
-3159
-2893
-2573
-2227
-1835
-1418
-977
-503
-15
478
955
1437
1916
2355
2751
3105
3364
3549
3646
3660
3572
3392
3181
2890
2558
2203
1843
1468
1136
837
554
381
227
135
102
141
205
238
315
344
297
224
95
-118
-335
-586
-923
-1271
-1632
-2005
-2386
-2702
-2970
-3222
-3353
-3448
-3465
-3401
-3261
-3074
-2817
-2511
-2177
-1769
-1353
-925
-496
-25
432
919
1383
1821
2239
2590
2909
3141
3340
3441
3455
3370
3199
2976
2675
2327
1961
1621
1256
924
617
345
159
28
-22
-26
37
96
153
243
291
278
270
177
-10
-228
-478
-809
-1180
-1545
-1932
-2279
-2586
-2867
-3106
-3232
-3320
-3355
-3290
-3180
-2998
-2739
-2432
-2095
-1703
-1281
-862
-400
67
524
976
1427
1872
2264
2622
2909
3139
3308
3391
3381
3273
3079
2815
2498
2139
1779
1399
1036
726
457
210
40
-68
-130
-112
-44
13
81
193
238
233
220
141
-37
-221
-440
-762
-1101
-1444
-1807
-2144
-2448
-2725
-2967
-3105
-3212
-3247
-3194
-3098
-2911
-2652
-2358
-2032
-1635
-1210
-784
-316
159
612
1084
1561
1999
2377
2727
3011
3199
3320
3350
3293
3156
2937
2671
2357
2020
1667
1296
962
654
371
146
-15
-117
-162
-148
-80
7
97
213
272
283
279
174
15
-186
-412
-715
-1038
-1392
-1775
-2118
-2444
-2736
-2977
-3141
-3249
-3263
-3223
-3128
-2966
-2709
-2401
-2083
-1681
-1254
-785
-301
179
673
1137
1598
2019
2412
2743
3027
3227
3360
3421
3360
3212
3005
2745
2405
2063
1707
1331
979
692
405
160
8
-109
-134
-100
-24
65
166
290
343
358
344
264
88
-119
-357
-663
-997
-1365
-1730
-2096
-2442
-2736
-2978
-3144
-3242
-3272
-3248
-3166
-3022
-2801
-2516
-2197
-1834
-1425
-987
-520
-35
454
920
1388
1844
2235
2554
2840
3038
3159
3218
3160
3034
2844
2600
2286
1954
1614
1251
923
634
357
154
43
-49
-60
-14
47
135
251
367
437
463
477
395
260
87
-154
-461
-795
-1162
-1556
-1919
-2279
-2589
-2859
-3052
-3185
-3236
-3201
-3130
-2966
-2739
-2449
-2121
-1728
-1305
-871
-424
33
499
953
1415
1857
2243
2566
2832
2994
3105
3130
3060
2907
2717
2456
2131
1809
1469
1104
791
515
247
58
-56
-119
-116
-40
37
141
277
396
488
543
553
479
341
151
-91
-398
-751
-1131
-1520
-1888
-2258
-2565
-2822
-3007
-3139
-3190
-3162
-3088
-2905
-2673
-2403
-2097
-1720
-1311
-866
-407
59
532
996
1456
1861
2236
2571
2835
3010
3103
3125
3035
2892
2691
2411
2073
1752
1416
1048
726
448
190
-1
-84
-144
-141
-30
90
202
346
490
563
616
619
531
395
209
-22
-333
-673
-1064
-1465
-1833
-2204
-2535
-2805
-2994
-3145
-3222
-3217
-3181
-3054
-2856
-2574
-2258
-1891
-1484
-1042
-587
-124
372
839
1305
1726
2100
2425
2697
2872
2983
3008
2909
2752
2559
2302
1979
1666
1320
987
699
464
241
93
15
-33
0
92
206
333
510
642
745
778
770
686
531
337
70
-228
-575
-941
-1319
-1688
-2045
-2360
-2649
-2873
-3011
-3080
-3106
-3078
-2934
-2738
-2486
-2196
-1838
-1450
-1028
-578
-126
363
828
1306
1736
2088
2404
2659
2831
2923
2944
2847
2704
2496
2223
1887
1553
1224
879
597
346
137
-3
-92
-144
-108
-14
93
265
456
633
755
847
877
800
683
498
270
-16
-384
-766
-1157
-1542
-1913
-2234
-2517
-2741
-2904
-2991
-3025
-2992
-2891
-2747
-2517
-2257
-1925
-1564
-1157
-724
-273
197
646
1103
1516
1875
2193
2453
2611
2705
2727
2644
2500
2298
2027
1703
1389
1074
723
450
211
-1
-116
-169
-205
-149
-31
87
252
423
590
755
870
917
878
794
620
403
120
-214
-567
-947
-1334
-1717
-2055
-2365
-2613
-2806
-2934
-2972
-2962
-2884
-2736
-2529
-2279
-1952
-1584
-1160
-706
-242
234
678
1119
1528
1893
2198
2447
2624
2699
2702
2613
2472
2267
2008
1695
1401
1093
762
508
271
66
-93
-154
-195
-138
-18
132
307
497
673
812
934
962
970
910
754
535
278
-41
-415
-789
-1178
-1581
-1942
-2253
-2527
-2725
-2858
-2924
-2927
-2873
-2746
-2551
-2298
-1995
-1644
-1260
-837
-411
36
481
910
1334
1680
1989
2238
2416
2531
2589
2545
2403
2219
1971
1681
1382
1076
762
499
296
112
-11
-73
-92
-51
74
219
395
610
792
946
1088
1148
1141
1086
945
728
477
190
-176
-549
-932
-1340
-1701
-2028
-2356
-2608
-2778
-2921
-2986
-2982
-2908
-2786
-2579
-2316
-2002
-1633
-1237
-806
-348
116
546
965
1325
1619
1891
2072
2156
2201
2167
2030
1848
1657
1414
1164
911
637
388
207
58
-59
-103
-97
-38
87
264
423
607
812
980
1143
1265
1303
1294
1220
1064
842
576
243
-135
-515
-921
-1326
-1685
-2011
-2304
-2533
-2712
-2820
-2858
-2807
-2706
-2543
-2282
-1981
-1616
-1259
-859
-417
34
467
867
1251
1566
1848
2043
2160
2218
2225
2130
1957
1769
1529
1270
1007
740
484
298
168
40
-2
6
61
160
314
468
652
866
1043
1189
1325
1395
1391
1330
1165
959
710
419
51
-308
-705
-1117
-1494
-1845
-2164
-2464
-2658
-2840
-2920
-2926
-2860
-2729
-2536
-2280
-1958
-1555
-1177
-746
-322
101
508
889
1241
1505
1718
1848
1920
1934
1870
1724
1554
1351
1093
863
625
383
202
88
-10
-57
-45
-7
84
255
419
589
787
973
1131
1262
1345
1372
1352
1277
1116
921
673
364
0
-376
-744
-1136
-1502
-1854
-2178
-2451
-2644
-2782
-2848
-2821
-2725
-2579
-2373
-2095
-1737
-1338
-924
-486
-76
333
724
1058
1326
1527
1660
1715
1716
1681
1579
1438
1285
1093
883
684
504
345
217
137
98
95
146
262
374
522
683
852
1019
1178
1310
1429
1516
1509
1466
1349
1183
965
716
374
-6
-370
-788
-1172
-1544
-1898
-2236
-2492
-2677
-2811
-2856
-2838
-2746
-2580
-2348
-2060
-1712
-1319
-908
-494
-82
319
650
956
1184
1351
1469
1520
1547
1485
1398
1275
1134
958
805
668
512
402
342
300
308
348
428
544
686
854
997
1164
1315
1450
1559
1633
1641
1605
1523
1365
1171
911
626
290
-100
-513
-924
-1343
-1745
-2100
-2437
-2701
-2892
-2991
-3013
-2952
-2830
-2627
-2342
-2021
-1646
-1269
-853
-452
-77
279
565
833
1044
1188
1255
1296
1291
1231
1152
1042
910
799
703
593
504
452
414
421
449
503
602
718
819
942
1083
1200
1337
1414
1478
1497
1496
1422
1306
1144
919
657
362
33
-363
-726
-1113
-1512
-1879
-2190
-2480
-2708
-2847
-2930
-2920
-2831
-2676
-2447
-2145
-1809
-1445
-1058
-679
-297
65
381
651
890
1057
1179
1276
1323
1300
1252
1184
1088
996
899
819
757
724
703
719
755
806
879
974
1091
1207
1332
1432
1527
1596
1659
1697
1696
1661
1546
1402
1192
920
612
282
-96
-509
-895
-1313
-1701
-2054
-2382
-2668
-2884
-3030
-3104
-3093
-3013
-2848
-2611
-2320
-1999
-1634
-1261
-907
-549
-211
86
361
592
765
881
948
975
1002
1015
982
963
961
924
911
893
913
945
990
1051
1093
1170
1242
1321
1401
1478
1521
1570
1618
1617
1625
1597
1533
1409
1260
1033
759
476
150
-220
-607
-997
-1389
-1759
-2106
-2387
-2644
-2831
-2932
-2961
-2907
-2789
-2601
-2346
-2029
-1698
-1346
-978
-628
-317
-31
214
417
593
714
798
845
886
905
908
916
910
919
926
945
950
971
1003
1026
1073
1123
1167
1227
1291
1347
1402
1438
1478
1497
1481
1447
1392
1272
1126
944
700
413
112
-229
-604
-969
-1359
-1737
-2071
-2358
-2619
-2801
-2877
-2919
-2877
-2753
-2568
-2337
-2048
-1737
-1400
-1048
-730
-422
-159
105
340
515
658
777
873
947
1004
1033
1045
1050
1067
1096
1132
1173
1190
1220
1260
1283
1304
1356
1417
1449
1504
1548
1580
1587
1583
1554
1505
1470
1356
1204
1006
758
457
149
-206
-604
-974
-1359
-1731
-2068
-2334
-2565
-2733
-2818
-2864
-2810
-2698
-2549
-2348
-2091
-1809
-1508
-1183
-870
-566
-285
-12
230
437
611
753
876
955
1011
1074
1115
1126
1153
1170
1160
1168
1169
1172
1178
1197
1213
1252
1286
1299
1338
1374
1391
1396
1394
1359
1321
1243
1095
930
731
476
205
-83
-442
-795
-1124
-1468
-1795
-2076
-2307
-2498
-2607
-2652
-2662
-2591
-2489
-2365
-2175
-1939
-1676
-1389
-1070
-784
-520
-241
12
235
426
592
740
865
951
1018
1088
1127
1158
1199
1200
1204
1222
1218
1230
1235
1235
1249
1282
1321
1356
1397
1437
1456
1470
1476
1433
1366
1240
1098
914
693
443
173
-153
-504
-828
-1161
-1475
-1767
-1999
-2212
-2376
-2469
-2528
-2505
-2452
-2348
-2187
-1980
-1760
-1522
-1257
-982
-706
-443
-183
30
250
443
614
754
859
958
1025
1079
1108
1112
1102
1105
1094
1081
1068
1062
1061
1071
1107
1147
1195
1245
1304
1322
1336
1331
1306
1266
1182
1081
906
731
512
256
-44
-336
-633
-944
-1229
-1520
-1735
-1962
-2115
-2236
-2310
-2332
-2313
-2226
-2115
-1941
-1757
-1520
-1287
-1029
-768
-526
-268
-39
188
381
556
711
823
902
978
999
994
1004
991
985
974
968
956
951
964
1001
1032
1077
1156
1220
1275
1305
1356
1387
1376
1330
1233
1112
953
763
547
306
24
-261
-546
-827
-1110
-1383
-1622
-1818
-1999
-2132
-2210
-2255
-2242
-2198
-2095
-1962
-1801
-1588
-1378
-1136
-877
-608
-350
-94
142
329
486
630
724
800
852
874
878
858
821
791
778
769
784
814
839
881
941
1003
1078
1171
1244
1298
1340
1370
1385
1343
1274
1179
1036
875
672
463
232
-15
-259
-521
-781
-1028
-1269
-1492
-1683
-1828
-1938
-2018
-2026
-2004
-1954
-1860
-1717
-1542
-1336
-1110
-885
-635
-392
-171
30
209
371
518
614
677
712
714
727
713
686
663
655
641
626
646
662
698
740
804
861
925
997
1058
1114
1153
1167
1150
1124
1072
988
868
715
558
362
143
-79
-317
-532
-766
-983
-1183
-1372
-1529
-1644
-1727
-1793
-1799
-1787
-1728
-1622
-1473
-1291
-1089
-870
-643
-423
-204
-5
175
322
455
551
612
660
680
656
631
607
560
522
506
480
469
493
528
593
653
728
809
889
956
1014
1055
1089
1106
1088
1039
951
852
723
579
393
219
20
-189
-396
-602
-802
-991
-1159
-1319
-1458
-1558
-1636
-1684
-1693
-1643
-1546
-1427
-1277
-1098
-899
-703
-488
-277
-66
114
268
382
453
524
556
562
560
534
505
476
443
426
415
403
424
455
524
601
669
775
848
935
994
1029
1044
1035
1023
999
931
848
739
600
460
294
125
-47
-227
-413
-585
-781
-959
-1111
-1247
-1366
-1463
-1533
-1563
-1542
-1496
-1391
-1264
-1117
-931
-718
-494
-298
-108
80
262
393
495
554
589
581
548
527
487
444
411
377
359
338
350
376
411
464
534
614
693
771
840
900
916
930
931
904
839
755
654
532
413
279
134
-7
-144
-289
-442
-603
-758
-898
-1043
-1177
-1288
-1370
-1426
-1431
-1421
-1368
-1289
-1175
-1017
-847
-634
-445
-264
-111
45
171
255
311
328
354
338
310
289
257
230
204
196
210
249
304
368
450
526
617
712
797
866
921
955
955
954
935
880
803
745
663
562
478
370
251
127
4
-133
-277
-431
-578
-732
-866
-990
-1082
-1162
-1220
-1240
-1226
-1160
-1077
-948
-809
-630
-464
-284
-114
22
158
267
352
380
402
410
396
367
338
309
290
269
243
267
281
309
346
397
447
500
558
598
649
680
691
676
670
642
581
502
438
349
261
163
54
-39
-150
-273
-389
-508
-633
-743
-855
-930
-1001
-1071
-1111
-1141
-1144
-1114
-1054
-957
-850
-739
-590
-422
-272
-128
13
146
236
310
373
386
407
391
356
326
321
304
272
277
282
310
353
401
466
550
637
689
752
810
847
846
837
814
768
703
624
551
456
366
283
196
116
28
-80
-192
-300
-422
-527
-637
-739
-831
-917
-974
-1020
-1035
-1024
-1014
-969
-893
-797
-668
-537
-386
-255
-141
-34
42
120
171
196
201
205
194
170
168
151
147
149
167
180
219
262
328
403
457
508
560
603
622
634
621
614
587
548
496
431
390
321
276
209
124
75
15
-59
-137
-204
-288
-359
-425
-505
-568
-630
-674
-690
-696
-689
-665
-603
-525
-443
-354
-249
-153
-79
-10
28
59
78
73
60
44
22
13
-4
-16
-21
-33
-20
21
61
129
199
278
348
410
440
474
518
515
501
499
490
450
404
370
360
331
303
260
205
165
133
94
55
-3
-72
-139
-212
-293
-381
-463
-540
-586
-623
-642
-645
-626
-604
-552
-493
-419
-358
-314
-273
-257
-221
-206
-190
-179
-170
-160
-155
-152
-138
-114
-84
-23
20
93
161
249
348
429
501
568
617
652
680
701
690
674
646
613
563
512
456
418
376
331
312
269
207
169
107
45
-39
-109
-185
-280
-326
-408
-465
-530
-560
-587
-600
-579
-575
-540
-520
-488
-463
-438
-413
-390
-376
-362
-360
-356
-339
-330
-317
-283
-242
-186
-123
-60
34
137
218
313
421
505
562
599
622
647
661
654
633
611
597
571
554
514
493
461
435
413
371
345
299
255
187
117
37
-50
-143
-226
-320
-390
-448
-506
-537
-558
-581
-590
-595
-586
-583
-581
-569
-573
-568
-577
-581
-587
-581
-571
-563
-531
-494
-442
-400
-320
-255
-175
-69
25
140
234
343
437
522
606
658
697
740
767
790
800
795
792
777
755
742
723
697
654
627
581
524
459
370
278
165
62
-52
-160
-254
-325
-405
-466
-511
-544
-570
-605
-608
-619
-626
-639
-637
-632
-640
-633
-631
-616
-600
-570
-535
-504
-470
-424
-359
-270
-208
-141
-54
16
97
166
235
312
375
420
478
533
572
606
640
680
699
694
700
712
711
700
670
633
596
542
459
382
295
199
103
4
-87
-160
-233
-306
-371
-440
-490
-531
-563
-600
-613
-642
-677
-693
-716
-711
-721
-702
-682
-662
-624
-579
-521
-452
-385
-313
-244
-173
-98
-14
74
147
220
309
381
464
532
591
664
726
764
804
841
871
889
886
888
891
870
830
781
699
612
530
450
340
221
100
-23
-126
-248
-343
-434
-526
-591
-641
-689
-725
-757
-794
-812
-828
-812
-804
-814
-790
-765
-725
-684
-650
-615
-565
-492
-437
-379
-314
-228
-140
-75
-12
82
148
215
298
367
429
506
581
635
700
746
791
815
853
887
896
906
906
892
847
797
727
650
558
462
341
231
110
-14
-126
-264
-366
-461
-547
-616
-683
-750
-798
-835
-871
-878
-873
-856
-827
-799
-753
-704
-647
-603
-549
-487
-434
-382
-312
-244
-189
-130
-66
3
74
149
224
287
365
422
494
573
643
711
755
814
854
881
899
888
892
876
829
790
734
657
576
491
391
299
181
71
-35
-154
-265
-377
-491
-588
-665
-737
-800
-852
-891
-910
-923
-916
-895
-865
-816
-774
-726
-671
-606
-553
-496
-439
-385
-309
-246
-172
-104
-34
36
113
185
245
308
383
447
520
577
636
694
752
811
857
907
939
972
967
961
945
923
890
828
761
673
573
464
359
246
106
-43
-177
-287
-403
-524
-629
-698
-750
-790
-815
-835
-827
-817
-798
-775
-732
-694
-665
-627
-590
-544
-489
-443
-388
-332
-281
-237
-184
-109
-55
-7
79
153
231
305
362
442
494
552
608
658
706
724
760
772
787
783
771
750
718
688
625
550
467
367
245
131
-2
-124
-247
-375
-478
-577
-656
-731
-790
-852
-880
-885
-880
-863
-857
-818
-758
-726
-692
-649
-609
-571
-533
-471
-415
-365
-311
-245
-174
-117
-46
26
102
160
244
315
383
477
547
617
675
744
786
827
857
872
901
906
906
890
862
820
781
721
639
555
469
370
260
150
28
-73
-195
-315
-416
-514
-589
-641
-698
-724
-749
-754
-738
-724
-698
-668
-640
-595
-543
-519
-488
-444
-390
-352
-308
-274
-227
-171
-123
-65
2
57
120
197
255
332
396
462
525
582
628
662
702
720
735
741
735
732
719
689
654
602
523
437
358
268
164
73
-41
-129
-232
-348
-431
-505
-583
-646
-672
-707
-732
-731
-716
-697
-667
-643
-620
-573
-533
-519
-486
-436
-387
-340
-303
-246
-199
-162
-98
-47
15
60
107
173
233
286
339
396
440
484
530
562
596
607
621
643
652
659
649
632
597
548
491
435
365
282
205
123
44
-55
-158
-233
-308
-376
-448
-510
-547
-553
-559
-563
-557
-552
-522
-499
-462
-433
-417
-406
-394
-369
-353
-350
-314
-286
-266
-238
-221
-185
-148
-90
-35
23
100
165
228
299
349
410
470
521
550
566
575
585
588
584
567
558
553
531
502
461
421
362
299
233
170
111
35
-45
-125
-187
-248
-311
-358
-397
-430
-446
-463
-453
-456
-441
-426
-430
-403
-377
-351
-344
-334
-309
-289
-264
-239
-227
-199
-184
-161
-123
-73
-22
34
88
141
210
272
349
393
440
487
521
546
563
569
578
589
568
541
513
474
423
374
318
262
204
140
70
19
-77
-169
-241
-316
-373
-417
-470
-514
-526
-550
-557
-542
-528
-499
-480
-456
-447
-423
-410
-399
-395
-388
-378
-366
-334
-315
-303
-281
-249
-213
-165
-111
-37
35
104
176
254
316
365
406
454
494
507
523
555
564
572
565
560
564
550
524
487
452
404
355
290
221
159
79
10
-52
-114
-184
-235
-267
-289
-305
-334
-342
-333
-317
-317
-298
-277
-280
-271
-269
-275
-292
-307
-313
-321
-316
-318
-307
-286
-258
-233
-180
-128
-72
-13
29
98
169
235
282
319
353
389
407
410
422
434
435
441
431
408
394
376
342
306
284
252
209
164
124
58
-12
-72
-125
-169
-202
-244
-285
-304
-316
-321
-319
-301
-291
-276
-250
-241
-243
-241
-264
-280
-291
-307
-322
-332
-326
-328
-321
-302
-270
-225
-193
-136
-58
4
71
132
192
246
298
327
367
398
421
418
423
432
418
419
401
390
374
357
311
276
234
186
140
70
30
-24
-71
-133
-171
-203
-228
-232
-250
-267
-257
-254
-259
-240
-244
-234
-232
-243
-269
-280
-284
-293
-313
-321
-327
-332
-295
-276
-231
-197
-153
-87
-26
39
109
174
236
296
347
377
411
419
440
449
445
459
426
401
391
363
336
309
296
257
218
188
140
98
27
-39
-92
-141
-179
-225
-256
-283
-305
-312
-323
-309
-293
-295
-280
-260
-236
-230
-228
-217
-234
-241
-243
-246
-261
-252
-245
-234
-204
-188
-159
-99
-49
5
59
131
208
261
315
351
384
421
446
456
456
467
463
435
418
394
348
332
316
280
255
223
183
139
96
32
-35
-85
-134
-190
-234
-270
-279
-284
-304
-315
-313
-308
-322
-332
-327
-316
-322
-331
-322
-329
-342
-349
-337
-338
-339
-320
-312
-296
-277
-241
-193
-134
-75
-12
56
125
185
248
301
338
375
406
435
453
459
450
457
441
429
408
379
353
323
286
243
218
170
108
62
9
-36
-69
-103
-129
-184
-211
-231
-262
-273
-281
-286
-272
-280
-286
-272
-283
-282
-294
-334
-344
-351
-340
-338
-320
-290
-274
-246
-219
-182
-132
-72
-13
54
101
156
209
266
325
370
410
428
451
466
450
457
443
441
425
412
382
359
317
273
245
187
149
95
43
-13
-50
-91
-130
-150
-157
-164
-195
-195
-200
-202
-207
-219
-231
-236
-228
-224
-218
-231
-234
-243
-237
-265
-270
-271
-263
-244
-237
-205
-190
-146
-112
-68
-20
14
68
132
176
207
258
293
332
364
384
388
380
376
349
341
329
298
260
237
208
175
143
106
79
31
-19
-71
-109
-153
-185
-210
-234
-242
-251
-275
-281
-286
-291
-287
-282
-259
-257
-252
-261
-267
-266
-288
-297
-294
-290
-286
-273
-245
-202
-172
-116
-84
-13
38
104
160
194
252
292
349
360
388
392
388
383
383
355
341
321
299
282
276
264
242
231
200
184
163
125
84
50
23
-38
-71
-98
-136
-162
-193
-212
-226
-236
-237
-244
-233
-235
-239
-238
-239
-244
-242
-242
-235
-215
-223
-216
-218
-210
-190
-179
-149
-112
-69
-2
51
109
157
198
230
262
285
303
317
326
313
321
328
319
294
256
248
229
208
182
153
149
117
75
46
11
-19
-55
-101
-131
-166
-205
-235
-255
-269
-288
-293
-285
-267
-250
-228
-220
-206
-219
-216
-195
-191
-176
-174
-153
-149
-136
-117
-115
-72
-31
-3
40
90
150
194
250
287
304
336
345
359
352
360
360
340
321
289
264
247
212
195
168
134
100
67
36
-4
-41
-89
-123
-155
-192
-235
-262
-284
-298
-309
-309
-317
-319
-311
-316
-303
-270
-239
-224
-217
-206
-209
-213
-203
-213
-204
-189
-164
-155
-119
-94
-58
-22
16
91
148
198
257
305
338
361
388
408
409
410
384
358
334
311
296
274
264
248
230
197
191
166
161
128
87
72
36
4
-32
-70
-113
-152
-194
-210
-224
-245
-260
-279
-277
-275
-251
-263
-251
-224
-208
-198
-191
-190
-199
-197
-200
-214
-208
-192
-170
-133
-104
-66
-15
37
73
125
161
200
227
241
258
267
280
289
285
269
264
238
219
205
189
153
144
115
84
58
41
18
-11
-36
-62
-87
-121
-137
-170
-187
-207
-215
-209
-220
-219
-232
-229
-228
-244
-232
-233
-227
-224
-221
-205
-189
-194
-192
-163
-135
-112
-74
-38
-6
53
92
118
165
193
215
260
272
296
314
322
325
307
298
280
266
242
232
213
185
179
162
143
120
102
76
47
22
11
-10
-44
-58
-85
-111
-136
-151
-168
-181
-175
-167
-163
-155
-157
-156
-139
-141
-131
-123
-107
-102
-93
-88
-79
-67
-58
-47
-28
6
25
61
94
128
155
173
204
219
234
237
239
235
227
218
206
178
158
146
130
94
69
50
23
7
-16
-24
-50
-64
-82
-106
-136
-165
-205
-235
-264
-279
-296
-316
-313
-312
-305
-302
-288
-270
-249
-211
-211
-194
-167
-160
-140
-123
-101
-96
-75
-63
-55
-39
-2
13
33
67
94
123
152
174
197
220
236
245
256
263
250
247
248
242
231
218
224
232
212
211
204
184
168
137
103
59
37
9
-32
-48
-73
-95
-102
-112
-114
-118
-117
-105
-93
-86
-86
-79
-73
-77
-81
-91
-92
-90
-91
-106
-113
-121
-115
-119
-98
-76
-58
-33
-6
30
55
66
78
85
94
109
102
106
105
111
112
111
100
96
90
83
78
66
60
43
29
13
0
-26
-46
-77
-101
-132
-148
-164
-182
-187
-183
-163
-155
-155
-140
-118
-105
-88
-81
-51
-21
-6
-1
5
13
19
30
41
57
57
66
82
74
93
108
122
153
171
183
192
197
199
202
201
194
177
161
155
139
127
102
71
63
42
33
5
-28
-49
-77
-100
-121
-143
-178
-204
-224
-238
-246
-252
-264
-271
-263
-259
-252
-236
-208
-191
-168
-154
-143
-125
-108
-99
-88
-79
-58
-48
-39
-30
-27
-17
-2
11
24
40
74
112
144
156
171
181
188
193
194
201
201
204
222
230
215
209
207
203
176
162
140
118
93
66
43
22
-3
-25
-43
-64
-78
-97
-97
-104
-98
-94
-101
-101
-98
-97
-96
-84
-82
-79
-78
-99
-102
-112
-114
-116
-118
-109
-114
-94
-75
-47
-20
-1
24
41
60
87
119
148
165
173
182
197
202
222
233
233
223
202
185
162
154
133
126
103
82
61
30
-12
-37
-80
-123
-145
-164
-183
-179
-178
-182
-160
-160
-162
-154
-148
-144
-123
-113
-119
-99
-97
-104
-102
-95
-98
-110
-124
-131
-129
-120
-96
-75
-55
-45
-29
-11
17
36
50
75
93
107
106
115
121
130
141
140
133
124
124
115
120
120
119
114
96
87
61
54
31
5
-16
-43
-59
-75
-91
-93
-110
-111
-115
-114
-114
-110
-111
-103
-82
-81
-76
-65
-58
-54
-54
-55
-50
-45
-32
-23
-4
11
28
45
59
68
89
111
126
132
138
165
160
156
167
166
166
168
175
172
177
176
158
126
97
81
56
33
11
9
-4
-36
-70
-102
-127
-141
-162
-183
-190
-212
-223
-218
-222
-226
-215
-209
-195
-190
-181
-173
-179
-162
-150
-131
-107
-87
-52
-14
13
34
48
72
90
109
127
155
189
203
208
217
227
221
224
226
211
192
191
185
178
162
154
155
137
118
90
84
69
43
28
7
3
-21
-36
-50
-69
-87
-116
-137
-155
-176
-180
-200
-210
-208
-219
-224
-239
-221
-208
-185
-182
-173
-160
-159
-157
-143
-116
-105
-91
-80
-53
-32
-12
-5
19
52
71
88
113
142
159
173
186
203
203
200
195
169
163
143
132
126
102
94
76
65
33
17
-8
-23
-48
-54
-54
-59
-59
-87
-97
-114
-140
-160
-173
-175
-170
-165
-148
-140
-133
-113
-101
-90
-75
-62
-56
-48
-28
-17
-9
12
39
61
84
105
128
143
169
183
188
210
244
269
278
281
292
286
272
259
239
228
203
183
151
112
80
57
15
-12
-26
-52
-68
-70
-84
-110
-130
-155
-175
-197
-203
-223
-219
-222
-229
-227
-223
-205
-211
-203
-191
-181
-164
-156
-132
-112
-105
-78
-68
-58
-45
-23
-8
4
20
26
44
64
85
115
138
144
143
146
155
155
162
162
166
154
139
118
117
122
112
88
68
42
30
13
-1
-29
-49
-65
-90
-99
-116
-121
-145
-154
-157
-163
-175
-180
-175
-163
-155
-142
-132
-136
-134
-131
-110
-85
-73
-62
-27
-14
12
38
53
61
82
111
116
131
148
167
179
186
189
195
201
209
212
206
212
208
202
199
192
188
185
187
186
166
131
108
78
53
24
6
-14
-53
-89
-112
-138
-152
-167
-189
-207
-225
-232
-246
-266
-270
-248
-243
-219
-202
-195
-183
-171
-159
-147
-123
-111
-91
-69
-61
-52
-15
1
16
33
38
45
52
51
49
67
68
75
94
115
129
133
129
120
124
117
120
109
115
120
125
115
87
55
36
14
-2
-17
-32
-51
-68
-68
-84
-86
-96
-97
-103
-100
-92
-73
-69
-57
-48
-46
-36
-30
-33
-12
5
19
29
41
77
70
71
73
81
90
99
105
115
118
116
127
129
129
130
146
140
125
122
108
98
84
66
48
30
10
-6
-28
-61
-86
-125
-150
-169
-206
-222
-237
-250
-257
-269
-287
-286
-276
-270
-252
-235
-218
-197
-173
-140
-116
-91
-57
-23
18
58
83
118
151
185
204
227
253
254
256
257
252
246
247
244
249
254
246
231
209
206
193
175
155
139
126
97
73
55
30
3
-23
-52
-73
-94
-117
-149
-179
-198
-221
-234
-253
-275
-275
-263
-265
-257
-246
-239
-223
-207
-176
-149
-132
-110
-84
-66
-38
-19
-1
22
44
73
98
116
136
162
170
178
184
195
198
211
208
194
199
195
190
175
163
153
158
140
118
109
89
80
59
37
14
-20
-49
-65
-82
-114
-147
-172
-184
-221
-238
-245
-259
-265
-279
-266
-266
-254
-237
-209
-193
-178
-154
-118
-86
-80
-57
-32
-13
6
15
42
57
88
110
115
144
163
169
173
168
176
165
170
179
176
165
155
146
136
137
125
125
114
102
79
67
47
32
20
-2
-12
-32
-41
-60
-78
-106
-131
-143
-166
-177
-173
-165
-151
-140
-139
-123
-104
-84
-62
-48
-39
-23
-9
6
16
29
49
61
89
117
121
129
137
132
133
126
129
125
128
142
142
143
137
145
142
141
140
137
121
118
91
59
48
14
2
-13
-39
-57
-71
-96
-113
-124
-142
-158
-169
-181
-200
-212
-211
-205
-208
-213
-198
-198
-191
-185
-173
-153
-124
-106
-78
-56
-51
-25
-5
16
27
45
58
65
77
84
82
91
90
93
105
97
104
109
113
109
98
108
107
92
98
82
70
70
48
40
39
33
15
-8
-21
-38
-53
-55
-64
-77
-85
-97
-108
-112
-125
-137
-122
-114
-105
-100
-101
-90
-77
-55
-41
-15
1
20
47
51
67
71
72
74
83
95
103
109
111
117
112
104
105
117
117
111
119
122
115
110
107
110
105
97
90
82
80
66
45
36
24
-1
-17
-36
-51
-68
-74
-94
-112
-124
-151
-171
-180
-169
-165
-168
-163
-155
-152
-150
-129
-116
-98
-79
-62
-50
-32
-8
-2
7
10
23
47
67
68
68
75
74
74
86
86
84
100
98
97
93
84
83
87
86
73
66
56
41
40
27
13
15
8
-15
-31
-45
-65
-72
-80
-94
-100
-100
-101
-94
-93
-99
-96
-97
-87
-85
-73
-62
-48
-29
-19
-5
6
12
27
32
41
35
41
50
47
50
44
34
31
25
25
33
32
38
36
48
52
49
54
58
58
52
43
28
18
1
-6
-14
-18
-32
-46
-42
-46
-46
-46
-54
-66
-61
-71
-73
-71
-61
-67
-79
-72
-67
-60
-59
-60
-58
-47
-34
-26
-14
-3
10
28
29
48
60
72
95
102
113
119
115
120
131
142
138
123
120
120
120
128
118
116
112
97
88
84
76
52
37
18
8
2
-18
-23
-32
-53
-43
-42
-48
-47
-61
-75
-71
-67
-74
-84
-82
-81
-88
-97
-112
-132
-143
-146
-136
-137
-134
-111
-100
-91
-84
-66
-48
-47
-32
-25
-17
-8
-6
2
13
15
20
32
36
39
26
15
15
13
10
11
4
-4
9
28
26
42
47
52
45
42
37
42
47
47
42
44
57
54
49
49
45
43
36
43
49
38
39
28
36
30
13
16
14
9
18
20
25
22
14
17
5
9
6
15
34
20
6
15
18
11
3
-20
-20
-33
-41
-33
-32
-42
-44
-57
-62
-52
-49
-58
-54
-41
-39
-32
-20
-20
-25
-18
-16
-10
-8
-8
-4
-20
-24
-34
-32
-28
-33
-31
-38
-25
-32
-32
-21
-24
-33
-30
-36
-40
-46
-43
-39
-31
-24
-21
-4
-3
7
8
14
19
16
16
11
19
20
18
16
20
26
37
44
47
52
40
43
54
45
40
34
46
47
56
64
77
87
81
89
81
83
85
68
52
46
34
30
23
18
10
5
11
-4
-12
-18
-16
-15
-20
-13
-18
-13
-14
-25
-26
-28
-32
-20
-9
-7
-12
-12
-21
-18
-8
-4
9
8
5
7
1
-5
-7
-12
-16
-32
-47
-51
-57
-60
-54
-43
-28
-20
-9
-6
-7
-17
-10
-13
-13
-1
-13
-13
-15
-15
-27
-28
-27
-32
-22
-34
-30
-30
-27
-22
-26
-21
-27
-30
-37
-49
-56
-56
-54
-47
-37
-40
-24
-28
-28
-23
-30
-32
-27
-20
-14
-13
-10
-14
-10
4
4
16
23
41
42
30
35
39
32
32
33
50
64
71
79
72
64
72
72
62
63
58
53
49
49
38
38
37
34
35
24
24
28
33
45
46
44
49
54
54
47
35
35
33
5
-14
-30
-50
-55
-49
-52
-54
-56
-43
-40
-34
-42
-54
-50
-45
-48
-53
-58
-62
-50
-52
-57
-46
-30
-34
-29
-14
-10
2
-3
-1
3
1
11
20
21
29
28
25
33
38
35
34
28
42
40
35
34
30
31
29
33
42
43
50
49
53
45
53
55
37
33
33
27
14
4
-2
-6
-22
-28
-39
-47
-49
-53
-57
-52
-52
-37
-33
-25
-27
-35
-32
-34
-31
-36
-39
-33
-23
-19
-19
-21
-4
-2
1
13
16
15
22
14
-6
-16
-15
-22
-33
-31
-24
-17
-16
-29
-28
-27
-37
-43
-53
-62
-64
-68
-69
-61
-63
-75
-66
-70
-80
-72
-66
-50
-41
-35
-31
-27
-36
-28
-24
-12
4
14
23
27
34
37
37
53
66
65
74
86
91
93
105
101
110
126
124
139
140
133
139
121
119
118
105
105
97
89
82
70
65
47
27
10
11
2
-11
-10
-11
-15
-18
-29
-38
-38
-56
-71
-62
-64
-60
-48
-42
-36
-36
-41
-44
-36
-59
-62
-59
-50
-40
-35
-20
-32
-37
-20
-7
5
7
0
2
-5
-1
-9
-12
-6
-8
-9
-20
-22
-24
-24
-26
-30
-21
-7
-8
-9
-10
-11
-24
-22
-18
-28
-34
-30
-29
-34
-39
-51
-58
-65
-64
-64
-71
-55
-55
-51
-41
-45
-40
-35
-29
-20
-7
-3
20
35
44
50
42
39
27
26
16
19
23
23
29
32
27
24
26
24
31
36
51
55
61
59
61
46
33
23
17
16
13
8
8
12
2
8
7
14
9
9
7
17
15
14
29
31
39
28
33
31
27
39
23
15
15
15
7
2
0
-3
0
-6
-16
-18
-34
-38
-33
-31
-15
-19
-10
-8
10
17
20
32
23
9
4
-2
-7
-10
-11
-9
-10
-6
-16
-23
-23
-21
-18
-23
-26
-15
-3
-13
-17
-21
-24
-17
-31
-44
-49
-42
-37
-41
-32
-33
-36
-23
-20
-19
-4
-2
10
17
20
32
32
35
43
51
54
48
50
57
50
36
35
29
28
28
39
27
32
20
13
13
-6
-19
-39
-33
-52
-55
-57
-57
-54
-53
-61
-64
-49
-60
-64
-51
-45
-39
-29
-22
-17
-29
-35
-37
-43
-41
-31
-28
-9
-6
-10
-7
8
4
2
7
6
16
18
22
27
34
42
63
67
66
72
80
89
91
94
97
98
98
101
91
86
81
83
83
64
58
50
39
28
9
12
-2
-23
-24
-34
-28
-25
-27
-22
-24
-32
-25
-22
-20
-18
-30
-29
-26
-21
-12
-18
-12
-21
-26
-22
-19
-19
-28
-19
-15
-33
-38
-23
-22
-14
-23
-33
-26
-29
-24
-20
-5
-8
-2
-1
-18
-31
-31
-29
-26
-32
-41
-39
-41
-48
-52
-51
-45
-41
-43
-55
-57
-62
-70
-67
-79
-75
-71
-73
-80
-68
-63
-56
-48
-30
-18
-9
19
28
38
50
42
50
51
49
61
51
41
42
35
33
33
37
49
53
43
50
40
51
60
59
67
59
62
47
48
49
52
61
56
55
57
44
33
23
12
4
3
3
2
3
21
27
17
19
3
10
-8
-14
-17
-27
-32
-54
-44
-57
-60
-59
-49
-47
-42
-35
-33
-25
-11
1
10
19
30
33
34
33
30
36
27
32
43
46
48
50
57
64
62
64
65
67
65
62
59
61
50
38
42
38
24
12
9
-2
-4
-9
-10
-17
-17
-29
-31
-34
-35
-36
-44
-44
-54
-61
-79
-85
-91
-103
-109
-105
-101
-87
-81
-88
-90
-90
-88
-82
-77
-71
-59
-63
-65
-55
-53
-53
-42
-41
-45
-30
-9
-1
-9
-11
0
13
12
27
33
33
32
43
41
28
39
30
28
22
29
14
5
6
0
9
13
11
13
17
8
11
14
20
32
45
49
48
53
47
43
37
18
11
4
7
1
3
14
5
11
-5
-6
-26
-28
-19
-7
3
0
9
5
-8
1
11
14
15
19
17
28
31
35
38
55
61
68
74
75
79
75
79
56
72
65
62
73
67
67
59
56
74
93
87
94
88
62
43
38
16
27
21
2
9
-3
-15
-32
-33
-44
-53
-63
-74
-70
-86
-91
-103
-106
-107
-102
-105
-119
-118
-124
-110
-77
-77
-66
-54
-64
-55
-53
-73
-65
-62
-58
-46
-52
-48
-40
-36
-45
-36
-32
-28
-28
-26
-13
6
16
20
13
11
16
8
18
22
9
-1
2
0
-14
-9
-9
-2
5
27
29
24
30
14
20
34
35
43
62
74
70
56
53
49
47
48
66
63
66
73
88
79
85
76
61
83
57
32
33
45
51
50
55
45
22
10
-5
-13
-20
-23
-25
-37
-45
-59
-63
-61
-64
-52
-60
-72
-71
-80
-105
-100
-91
-95
-97
-83
-82
-87
-85
-93
-91
-92
-90
-82
-79
-79
-55
-47
-30
-18
-19
-15
-25
-20
-14
-5
1
13
27
37
59
85
91
100
120
125
123
135
139
121
113
123
139
138
140
130
89
78
80
74
66
66
54
42
40
24
30
22
19
16
-14
-24
-20
-44
-61
-68
-79
-84
-63
-61
-64
-66
-66
-51
-48
-44
-48
-29
-53
-62
-39
-46
-47
-34
-24
-21
-5
0
4
23
21
15
17
17
22
35
25
10
10
-1
4
2
-12
-13
2
-3
4
-9
-21
-17
-35
-48
-62
-75
-85
-67
-62
-58
-36
-38
-37
-26
-18
-9
-1
-9
-7
-9
-28
-14
-5
-8
-1
8
21
27
14
10
8
-13
-11
1
-6
-16
-5
8
24
37
44
54
70
64
52
37
36
47
31
24
15
7
2
3
17
26
24
0
9
8
-1
-1
23
29
29
37
16
11
23
19
-1
7
4
-6
-3
14
12
-4
1
-3
-11
-18
-23
-33
-48
-41
-28
-12
-9
1
3
7
17
26
33
50
41
38
34
21
23
15
12
34
56
53
41
58
44
34
22
11
13
7
-11
-12
-1
-19
-4
-4
-1
-7
-30
-53
-46
-47
-60
-51
-48
-54
-44
-40
-34
-19
-21
-15
-10
-24
-46
-47
-66
-81
-71
-81
-82
-75
-63
-42
-40
-34
-26
-32
-30
-2
8
2
15
20
34
39
44
46
45
49
49
49
55
57
58
43
43
52
46
42
32
36
50
46
44
34
38
42
34
25
16
22
20
10
6
-13
-18
-23
-32
-39
-27
-20
-30
-34
-46
-46
-40
-37
-55
-60
-67
-66
-68
-71
-71
-65
-72
-72
-58
-66
-57
-59
-55
-45
-39
-43
-38
-17
-5
17
20
30
45
33
38
42
37
22
22
9
4
26
31
38
65
73
62
75
73
71
67
74
68
50
42
46
41
34
49
55
59
59
50
38
21
18
30
50
70
78
90
80
56
59
72
60
47
34
22
18
8
6
9
10
-8
-17
-16
-15
-18
-22
-17
-16
-14
-23
-23
-37
-53
-68
-79
-69
-71
-73
-93
-100
-83
-84
-71
-82
-90
-67
-77
-76
-95
-101
-79
-76
-65
-52
-52
-55
-57
-67
-69
-76
-92
-92
-59
-46
-38
-27
-28
-19
-19
-32
-16
-6
-3
-8
-15
-11
-4
1
7
11
10
29
31
40
57
67
74
78
87
74
68
58
64
80
57
54
60
60
60
59
57
63
50
32
13
19
21
15
18
33
48
43
49
51
55
51
38
48
35
14
12
16
13
20
23
15
27
31
23
19
25
33
42
34
26
33
28
14
10
-2
7
26
31
18
31
37
34
29
29
16
2
-7
-11
-6
-16
-19
-40
-46
-52
-63
-58
-74
-80
-71
-72
-79
-55
-51
-56
-49
-48
-44
-46
-36
-49
-53
-63
-56
-59
-64
-51
-36
-43
-32
-19
-19
-7
-10
-23
-22
-30
-45
-42
-31
-31
-22
-18
-8
-14
-17
7
7
7
18
45
55
58
60
47
54
50
30
26
20
19
5
7
20
23
15
-2
1
12
2
1
-3
-11
-17
-10
-17
-20
-20
-28
-39
-36
-49
-41
-37
-42
-19
-17
-9
5
14
19
25
35
29
37
49
44
44
44
27
30
26
24
30
38
41
30
31
25
26
30
38
43
24
23
21
10
8
0
4
-10
-14
-18
-22
-11
0
5
2
-8
9
24
25
52
36
28
28
23
20
21
17
14
28
17
15
12
6
12
33
26
13
5
-2
7
-7
-9
-8
10
20
27
21
11
12
20
21
23
25
14
4
11
7
3
-1
-20
-19
-26
-31
-32
-46
-55
-68
-82
-99
-92
-87
-96
-89
-79
-73
-73
-84
-85
-71
-76
-69
-62
-54
-49
-38
-41
-36
-34
-53
-54
-49
-50
-59
-68
-53
-51
-53
-46
-41
-26
-20
-25
-29
-20
-8
-1
14
34
57
64
66
67
67
74
68
65
59
60
59
58
52
47
63
49
65
68
61
62
66
55
56
67
48
46
22
11
15
30
15
12
28
38
47
57
66
71
77
81
89
89
76
82
72
55
69
67
65
58
53
35
21
8
10
12
3
-6
0
7
5
-1
-14
-29
-36
-50
-52
-44
-49
-57
-70
-62
-71
-71
-82
-89
-76
-61
-60
-67
-72
-82
-79
-94
-96
-84
-85
-85
-65
-54
-53
-31
-38
-37
-20
-31
-38
-46
-30
-20
-20
-1
12
16
9
13
4
-11
-14
-16
-22
-11
20
