SAMPLES:	24304
BITSPERSAMPLE:	16
CHANNELS:	1
SAMPLERATE:	16000
NORMALIZED:	FALSE
-23
-34
-25
-18
-16
-11
-13
1
2
-2
7
1
13
23
10
15
13
12
18
8
6
9
10
-1
4
10
12
8
3
7
-2
1
3
3
2
3
13
8
16
8
9
8
2
4
5
4
-4
5
0
0
-1
0
15
11
8
-3
-1
-1
-6
-6
4
-8
-19
-15
-13
-17
-7
-13
-7
-1
2
11
11
20
12
13
15
30
28
26
13
34
22
11
19
7
16
12
12
2
1
-3
-8
-1
1
1
5
0
-6
-10
-15
-10
-15
-16
-21
-16
-13
-13
-11
-20
-11
-8
-10
-12
-3
-6
-5
12
5
11
10
7
18
25
10
12
16
5
13
14
5
2
9
3
-7
-1
1
-10
-4
0
-12
-1
5
-7
-5
-14
-12
-13
-18
-17
-13
-18
-27
-15
-10
-30
-19
-8
-19
-9
-3
-9
-11
-13
-8
-5
-10
-12
-19
-18
-17
-13
-11
-8
-6
5
5
6
8
8
8
-2
11
12
7
9
6
17
14
16
24
12
15
17
10
17
13
8
4
6
12
3
14
9
5
16
8
3
4
5
0
5
0
7
6
4
2
3
-1
-5
14
4
6
3
-1
0
0
16
0
-6
-5
2
-1
6
9
0
10
4
1
18
11
-1
5
3
3
-3
7
11
11
13
13
13
6
3
-2
6
-5
1
-5
-13
-3
-11
-8
-12
-11
-8
-10
-10
-7
0
0
4
7
-3
2
4
-8
-6
-5
-8
-9
-10
-7
-19
-12
-13
-3
-6
-7
-7
-9
1
-12
-10
-8
-8
3
5
1
0
1
0
-5
-4
-8
-15
-5
-15
-18
-6
-16
-3
-2
-7
-14
-11
-2
-4
0
1
-5
-3
-7
0
0
-5
4
-1
-6
-8
-3
-15
-13
-13
-11
-6
-1
12
16
16
20
22
22
23
29
21
15
30
11
10
18
8
8
-1
-1
5
-3
-1
-14
-5
5
-8
-5
0
1
-2
-6
-10
0
-2
-15
-7
1
-12
-10
-9
-13
-4
-4
0
-1
2
4
-4
-4
-1
2
-2
5
4
6
1
1
0
-4
0
4
5
7
7
13
18
6
13
13
14
11
15
11
12
8
5
1
4
9
3
-3
-1
0
0
0
-1
-5
4
-3
7
8
-3
-3
0
2
-4
7
3
1
-3
-4
-2
-7
-17
-16
-13
-16
-18
-18
-17
-11
-18
-10
-4
3
7
3
10
13
10
16
12
10
9
8
4
3
7
13
10
5
0
-4
-3
-6
-3
-4
1
4
0
0
3
-2
-12
-11
-6
-3
-3
-12
-10
-11
-11
-7
-15
-16
-11
-5
-3
-16
-15
-8
-3
-7
-2
0
4
10
1
8
4
15
14
6
4
-2
2
4
6
-2
1
3
-1
0
1
11
5
5
17
20
16
24
25
14
7
9
2
-4
-6
-18
-15
-20
-24
-18
-17
-14
-17
-11
-6
-13
-4
-3
2
0
-8
-3
-2
-5
-7
-1
-4
-6
-6
2
0
-2
1
5
6
7
12
20
27
19
18
28
23
13
16
14
16
13
15
15
10
8
11
8
-1
9
9
-2
5
4
-4
-4
-13
-13
-19
-26
-31
-33
-33
-32
-24
-27
-22
-6
-21
-22
-12
-20
-18
-11
-10
-6
3
3
-2
5
2
8
15
11
13
8
12
18
18
19
18
19
25
13
14
14
10
15
6
9
9
8
4
2
-4
2
-4
-10
-8
-9
-2
-11
-11
-7
-13
-18
-25
-16
-20
-9
-7
-7
-8
6
-1
2
4
7
0
-2
9
9
11
15
17
15
15
8
10
9
21
7
13
12
1
6
-3
4
3
-5
7
5
4
4
-1
2
-6
-7
-5
-9
-9
-12
-7
-3
-12
-17
-16
-23
-23
-22
-31
-20
-25
-16
-10
-19
-15
-10
-15
-17
-13
-12
-10
-8
-7
2
5
3
5
4
13
13
18
23
18
22
13
14
15
13
8
18
20
5
6
14
13
4
5
-3
-7
5
-11
-7
1
-5
-1
-3
-6
-7
-3
-6
-3
-6
0
12
6
8
3
9
15
11
11
13
22
11
9
15
16
10
16
20
15
16
9
8
2
2
1
1
-2
2
-3
-5
-8
-5
1
-4
0
-18
-15
-11
-15
-15
-15
-9
-12
-14
-17
-3
-7
-3
-4
2
-12
-9
-5
-11
3
-2
4
-2
-8
-2
2
1
-1
10
2
-3
-9
-2
3
-3
3
-2
0
-1
-3
-6
-6
0
0
-12
-6
-7
-11
-9
-9
-6
-7
-8
-6
-1
-2
-7
-6
2
-4
-7
-1
-10
5
4
7
13
2
3
-1
5
3
10
10
9
2
3
5
-1
5
7
6
8
20
10
5
-4
3
9
-5
-7
-1
3
4
6
-9
-3
5
-3
0
3
12
15
15
9
5
14
15
8
6
2
1
3
1
-10
-4
-9
-4
-7
0
-4
-9
-2
-9
-11
-11
-15
-9
-8
-9
-13
-8
-4
-16
-13
0
-10
-9
-2
-11
-2
-1
6
15
15
15
12
12
13
17
12
11
12
13
9
14
17
5
7
5
7
2
10
5
5
8
1
4
-2
-5
-1
-4
-3
-9
-8
-6
-16
-7
-2
3
-4
-3
-9
-7
-9
-8
-5
-8
0
1
-7
-7
-5
1
-4
-3
-2
-6
-4
-2
-2
0
6
1
0
4
6
5
8
-1
0
3
-1
0
3
-1
3
-8
-6
0
-3
-7
-11
-10
-9
-13
-14
-19
-18
-21
-9
-11
-13
-7
1
-3
-2
-2
-2
8
-3
-3
-2
5
3
8
14
7
4
4
2
4
15
11
10
13
14
4
0
8
0
2
0
6
4
1
5
-3
3
1
2
3
4
8
-4
-5
-8
-5
1
-15
-10
-2
3
8
13
18
5
11
15
13
15
19
15
20
5
6
12
3
6
4
5
-1
2
1
-2
4
-5
-4
-4
-5
-2
2
4
-6
-5
-11
-10
-15
-15
-15
-13
-14
-20
-17
-13
-9
-16
-9
-11
-7
0
-1
1
0
5
10
7
9
6
2
8
5
7
10
9
9
11
8
5
8
-5
-2
-3
-8
-7
-8
-5
-7
4
5
-6
-12
-10
-13
-15
-9
-10
-17
-3
-9
-8
1
-9
-3
1
1
-2
11
7
8
16
11
11
4
4
7
15
4
4
7
1
7
6
7
4
2
-5
-1
-6
-10
-3
-11
1
-4
-5
-6
-5
-2
-11
-11
-8
6
-2
-3
1
3
4
-2
8
10
8
3
7
7
10
14
11
11
-2
3
11
5
2
6
8
7
11
3
6
8
-7
1
-1
-5
1
-8
-9
-18
-18
-13
-16
-10
-7
-10
-10
-6
-12
0
4
-7
1
6
13
16
10
7
10
13
14
9
7
8
3
5
0
-5
-1
-5
5
2
3
7
6
13
7
2
7
-2
3
-1
-3
0
-7
-11
-6
-14
-16
-14
-13
-10
-16
-17
-19
-16
-13
-8
-9
2
0
-3
-2
3
9
4
6
6
2
-1
1
-7
-1
5
5
7
7
3
9
6
0
-4
1
-4
-10
-4
-2
0
2
4
-2
-3
0
-1
2
-5
7
14
3
7
12
8
3
3
1
10
9
1
8
1
-2
-4
-2
-2
-5
0
2
3
2
4
5
7
2
6
14
9
13
5
4
4
-3
-1
1
-12
-10
-8
-6
-11
-14
-6
-9
4
0
0
-1
-7
-13
-8
-17
-10
-13
-15
-16
-12
-7
-8
-12
-13
-7
-5
-7
-7
-10
-3
5
-4
-4
4
-2
5
7
0
12
9
9
10
19
9
10
15
12
16
11
10
2
5
-2
-2
2
1
1
3
6
2
3
0
9
3
3
4
2
5
6
8
7
8
3
4
-7
-1
1
-1
-3
-8
-5
-1
0
-3
-5
5
-1
-3
-9
-3
0
-4
-7
-6
-8
-6
-11
-15
-4
1
6
-4
-4
3
-4
-3
12
6
-5
5
4
2
1
3
11
7
7
5
-3
1
6
9
0
3
9
-3
-1
1
-9
-4
-4
-7
-6
-5
-7
-13
-7
-9
-15
-2
-6
-9
-12
-5
-2
-16
-3
6
-2
-3
4
14
11
14
14
21
13
13
12
8
16
13
15
1
12
15
10
16
13
10
3
-2
-3
-8
-4
-4
-8
-7
-2
-9
-8
-12
-12
-6
-8
-1
5
6
-2
-8
-11
-4
-10
-3
-5
-3
1
0
8
-4
-7
-2
2
-1
-1
4
-4
1
-1
-3
3
-7
-5
-9
-5
-9
-9
-11
-9
-16
-19
-11
-18
-11
-18
-11
-18
-22
-11
-15
-13
-11
-6
-5
-2
-1
6
11
7
7
0
4
2
2
8
16
9
11
16
8
16
19
20
14
17
17
13
23
12
10
17
15
26
16
17
13
12
12
3
0
-1
-4
-4
-6
-11
-10
-5
-10
-14
-17
-17
-14
-27
-13
-17
-16
-15
-12
-2
-12
4
6
7
7
18
18
11
19
12
11
10
7
16
16
8
7
15
16
14
14
14
13
15
7
12
10
-2
2
-5
-4
-3
-12
-7
-15
-18
-21
-22
-25
-24
-19
-18
-21
-18
-21
-14
-14
-15
-13
-10
-6
-10
-3
6
2
2
3
5
-3
-3
2
1
-4
-3
1
1
-1
4
4
9
14
17
12
12
22
9
14
8
11
3
6
10
6
5
2
-3
-10
-4
-8
-12
-6
1
5
2
3
2
1
-2
-2
-7
-13
-5
-11
-15
-14
-14
-9
-8
0
-10
-10
-5
-12
-9
-2
1
6
12
4
17
21
11
15
9
2
-6
-7
1
4
-5
-5
-8
-19
-14
-10
-9
-7
-7
-3
2
2
-2
-1
-3
-2
6
0
1
-2
-9
-5
3
-6
-8
4
8
-1
-8
-8
8
3
1
4
5
20
19
12
10
20
13
7
1
-2
3
16
13
5
10
11
14
9
15
11
5
15
6
4
8
4
4
1
1
-15
-5
-4
-7
-5
-7
-4
-9
-17
-13
-3
-2
8
1
13
0
1
-1
-7
-1
-4
3
-5
-4
-8
-5
-5
0
-3
-9
-5
-1
2
-5
0
0
-6
5
7
2
0
4
2
-4
-4
-5
-10
-7
-1
-4
-7
-6
-3
-3
-7
1
-8
1
3
-4
0
7
3
3
4
2
-3
-10
2
-4
0
-5
1
4
0
1
0
-3
7
9
8
8
13
12
0
-4
-1
6
3
-2
-1
7
3
-1
0
-2
-2
-9
-13
-9
-15
-9
-10
-4
-4
-7
-8
-4
-7
-8
-12
-9
-3
-5
2
0
-3
1
4
2
1
2
0
-3
-2
5
1
1
1
0
-7
-12
-7
-9
-14
-20
-12
-8
-10
-2
5
11
21
16
13
14
17
20
18
15
21
22
25
12
17
21
19
12
13
18
2
9
8
5
-1
2
4
8
3
6
15
2
-2
-7
0
-2
-6
-1
-1
0
-5
-7
1
-2
-4
-7
-9
2
-1
2
-4
1
4
-10
-6
-6
-3
-10
-6
-4
-5
-7
-9
0
-4
-11
-9
-7
-6
-3
-2
-14
-9
-17
-13
-6
-21
-9
-4
-5
-6
-10
-4
-9
-13
-4
-13
-7
-5
-5
-4
-9
-6
-4
-2
1
8
2
6
6
4
-2
-7
-6
-9
-8
-14
-14
-7
-4
-4
-4
-7
-2
2
-2
-3
-2
4
1
10
11
12
10
7
7
11
7
0
3
0
0
5
6
1
14
10
10
12
7
18
22
16
19
9
13
18
2
15
13
8
9
8
1
-1
2
2
7
5
5
6
2
9
3
7
3
8
7
1
12
7
-2
-1
-6
-9
-11
-6
5
-2
0
-3
-3
-9
-11
-6
-4
-6
-8
-8
-5
-2
-5
-11
-10
-13
-10
-8
-10
-8
-5
-6
-7
0
-6
2
-2
-3
-4
-3
5
6
3
7
7
7
3
-2
-2
2
7
0
-4
4
-5
1
4
-7
-9
-4
-3
-2
-3
-12
-15
-17
-13
-25
-15
-9
-9
-6
-8
-9
-8
2
3
3
7
2
6
-5
-1
7
11
18
15
13
13
14
7
12
5
9
10
8
5
-4
-4
-4
-5
3
5
-1
9
2
4
3
0
-4
-5
-5
-7
-4
-4
-5
-4
1
-11
2
-2
-3
1
-1
4
-4
-5
-6
0
3
3
4
5
2
5
-3
-2
-3
-6
-3
-5
0
-2
2
4
13
9
8
8
8
7
10
15
13
17
12
15
10
-4
1
3
-2
-6
-10
-4
2
-4
-11
-2
-12
-7
3
-9
1
4
7
1
2
-9
-5
-4
-6
-6
-3
-4
-9
-3
-2
7
8
7
5
6
12
13
12
18
10
12
9
3
7
-2
-3
3
3
4
0
-8
-7
-8
-13
-5
-6
0
1
-3
-1
-6
-4
-12
-9
-12
-12
-12
-10
-18
-22
-16
-21
-17
-13
-11
-13
-13
-4
2
6
3
3
2
-7
-3
-5
-10
-3
-5
-6
-7
-8
-11
-5
-5
-10
0
4
-2
-3
-2
5
8
4
-2
4
7
2
13
9
8
8
9
7
16
7
7
9
7
20
16
11
9
8
9
5
-3
14
13
12
15
7
6
6
1
4
0
-4
-5
-8
2
-5
-3
1
3
-6
-2
-6
-12
-9
-7
7
8
-4
6
14
4
8
20
17
16
14
16
9
7
8
-2
-1
-2
-8
-6
-5
-9
-16
-21
-8
-9
-19
-8
-13
-14
-14
-14
-12
-7
-10
-13
-2
5
-8
-15
0
-6
-21
-8
-8
-7
-14
5
1
-2
-2
-4
-5
7
-6
-18
8
-1
1
2
2
12
3
-7
6
13
8
-3
22
27
0
5
19
28
3
4
20
8
3
9
17
8
1
1
19
0
-7
9
14
4
-9
6
10
-10
-14
5
-13
-23
4
-6
-9
-14
-22
-10
-14
-24
-2
10
-17
-2
7
-13
-23
4
2
-22
9
7
0
-9
16
14
-11
1
14
17
-10
0
15
10
5
10
16
4
4
8
-1
12
13
4
-3
14
17
2
-10
4
14
-6
3
5
11
1
-14
8
11
-10
1
7
3
-8
0
-3
-13
-9
-2
-9
-12
-2
-11
-2
11
-3
-17
8
0
-17
-11
11
-23
-23
11
-16
-12
2
1
-4
-4
-1
14
-6
-1
10
14
-21
-12
22
-8
-26
2
12
-30
-20
-6
8
-37
-33
16
-7
-15
-6
-1
4
2
-11
5
20
-16
-7
16
19
8
6
8
10
17
8
-7
20
32
-8
2
32
3
-22
6
21
-3
-3
-12
6
28
-4
-17
32
32
-32
-9
47
-7
-28
37
7
-15
15
2
-24
7
25
-12
-14
18
9
-12
-11
17
12
-4
-22
-8
49
-31
-51
45
18
-61
-11
42
-13
-33
0
16
4
-5
-7
17
23
-16
-23
28
16
-40
-11
54
-17
-27
20
-2
-7
-11
-19
-2
6
-21
7
11
-6
-4
-10
4
-2
-8
1
4
-9
8
2
-32
-2
0
-10
-19
-9
6
23
-11
-36
50
36
-44
-18
56
32
-63
-13
74
-21
-61
36
43
-34
-15
6
21
12
-67
1
54
-21
-51
38
55
-55
-8
54
0
-20
17
21
-11
1
-5
3
16
-10
6
-10
0
-1
16
-2
-35
40
19
0
6
22
26
-2
-8
8
21
-10
-14
-3
15
-1
-41
14
14
-8
-21
9
17
-32
-28
15
22
-31
-44
26
22
-48
-20
32
5
-33
-8
15
-7
-21
7
2
4
9
1
0
9
13
-8
4
7
21
-28
-20
41
9
-21
-9
19
8
-15
-15
18
14
-27
-16
17
21
-19
-22
48
26
-32
1
23
9
-6
-25
-6
39
-7
-58
33
40
-44
-14
34
-6
-1
-11
-13
42
0
-46
14
31
-17
-21
17
33
-10
-37
27
29
-31
-11
20
23
-6
-11
13
42
0
-31
36
20
-12
1
18
10
-1
0
3
18
-2
-20
1
26
-2
-24
15
12
-36
-21
4
-14
-39
-16
-15
-15
2
-38
-13
-19
-26
-12
-27
-13
-14
3
-31
-31
11
-10
-30
-31
23
10
-39
0
19
5
11
-1
-6
37
22
-5
11
49
35
1
26
33
20
-17
2
8
10
-2
-26
24
29
-28
-19
19
13
-18
-20
5
6
-12
-31
4
25
-13
-29
17
26
-20
-8
18
13
5
-11
1
28
-6
-12
3
11
22
-15
-9
29
24
-14
6
42
7
-12
-2
39
24
-13
11
29
10
-31
0
28
-5
-28
-2
25
-14
-13
30
23
-16
-3
16
9
-13
8
17
7
-10
1
15
3
-4
-12
14
0
-5
-11
3
-7
-28
-10
-14
-23
-24
-18
-21
-13
-27
-33
-17
-8
-40
-20
-2
-37
-27
1
4
-14
-11
19
-12
-13
9
8
19
-8
-1
28
-9
-22
35
37
-11
13
41
22
5
14
36
30
5
4
22
30
-4
-1
17
7
4
-11
-1
5
-11
-23
-7
-1
2
-24
-26
16
-1
-29
-25
20
-7
-36
1
10
-1
-1
-17
-4
28
4
-28
7
36
-24
-47
2
22
-18
-39
2
30
-1
-36
0
38
-22
-29
5
24
-11
-38
2
15
9
-2
1
26
18
-2
-1
11
23
-6
-18
10
24
-5
-14
13
26
16
-15
-16
8
4
-24
-13
14
9
-10
9
17
6
2
-19
2
27
4
-7
34
18
-9
-2
10
1
-1
2
-12
9
9
-17
-2
14
2
-3
-7
15
18
6
-3
14
9
5
3
-4
3
-1
0
-6
-10
-2
6
-15
-14
8
-7
-18
5
10
-2
-1
9
17
-4
-7
6
7
-7
-18
-1
6
-17
-10
1
-12
-20
-11
0
-6
-2
-11
5
2
-13
0
1
5
-3
9
4
-15
4
-4
-11
-3
6
-10
-4
11
-8
5
4
-5
3
9
12
1
9
-10
1
26
-11
-11
13
23
1
-3
11
-2
-7
1
-2
3
1
-11
-8
-5
-20
-20
-7
-19
-19
-22
-22
-21
-10
-17
-14
-1
-5
-4
5
-3
-1
0
0
-4
-3
10
2
13
17
16
4
20
17
11
12
19
0
-4
15
6
11
-5
-2
17
24
5
7
16
-1
-9
-2
8
-5
4
13
0
-9
4
4
-9
-5
-5
-7
5
0
-4
-4
14
5
-11
4
9
-4
-8
2
-11
-6
1
-12
-9
6
8
-1
7
16
2
12
17
7
8
11
11
13
16
-3
21
27
-2
2
18
13
-8
7
-2
-1
-4
-19
-15
2
-9
-15
5
0
-15
-8
-10
-16
-15
-16
-28
-24
-14
-37
-38
-19
-25
-28
-15
-13
-17
-10
2
-7
-3
9
8
5
10
19
9
4
6
11
5
4
15
15
2
-9
7
8
1
6
15
14
6
15
3
5
19
-5
0
2
-1
-10
-10
1
0
1
-2
-2
6
-7
-8
3
4
-12
-13
4
-5
-6
-8
-8
2
-12
-12
-5
2
4
10
11
13
7
0
0
16
2
-12
15
9
3
11
9
14
15
16
21
15
9
11
17
14
-1
8
11
0
4
-7
-8
14
3
-5
9
1
1
-6
-2
7
-2
0
1
-6
-12
-7
-14
-6
-8
-20
-6
-10
-15
-5
-7
-23
-14
-19
-26
-19
-1
-13
-15
6
-19
-7
-5
2
8
6
14
12
25
12
12
18
9
-4
7
9
-2
9
-1
2
-6
-9
-12
2
-1
-3
8
-1
-2
1
-5
-7
-11
-4
-2
-7
-1
3
-7
-8
1
6
-4
-7
3
-3
6
-6
3
6
4
0
2
21
-3
-6
2
-2
-4
-4
-2
11
8
-3
-6
3
5
-3
1
14
8
12
4
15
15
1
5
11
5
6
3
2
13
-5
-2
10
3
-2
-2
-4
-9
-15
-19
-15
-9
0
-15
-5
4
-16
-13
-2
-12
-8
-8
-19
-6
-6
-16
-16
-7
-5
-14
-8
-5
-6
1
-4
-15
-1
-1
-10
0
9
9
5
8
8
0
13
14
1
15
22
15
12
17
14
13
16
14
15
14
14
12
9
2
3
7
5
3
-1
-3
-4
-1
4
0
-6
-12
-18
-1
-16
-16
0
1
-2
-7
1
0
-8
3
10
2
0
-5
-6
5
10
-2
-1
13
6
-6
11
7
1
8
4
5
8
4
-12
2
-5
-6
-1
-3
-1
-12
-9
-6
2
-2
5
9
13
12
1
0
5
2
-4
0
-6
-6
-4
1
-2
-9
4
-4
-3
-8
4
0
-6
-1
-7
7
-18
-5
-10
-7
-9
-24
-14
-10
-15
-23
-22
-7
-16
-21
-13
-5
-6
-13
-7
-3
-4
-10
1
-10
-9
4
1
5
-9
1
9
0
0
16
12
5
17
14
16
18
18
9
12
5
8
19
9
2
21
8
14
16
9
15
21
31
10
25
39
20
-2
12
24
12
-5
4
11
-1
-1
-17
-6
-16
-21
-29
-24
-18
-30
-20
-17
-20
-21
-11
-16
-10
-12
-9
-6
-8
-3
2
-1
-2
-5
8
-2
-10
3
4
2
-6
7
19
8
15
24
2
15
12
-4
5
6
1
0
3
-2
-14
-7
-4
-5
-4
-10
-3
-3
-2
-2
-6
-8
10
5
3
10
-3
-3
-4
-5
-14
-10
0
-5
-6
10
5
4
18
17
17
3
4
21
18
15
3
10
11
-7
3
-2
2
-4
-1
-2
-1
-14
-6
-2
-14
-12
-14
-9
-22
-13
-4
-8
-1
1
-9
-3
1
-5
6
14
8
6
8
3
9
11
3
3
9
13
0
4
9
8
4
8
15
4
-6
-3
-6
-10
-11
-7
-10
-12
-14
-11
-8
-13
-19
-30
-17
-15
-18
-14
-12
-11
-7
-8
-12
-8
-10
-9
-8
-2
3
2
4
4
1
8
9
14
9
-1
4
3
7
2
4
13
10
14
7
21
21
7
26
18
20
17
23
13
7
14
2
4
-6
7
-5
2
12
-4
-6
-16
2
3
-7
3
10
3
-2
6
10
0
7
3
-1
7
8
5
-9
-3
-7
-14
-16
-16
-8
-23
-23
5
-7
-5
6
1
-1
8
11
2
9
9
15
5
3
9
8
5
2
6
2
13
4
-3
2
-6
4
-1
-12
-7
-13
-11
-1
-13
-15
-5
-10
-17
-15
-20
-12
-21
-10
-18
-23
-11
-15
-11
-14
-1
-5
-11
0
-8
1
-2
-5
14
3
-5
0
6
9
-4
6
2
0
2
-3
9
5
1
6
3
19
4
11
6
10
12
5
-2
2
18
-1
4
-3
5
4
0
8
6
8
6
0
10
0
5
6
6
5
-4
8
1
7
5
4
7
-6
-5
2
13
8
11
10
3
7
-7
11
7
-2
6
7
10
14
9
-1
-4
2
0
0
-2
-1
7
1
-3
-4
3
-10
-17
-13
-21
-18
-18
-12
-11
-14
-4
-15
-2
-6
-4
-6
2
-5
6
-2
-23
4
-11
8
-6
4
22
1
-24
13
-1
-3
-6
-5
15
-9
-3
2
-19
-11
-5
8
1
4
12
-3
3
3
8
12
10
11
13
3
1
-5
6
-1
2
-2
0
7
-4
-4
-3
12
-9
-1
5
-7
-8
1
-1
-1
-3
-10
-8
-8
-6
-4
2
-1
-4
1
5
14
9
8
19
19
2
8
0
8
2
0
8
-1
6
-4
-1
4
2
2
-8
8
4
-7
7
19
8
-5
5
1
-9
-8
-2
2
-3
-10
-1
2
1
0
-8
0
-10
-6
-4
1
7
-4
1
7
-1
-6
-12
-4
-10
-10
-13
-8
-7
-16
-4
-7
-1
-3
-6
5
0
5
-6
-1
6
0
4
-10
-1
7
5
-4
1
4
-8
-8
2
-3
0
-2
-2
13
10
4
5
-3
2
9
9
-5
-9
-15
-4
-13
-13
-4
-1
-6
-8
2
-7
-9
-8
14
-4
-3
15
7
10
6
20
18
6
4
18
13
-1
19
30
21
10
17
30
21
1
1
12
9
-5
-3
11
4
-9
-13
-11
-1
-10
-11
-3
1
-8
-26
-5
-2
-31
-20
-1
2
-16
-14
11
10
-15
-10
6
4
-5
-7
13
6
-11
-1
8
0
7
14
-7
-6
9
-2
-5
3
0
10
2
-16
-15
-2
-10
-5
-10
-10
2
1
-10
-17
-3
5
-17
-26
-2
7
-8
-11
6
23
12
-8
9
20
11
2
12
23
13
14
10
14
9
-4
7
7
6
4
8
11
5
4
2
-2
7
1
5
13
2
-5
-6
-2
-9
4
9
-11
-6
-3
-7
-13
-18
-13
-4
-9
-3
-9
-4
-7
-19
-16
-17
-22
-16
-13
-8
-12
-21
-10
-3
-1
-2
5
7
7
9
1
4
-3
5
5
8
8
13
2
-2
-2
-1
0
1
-1
-16
6
5
-10
-10
2
5
0
-3
2
9
-5
-13
-5
4
-6
-15
7
4
-5
-8
5
8
7
9
21
21
12
22
23
12
11
23
24
4
4
18
7
-8
14
18
3
5
7
7
3
-5
-1
-1
5
8
5
2
-7
-3
-5
-4
-2
-4
0
-13
-18
-17
1
-6
-28
-4
-8
-11
-23
-21
-16
-6
-1
-6
7
5
4
0
0
10
5
13
8
10
16
12
14
9
14
6
7
-3
4
6
-7
-12
-5
-7
-9
-10
-11
-3
-13
-5
-5
-7
-5
-10
3
-6
-9
-10
-21
-13
-15
-18
-19
-13
-7
-5
-8
-2
2
11
10
0
2
21
15
-1
3
-1
4
0
-7
-1
4
3
4
2
-9
2
5
-5
-4
9
9
6
9
15
17
9
0
6
6
7
1
3
-3
-4
10
15
9
0
-1
0
4
0
-2
3
0
3
3
-10
-6
-2
-5
-16
-19
-27
-18
-8
2
-19
-22
3
2
-4
-3
29
21
15
10
21
11
14
3
20
12
0
10
10
5
-4
15
6
11
7
3
3
-3
-1
-1
-1
-12
-4
-5
-12
-10
-1
-1
-18
-19
1
-2
-13
-9
3
2
-1
12
10
20
6
-4
-4
4
2
-15
-7
-9
-11
-17
0
-8
-5
-5
-1
2
8
19
5
1
-5
2
3
2
-6
-5
-2
-2
-1
-4
-6
-4
-2
-2
0
5
3
0
-10
-4
0
-7
-9
0
-5
-14
-14
-14
-20
-18
-7
-12
0
2
13
6
0
-2
-5
-6
0
3
-5
9
1
1
-3
4
2
0
4
-1
-2
8
10
13
17
14
22
18
20
17
11
12
2
0
7
13
7
-4
5
2
0
5
5
-1
2
0
-5
4
3
1
-6
-6
-4
-14
-13
-25
-15
-1
-13
-3
1
-4
15
6
-1
0
-3
17
13
7
5
-2
9
3
11
3
-3
3
-5
-10
-7
-8
-15
-16
-11
-6
-6
-7
-7
-10
-5
4
0
1
4
8
8
1
0
-1
-1
-1
0
3
14
16
10
15
7
-1
-3
-4
-17
-24
-17
-9
-7
-7
0
-11
-2
5
-4
15
2
-7
6
12
4
8
18
14
15
11
23
23
20
19
7
11
8
2
-3
1
9
10
-4
-10
-5
-14
-5
-18
-16
0
-1
-13
-7
-13
7
-7
-11
0
-6
-4
-22
-9
-13
-10
-12
-27
-40
-24
-10
-17
-28
-11
-3
-3
-9
2
3
11
17
3
7
5
21
-3
25
9
5
17
14
9
-3
9
-1
-1
-1
5
12
24
8
5
-1
8
16
5
5
-7
11
12
-7
-7
2
5
5
-4
-12
1
-4
-11
-9
1
4
-7
3
-1
0
-4
6
1
13
15
11
7
0
-1
-13
-14
-17
-23
-8
1
-7
-8
-9
-6
-19
-11
-10
-12
8
23
2
0
6
1
-8
-15
-6
-2
1
-1
11
4
8
5
1
-2
7
4
0
17
12
4
-2
5
9
10
15
12
17
10
21
12
-2
0
6
3
4
13
1
-2
-1
-4
-15
-19
-17
-23
-29
-23
-23
-15
-18
-22
-11
-6
0
8
10
12
18
24
39
47
37
37
32
24
18
17
22
12
-2
-6
-12
-35
-40
-49
-49
-50
-53
-48
-43
-39
-35
-25
-13
-9
-4
13
16
36
36
51
53
50
47
33
38
37
41
33
25
13
-3
-14
-34
-48
-58
-66
-53
-43
-32
-30
-24
-20
-7
-5
3
28
39
46
49
41
44
39
31
34
37
35
30
30
35
21
20
0
-39
-30
-24
-55
-86
-71
-38
-24
-94
-51
-38
-59
-61
-30
7
7
-5
9
-1
-24
14
15
48
36
63
72
52
43
43
26
11
14
23
22
-22
-33
-33
-58
-74
-68
-35
-14
-28
-20
4
22
13
3
34
30
23
42
57
45
41
53
60
39
32
47
45
33
25
31
20
-4
-6
-19
-65
-106
-109
-96
-105
-104
-62
-44
-62
-45
-27
-15
-21
1
35
47
46
70
90
51
20
24
9
-19
-1
21
34
31
34
33
6
-11
-20
-22
-19
-14
17
41
14
4
-4
-28
-31
-22
-4
10
34
50
52
41
32
12
13
13
8
21
29
31
23
10
-8
-24
-39
-40
-32
-20
-14
-2
-11
-19
-29
-36
-35
-39
-20
-9
3
10
2
-10
-10
-10
-16
1
8
6
4
-9
-3
-14
-23
-27
-31
-23
-22
-14
3
12
4
-3
-1
-1
-12
-22
-8
-3
7
0
7
16
-7
-1
2
-13
-11
-9
-10
-14
2
6
-6
4
13
7
16
27
30
18
11
15
-6
-7
-7
-6
9
14
28
34
17
12
6
13
12
-3
2
7
5
15
9
8
15
6
-9
-16
-7
2
-3
9
15
3
-4
-2
-5
-10
-9
-2
2
9
15
-4
7
9
12
23
10
26
15
19
21
3
-4
-1
-8
-6
-4
-1
-2
-2
3
-8
-17
-9
-11
-18
-12
-6
-1
-14
-8
-2
-9
-16
-23
-8
-3
3
-4
-11
-10
-23
-28
-30
-12
-15
-6
-7
-7
6
2
8
-5
7
14
3
2
13
14
13
13
16
21
9
10
7
15
21
33
35
30
16
8
-3
-10
-3
-14
-6
-9
-4
-12
-13
-5
-8
-14
-11
-5
-4
3
-4
-3
1
-9
-15
-12
-8
-12
-29
-11
-9
-14
0
-8
-11
-3
-4
1
2
0
13
13
5
11
4
-10
4
4
-1
-5
-3
-18
-17
-14
-17
-18
-6
-18
-20
-7
4
10
10
2
-7
-8
-11
-15
-17
0
11
12
8
11
9
22
21
15
3
0
3
-8
-6
7
16
2
3
3
-4
8
11
3
5
1
-7
3
9
12
20
21
34
29
12
29
29
25
27
25
16
16
19
12
12
26
10
-1
8
2
-7
-19
-8
0
-1
-1
4
4
7
4
-7
-2
-1
0
-8
-12
-18
-11
-22
-18
-9
-25
-22
-13
-12
-12
-3
-7
-10
-8
-16
-24
-27
-27
-30
-26
-7
-14
-10
-2
-15
-21
-10
2
-5
-6
6
4
6
0
-2
-9
-17
-2
-10
-8
-13
-15
-12
-12
6
3
3
-1
-6
-8
-4
4
5
14
14
18
11
14
11
4
9
13
12
-4
6
4
-6
7
9
-6
1
13
8
2
4
15
6
7
14
1
-9
4
2
-12
-14
-17
-19
-23
-16
-3
-17
5
12
16
20
23
24
10
29
22
27
36
38
17
14
19
-11
-15
-2
-7
-11
2
12
10
1
10
9
1
2
5
14
15
17
14
3
-6
-18
-19
-22
-13
-10
-18
-8
-20
-36
-19
-25
-25
-15
-10
-5
-7
-9
-6
3
12
0
3
2
-8
-13
-21
-21
-16
-12
-8
3
6
18
27
29
31
32
34
27
20
12
3
1
2
8
-7
-6
9
4
-5
5
7
-6
-5
-6
-4
-8
-15
-2
-12
-17
-8
-2
-2
-8
13
7
-11
-2
4
-22
-6
22
3
-1
21
20
-15
-2
27
5
1
34
17
2
5
6
-5
-13
-5
-7
-23
-18
-28
-55
-44
-21
-25
-40
-20
-13
-42
-44
-22
-31
-41
-24
-7
-24
-19
11
10
-6
7
18
10
14
26
17
-14
-27
1
13
24
41
48
71
64
44
45
52
28
14
26
48
32
7
16
5
-6
-17
-18
-23
-14
-7
-28
-19
-11
-6
12
4
16
-13
-27
-16
-25
-25
-16
-3
-11
-4
-3
-19
-21
5
1
-7
11
35
32
28
54
77
55
52
59
49
35
25
37
17
5
13
-2
-20
-20
-21
-22
-26
-20
-14
-49
-49
-26
-26
-20
-22
0
13
-25
-37
-14
-23
-47
-32
-31
-34
-39
-43
-54
-52
-37
-48
-51
-44
-15
-12
-27
-13
-9
-19
-15
-10
-3
7
22
28
42
34
-6
-12
2
-1
1
32
36
38
33
25
29
37
53
64
51
29
26
44
29
-6
21
51
20
-6
18
12
-23
-30
-13
-18
-22
-20
14
6
-4
8
11
1
-7
-13
-25
-30
-29
-3
2
-18
-9
-19
-44
-45
-15
3
-5
-10
31
43
21
6
18
15
-64
-93
-29
34
9
-10
49
48
-19
-10
76
70
53
90
141
129
95
103
84
52
15
19
17
-14
-27
-17
-19
-53
-64
-59
-86
-120
-81
-67
-106
-81
-23
-6
-28
-33
-34
-60
-89
-81
-85
-80
-98
-112
-108
-143
-162
-161
-158
-145
-134
-106
-65
-21
17
45
91
109
123
155
183
185
219
260
251
255
282
284
248
238
244
209
201
208
162
131
107
99
89
53
46
56
25
-12
-4
8
27
65
90
82
77
-65
-489
-926
-1048
-977
-1031
-1002
-631
-268
-222
-215
0
94
-30
-23
207
360
366
483
618
552
336
230
112
-113
-254
-256
-179
-110
70
285
315
314
389
377
239
173
207
271
302
370
446
407
312
194
70
-76
-191
-152
-28
46
54
157
254
181
67
80
59
-9
-14
54
108
125
133
80
-9
-89
-133
-241
-269
-425
-1001
-1467
-1396
-1275
-1424
-1292
-698
-311
-352
-159
201
260
179
350
659
698
677
854
914
623
341
238
59
-278
-495
-380
-249
-132
163
329
337
409
559
527
343
326
464
542
525
586
648
554
389
282
157
13
-77
0
149
255
308
391
472
462
407
333
272
180
69
34
-28
-104
-211
-243
-156
-183
-280
-228
-348
-1224
-2148
-2251
-1976
-2168
-2169
-1274
-485
-428
-365
149
297
9
66
560
807
762
998
1274
1158
768
520
255
-219
-608
-667
-619
-443
-45
315
430
513
733
745
449
278
417
539
602
771
995
1127
981
757
559
329
25
-59
134
220
341
679
894
823
904
945
658
385
236
8
-265
-330
-411
-395
-153
-194
-299
-199
-456
-1581
-2833
-3224
-3180
-3317
-3149
-1998
-972
-669
-452
61
257
-90
-93
350
718
935
1397
1767
1733
1455
988
521
-115
-577
-889
-927
-509
10
475
779
1078
1305
1165
803
588
581
642
791
1123
1424
1588
1573
1386
955
474
143
-32
-57
204
393
293
473
868
828
453
603
962
820
331
218
294
-89
-495
-576
-372
-422
-569
-433
-457
-937
-1949
-3320
-4405
-4547
-4394
-4183
-3269
-1786
-805
-533
-37
600
621
358
659
1154
1470
1651
2018
2167
1769
1422
949
106
-640
-1026
-1163
-1003
-518
87
485
805
1204
1416
1189
810
594
872
1147
1128
1438
1910
2102
1790
1404
1203
885
517
572
753
697
764
1377
1641
1332
1484
1861
1356
524
392
300
-536
-1110
-807
-349
-251
-365
-145
-169
-852
-2517
-4561
-5913
-6223
-6136
-5940
-4906
-2973
-1657
-1495
-779
-43
-265
-372
398
1137
1497
2107
2955
3313
2836
2278
1664
732
-423
-1335
-1320
-1133
-624
294
1061
1388
1772
2236
1963
1353
910
1311
1700
1709
2086
2884
3197
2997
2507
2198
2014
1531
1301
1241
1128
1348
1891
2325
2098
1980
2246
1406
119
55
-604
-1984
-2095
-1312
-1103
-1306
-770
-299
-963
-1715
-2603
-4697
-6974
-7630
-7184
-6832
-6128
-4244
-2163
-1460
-1267
-428
-41
-347
164
1014
1506
2107
3185
3764
3292
2833
2400
1435
446
-308
-845
-991
-478
279
859
1153
1467
1739
1620
1226
985
211
-1640
-1823
887
2994
3201
4772
6880
6228
3709
2498
2035
707
-131
463
1424
1650
2156
2964
2601
589
-755
-196
-910
-2841
-2977
-1215
-747
-1151
-286
244
-777
-1740
-2430
-5124
-8185
-8548
-7042
-6695
-6405
-4036
-1294
-878
-1287
-658
-512
-1381
-1459
201
1315
1254
2316
4063
4141
2393
1534
1504
788
-797
-1244
-290
643
1417
2142
3094
3198
2825
2494
1722
427
25
815
1503
1929
2207
3188
3800
3482
2857
2551
2416
2087
2098
2508
2561
2533
3260
3499
3208
2240
806
194
-318
-1296
-2357
-2233
-1288
-1124
-1270
-721
-751
-1414
-1614
-2252
-3999
-6317
-7346
-7117
-7005
-7009
-5680
-3067
-1770
-1915
-1577
-403
-580
-1061
-134
672
1022
2032
3310
2945
2155
1948
1732
340
-800
-657
-695
-390
528
1612
2060
2201
2516
2518
1756
941
599
825
1183
1283
2021
2833
3355
3442
3304
2820
2466
2046
1998
2332
2218
2501
3221
3722
3501
3072
1925
423
-307
-809
-1794
-2479
-1970
-1480
-1187
-955
-741
-1113
-1307
-1713
-3343
-5706
-7354
-7294
-7794
-8259
-6842
-4416
-3456
-2670
-1201
-529
-781
-488
874
1197
1375
2379
3962
4127
2602
1882
2215
1561
-595
-957
-326
38
347
1596
2578
2686
2916
3170
3165
1928
1143
1281
1749
1624
1525
2328
3298
3337
2924
2935
2937
2688
2549
2860
2342
2111
3161
3700
3112
2774
2199
589
-352
-531
-1825
-2625
-1934
-1428
-1438
-1302
-1101
-919
-1034
-1691
-2555
-3505
-5585
-7830
-8138
-7626
-8142
-7756
-5019
-2892
-2758
-2277
-455
758
84
304
1978
2783
2860
2974
3135
2833
2125
1222
419
97
-212
-779
-247
1036
1628
1845
2458
2902
2841
2451
1758
1531
1364
1357
1634
2016
2474
2907
3519
3462
3293
3546
3363
2898
3166
3381
3266
3331
3520
3640
2849
1179
127
-266
-1135
-2038
-1936
-1369
-1599
-1424
-716
-862
-1573
-1646
-1492
-1780
-4019
-8075
-9319
-7397
-6899
-8562
-6863
-2043
-538
-2406
-2067
-79
-298
-1673
-1443
529
1364
1341
2562
3664
2400
867
1539
1479
-741
-2140
-288
1301
1557
2637
3550
3553
3994
4473
2999
988
736
1786
1744
1042
1385
2889
4386
4185
3069
3288
3586
2651
2705
3046
2473
2542
4334
5293
3705
2198
1587
485
-1015
-1888
-2301
-2038
-1411
-955
-1045
-1227
-998
-1199
-2029
-3131
-4029
-5940
-7612
-7919
-8313
-8934
-8085
-5527
-4328
-4098
-3178
-1795
-1036
-725
-151
686
1826
2528
3503
3758
2945
2303
2316
1862
246
-352
393
1291
1282
1830
2663
3046
3408
3640
3297
2600
2254
2183
1977
1986
2265
2686
3802
4130
3604
3823
4104
3685
3482
3501
3101
3250
4021
4135
3394
2741
1245
-410
-768
-1328
-2398
-2491
-1651
-1450
-1540
-1448
-1179
-1125
-1817
-2713
-3741
-6074
-8646
-9018
-8516
-9158
-8944
-6391
-3948
-3667
-3397
-1829
-571
-479
-530
689
2038
2593
2879
3585
3456
2459
2012
1763
1085
-204
-49
975
1599
2062
2861
3568
3623
3803
3255
2101
1563
1897
2298
1800
1635
2542
3625
3734
3385
3526
3941
3839
3786
3859
3280
3065
3711
4278
3778
2665
1229
-121
-579
-1189
-2494
-2741
-1358
-478
-604
-645
-247
-349
-1456
-2690
-3536
-5423
-8225
-8852
-8131
-9122
-9577
-6626
-4233
-4928
-4369
-1578
-849
-1351
9
1577
1633
2189
3732
3873
2881
2403
2215
1635
528
-580
-260
974
1220
1464
2732
3531
3370
3552
3787
2363
1266
1964
2297
1764
1962
2705
3275
4146
4024
3528
3923
4228
3961
3770
3954
3471
3615
4592
4286
2798
1771
817
-60
-906
-1990
-2144
-1422
-805
-1120
-1090
-501
-640
-1603
-2550
-3134
-4738
-7275
-8786
-8495
-8888
-9850
-8306
-5535
-4704
-4777
-2851
-850
-631
-878
596
2015
2148
2469
3478
3435
2231
1790
1675
853
-524
-591
23
406
973
2142
2699
3066
3818
4118
3361
2194
2410
2668
2083
1886
2852
3499
3662
3928
4226
4371
4001
3803
3867
3937
3508
3233
4123
4694
3612
2594
1674
514
-163
-827
-1252
-1554
-1399
-846
-1027
-1176
-1051
-1231
-2018
-3191
-4418
-6813
-9026
-8846
-8807
-9995
-9168
-6034
-4737
-5185
-3588
-1340
-1183
-887
657
1144
918
2043
3238
2498
1677
1983
2076
969
39
139
92
499
1715
2583
2655
3334
4798
4655
3382
2829
2882
2578
1992
1789
2041
2475
3176
3783
4117
3889
4003
4648
4481
4155
3997
4075
4316
4702
4506
3201
2068
720
-463
-889
-1372
-2029
-1637
-654
-644
-1170
-1113
-901
-1682
-2797
-3682
-5528
-8233
-9170
-8707
-9447
-10207
-7755
-4761
-4650
-4511
-2379
-895
-836
-333
829
1503
1738
2647
3364
2852
1741
1474
1744
1172
-153
-150
1166
1686
1678
2172
3194
3984
3898
3945
3783
2323
1784
2203
1624
578
1245
2868
3141
3071
3758
4351
4278
4348
4453
4513
4242
4145
5077
5118
3709
2320
1436
435
-869
-1686
-1840
-1994
-1742
-1237
-1493
-1820
-1319
-1273
-2303
-2998
-3770
-6219
-8113
-8024
-8742
-10173
-8726
-6243
-5828
-5565
-3875
-1969
-1214
-852
-195
1155
2115
2161
2788
3557
2671
1839
2619
2101
308
-157
923
963
925
2089
2655
3073
3765
4024
3314
2837
2733
2710
2387
1779
1852
2728
3415
3168
3593
4758
4990
4410
4684
4987
4198
3802
4422
4634
3867
3091
2477
1170
-234
-1006
-1224
-1462
-1829
-1331
-598
-1071
-1906
-1791
-1768
-2798
-3870
-5184
-7339
-8722
-9108
-9916
-10168
-8392
-6342
-5457
-4558
-3155
-1506
-635
-347
335
1516
2216
2466
3282
3511
2437
1881
2383
1645
91
-290
887
1730
1725
2213
2904
3525
3765
3644
3312
2892
2553
2317
2132
1542
1638
2594
3398
3700
3917
4442
4687
4496
4503
4084
3358
3549
4307
4403
3454
2557
1842
642
-713
-1420
-1739
-2294
-1735
-994
-1326
-1801
-1173
-778
-1895
-2899
-3177
-4820
-7716
-8819
-8481
-9116
-9921
-8228
-5529
-4925
-4828
-2888
-803
-331
-208
498
1511
2174
2594
3118
2856
2478
2395
2041
1167
40
-32
823
1064
1464
2340
2713
3337
3635
3401
2826
2168
2299
2419
2280
1789
1754
3191
4455
3829
3812
5143
5188
4437
4207
3907
3187
3194
4175
4357
3605
3004
2273
938
-366
-1600
-1836
-1468
-1397
-1287
-1173
-1056
-921
-1204
-2065
-3081
-3505
-5138
-7775
-8945
-9210
-10087
-10311
-8248
-6623
-5945
-4375
-2421
-1843
-1138
196
760
978
2092
3376
3130
3151
2978
2587
2059
1153
468
373
942
988
1810
2893
2940
3096
4015
4211
3259
2623
2833
2539
2111
2038
2284
3322
4029
4260
4434
4806
4648
4178
4096
3479
2730
3209
4289
4473
3800
3288
2621
1257
-284
-1319
-1756
-2243
-2358
-1898
-1827
-2039
-1710
-1375
-2122
-3358
-3784
-5024
-7903
-9398
-9150
-9524
-9999
-8171
-5486
-4625
-4376
-2599
-752
-1038
-1320
-338
1064
1559
1976
3227
3774
3036
2978
3148
2120
878
806
1655
1628
1374
1949
2930
3047
2833
3107
3003
2332
1894
2288
1934
1219
2257
4098
4476
4269
4970
5700
5164
4134
3778
3214
3022
3324
3902
4178
3691
3233
2169
742
-529
-1350
-1883
-2105
-1786
-1931
-2247
-1884
-1476
-1933
-2467
-2259
-2956
-5472
-7879
-8585
-9495
-10876
-10206
-7767
-6446
-5752
-3663
-1681
-1213
-1019
-8
607
1159
2210
3030
3614
3743
3643
3436
2970
2123
1468
1294
1311
1269
1531
2246
2395
2763
3475
3765
3175
2643
2732
2483
1689
1682
2799
3522
3811
4412
4993
4978
4582
4159
3727
2969
2379
2824
3831
4002
3698
3283
1875
270
-780
-1673
-2498
-2639
-2257
-2131
-2032
-1559
-1702
-1930
-1938
-2810
-4229
-5957
-7683
-9197
-9763
-9770
-9481
-7905
-5553
-4612
-4200
-2550
-1109
-1192
-1265
232
1624
1975
2751
3917
3969
3640
3714
3090
2272
1669
1539
1721
1788
1937
2052
2606
2785
2562
2506
2568
1869
1687
2077
2044
2193
2950
4311
4839
4817
5047
5281
4762
3846
3543
3270
3258
3479
4177
4255
3473
2296
771
-382
-1477
-2357
-2534
-2104
-1948
-1834
-1501
-1138
-1499
-1863
-1964
-2788
-4393
-6587
-7863
-8730
-9942
-10649
-9577
-7676
-6621
-5997
-4475
-2667
-1625
-1057
-234
1339
2717
3302
3715
4565
4616
3816
3712
3229
2038
1122
1597
1838
1265
1537
2169
2450
2716
3088
2841
2705
2813
2843
2471
2359
2726
3414
4026
4121
4342
4585
4603
4102
3674
3239
2617
2923
3500
3928
3794
3161
2269
984
-407
-1710
-2466
-2348
-2276
-2414
-2007
-1895
-1955
-1888
-2130
-2801
-3324
-4775
-7437
-8528
-8450
-9469
-10280
-8251
-5808
-5768
-5197
-3084
-1861
-2018
-1189
337
1198
1565
2852
4117
4136
3958
3990
4033
2859
1849
1568
1733
1300
1338
2572
2814
2470
2955
3801
2815
1570
1795
2013
1213
936
1952
3046
3976
4274
4624
5034
4744
4077
3999
3740
2984
3218
4345
4630
3822
3151
2179
658
-516
-1798
-2700
-2628
-2122
-1842
-1658
-1397
-1100
-1203
-1602
-2492
-3644
-5425
-7459
-8353
-8806
-9770
-9867
-7969
-6740
-6679
-5591
-3935
-3392
-2769
-1137
-164
260
1847
3699
4049
3616
4182
4814
3712
2155
1969
1896
1100
954
2051
2446
2001
3088
4058
3141
2492
2730
2580
2028
1877
2188
2646
3682
4450
4509
4695
4686
4300
4164
3738
2628
2692
3812
4104
4159
4579
4196
2167
500
-441
-1991
-2976
-2904
-2721
-2743
-2538
-2551
-2337
-2238
-2926
-3158
-3120
-5128
-8043
-8225
-7823
-9809
-10251
-7336
-5504
-6073
-5159
-2954
-2287
-2084
-1156
-292
582
1710
2910
4147
4595
4014
3960
4627
3707
1872
1605
2187
1764
1449
2460
2938
3108
3935
4063
3055
2645
2676
2082
1444
1354
1880
2996
4293
4668
4835
5037
4909
4495
4073
3119
2577
3412
4283
4035
3528
3481
2328
215
-1121
-1972
-3004
-3184
-2701
-2464
-2218
-2445
-2064
-1598
-2266
-3189
-3234
-4399
-7459
-8719
-8089
-9085
-10436
-8316
-5875
-6090
-5825
-3913
-2672
-2444
-1970
-898
723
1917
2843
4059
5025
5071
4350
4489
3688
1909
1311
1939
1857
1266
1784
2556
2944
3026
3085
2858
2612
2601
2439
2328
2289
2486
3412
4532
4624
4402
4603
4522
3680
2972
2665
2773
3422
3831
4239
4467
3800
1678
-88
-607
-1999
-3387
-2952
-2130
-2337
-2786
-2416
-1667
-2194
-3071
-3007
-3196
-5440
-8354
-8552
-8268
-10058
-10186
-7253
-5642
-5911
-4507
-2599
-2333
-1981
-533
83
671
2549
4001
4259
4547
4959
4933
4514
3291
2104
1741
1675
1450
1679
2560
2777
3131
3757
3317
2653
2287
2165
2014
2029
1804
1873
3369
4243
3645
3762
4744
4505
3606
3461
3243
2736
3187
4031
3828
3492
2931
1416
-3
-1317
-2657
-3460
-3186
-3056
-2936
-2339
-1610
-1494
-1833
-1976
-2388
-3064
-4692
-7093
-8205
-8700
-10002
-9896
-8007
-6877
-6757
-5264
-3183
-3028
-3110
-1260
191
642
2000
3936
4824
4732
4899
5048
3989
2535
2153
1856
1025
714
1559
2362
2201
2406
3268
3335
3026
2913
2664
2529
2469
2464
2943
3722
4096
4162
4815
5023
4044
3753
4001
3222
2671
3606
4288
4030
3819
2909
1063
-500
-1324
-2344
-2925
-2678
-2433
-2186
-2003
-1694
-1738
-2235
-2925
-3429
-4062
-6153
-8480
-8809
-8682
-9772
-10008
-8164
-6110
-5817
-5499
-3494
-1865
-1628
-1039
726
2268
2736
3802
5340
5202
3890
3919
4120
2645
1197
1241
1790
1326
1407
2286
2328
2630
3161
3047
2610
2478
2264
2241
2338
2176
2491
3319
3784
3434
3586
4065
3703
3457
3512
2975
2893
3597
4086
4367
3943
2901
1344
83
-973
-2599
-3244
-2835
-2580
-2499
-1947
-1366
-1251
-1616
-2080
-2616
-3379
-4602
-6769
-8496
-8776
-8945
-9522
-8692
-6756
-5864
-5593
-4300
-2404
-1948
-1440
320
1975
2643
3431
4816
5203
4329
3848
3949
2619
1156
919
852
458
776
1954
2225
2073
2721
3042
2566
2386
2249
1969
2486
2628
2551
3159
3892
3832
3886
4273
4035
3344
3385
3506
2888
3196
4050
4324
3996
3253
1828
334
-776
-1809
-3000
-3597
-2891
-2131
-2307
-2357
-2005
-1733
-2360
-3782
-4017
-4846
-7594
-9589
-8701
-8599
-10098
-9099
-5918
-4768
-5400
-3884
-1261
-722
-1138
47
2185
3118
3241
4342
5590
4893
3871
3950
3430
1759
666
1306
1351
1212
1993
2841
2952
3006
3373
3175
2519
1851
2267
2642
1993
1981
3178
4329
3847
3195
4060
4635
3378
2451
2844
2985
2573
3066
4231
4254
2950
1198
80
-758
-2509
-3870
-3173
-1949
-2270
-2529
-1507
-953
-1640
-2233
-2312
-3137
-4526
-6430
-8130
-8769
-9033
-9709
-9022
-6811
-5681
-5305
-4069
-2235
-1589
-1029
203
960
2234
3924
4614
4579
4699
4489
3825
2662
1558
897
746
798
613
1317
2034
1916
2155
3050
2912
1513
1729
2486
2136
1583
2363
3505
4012
4076
3746
3921
4123
3287
2443
2637
2935
2772
3386
4340
4083
3571
2536
383
-1197
-2006
-2709
-3072
-2106
-1334
-1541
-1360
-735
-1096
-1967
-2556
-3144
-4227
-6605
-8757
-8914
-8769
-10097
-9995
-7006
-5506
-5883
-4026
-1314
-1227
-978
1339
2386
2111
3585
5378
4514
3811
4507
3908
2515
1863
1165
325
764
1476
1437
1654
2214
2613
2862
2697
1794
1901
2682
2281
2006
2582
3031
3392
3622
3174
2875
3390
3191
2206
2300
2760
2758
3236
4144
3874
3012
2501
556
-1107
-1733
-2562
-2948
-2080
-1268
-1799
-1665
-787
-805
-1789
-2510
-2781
-3399
-5683
-8294
-8473
-8210
-9517
-9589
-7121
-5563
-6050
-4822
-1974
-1302
-1500
596
2461
2632
3263
4766
4951
3971
3857
3699
2888
1821
882
767
1069
619
534
1730
2068
1313
1687
2802
2088
1041
1943
2555
1973
2054
3120
3926
3835
3404
3639
3996
3253
2361
2786
3298
2533
2726
4143
4079
2969
2790
1915
-457
-1993
-2174
-2367
-2781
-2576
-1804
-1365
-1221
-1272
-1447
-1791
-2249
-3392
-5394
-7389
-8065
-8216
-9478
-9704
-7261
-5599
-6006
-5050
-2126
-1446
-2026
210
2303
1611
2235
4679
4987
3721
3793
4339
3158
1847
1315
553
542
805
1012
1357
1897
1818
2102
2680
1886
1037
1791
2726
2175
1990
2942
3581
3777
3727
3608
3577
3337
2642
2382
2373
2189
2620
3826
4328
3468
2890
2165
333
-1598
-2708
-3054
-2905
-2409
-2385
-2022
-1227
-899
-1288
-1841
-2438
-3447
-4873
-6996
-8540
-9013
-9042
-9073
-7820
-6121
-5350
-4152
-2538
-1505
-917
323
1483
1966
2956
3831
3943
4005
4055
3499
2541
2065
1700
1226
865
770
1211
1712
1709
1714
2081
2018
1532
1365
1448
1173
1150
1872
2655
3038
3305
3941
4136
3693
3068
2660
2530
2290
2309
2788
3336
3637
3938
3793
2066
-244
-1359
-1973
-2925
-3059
-2240
-1585
-1116
-707
-442
-581
-1029
-2050
-3323
-4422
-6705
-8775
-8583
-8281
-9373
-8785
-5858
-4463
-4992
-3818
-1433
-734
-694
666
2250
2714
3407
4527
4714
3628
2994
3402
2561
936
393
1063
1394
829
1330
2411
2284
1755
2205
2276
1119
880
1597
1897
1733
2152
3179
3772
3770
3549
3174
2810
2175
1566
1538
1504
1948
2985
3615
3712
3584
2946
1043
-1058
-1966
-2390
-2824
-2535
-1639
-940
-871
-761
-917
-1681
-2637
-3354
-4264
-6382
-8317
-8301
-8272
-9113
-8170
-5993
-4785
-4124
-2721
-1376
-932
134
1373
1428
2075
3470
4027
3434
2900
2941
2738
1786
876
936
890
501
965
1770
1665
1161
1740
2395
1657
678
983
1799
1798
1387
1753
2811
3251
3179
3319
3139
2716
2582
2522
2186
2019
2673
3703
3917
3750
3947
3577
1657
-511
-1454
-1867
-2269
-2133
-1183
-566
-466
-216
379
-168
-1742
-2938
-3451
-5401
-8052
-8699
-8509
-8856
-8356
-6705
-5318
-4484
-3554
-2363
-1391
-718
122
1233
1920
2588
3142
3614
3449
2668
2309
1662
537
151
237
105
61
882
1758
1930
1772
2054
2223
1644
1364
1461
1872
2132
2411
2896
3450
3661
3978
3870
3123
2739
2516
2421
2050
2318
3243
3491
3734
4175
3657
1922
39
-1465
-2439
-2597
-2718
-2211
-1120
-482
-361
-449
-812
-1893
-3031
-3736
-5917
-8324
-8307
-8415
-9434
-8975
-6678
-5326
-4897
-3489
-1996
-1214
-413
609
1135
2061
3095
3204
3427
3551
2687
1881
1631
1170
416
313
952
1189
1481
1840
1862
1987
1912
1897
1620
1386
1410
1874
2326
2000
2456
3619
3573
2937
3192
3378
2334
1944
2572
2536
2484
3583
4304
3915
3804
3547
1837
-164
-1375
-2301
-2624
-2454
-2143
-1557
-814
-666
-573
-380
-1265
-2515
-3197
-4678
-7189
-8533
-8122
-8298
-8756
-7184
-4987
-4440
-4019
-2391
-866
-640
-280
1323
2367
2300
2632
3686
3757
2451
1936
2220
1335
-55
240
1049
640
653
1604
2054
1560
1532
1907
1539
958
1031
1513
2001
2294
2587
3600
3957
3304
3226
3360
2683
1783
1849
2345
2435
2774
3669
4061
3806
3505
2492
665
-1309
-2538
-2529
-2302
-2341
-1815
-441
233
3
-423
-848
-1965
-3520
-4832
-6972
-8779
-8797
-8475
-8873
-8129
-5900
-4382
-3912
-2833
-1285
-612
-399
812
2046
2321
2578
3416
3838
2735
1441
1579
1581
352
-308
418
1170
980
1419
2195
1804
1451
2056
2014
673
434
1592
2481
2324
2272
3377
3999
3631
3116
3043
2832
2156
2039
2264
2087
2432
3759
4565
4222
3742
3035
1412
-710
-2051
-2382
-2243
-1884
-1015
-185
-43
-113
-492
-1108
-2333
-3615
-4698
-6512
-8263
-8347
-8183
-8842
-7958
-5530
-4321
-4418
-3217
-1179
-937
-899
466
1591
1973
2357
3007
3213
2548
1985
1960
1479
479
87
689
1010
1036
1568
2248
2011
1834
2050
1474
874
1130
1607
1622
1896
2803
3417
3577
3601
3494
3176
2518
2235
2023
1749
1919
2624
3444
3790
3705
3866
3347
1394
-564
-1772
-2423
-2548
-2024
-1290
-708
-121
423
257
-701
-1746
-2818
-4194
-6076
-7922
-8551
-8644
-8834
-8259
-6449
-4945
-4267
-3035
-1521
-942
-826
364
1362
1774
2482
3042
3254
3018
2320
1294
842
822
147
-109
733
1369
1236
1657
2195
1574
1121
1556
1202
560
958
1718
2339
2740
2983
3346
3890
3856
3371
2892
2341
2173
1976
2055
2203
2818
3857
3971
3902
3483
2010
126
-1189
-2378
-2680
-2046
-1125
-136
329
844
377
-420
-1195
-2621
-4292
-6041
-7692
-8375
-8277
-8544
-8300
-6714
-4769
-4297
-3959
-2237
-1042
-736
-86
989
1691
2241
3027
3038
2336
1738
1654
1204
300
-316
49
861
1065
1125
1665
2091
1727
1634
1620
1180
872
1162
1708
2084
2382
2769
3523
4026
3689
3121
3131
3055
2352
1856
2003
2387
2814
3450
3708
3485
3286
2470
565
-1172
-2022
-1916
-1703
-1618
-926
126
582
75
-494
-1158
-2321
-3723
-5212
-6945
-8220
-8386
-8381
-8433
-7475
-5692
-4348
-3864
-2801
-1355
-653
-66
765
1540
2086
2301
2653
2823
2265
1348
1272
1518
935
440
794
1391
1383
1300
1410
1178
1232
1297
937
806
1286
1795
2063
2458
2964
3321
3623
3682
3156
2860
2863
2480
2224
2254
2237
2378
3146
3368
3217
3073
2265
899
-509
-1505
-2276
-1748
-1074
-1083
-626
357
530
-357
-1147
-1718
-2864
-4432
-6495
-8018
-7833
-7683
-8468
-7828
-5632
-4295
-4300
-3289
-1298
-767
-648
511
1757
1761
1614
2369
2726
1994
1175
1242
1138
302
91
514
1040
1363
1391
1362
1704
1751
1239
1036
976
853
825
1590
2470
2337
2438
3489
3860
3365
3114
3368
3227
2505
2484
2713
2411
2520
3344
3665
3406
2732
1927
916
-717
-1977
-1903
-1225
-992
-530
349
738
126
-436
-1170
-2546
-3585
-5265
-7623
-8347
-8045
-8709
-8923
-6620
-4433
-4287
-3719
-1391
-504
-1157
-215
1353
1297
1122
2063
2505
1885
1175
1354
1372
885
284
175
830
1094
1084
1406
2028
2095
1898
1718
1267
1169
1331
1643
2054
2476
2814
3365
3807
3609
3246
3393
3313
2344
2112
2321
2188
2254
3039
3442
3180
2875
2252
1000
-709
-1942
-2169
-1611
-1161
-1175
-545
273
150
-569
-1305
-2235
-3312
-4523
-6691
-8295
-8016
-7768
-8444
-7579
-5079
-3912
-3933
-2501
-781
-642
-612
436
1355
1473
1676
2293
2368
1668
1161
1411
1188
532
254
520
1022
1089
1299
1393
1292
1239
1168
913
842
1005
1241
2078
2917
2906
2899
3734
3969
3000
2932
3527
2911
1994
2277
2554
2414
2714
3347
3522
3302
2923
1963
895
-537
-1868
-1938
-1105
-1071
-1110
206
1032
161
-849
-1188
-2319
-3955
-5620
-7658
-8680
-8199
-7849
-8201
-6813
-4182
-3162
-3405
-2048
-283
-540
-704
579
1341
1096
1519
2248
1843
930
1009
1422
694
158
273
789
1219
1023
1141
1198
1278
1157
1009
854
1061
1428
1734
2498
2963
3012
3384
4020
4107
3162
2880
3274
2649
1679
1586
2082
2531
2768
3068
3363
3190
2407
1109
-133
-997
-1297
-1270
-846
-575
-472
126
220
-473
-1418
-2055
-3140
-4487
-6251
-7944
-8381
-8257
-8308
-7579
-5572
-4190
-3710
-2261
-716
-714
-595
600
1078
865
1342
2101
1831
1316
1362
1478
1211
595
615
867
916
571
645
1187
797
603
1289
1493
803
1240
2310
2467
2468
3037
3651
3525
3634
3819
3517
3236
3007
2517
2174
1988
1940
2342
2806
2986
3073
3156
2357
857
-173
-893
-1417
-1359
-981
-989
-541
137
-373
-1141
-1439
-2105
-3635
-5094
-6539
-7968
-8659
-8471
-8036
-7025
-5529
-4107
-3109
-2026
-1247
-983
-605
269
654
764
1456
2083
2085
1853
1770
1550
1335
937
570
673
1164
1024
936
1472
1687
1398
1473
1894
1722
1641
2215
2646
2956
3246
3579
3822
4035
3812
3418
3006
2362
1983
1772
1679
1729
2292
2779
2764
2801
2484
1143
-137
-581
-1013
-1515
-1437
-610
-27
-166
-411
-548
-878
-1785
-3155
-4297
-5632
-7323
-8256
-7997
-7853
-7978
-6872
-4823
-3939
-3790
-2494
-1049
-664
-523
332
1348
1580
1363
1901
2220
1608
1156
1430
1485
665
466
1345
1484
902
1165
1317
1019
1162
1159
1086
1345
1872
2218
2738
3584
3704
3512
3905
4085
3330
3050
3080
2529
2073
2049
1980
2262
2858
3099
2975
2858
2434
1288
292
-797
-1685
-1250
-879
-1055
-653
257
16
-991
-1389
-2000
-3236
-4445
-5963
-7893
-8361
-7881
-8044
-7865
-6084
-4395
-3983
-3337
-1936
-1433
-1385
-377
601
591
784
1956
2258
1705
1665
2013
1515
904
986
1016
811
866
1490
1692
1228
1156
1690
2048
1712
1490
2436
3359
3053
2924
3604
4000
3764
3627
3768
3328
2856
2825
2518
1838
1718
2265
2484
2438
2601
2760
2095
723
-106
-641
-1306
-1559
-1047
-718
-887
-769
-709
-1212
-1965
-2678
-3578
-4571
-6090
-7733
-8276
-8145
-7880
-7565
-6370
-4350
-3479
-3189
-2127
-1122
-683
-540
-89
983
1517
1479
1698
2009
2039
1594
1391
1523
1216
822
1167
1116
932
1193
1107
1313
1688
1728
1845
2316
2797
2772
2901
3479
3563
3677
3945
3657
3178
2940
2829
2449
2123
1907
2048
2447
2649
2788
2942
2848
1999
931
91
-1003
-1556
-1202
-1026
-1139
-649
-174
-640
-1595
-1833
-2128
-3501
-4799
-6380
-7623
-8194
-8027
-7757
-7421
-5926
-4164
-3441
-3242
-2340
-1375
-1164
-1130
-155
706
907
1451
2409
2366
1660
1974
2018
1298
943
1097
1108
778
1244
1211
984
1622
1937
2018
1974
2304
2524
3008
3369
3102
3366
4116
4121
3585
3530
3229
2575
2466
2242
1593
1766
2698
2974
2828
2965
2919
1970
562
-439
-1171
-1319
-1377
-1124
-483
-223
-477
-597
-907
-2114
-3150
-3609
-4870
-7160
-8297
-8226
-8282
-8285
-7231
-5325
-4361
-3996
-2918
-1664
-1574
-1445
-182
755
688
1172
2440
2354
1436
1737
2350
1589
1055
1257
1165
865
859
1169
1166
1401
1662
1920
2327
2426
2559
3027
3486
3324
3224
3593
3640
3326
2957
2758
2586
2331
1966
1767
2021
2248
2333
2732
3027
2841
2317
1758
750
-632
-1187
-1171
-1390
-1174
-615
-408
-425
-732
-1393
-2245
-3373
-4460
-5300
-6405
-8065
-8254
-7305
-7406
-7754
-5957
-3891
-4082
-3700
-1937
-1319
-1347
-421
392
626
1474
2386
2309
2072
2242
2092
1714
1562
1218
1052
1388
1612
1292
1363
1652
1884
2020
2096
2341
2826
3319
3452
3561
3733
3592
3507
3708
3268
2631
2693
2821
2117
1768
2366
2621
2584
3036
3093
2764
2568
1831
348
-665
-1055
-1317
-1172
-1078
-1093
-968
-819
-1368
-1954
-2354
-3124
-4498
-5389
-6618
-7910
-8116
-7544
-7088
-6786
-5754
-4606
-3829
-3541
-3043
-2181
-1398
-767
122
978
1633
2172
2603
2565
2279
2121
2073
1544
1166
1295
1453
1273
1236
1536
1640
1593
1868
2386
2287
2367
3126
3571
3409
3281
3391
3618
3212
2594
2395
2227
2033
1855
1993
2221
2205
2495
3092
3100
2440
2185
1800
521
-936
-1380
-982
-1110
-1377
-634
-31
-394
-1008
-1369
-2292
-3628
-4377
-4893
-6358
-7665
-7949
-7541
-7371
-7554
-6333
-4347
-3686
-3950
-2632
-1070
-1237
-1339
260
1527
1074
1436
2739
2687
1717
1620
2081
1732
1324
1005
1462
1616
1169
1122
1433
1680
1723
2561
2832
2757
3236
3970
3747
3097
3554
3788
3179
2692
2695
2466
2285
2259
2086
2244
2376
2696
3002
3318
2983
2153
1720
746
-787
-1543
-1219
-1010
-1171
-916
-553
-708
-1401
-2059
-2445
-3285
-4305
-4699
-5734
-7628
-8009
-7293
-7493
-7933
-6624
-4722
-4435
-4213
-2859
-1815
-1336
-497
601
1509
2157
2372
2732
2985
2811
2317
2348
2405
1848
1422
1443
1670
1446
1349
1325
1516
2113
2313
2384
2805
3125
3200
3181
3085
2979
2809
2730
2534
2294
2176
2123
2088
2162
2123
2184
2631
2803
2522
2548
2324
1195
-32
-663
-1160
-1740
-1680
-1097
-801
-671
-550
-815
-1414
-2188
-2929
-3639
-4566
-5961
-7355
-7693
-7521
-7735
-8009
-6990
-5443
-4826
-4699
-3511
-1996
-1392
-1058
217
1234
1754
2390
2755
2606
2574
2568
2463
1911
1401
1320
1339
1486
1256
1254
1584
1953
2296
2754
2825
3042
3526
3885
3614
3268
3195
3034
2871
2576
2238
2228
2578
2703
2434
2538
2866
3089
3162
2942
2628
2405
1907
842
-389
-1237
-1462
-1401
-1408
-1370
-1026
-791
-856
-1493
-2382
-2751
-3162
-4079
-5172
-6337
-7271
-7703
-7940
-8069
-7779
-6712
-5202
-4410
-3836
-2928
-1573
-543
-143
718
1998
2554
2406
2832
3031
2453
2166
2445
2511
1592
1317
1795
1712
1328
1283
1765
2169
2483
2748
3049
3196
3099
3371
3168
2333
2051
2526
2426
1906
2109
2669
2682
2254
2419
2575
2389
2502
2595
2281
1926
1539
1066
442
-767
-1402
-1152
-966
-1235
-1374
-1010
-962
-1431
-1719
-2199
-3189
-3748
-4209
-4964
-6584
-8004
-7581
-7194
-8006
-7743
-5407
-3876
-4356
-3578
-1091
-384
-735
585
1990
1734
1683
2928
3237
2390
2139
2702
2479
1741
1423
996
1095
1377
1139
1028
1785
2742
2835
2851
3343
3222
2724
2596
2350
1826
1855
2408
2652
2599
2749
3071
2978
2799
2792
2654
2558
2595
2501
2341
2044
1482
802
71
-888
-1496
-1269
-1044
-1268
-1388
-873
-777
-1338
-1943
-2552
-3176
-4069
-4974
-6262
-7478
-7987
-7935
-7824
-7471
-6750
-5391
-4379
-3818
-2845
-1751
-807
-12
858
1580
2366
2945
3123
3111
2899
2648
2401
2153
1638
1141
1353
1597
1537
1815
2140
2196
2848
3272
2827
2362
2611
2844
2127
1803
2195
2720
2824
2833
3021
3229
3317
2939
2679
2428
2315
2244
2277
2326
2178
1860
1460
898
-388
-1338
-1433
-1187
-1326
-1442
-1016
-939
-1385
-1753
-2184
-3326
-4173
-4603
-5448
-6923
-7972
-7849
-7574
-7712
-7396
-6297
-4899
-3877
-3747
-2950
-1361
-433
90
1225
2422
2930
2992
3333
3344
2484
2177
2448
2041
1396
1348
1838
1895
1699
2093
2363
2480
2539
2805
2726
2177
2179
2523
2298
1630
1690
2474
2799
2677
2840
3409
3610
3155
2878
2730
2596
2375
2453
2523
2060
1530
1141
588
-337
-1377
-1487
-1309
-1641
-1850
-1467
-1402
-1878
-2140
-2564
-3207
-4104
-4835
-5586
-7045
-8024
-7971
-7365
-7249
-6732
-5562
-4550
-3843
-2969
-2116
-1381
-125
868
1403
2147
3209
3335
3018
3283
3294
2597
2034
2107
1840
1233
1294
1817
1948
1894
2231
2491
2607
2360
2051
2053
1828
1723
1940
2030
2220
2826
3265
3227
3101
3114
3000
2422
2086
2021
2114
2337
2483
2410
2398
2010
1005
43
-827
-1614
-1810
-1384
-1303
-1431
-1296
-1093
-1596
-2320
-3020
-3898
-4784
-5417
-6029
-7169
-7984
-7476
-6546
-6927
-6655
-4553
-3190
-3751
-3100
-904
-304
-308
1164
2731
2789
2862
3732
3617
2635
2396
2397
1963
1652
1750
1567
1630
2089
1923
1755
2022
2162
1958
1965
1889
1702
2062
2393
2107
2273
2944
3233
2952
2894
3069
2894
2648
2185
2026
1986
2278
2479
2466
2446
2279
1931
1001
-394
-1356
-1682
-1772
-2110
-2311
-1878
-1590
-1889
-2305
-2563
-3329
-4454
-5161
-5735
-7007
-7931
-7621
-7008
-6973
-6647
-5157
-3922
-3634
-3196
-2017
-833
-139
496
1605
2647
3043
3331
3498
3256
2700
2512
2506
1938
1648
1754
1859
1908
1818
1832
1900
2038
1967
1815
1872
1910
1911
2154
2427
2405
2662
3239
3441
3252
3189
3183
2911
2497
2213
2079
2088
2237
2286
2472
2439
2103
1524
648
-685
-1687
-1765
-1920
-2347
-2235
-1822
-2059
-2451
-2682
-3313
-4543
-4945
-5080
-5871
-7025
-7514
-6983
-6680
-6763
-6223
-4844
-3755
-3510
-2795
-1168
-478
-39
1273
2542
2753
2800
3660
4048
3181
2391
2616
2657
1652
1225
1530
1629
1342
1597
2070
1617
1465
1958
2067
1511
1460
2162
2483
2298
2446
2930
3110
3156
3148
3096
2981
2650
2413
2425
2219
2059
2489
2874
2887
2480
1994
1203
-40
-1214
-1900
-2061
-1993
-1855
-1695
-1663
-2001
-2464
-2859
-3778
-4826
-5181
-5574
-6895
-7801
-7291
-7212
-7362
-6425
-5317
-4759
-3951
-2754
-2211
-1541
-2
887
1194
2302
3226
3251
3192
3344
3076
2531
2290
2210
1987
1768
1710
1805
1739
1647
1664
1737
1605
1510
2080
2151
1962
2397
2959
2774
2735
3422
3718
3225
3016
3426
3195
2542
2202
2229
2373
2349
2362
2811
2957
2023
975
359
-675
-2086
-2456
-1933
-2156
-2322
-1877
-1759
-2280
-2860
-3320
-4077
-5045
-5880
-6366
-7112
-7862
-7715
-6772
-6351
-6334
-4858
-2944
-2948
-2859
-973
459
469
1004
2674
3519
2999
3209
3856
3371
2534
2335
2316
1966
1448
1381
1770
1641
1313
1612
1937
1837
1628
1918
2150
1857
2061
2479
2267
2483
3024
3223
3124
3000
3144
3043
2622
2153
2081
2167
2330
2299
2559
2926
2352
1372
536
-581
-1846
-2505
-2393
-2381
-2471
-2155
-1851
-2035
-2477
-2968
-3511
-4084
-4913
-5852
-6773
-7402
-7640
-7407
-6785
-5987
-4919
-3793
-3079
-2413
-1684
-869
322
1401
1818
2563
3593
3791
3401
3343
3267
2530
2077
1943
1396
1063
1316
1356
1348
1530
1934
1946
1777
1740
1717
1584
1767
2255
2358
2726
3227
3405
3480
3410
3177
2908
2918
2812
2208
2085
2406
2455
2416
2622
2440
1735
892
-365
-1605
-2223
-2583
-2641
-2382
-1945
-1708
-1796
-1939
-2443
-3237
-4093
-4961
-5796
-6388
-7028
-7678
-7486
-6864
-6395
-5726
-4665
-3565
-2937
-2275
-1061
-95
1055
2395
2964
3499
4258
4115
3510
3101
2740
2307
1729
1456
1393
1336
1349
1372
1422
1692
1649
1594
1857
1716
1709
1961
2302
2467
2754
3083
3140
3307
3360
3113
2613
2703
2688
2333
2177
2308
2435
2563
2516
2285
1825
966
-208
-1478
-2214
-2610
-2714
-2466
-2330
-2380
-2231
-2343
-2792
-3231
-3711
-4524
-5012
-5605
-6839
-7591
-6926
-6381
-6954
-6247
-4315
-3769
-3886
-2687
-1268
-706
191
1693
2757
3362
3869
4037
3962
3507
2637
2209
2317
1796
1011
1583
1867
1432
1483
1800
1775
1853
2081
1952
1913
2082
2311
2363
2750
2990
2963
3326
3535
3056
2740
2936
2642
2222
2181
2214
2190
2239
2357
2207
1941
1273
236
-612
-1514
-2521
-2636
-2091
-2275
-2247
-1511
-1169
-2196
-2761
-2763
-3681
-4935
-5679
-5989
-7046
-7799
-7477
-6520
-6159
-5875
-4486
-3287
-2923
-2392
-819
352
847
1857
3159
3666
3469
3586
3567
2975
2163
1891
1940
1553
1152
1275
1920
1711
1249
1690
1933
1589
1421
1873
1963
1963
2201
2877
2865
2669
3263
3613
3421
2964
3011
3097
2612
2222
2335
2377
2167
2228
2231
2070
1300
529
-32
-1217
-2320
-2538
-2282
-2566
-2398
-1967
-1812
-2119
-2459
-2710
-3654
-4618
-5256
-5825
-6588
-7388
-7437
-6810
-6626
-6386
-5341
-4132
-3397
-2811
-1816
-355
765
1517
2474
3757
3943
3629
3905
3787
2680
2007
2304
2093
1631
1446
1757
1851
1705
1876
1900
1768
1674
1762
1857
1863
2033
2489
2936
2936
3044
3364
3568
3288
2981
2911
2691
2424
2456
2364
2038
2156
2213
1990
1678
1154
341
-526
-1448
-2315
-2661
-2517
-2296
-2295
-2139
-2022
-2073
-2350
-3169
-3931
-4187
-5169
-6182
-6744
-7164
-7340
-6841
-6403
-6084
-4790
-3559
-3316
-2738
-908
173
476
1698
2881
3159
3236
3336
3228
2852
2358
2094
2171
2029
1508
1351
1889
1826
1290
1668
1960
1583
1472
1812
1848
1733
2262
2749
2715
2928
3425
3438
3472
3318
2834
2774
2742
2284
2090
2287
2260
1893
1838
1838
1344
968
333
-525
-1237
-1754
-1990
-2066
-1958
-2191
-2212
-2237
-2696
-3259
-3608
-4024
-4697
-5192
-6199
-7204
-7468
-6842
-6794
-6734
-5532
-4070
-3332
-2541
-1261
-58
908
1647
2492
3283
3510
3134
3043
3244
2718
2060
2243
2348
1670
1296
1811
1514
1070
1392
1594
1533
1733
2072
2028
2116
2435
2727
2872
3080
3090
2885
2990
2836
2512
2245
2361
2340
2056
1810
1750
1901
1616
1672
1771
1270
590
-46
-1023
-2154
-2530
-2268
-2270
-2227
-1786
-1607
-1938
-2247
-2894
-3791
-4546
-4837
-5422
-6696
-7308
-6673
-6610
-7144
-6268
-4509
-3718
-3398
-1848
-148
337
854
2473
3352
3126
3166
3948
3768
2555
2141
2533
2242
1277
1270
1673
1602
1182
1432
1790
1523
1636
2019
1937
1835
2086
2443
2570
2488
2612
2877
3059
2989
2843
2674
2612
2452
2274
2156
1915
1881
2052
2024
1691
1309
908
203
-764
-1596
-2181
-2235
-2134
-2144
-1946
-1861
-2033
-2465
-2638
-3178
-4017
-4830
-5176
-5900
-7122
-7461
-6893
-6453
-6393
-5551
-4008
-3193
-2898
-1839
-395
521
1049
2089
3415
3670
3224
3694
3816
2928
2086
2177
2175
1593
1214
1618
1661
1246
1631
1810
1551
1583
1957
2140
1832
1859
2461
2848
2617
2679
3333
3570
3125
2834
3019
2606
2014
1959
2036
1783
1762
2041
2220
1866
1177
650
-97
-1317
-2519
-2656
-2391
-2316
-2192
-1650
-1450
-1818
-2228
-2752
-3480
-4356
-5195
-6227
-6961
-7232
-7319
-6946
-6229
-5699
-5025
-3813
-3041
-2455
-1234
109
771
1594
2821
3383
3523
3773
3611
3189
2940
2487
1968
1842
1755
1496
1415
1643
1763
1542
1664
1912
1904
1870
1879
1943
2341
2571
2439
2523
2951
3115
2706
2789
2941
2491
2161
2129
1938
1869
2077
2114
2202
2359
1890
1073
455
-373
-1711
-2510
-2298
-2132
-2305
-2118
-1816
-1701
-2125
-2841
-3519
-4088
-4571
-5639
-6633
-7282
-7624
-7355
-6653
-5875
-5254
-4268
-2922
-2094
-1825
-969
612
1703
2168
2914
3806
4143
3736
3323
3067
2471
2103
1953
1761
1529
1594
1979
2155
1914
1752
2061
2207
1901
1749
1958
2164
2247
2611
3004
2962
2941
3156
3113
2444
1997
2210
2195
1766
1354
1713
2153
1883
1618
1511
903
170
-582
-1462
-2383
-2750
-2320
-2209
-2363
-2292
-1987
-2123
-2557
-3072
-3700
-4381
-4803
-5329
-6662
-7312
-6880
-6461
-6376
-5784
-4414
-3366
-2843
-1782
-454
244
945
2217
3011
3136
3479
4023
3628
2894
2688
2645
2149
1491
1494
1560
1308
1040
1621
2078
1436
1279
2173
2461
1584
1511
2550
2773
2107
2396
3396
3194
2784
3048
3137
2577
2083
2256
2311
1823
1616
2022
2225
1881
1452
1151
409
-857
-1892
-2270
-2494
-2603
-2287
-1922
-1908
-2219
-2058
-2312
-3492
-4475
-4953
-5260
-6468
-7649
-7198
-6431
-6775
-6439
-4771
-3896
-3798
-2755
-1108
-598
139
1727
2500
3002
3739
4063
3882
3695
3275
2515
2227
2212
1647
1292
1877
1910
1516
1943
2242
1879
1748
2014
1941
1754
2192
2560
2517
2627
2868
2854
3120
3021
2444
2401
2500
2111
1751
1850
2036
2069
2203
2181
1734
1157
509
-440
-1464
-2338
-2552
-2264
-2391
-2421
-1971
-1999
-2341
-2595
-3171
-4131
-4940
-5119
-5749
-7112
-7306
-6443
-6246
-6299
-5478
-4064
-3370
-2854
-1694
-681
195
1327
2441
2997
3396
3817
3955
3598
2812
2443
2396
2042
1433
1297
1608
1480
1260
1663
1939
1506
1538
1993
1759
1367
1534
1978
2153
2187
2259
2736
2972
2713
2441
2401
2393
2043
2063
2231
2103
2145
2401
2361
1871
1286
740
-75
-1282
-1930
-2102
-2295
-2196
-1813
-1677
-1903
-2051
-2211
-2935
-3949
-4477
-4997
-5704
-6575
-6986
-6688
-6416
-6179
-5501
-4503
-3752
-3060
-2160
-1058
8
1060
2075
2966
3714
3878
3820
3884
3331
2587
2383
2256
1703
1469
1653
1817
1633
1577
1704
1388
1393
1554
1415
1432
1805
2000
1995
2409
2661
2744
2775
2692
2449
2293
2412
2193
2142
2320
2293
2278
2472
2326
2092
1766
887
-225
-995
-1577
-2334
-2366
-2046
-2162
-2093
-1935
-2276
-2839
-3204
-3803
-4348
-5147
-6037
-6652
-6885
-7127
-7107
-6203
-5343
-4577
-3474
-2937
-2549
-1045
-13
118
1430
3087
3313
3377
4296
4195
3031
3010
3122
2092
1676
2005
1537
1373
1645
1488
1363
1666
1910
1648
1409
1751
1867
1732
1872
1893
2245
2800
2715
2607
2868
2717
2368
2171
2216
2051
2045
2400
2430
2359
2442
2002
1099
213
-1091
-1939
-2062
-2468
-2735
-2235
-1793
-2157
-2383
-2353
-3153
-4106
-4576
-5066
-5713
-6501
-7052
-6819
-6278
-6248
-6029
-4631
-3413
-3487
-2765
-1267
-332
333
1542
2788
3320
4008
4387
4023
3615
3357
2821
2250
2271
1983
1397
1607
1947
1731
1558
1736
1756
1772
1778
1370
1356
1899
1967
1680
2046
2507
2361
2305
2405
2163
2065
2203
2148
2273
2469
2381
2529
2853
2465
1833
1512
814
-625
-1516
-1761
-2260
-2480
-2253
-2212
-2245
-2120
-2648
-3297
-3495
-4114
-5246
-5563
-5667
-6675
-7257
-6631
-5895
-5973
-5452
-4046
-3012
-2720
-2071
-598
629
1177
2055
3419
3994
3954
4053
4014
3492
2802
2457
2215
1892
1708
1535
1696
1740
1669
1555
1652
1745
1557
1504
1393
1261
1421
1606
1671
2095
2489
2357
2288
2577
2477
2158
2379
2637
2450
2512
2644
2506
2219
1880
1328
686
-234
-1233
-1658
-1818
-2283
-2490
-1971
-1733
-2268
-2719
-2625
-3246
-4204
-4754
-5270
-5799
-6661
-7178
-6890
-6323
-6240
-5692
-4065
-2811
-2617
-1780
-97
689
914
1868
3080
3643
3544
3709
4122
3738
2771
2414
2642
2142
1304
1255
1911
1629
1125
1577
1912
1663
1298
1639
1649
1280
1241
1670
1831
1782
1976
2371
2672
2443
2281
2466
2258
1932
2087
2267
2212
2302
2526
2339
1617
866
38
-888
-1655
-2337
-2374
-2013
-2046
-2347
-2405
-2508
-3011
-3576
-4251
-4741
-5329
-6010
-6870
-7134
-6416
-6257
-6099
-5053
-3683
-3162
-2773
-1641
-503
107
1117
2374
3130
3650
4049
4215
3882
3351
2974
2601
2045
1613
1724
1810
1357
1324
1839
1758
1028
1383
2044
1509
1044
1524
1886
1367
1455
2162
2310
2317
2584
2891
2791
2571
2445
2637
2728
2481
2543
2813
2722
2025
1554
863
-313
-1240
-1495
-1816
-2104
-2044
-1795
-1573
-2022
-2670
-2863
-3093
-4122
-5196
-5490
-5995
-7054
-7050
-6531
-6344
-5947
-5000
-4044
-3629
-3094
-2068
-1120
-229
721
1687
2693
3422
3571
3736
3788
3398
2981
2699
2309
1810
1772
1819
1705
1431
1489
1653
1496
1481
1409
1419
1424
1525
1662
1797
1878
1979
2240
2344
2469
2592
2714
2742
2553
2558
2702
2703
2682
2622
2445
2119
1644
709
-290
-1158
-1723
-2083
-2241
-2152
-2068
-2091
-2413
-2517
-2960
-3809
-4502
-4780
-5322
-6420
-7036
-6749
-6444
-6295
-5945
-4823
-3503
-3112
-3111
-1837
-469
-490
22
1956
2861
2423
3295
4545
3889
2964
3362
3462
2531
2070
2372
2301
1806
1816
2091
1829
1357
1381
1714
1460
897
1184
1726
1387
1044
1681
2390
2361
2302
2795
2969
2608
2426
2612
2611
2313
2479
2905
2844
1942
1372
1064
31
-1585
-2281
-1854
-2124
-2573
-2021
-1457
-2047
-2815
-2783
-3429
-4820
-5435
-5392
-5961
-6961
-6813
-6062
-5844
-5643
-4933
-4005
-3255
-2831
-2032
-829
70
733
1759
3059
3246
3281
3968
4336
3475
2765
3182
3025
2145
1945
2317
2142
1677
1708
1773
1280
1107
1240
1361
1318
1275
1501
1777
1944
1761
1942
2366
2513
2413
2500
2891
2767
2628
2881
2887
2441
2349
2360
1766
1009
427
-472
-1479
-1841
-1841
-2171
-2385
-2165
-2234
-2702
-3225
-3809
-4369
-4768
-5252
-5909
-6517
-6649
-6924
-6753
-6160
-5461
-4583
-3553
-2829
-2415
-1501
-547
-50
786
1750
2460
2998
3678
3805
3423
3421
3444
3067
2545
2433
2484
2267
1940
1946
1804
1484
1531
1660
1646
1467
1590
1964
1874
1674
1690
2000
2135
2271
2437
2467
2776
2864
2751
2678
2802
2932
2814
2684
2368
1810
1105
251
-753
-1286
-1547
-1749
-1833
-1746
-1822
-2263
-2572
-3118
-3645
-4293
-5101
-5553
-6017
-6486
-6794
-6748
-6343
-5897
-5387
-4467
-3507
-3095
-2363
-1374
-472
-92
581
1836
2602
2680
3205
3789
3538
3153
3136
3296
2818
2299
2421
2415
1859
1508
1622
1765
1427
1273
1514
1711
1600
1568
1739
1761
1674
1552
1966
2139
2099
2372
2748
2840
2858
2957
3119
3055
2723
2539
1994
1378
508
-409
-987
-1465
-1806
-2000
-1875
-1742
-2027
-2584
-2917
-3179
-3867
-4723
-5145
-5133
-5688
-6511
-6499
-5997
-5950
-6101
-5129
-3903
-3643
-3538
-2140
-909
-802
-375
950
1878
1936
2320
3138
3643
3307
3158
3509
3256
2788
2554
2588
2271
2008
2289
2116
1813
1638
1949
1759
1510
1705
1733
1686
1556
1715
1802
1919
2070
2309
2593
2580
2762
2966
3197
3379
3217
3072
2814
2066
1050
119
-538
-1033
-1365
-1518
-1563
-1653
-1616
-1957
-2610
-3173
-3457
-4055
-5157
-5563
-5531
-6081
-7112
-6719
-5878
-6225
-6306
-4715
-3592
-3824
-3365
-1499
-684
-942
-10
1527
1828
1853
2643
3295
3239
3025
3400
3402
3006
3068
3026
2832
2599
2236
2120
2066
1989
1755
1799
1960
2017
2040
2113
2014
1796
1928
2087
1973
1976
2341
2611
2561
2532
2886
3053
2898
2720
2606
2198
1552
834
157
-707
-1381
-1397
-1170
-1636
-1948
-1849
-2191
-2900
-3465
-3882
-4677
-5321
-5447
-5649
-6505
-6946
-6178
-5805
-6145
-5839
-4354
-3559
-3746
-2880
-1386
-979
-572
739
1456
1824
2372
2999
3041
2952
3104
3234
3418
3370
3083
3048
3141
2588
1917
1909
1625
1296
1403
1685
1626
1626
2223
2373
1846
1711
1967
1942
1841
1976
2120
2423
2679
2654
2630
2958
3021
2684
2339
1924
1137
171
-436
-929
-1423
-1478
-1082
-928
-1293
-1658
-1995
-2551
-3470
-4278
-4697
-5171
-5477
-5838
-6514
-6682
-6125
-5830
-5949
-5275
-3907
-3326
-3072
-2046
-856
-437
13
1063
1785
1817
2104
2716
2746
2417
2758
3242
3193
3022
3027
3195
2944
2511
2153
1775
1477
1452
1653
1760
1795
1958
2428
2308
1684
1654
1828
1821
1563
1835
2222
2295
2433
2714
2614
2591
2858
2685
2358
1774
1111
409
-415
-1133
-1436
-1189
-1191
-1092
-1186
-1572
-2176
-2864
-3271
-4086
-5037
-5607
-5644
-5674
-6313
-6637
-6249
-5696
-5584
-5041
-4030
-3428
-2687
-1715
-1115
-577
422
1044
1122
1625
2285
2232
2235
2722
2762
2518
2847
3192
3106
2906
2688
2382
2312
1924
1386
1521
1972
1903
1666
2254
2375
1910
1844
2015
1721
1519
1989
2065
1961
2267
2551
2639
2597
2710
2639
2447
2163
1652
1160
300
-664
-926
-901
-1357
-1510
-996
-980
-1768
-2418
-2669
-3553
-4455
-4794
-5072
-5539
-5887
-6044
-6238
-6312
-6029
-5394
-4794
-4177
-3286
-2463
-1811
-1213
-488
208
575
1244
1887
2221
2233
2625
2970
3110
3131
3207
3419
3206
3024
2785
2538
2312
2030
1855
1802
1962
1978
2066
2263
2292
2085
2047
2132
1871
1976
2170
2109
1982
2118
2232
2158
2271
2347
2347
2208
1862
1388
853
8
-745
-1021
-1208
-1427
-1350
-1217
-1464
-1879
-2316
-2935
-3624
-4121
-4794
-5284
-5497
-6123
-6893
-6565
-5948
-6159
-5785
-4520
-3556
-3333
-2664
-1636
-971
-536
138
732
1379
1894
1993
2412
2710
2641
2725
3151
3229
2961
3023
3090
2654
2232
2229
2009
1939
2179
2205
2127
2125
2213
2088
1945
1799
1811
1816
1887
1858
1836
2087
2090
2278
2508
2473
2448
2492
2369
1838
1322
845
91
-600
-899
-1080
-1227
-1075
-1106
-1365
-1662
-2191
-2812
-3346
-4015
-4500
-4910
-5313
-5652
-5839
-6174
-6259
-5819
-5303
-4887
-4066
-3107
-2515
-1833
-870
-75
327
775
1343
1870
2206
2263
2370
2883
3064
2977
2948
3214
3025
2637
2479
2314
2154
1627
1655
1992
1975
1970
2278
2714
2503
2121
2245
2168
1610
1509
1761
1566
1685
2039
2238
2203
2150
2233
2222
1940
1495
1257
928
199
-637
-964
-1047
-1229
-1414
-1364
-1457
-1996
-2442
-2848
-3527
-4298
-4755
-4957
-5305
-5966
-6474
-6257
-5984
-6036
-5719
-4398
-3256
-3148
-2564
-1060
-261
-505
199
1588
1791
1431
2072
3004
2724
2208
2726
3222
2923
2504
2715
2858
2259
1918
2094
1948
1690
1858
2240
2258
2031
2176
2470
2150
1697
1673
1792
1643
1312
1458
1628
1515
1431
1789
1982
1816
1896
1995
1911
1606
1126
528
-72
-712
-1231
-1176
-919
-1167
-1480
-1326
-1603
-2491
-3213
-3533
-4306
-5037
-5253
-5728
-6192
-6246
-5822
-5521
-5056
-4293
-3403
-2765
-2194
-1576
-763
-97
415
881
1509
1983
2068
2276
2422
2565
2361
2299
2597
2519
2149
2232
2379
2303
1869
1807
2113
2060
1938
2067
2393
2439
2424
2547
2374
2078
1950
1981
1720
1462
1612
1786
1996
2088
2142
2107
2032
1927
1651
1325
891
350
-171
-588
-844
-1106
-1145
-1067
-1366
-1729
-2066
-2481
-3180
-3922
-4463
-5054
-5533
-5784
-6253
-6470
-5893
-5494
-5440
-4548
-3269
-2971
-2996
-1691
-431
-635
-465
896
1692
1459
1752
2463
2539
2197
2536
2791
2599
2501
2637
2593
2438
2289
2037
2126
2169
1995
2053
2372
2442
2276
2384
2405
2012
1870
1897
1711
1357
1363
1703
1692
1592
1738
2083
1967
1721
1852
1726
1304
771
262
-294
-885
-1163
-1296
-1379
-1390
-1381
-1419
-1661
-2205
-3006
-3683
-4049
-4590
-5328
-5697
-5837
-5776
-5633
-5346
-4804
-4064
-3542
-2898
-2222
-1557
-975
-284
426
903
1411
2018
2359
2334
2521
2571
2342
2275
2483
2322
2266
2326
2186
2169
1972
1895
1805
1933
2120
1867
2022
2295
2290
2128
2149
2093
1795
1618
1627
1502
1504
1558
1560
1644
1648
1595
1526
1549
1390
1083
899
429
-155
-587
-931
-1101
-1204
-1021
-1010
-1159
-1366
-1926
-2724
-3340
-3899
-4684
-5078
-5332
-5695
-5688
-5406
-5155
-4885
-4117
-3251
-2876
-2401
-1424
-737
-477
236
1112
1545
1791
2221
2582
2485
2331
2365
2379
2245
2087
2092
2183
2242
2021
1863
1845
1745
1587
1638
1689
1755
1974
2184
2067
1924
1974
1787
1471
1318
1388
1359
1323
1398
1635
1799
1739
1616
1706
1570
1114
737
324
-261
-801
-922
-1047
-1082
-997
-1097
-1286
-1728
-2332
-2890
-3277
-4124
-4742
-4928
-5229
-5750
-5827
-5266
-5004
-4899
-4234
-3141
-2611
-2426
-1481
-514
-226
194
1075
1668
1692
2037
2460
2339
2098
2294
2457
2313
2263
2431
2482
2261
2159
2148
2041
1935
1882
1945
2050
2018
2022
2186
2142
1846
1658
1678
1509
1223
1253
1481
1538
1403
1712
1857
1649
1566
1715
1612
1036
683
369
-290
-834
-1038
-1066
-954
-964
-1243
-1349
-1522
-2213
-2795
-3147
-3804
-4623
-4902
-4897
-5409
-5645
-5055
-4529
-4597
-4090
-2954
-2432
-2393
-1682
-557
-166
43
1018
1709
1535
1782
2454
2351
1886
2021
2282
2076
2063
2385
2480
2296
2199
2263
2000
1849
1777
1830
1914
1798
1857
2019
1985
1721
1497
1566
1502
1169
994
1292
1270
1144
1476
1798
1688
1516
1697
1640
1143
793
367
-133
-547
-862
-996
-937
-980
-1083
-1325
-1669
-2133
-2815
-3376
-3907
-4441
-4934
-5224
-5222
-5230
-5204
-4953
-4249
-3715
-3314
-2723
-2146
-1456
-872
-307
246
759
1301
1745
2033
1955
2144
2321
2072
1909
2095
2251
2080
2078
2331
2232
2015
2163
2128
1850
1786
1963
2086
1978
2032
1943
1867
1722
1531
1323
1265
1375
1220
1422
1613
1581
1752
1927
1735
1508
1475
1065
440
-53
-420
-794
-902
-873
-1121
-1137
-1071
-1477
-2026
-2292
-2863
-3625
-4000
-4203
-4666
-5344
-5479
-5144
-5015
-4920
-4475
-3551
-2953
-2775
-2089
-1059
-486
-223
503
1242
1546
1710
2160
2283
2098
2066
2365
2417
2167
2242
2460
2459
2173
2253
2366
2039
1991
2138
2215
2044
2086
2337
2115
1839
1575
1540
1391
1191
1230
1316
1539
1510
1377
1513
1584
1257
1253
1515
1286
808
719
413
-289
-710
-783
-974
-1301
-1288
-1505
-1866
-2026
-2549
-3078
-3373
-3887
-4373
-4506
-4690
-5296
-5481
-4832
-4594
-4605
-3759
-2702
-2604
-2274
-1070
-606
-582
153
1030
1165
1231
1880
2187
1887
1982
2233
2204
2105
2116
2193
2163
2198
2342
2356
2265
2203
2174
2153
2141
2036
1945
1914
1695
1501
1424
1264
1282
1392
1472
1526
1578
1791
1738
1610
1677
1688
1555
1296
1111
905
375
-307
-498
-702
-1044
-1035
-996
-1242
-1580
-1812
-2356
-3017
-3495
-3829
-4303
-4571
-4804
-5197
-5443
-5181
-4702
-4458
-4139
-3248
-2334
-2072
-1676
-691
-43
70
559
1335
1676
1595
1941
2361
2110
1886
2133
2410
2173
1987
2263
2383
2216
2098
2218
2291
2146
2127
2144
2072
1891
1743
1765
1761
1321
1304
1636
1595
1385
1520
1727
1479
1480
1714
1658
1437
1483
1426
982
550
94
-424
-749
-918
-1049
-1085
-1136
-1245
-1603
-1947
-2438
-3085
-3478
-3885
-4329
-4656
-4539
-4541
-4904
-4760
-4073
-3828
-3819
-2977
-2091
-2019
-1625
-578
-5
215
747
1509
1745
1659
1931
2134
2076
1965
1952
2181
2146
2055
2132
2156
2058
1981
2031
2007
1899
1917
2013
2016
1872
1725
1605
1527
1376
1184
1380
1453
1406
1456
1578
1572
1499
1710
1690
1422
1238
1052
680
219
-208
-524
-666
-848
-1035
-1017
-1045
-1368
-1732
-2023
-2526
-3135
-3539
-3837
-4341
-4576
-4605
-4846
-4834
-4620
-4343
-4215
-3664
-2863
-2474
-2139
-1318
-522
-200
233
1052
1600
1685
1852
2257
2343
2076
2079
2332
2307
2231
2425
2499
2427
2345
2373
2373
2209
2130
2192
2134
1970
1948
1737
1477
1302
1271
1223
1277
1442
1390
1527
1697
1537
1429
1537
1505
1236
1251
1275
825
333
27
-330
-786
-879
-966
-1095
-1323
-1484
-1726
-2108
-2501
-2885
-3125
-3626
-3997
-4195
-4353
-4578
-4708
-4443
-4111
-3873
-3393
-2825
-2407
-1988
-1428
-793
-472
-133
380
893
1058
1278
1602
1772
1865
1900
1967
2066
2008
1980
2018
1991
1930
1966
2170
2158
2066
2064
2016
1952
1695
1577
1449
1331
1375
1405
1436
1526
1787
1915
1838
1777
1856
1756
1585
1461
1443
1309
1050
612
247
-56
-401
-629
-822
-956
-1165
-1473
-1769
-2122
-2661
-3173
-3542
-3807
-4077
-4264
-4162
-4091
-4279
-4285
-3975
-3553
-3314
-2952
-2284
-1786
-1393
-894
-262
115
331
720
1155
1363
1389
1661
1861
1891
1834
2045
2053
1982
2034
1995
2003
1993
1966
1975
1964
1936
1853
1757
1697
1600
1443
1372
1397
1456
1626
1810
1888
1793
1807
1728
1767
1727
1639
1477
1300
1190
887
558
202
-87
-243
-440
-750
-1036
-1266
-1644
-1955
-2244
-2650
-3088
-3437
-3721
-4105
-4283
-4251
-4373
-4464
-4238
-3825
-3645
-3236
-2650
-2257
-1921
-1447
-789
-501
-306
406
780
784
1075
1472
1508
1511
1785
1861
1803
1900
2107
2091
2047
2230
2209
2316
2437
2455
2514
2593
2635
2467
2506
2507
2444
2479
2786
2963
3088
3221
2822
1959
1427
875
94
-418
-541
-587
-768
-866
-960
-1148
-1513
-1885
-2104
-2363
-2676
-2940
-2983
-3100
-3295
-3293
-3386
-3519
-3695
-3837
-3874
-3866
-3786
-3500
-3162
-2662
-2156
-1490
-1091
-992
-685
-312
-201
-89
350
957
1303
1699
2348
2700
2934
2984
3112
3003
2878
2903
2871
3002
2887
2857
3002
2998
2862
2678
2745
2574
2345
2444
2570
2542
2587
2461
1870
1164
750
244
-329
-600
-714
-808
-930
-1029
-1251
-1505
-1833
-2217
-2437
-2613
-2825
-2843
-2871
-2927
-3044
-3010
-2987
-3306
-3440
-3399
-3447
-3506
-3261
-2740
-2464
-2185
-1713
-1380
-1367
-1219
-808
-672
-605
-280
87
261
458
789
1172
1491
1843
2156
2422
2694
2949
3070
3221
3318
3297
3317
3289
3126
2978
2843
2761
2852
2859
2961
3112
3133
2976
2448
1641
1086
588
14
-392
-323
-317
-657
-715
-846
-1422
-1942
-2165
-2428
-2762
-2875
-2842
-2828
-2779
-2589
-2539
-2707
-2628
-2685
-2837
-2968
-2912
-2749
-2587
-2307
-1903
-1552
-1215
-1060
-1037
-920
-883
-916
-795
-405
-198
32
500
794
848
947
1237
1339
1320
1585
1900
2186
2482
2826
3023
3172
3301
3277
3158
3018
2895
2657
2682
2695
2661
2726
2611
2213
1619
1168
483
-61
-314
-472
-519
-498
-521
-706
-1069
-1424
-1811
-2095
-2359
-2524
-2461
-2384
-2426
-2531
-2369
-2324
-2320
-2282
-2326
-2370
-2184
-2088
-2076
-1950
-1626
-1324
-1230
-1040
-899
-869
-792
-703
-656
-412
-183
-100
94
302
421
584
850
955
890
1013
1283
1385
1512
1899
2197
2371
2595
2918
2993
2881
2894
2924
2837
2752
2883
2983
2989
2608
2139
1811
1276
578
158
2
-276
-471
-518
-660
-875
-1295
-1524
-1614
-1906
-2260
-2237
-2105
-2359
-2496
-2258
-2286
-2487
-2382
-2380
-2475
-2398
-2086
-1994
-1913
-1577
-1320
-1171
-963
-825
-684
-650
-617
-544
-472
-411
-339
-110
-15
3
121
264
301
344
563
668
789
1002
1218
1444
1573
1759
2023
2078
2150
2308
2461
2583
2729
2880
3043
3145
2980
2686
2298
1938
1467
1047
776
592
448
235
6
-368
-821
-1214
-1608
-1846
-2087
-2219
-2175
-2208
-2229
-2217
-2118
-2060
-2146
-2159
-2215
-2221
-2049
-1818
-1694
-1558
-1233
-964
-874
-817
-609
-610
-764
-556
-326
-332
-253
84
206
62
109
245
214
146
232
409
563
706
929
1183
1254
1267
1495
1543
1406
1396
1502
1704
1878
2111
2535
2916
3049
3004
2817
2304
1767
1385
969
635
642
630
469
364
345
-83
-576
-923
-1419
-1836
-2083
-2255
-2298
-2102
-1961
-1893
-1764
-1674
-1767
-1872
-1931
-2018
-1891
-1659
-1440
-1167
-810
-590
-573
-515
-579
-669
-713
-575
-474
-284
-156
-71
72
63
-55
-80
-65
-89
-111
-144
78
312
420
571
834
946
1002
1010
958
963
953
1158
1464
1742
2113
2523
2813
2773
2519
2205
1788
1457
1157
902
864
872
708
585
496
186
-244
-512
-899
-1241
-1426
-1479
-1500
-1503
-1504
-1600
-1631
-1640
-1796
-1952
-1867
-1727
-1646
-1528
-1266
-1130
-1125
-1010
-939
-947
-911
-743
-576
-491
-306
-94
42
22
24
-50
-64
-100
-180
-90
61
174
365
577
673
720
814
933
942
931
1059
1220
1262
1357
1543
1763
1908
2108
2310
2155
1949
1819
1593
1317
1082
993
859
820
741
539
413
59
-393
-735
-997
-1270
-1462
-1541
-1645
-1698
-1659
-1657
-1804
-1831
-1853
-1810
-1727
-1573
-1366
-1226
-1099
-926
-822
-865
-766
-671
-663
-590
-376
-243
-74
143
247
241
295
359
341
268
404
441
491
666
639
684
735
749
679
648
611
593
610
764
894
1029
1188
1298
1419
1495
1556
1480
1344
1105
898
805
663
589
602
506
426
263
-2
-272
-581
-782
-963
-1107
-1249
-1345
-1355
-1301
-1299
-1482
-1486
-1516
-1599
-1543
-1447
-1238
-1083
-848
-679
-565
-493
-444
-479
-507
-479
-405
-257
-149
-18
141
276
403
378
413
440
449
501
557
709
757
723
690
709
642
574
520
592
653
676
824
958
1020
1134
1200
1203
1239
1143
1000
806
573
381
218
241
294
258
246
243
213
-79
-256
-373
-707
-899
-999
-1089
-1227
-1221
-1257
-1298
-1369
-1411
-1507
-1525
-1482
-1506
-1397
-1219
-984
-818
-619
-396
-347
-260
-112
-62
-101
-87
110
140
298
428
455
537
669
760
810
894
930
1023
1063
1102
1011
1007
1004
928
811
789
809
741
708
702
760
660
764
867
803
645
642
564
296
219
157
66
63
133
146
61
-35
-234
-421
-573
-668
-816
-912
-896
-997
-1054
-1102
-1129
-1245
-1250
-1323
-1404
-1341
-1289
-1268
-1293
-1080
-916
-869
-635
-370
-321
-267
-160
-172
-177
-59
13
49
230
346
384
571
699
736
829
933
985
962
968
986
989
965
963
917
874
866
821
811
691
664
606
488
463
465
418
313
280
108
-73
-187
-209
-276
-355
-303
-239
-215
-141
-137
-225
-279
-386
-470
-565
-612
-694
-725
-648
-708
-809
-847
-828
-872
-1010
-937
-820
-867
-739
-584
-429
-404
-226
-78
-74
-50
14
104
49
86
193
311
374
426
575
586
624
731
787
807
885
904
894
889
946
824
734
766
666
689
592
478
336
248
171
70
-10
-74
-136
-281
-403
-466
-489
-480
-464
-423
-416
-356
-287
-315
-312
-285
-248
-243
-188
-114
-186
-156
-212
-331
-416
-361
-359
-486
-475
-437
-468
-480
-328
-341
-353
-295
-277
-342
-320
-290
-270
-230
-170
-145
4
173
178
277
357
447
430
479
731
751
761
888
940
837
831
947
846
741
642
574
458
370
318
211
157
65
28
-82
-187
-204
-334
-370
-410
-467
-498
-471
-441
-485
-483
-462
-436
-416
-329
-316
-277
-149
-189
-188
-156
-149
-212
-219
-202
-244
-234
-205
-273
-275
-283
-318
-328
-394
-337
-318
-320
-286
-319
-246
-186
-170
-63
-4
80
65
146
265
280
351
489
588
616
718
790
755
711
772
725
669
669
638
574
510
463
360
239
151
72
-34
-158
-202
-274
-306
-339
-323
-322
-287
-242
-242
-308
-390
-441
-467
-456
-372
-274
-247
-130
-98
-82
-111
-136
-183
-184
-243
-271
-235
-215
-231
-190
-212
-225
-186
-207
-261
-277
-285
-265
-157
-107
4
63
99
188
148
157
267
237
294
370
507
516
566
700
739
739
671
658
541
473
465
425
406
432
403
300
246
102
-79
-153
-187
-355
-371
-302
-321
-348
-368
-344
-387
-382
-440
-451
-445
-419
-355
-258
-233
-173
-71
-29
-24
-39
18
45
-7
-61
-138
-182
-126
-194
-245
-225
-237
-320
-382
-364
-377
-353
-302
-272
-189
-174
-165
-120
-38
-51
-4
47
22
99
122
159
216
232
281
303
316
323
376
437
446
558
648
635
598
513
390
334
223
54
-22
-52
-4
48
108
106
63
5
-43
-103
-211
-202
-197
-175
-206
-236
-203
-187
-179
-134
-152
-121
-78
-49
-65
-25
23
15
31
49
4
-9
10
-166
-204
-211
-297
-375
-338
-233
-239
-210
-40
-7
-44
28
55
36
63
61
49
90
84
198
187
207
276
355
413
389
400
435
483
437
367
338
305
198
136
127
69
-4
-19
-64
-124
-137
-186
-253
-321
-346
-362
-421
-400
-369
-387
-356
-326
-258
-268
-247
-214
-203
-162
-143
-43
-39
-44
24
25
-2
-33
-80
-106
-159
-136
-90
-137
-112
-101
-50
19
-4
31
40
104
137
92
101
120
129
112
129
114
80
139
141
131
168
223
276
403
432
393
395
381
381
291
277
273
213
222
248
175
92
-25
-56
-103
-232
-194
-185
-225
-260
-247
-209
-231
-253
-292
-265
-218
-230
-170
-147
-142
-127
-88
-6
-3
10
48
38
74
19
-58
-50
-66
-58
-47
-12
-24
-42
-43
-41
-46
-107
-83
-71
-78
-85
-79
-90
-49
-77
-153
-138
-174
-144
-117
-67
9
101
162
210
182
189
249
208
244
278
293
384
381
294
332
237
142
5
-58
-157
-173
-126
-177
-160
-160
-192
-174
-138
-195
-193
-188
-235
-262
-233
-193
-196
-123
-56
-63
-24
70
148
156
106
125
135
145
171
199
177
189
217
205
233
182
122
100
3
-33
-31
-92
-89
-167
-163
-69
-63
-26
63
88
94
95
79
77
132
141
141
236
272
276
245
279
260
186
167
112
9
5
-50
-15
-49
-89
-123
-168
-148
-242
-337
-384
-407
-456
-435
-451
-423
-385
-310
-267
-306
-302
-232
-219
-190
-141
-59
99
150
214
244
197
223
229
213
248
225
162
149
142
84
8
16
-9
-51
-11
-46
-147
-135
-63
-38
-48
17
49
-57
-51
-45
-79
-68
31
86
64
159
190
156
229
179
127
164
153
149
101
98
106
138
144
116
23
-59
-86
-153
-257
-292
-280
-291
-287
-282
-271
-293
-194
-188
-219
-176
-141
-45
46
92
165
185
270
318
294
316
269
194
149
105
56
24
45
73
73
100
56
48
-5
-64
-67
-54
-64
-54
-84
-144
-148
-115
-139
-140
-11
1
66
69
131
183
240
229
291
345
341
389
387
331
281
257
300
272
147
140
57
-17
-89
-163
-214
-281
-260
-343
-401
-387
-449
-451
-527
-484
-466
-436
-400
-364
-279
-289
-211
-140
-84
-90
-57
-44
3
57
71
109
77
105
85
83
82
87
65
170
210
207
299
246
206
132
135
64
-30
10
40
125
161
166
180
171
125
134
184
147
166
213
227
261
285
274
271
297
290
228
179
58
25
-48
-131
-154
-175
-234
-268
-321
-408
-436
-498
-527
-561
-583
-610
-624
-586
-498
-483
-404
-313
-251
-180
-129
-73
19
30
66
145
161
261
365
370
334
319
277
242
278
331
280
270
374
329
285
225
154
208
206
253
228
258
287
232
245
244
230
199
174
147
142
135
184
161
173
142
109
151
44
35
-24
-85
-84
-101
-110
-237
-276
-289
-353
-391
-431
-491
-497
-491
-518
-503
-503
-506
-490
-489
-471
-474
-378
-344
-312
-257
-224
-141
-149
-33
51
91
146
220
229
274
302
295
376
416
334
330
435
430
394
367
316
346
398
401
369
352
305
262
225
161
159
101
115
106
49
66
29
22
40
13
21
-27
-31
-3
-34
-84
-157
-159
-173
-296
-313
-319
-391
-408
-362
-427
-456
-474
-479
-525
-594
-556
-539
-540
-496
-482
-462
-400
-349
-299
-260
-161
-70
34
153
201
256
302
421
461
450
533
622
623
658
677
661
707
665
673
660
621
580
535
491
444
374
329
285
234
185
117
92
131
97
37
-55
-157
-176
-215
-257
-341
-373
-400
-440
-456
-465
-434
-435
-425
-395
-348
-331
-342
-342
-348
-357
-384
-386
-391
-428
-429
-414
-450
-398
-364
-308
-287
-246
-171
-145
-92
6
79
138
198
311
383
388
466
510
508
558
554
515
496
516
461
465
399
338
362
331
333
300
291
265
233
177
190
104
4
-9
-21
-62
-138
-216
-201
-251
-259
-290
-287
-263
-338
-379
-333
-328
-325
-274
-298
-289
-304
-311
-302
-306
-287
-262
-332
-340
-353
-319
-316
-326
-278
-373
-300
-315
-274
-257
-169
-101
-26
64
173
235
272
383
411
467
550
546
532
645
647
684
654
717
681
585
531
524
512
398
402
338
280
239
200
132
139
64
48
15
-68
-111
-205
-130
-246
-307
-381
-412
-433
-436
-388
-401
-420
-370
-291
-354
-296
-246
-239
-247
-196
-177
-216
-250
-250
-272
-249
-258
-245
-239
-289
-266
-256
-196
-133
-148
-147
-84
-90
-106
-25
20
35
35
85
149
182
311
299
339
322
436
411
391
492
471
474
438
410
389
394
388
372
324
356
315
249
216
127
74
27
-24
-64
-111
-100
-136
-156
-243
-317
-357
-390
-422
-412
-381
-390
-379
-353
-332
-314
-310
-394
-400
-363
-352
-316
-309
-302
-272
-221
-225
-248
-231
-199
-175
-152
-136
-154
-79
-22
-65
-30
111
73
195
268
312
412
406
455
486
511
607
657
660
652
730
682
651
622
582
557
468
483
452
386
326
287
253
142
34
-19
-132
-235
-288
-405
-435
-444
-489
-479
-531
-553
-543
-533
-580
-565
-501
-474
-465
-432
-433
-411
-342
-349
-267
-229
-208
-190
-192
-168
-189
-157
-98
-58
-11
24
69
79
90
154
125
92
114
133
131
188
182
226
280
360
416
435
491
519
488
491
461
471
476
496
502
396
403
322
282
213
194
176
96
51
-16
-149
-183
-190
-270
-274
-312
-374
-380
-403
-480
-511
-529
-484
-547
-613
-532
-534
-482
-448
-378
-221
-139
-33
28
22
66
110
155
100
75
54
47
76
18
7
12
-16
-25
-66
-90
-93
-96
-25
-7
6
34
104
151
181
261
250
341
389
385
395
415
429
438
406
399
338
349
332
296
296
244
255
221
170
139
130
70
40
-17
-78
-119
-170
-258
-284
-315
-424
-365
-390
-413
-452
-474
-447
-485
-459
-487
-431
-388
-312
-311
-302
-268
-271
-237
-200
-203
-203
-177
-127
-106
-86
-57
-46
29
30
9
23
62
108
136
151
196
240
260
330
384
383
413
479
454
504
502
548
543
547
549
518
498
474
492
352
362
380
384
301
312
225
117
63
10
-81
-200
-251
-325
-356
-456
-439
-524
-546
-546
-547
-528
-552
-515
-486
-448
-455
-395
-358
-271
-266
-247
-209
-174
-152
-141
-112
-141
-80
-76
-82
-10
34
89
174
174
227
196
211
224
190
198
204
241
269
242
254
271
243
225
251
290
311
283
254
264
275
220
268
248
214
181
133
119
4
-83
-171
-221
-221
-286
-304
-266
-297
-390
-455
-521
-506
-515
-540
-523
-508
-473
-439
-376
-341
-300
-263
-162
-184
-124
-31
48
97
153
219
197
248
231
236
268
254
254
295
310
274
279
269
275
256
258
256
214
168
182
129
86
81
73
79
32
79
78
54
61
100
104
112
101
132
126
136
133
154
166
132
115
94
118
42
-3
7
-1
-88
-90
-97
-231
-215
-248
-284
-272
-273
-277
-274
-267
-259
-238
-227
-184
-195
-161
-120
-61
0
41
49
-19
11
-4
-34
7
18
81
94
96
118
167
189
194
229
246
238
168
142
193
168
169
126
125
172
120
122
116
23
50
107
47
88
60
69
82
37
79
39
19
73
1
-8
-49
-109
-91
-140
-203
-236
-276
-304
-320
-381
-441
-420
-454
-490
-462
-513
-509
-464
-472
-401
-302
-359
-343
-225
-174
-132
-135
-93
-39
-12
4
99
215
221
291
321
339
371
370
374
369
332
367
266
300
285
262
257
254
227
210
213
183
193
165
210
237
178
236
228
188
162
130
149
22
-23
71
-5
-54
-75
-104
-126
-135
-143
-207
-210
-193
-160
-161
-185
-144
-126
-220
-176
-153
-202
-206
-219
-220
-252
-212
-134
-116
-74
-21
-17
-36
-21
14
20
111
126
120
194
211
232
278
304
294
258
242
229
165
186
158
109
138
139
88
84
78
71
45
-37
-31
-7
-69
20
43
-1
42
71
17
19
12
38
-24
-75
-18
-64
-57
-100
-74
-84
-93
-140
-192
-159
-212
-213
-197
-183
-218
-243
-170
-198
-201
-188
-182
-227
-238
-291
-231
-215
-240
-123
-206
-154
-52
-19
-103
-13
102
100
78
136
168
181
181
130
167
171
94
149
170
165
202
156
145
116
197
134
101
115
110
60
-11
-10
67
64
32
25
108
78
-26
-34
37
-63
-51
-14
-36
51
-17
48
11
-3
5
15
2
-117
-108
-73
-173
-158
-91
-163
-146
-152
-110
-139
-195
-132
-138
-146
-155
-199
-86
-10
-45
42
44
-19
34
63
40
70
106
172
200
156
232
320
314
288
394
402
303
277
323
308
173
169
184
168
103
86
2
66
29
-62
-32
-87
-87
-22
-87
-131
-7
-1
-29
-32
-24
-64
-29
-53
-143
-62
-160
-206
-158
-161
-200
-268
-226
-203
-211
-294
-238
-266
-238
-245
-264
-212
-278
-248
-156
-179
-188
-178
-124
-30
-18
-18
13
30
-1
42
15
70
118
97
118
105
218
156
154
176
181
219
223
200
193
255
231
220
227
207
165
181
122
28
26
35
19
2
96
87
27
26
14
52
-8
-14
-3
-37
-61
-52
-46
-111
-121
-119
-85
-87
-102
-100
-67
-62
-75
-98
-67
-85
-200
-104
-87
-135
-148
-117
-136
-191
-105
-110
-179
-182
-141
-122
-80
-92
-53
29
49
102
57
210
222
184
199
135
259
236
151
265
233
288
290
148
220
220
204
162
97
204
48
-46
75
-69
-192
-139
-86
-155
-137
-52
-19
-154
-101
-135
-89
-44
-154
-90
-84
-128
-127
-112
-51
-73
-114
-28
-154
-134
-65
-88
-95
-98
-36
-38
-79
-96
-151
-67
-75
-160
-116
-143
-26
-90
-112
-25
-59
-14
95
51
86
43
116
230
96
197
150
184
258
262
295
210
260
317
225
331
284
81
104
116
53
-57
-84
50
-80
-120
-30
-100
-107
-170
-54
-115
-179
-18
-97
-112
-90
-65
-69
-156
-107
-56
-144
-36
-27
-71
-4
-126
-119
-12
-51
-42
-42
32
-29
-84
-30
-126
-49
-49
-56
-20
-122
-65
-9
-116
-24
-29
2
42
27
219
207
183
233
223
282
235
239
227
221
215
172
176
141
25
58
68
-15
-6
6
33
-69
-33
-18
-99
-76
-142
-180
-98
-148
-168
-139
-158
-159
-195
-170
-198
-152
-141
-202
-117
-150
-108
-45
-38
40
54
50
80
45
33
83
-1
35
-14
29
29
-44
0
-33
-103
-56
-53
-139
-34
-46
-84
-94
9
87
24
106
164
121
117
193
231
147
107
263
268
171
165
138
93
49
58
44
-11
9
44
-74
-54
1
-57
-47
-26
-27
-60
-154
-144
-134
-114
-114
-69
-79
-72
-24
-116
-88
-53
-68
-69
-35
47
-4
-68
-4
-6
-14
-59
-46
-35
-74
-33
-5
7
-45
-17
38
5
-82
-18
89
-74
-70
84
102
47
44
150
106
136
134
107
142
91
124
177
79
206
216
80
137
184
239
111
-1
84
-34
-36
-33
-153
-151
-137
-137
-219
-224
-164
-218
-223
-132
-203
-155
-213
-144
-71
-142
-106
-101
-87
-16
-60
-73
8
-11
33
-15
84
80
18
110
118
70
69
69
87
3
69
66
18
52
23
66
71
20
70
103
-49
54
86
-4
-51
13
80
-8
16
63
39
3
66
137
104
47
80
92
57
12
-30
83
11
18
135
63
41
-10
45
21
-117
-31
-127
-125
-63
-199
-86
-83
-115
-62
-58
-8
-30
19
23
-10
-17
25
2
171
-114
-179
27
-78
10
-149
-62
-31
10
-116
-138
-168
96
-207
-78
-6
-122
44
-20
33
-28
87
-123
32
28
14
-71
7
12
-6
-9
-42
60
75
102
80
148
185
185
7
143
187
173
151
77
139
103
-2
65
121
-20
-17
13
-32
-39
-86
-134
-130
-138
-67
-70
-114
-32
30
-68
-57
40
-26
-59
-45
-50
46
28
-4
9
28
33
44
-13
2
58
52
80
-3
25
-42
-13
50
6
46
69
-10
-90
-70
-44
-90
-115
-77
-67
-30
61
16
0
15
188
151
100
206
148
140
161
156
197
80
99
152
46
55
9
21
-7
-88
-7
-57
-88
-48
-146
-114
-140
-149
-148
-193
-40
-163
-197
-112
-184
-226
-204
-152
-149
-196
-123
-117
-131
-79
-190
-75
-68
-86
-8
-24
12
41
41
95
90
74
81
23
115
51
15
93
29
70
17
92
75
-22
47
10
27
110
56
103
127
109
155
143
212
233
185
201
169
210
139
39
158
83
6
52
26
21
-28
-52
-58
-166
-118
-108
-111
-117
-186
23
-108
-164
-85
-119
-55
-93
-77
-7
-63
38
-37
-79
84
-18
6
27
6
37
21
59
-2
19
55
-17
28
47
25
73
-36
-39
54
-7
-52
-68
56
-53
-109
5
-49
-56
-25
-42
84
60
-7
69
30
60
25
-41
46
26
85
41
22
58
75
46
-35
6
11
35
-49
-46
-46
83
1
-33
-91
-142
-111
-58
-106
-186
-95
-89
-156
-96
-66
-124
-30
-30
-22
8
-14
-23
21
54
-11
10
71
18
21
47
-32
8
-22
-69
12
42
36
-22
32
1
-60
38
52
-44
14
6
-34
53
44
49
62
133
171
87
96
42
86
149
90
123
78
48
103
88
7
-52
21
54
-42
-39
-97
-147
-135
-96
-97
-106
-56
-63
-93
-49
-43
-21
-24
-68
-67
-27
-104
-44
-23
-25
-72
-53
66
-19
22
99
98
129
130
128
104
105
99
116
103
47
72
72
-17
20
74
34
0
46
51
-3
23
-50
-69
-34
-53
-118
-94
-76
-112
-5
-22
-41
-36
-59
-25
-29
-40
14
-22
2
14
14
71
-3
17
-31
48
58
-79
-53
-62
-95
-93
-8
-26
-42
-44
2
49
34
60
83
60
18
85
99
105
134
70
30
40
196
125
50
129
139
103
76
65
61
90
48
66
46
27
13
14
21
-43
-49
-54
-137
-139
-173
-213
-216
-220
-153
-253
-157
-144
-233
-115
-123
-74
-45
-71
-51
-106
-116
-58
-58
-62
-103
-41
32
-78
-30
30
-38
-46
-17
22
14
20
73
71
113
151
56
97
59
60
90
40
63
48
88
78
14
160
164
94
192
104
139
131
31
119
155
66
42
90
10
-118
5
123
-27
-60
-27
-80
-122
-143
-157
-185
-189
-197
-108
-116
-187
-40
-57
-98
-54
-57
-4
-54
22
57
-43
3
11
-40
93
58
28
125
2
41
115
58
57
16
51
-32
-76
43
-44
-30
-41
-2
51
-7
32
66
43
49
37
53
82
64
123
97
112
144
100
117
181
137
43
74
104
36
54
103
40
70
48
46
34
-6
29
-60
-42
-21
-138
-135
-188
-165
-170
-215
-145
-158
-226
-179
-207
-198
-137
-138
-111
-147
-81
-33
-91
-37
5
58
38
-7
74
31
22
-15
46
98
20
66
70
65
57
85
81
-17
4
151
62
44
109
105
108
83
50
50
50
94
98
74
68
82
131
35
54
90
-4
43
65
-11
-7
-67
-44
-65
-105
-28
-168
-175
-93
-137
-177
-136
-91
-143
-96
-45
-91
-132
-67
-47
-33
-90
-60
42
56
59
43
49
83
59
24
47
23
43
58
28
-17
42
12
-54
-3
32
10
-2
-4
-26
-46
-58
-5
-61
-43
13
27
14
-42
50
112
23
26
29
28
65
48
34
-35
-26
16
-71
-50
41
-9
13
48
73
63
27
68
67
22
75
75
63
12
45
23
-11
1
-23
3
28
75
88
40
44
90
59
77
48
54
120
33
57
54
22
29
-8
-68
-44
-48
-73
-105
-110
-91
-158
-125
-121
-137
-92
-78
-87
-102
-57
-5
-86
-75
39
-2
-21
26
84
66
23
102
96
54
54
90
82
37
87
43
3
9
3
-23
-1
24
18
-78
-59
-46
-59
-74
-144
-91
-74
-90
-115
-72
-67
-104
-97
-42
-117
-103
-63
-34
-42
-78
19
-6
-72
12
-11
-21
-35
-53
11
4
-12
21
-16
38
82
36
62
47
66
40
29
55
40
92
54
100
111
96
109
92
109
132
116
121
145
107
115
119
147
83
32
110
63
51
47
39
38
-2
33
-12
-130
-11
-58
-121
-90
-113
-97
-129
-113
-70
-88
-92
-83
-98
-59
-86
-6
-50
-71
-18
-53
11
-6
-57
20
5
37
-20
-20
44
-32
-3
51
-3
-5
35
33
45
15
47
17
-23
17
15
9
-12
1
37
0
37
48
-5
-14
9
69
20
-37
47
34
23
33
-6
41
13
-20
-1
-34
-32
-50
-47
12
-31
-14
-26
-62
-32
-62
-43
-68
-112
-58
-66
-77
-86
-62
-47
-81
-30
-3
-36
8
49
11
-11
31
47
-15
-12
47
19
10
73
50
43
38
61
22
50
50
-40
40
15
-17
-8
0
30
35
21
36
-14
-4
32
19
18
-23
30
1
-6
68
67
36
46
66
60
12
60
41
-12
45
36
-10
6
31
-8
-20
-8
-19
-86
-101
-101
-95
-87
-131
-99
-59
-45
-60
-70
-66
-53
-31
0
-1
10
13
45
57
12
104
84
38
56
53
84
85
71
75
79
82
80
39
51
67
77
57
-1
13
6
24
23
-9
2
2
-15
0
-18
-18
-20
-37
-10
-28
-40
-7
-22
-26
-8
13
-25
-61
-52
-40
-22
-52
-26
2
-67
-102
-39
-95
-133
-75
-61
-81
-93
-72
-39
-64
-47
-49
-63
-15
-29
3
2
-2
17
21
10
-4
46
85
23
54
65
34
75
76
65
36
34
73
69
10
-5
23
48
6
21
29
-30
2
21
14
13
24
63
10
11
62
39
16
27
33
30
9
16
36
45
18
21
34
31
31
26
26
30
54
19
5
-1
14
24
-56
-49
-30
-31
-67
-81
-77
-102
-95
-57
-81
-89
-86
-78
-67
-65
-55
-38
-48
-59
-24
-13
-19
0
1
-20
0
-33
-14
-5
-59
-30
17
15
-12
3
15
12
32
51
25
2
48
69
33
23
85
78
24
87
116
68
61
101
76
59
86
81
54
75
67
30
4
4
2
-24
-18
-40
-53
-54
-60
-69
-65
-40
-46
-66
-53
-38
-41
-37
-40
-56
-72
-14
-18
-67
-69
-44
-92
-66
-39
-60
-51
-29
-8
-57
15
19
25
31
17
45
67
75
64
30
48
66
33
39
37
64
52
39
52
28
37
39
1
8
35
15
20
22
50
24
-27
14
10
-2
-9
-30
-31
-26
-12
-11
7
-1
-6
36
-37
-51
-6
-54
-88
-76
-40
-80
-97
-55
-33
-74
-45
-24
-38
-41
-31
6
-26
-8
-6
-13
17
31
52
51
51
58
68
81
80
51
104
122
67
87
77
48
23
31
39
27
3
60
46
4
23
32
18
15
51
25
-18
6
-5
-30
-54
-35
-51
-114
-59
-61
-80
-42
-61
-69
-48
-38
-71
-75
-47
-56
-80
-48
-54
-57
-40
-29
-24
-22
-10
-9
-40
2
43
3
2
12
41
10
11
49
7
-5
33
9
-16
-1
2
-14
-15
10
-4
6
12
-4
37
21
22
24
52
52
-4
11
21
-1
19
2
-14
-9
32
43
19
-1
13
48
50
33
37
22
7
4
2
32
4
15
49
15
16
35
-10
-11
-16
-17
-17
-44
-22
-26
-28
-25
-18
3
-5
-8
21
-8
11
13
1
19
13
29
60
36
31
17
31
21
-9
23
19
22
26
8
3
9
34
22
-22
24
4
-25
-9
31
-6
3
8
4
10
-4
0
-34
-27
3
-7
-45
-44
-41
-73
-62
-48
-68
-59
-68
-44
-53
-66
-42
-59
-72
-62
-53
-44
-56
-48
-14
-39
-26
-21
-25
4
-15
-5
8
-10
7
6
18
3
-14
46
31
-9
20
28
11
7
20
45
27
35
47
34
48
52
68
73
77
83
83
79
62
75
78
46
32
27
5
2
-15
-17
-17
-18
-22
-17
-9
-27
-24
0
-23
-27
-17
-30
-40
-24
-15
-25
-32
-29
-30
-33
-40
-46
-24
-11
-2
3
19
26
11
24
26
8
25
23
16
-5
-5
-10
-32
-37
-34
-15
-20
-16
-1
12
19
2
15
39
29
28
48
31
22
-3
1
14
-9
4
5
2
0
9
14
12
3
5
6
24
16
-9
-25
-14
-25
-18
-29
-9
0
16
24
-16
6
6
4
28
5
-7
1
6
-3
-19
-3
-16
-3
-4
-12
-6
-6
-27
-1
8
-7
13
4
-4
-7
21
7
-15
18
6
4
-5
-15
-14
-15
-26
-16
-32
-24
-10
-33
-14
-12
-3
7
0
-16
8
5
15
-1
-26
-32
8
18
-9
-3
26
25
4
2
-1
-7
-6
-9
-11
8
8
17
22
3
2
16
-28
-44
-16
-19
-25
-19
-16
-15
-3
-10
-19
-24
-14
-16
-25
-21
-30
-11
-27
-19
-30
-26
-19
-4
8
7
19
6
23
40
26
27
45
40
30
29
56
31
20
43
37
13
27
56
39
30
37
49
40
19
26
33
20
1
1
8
-16
-24
-5
0
-15
-15
-11
-26
-41
-35
-21
-18
-13
3
20
0
13
17
21
18
6
30
12
-2
17
7
16
24
-11
0
10
-2
-10
15
13
-2
30
19
-16
16
2
3
-3
-9
-2
-24
-28
-43
-43
-33
-26
-23
-26
-29
-17
0
-51
-42
7
-8
-25
-8
-17
-46
-19
5
-8
-18
1
6
16
5
6
15
3
-3
6
3
-26
-20
13
9
11
5
8
-10
-20
9
-5
-9
-4
7
23
-8
-8
29
19
-8
22
27
-5
-14
0
-17
-40
-31
-26
-49
-58
-37
-29
-45
-39
-23
-20
-17
-23
-5
10
-9
-18
4
7
7
7
12
6
11
4
11
15
6
22
33
30
20
40
49
43
23
37
29
20
26
12
41
21
26
32
28
30
38
33
13
26
43
52
35
30
16
24
7
0
22
5
-11
-16
-10
-2
-26
-21
-20
-33
-10
-22
-4
-11
-25
0
-7
-17
-14
2
-20
-17
-7
1
-6
8
3
-14
0
-4
7
-24
-22
8
5
-4
-2
7
9
-23
-7
17
-14
-14
-9
-29
-9
0
-9
-29
-23
-36
-34
-26
-34
-30
-45
-25
-13
-23
-20
-33
-20
-18
-30
-30
6
-7
-15
-6
-17
-21
-2
3
-21
-1
-9
-1
12
-2
7
13
15
19
20
32
34
24
37
44
37
39
52
50
37
30
55
40
31
19
33
38
25
37
10
23
18
16
9
4
4
6
10
4
7
-8
-12
-5
3
5
-15
-14
7
-14
-40
-22
-21
-16
-8
-4
-13
-31
-17
3
-12
-47
-8
-9
-15
2
-12
-24
-23
-6
-15
-29
-3
0
-18
-10
1
-5
-12
-5
21
-8
3
12
-1
-4
-19
3
-15
-25
3
-16
-22
-7
-28
-11
-11
-19
-11
-23
2
-9
-8
24
10
-9
-7
16
12
13
18
19
17
35
21
4
16
15
37
14
22
24
15
30
15
14
32
13
5
10
11
18
-4
9
-3
-9
1
-23
-4
-12
-1
3
-20
-10
0
-10
-32
-22
-7
-13
-34
-12
-16
-41
-14
-7
7
-9
24
15
3
26
29
44
20
16
10
18
2
8
9
-11
1
2
1
-30
-28
-22
-22
-26
-29
3
-25
-3
-10
17
27
30
15
29
28
12
34
5
16
1
-4
-5
-23
-22
-5
-9
-11
-12
-6
11
10
-2
-2
1
-17
-4
0
-29
-17
-18
-25
-19
-15
-4
-12
-31
-8
8
-9
-6
-6
-4
-10
8
14
8
-4
19
30
-5
1
-19
-14
-1
12
-16
-11
-9
-14
10
-20
-11
6
16
-5
8
12
5
13
-8
13
10
23
19
9
4
9
27
7
11
7
17
18
7
6
-7
0
20
7
-17
7
-12
-1
12
5
3
-1
15
16
17
14
6
-3
15
10
-3
-6
1
-11
-12
3
-7
0
-14
-6
-11
-9
-14
14
10
-3
1
7
21
-7
-1
9
9
-11
-3
9
-5
-9
4
12
-2
13
25
16
-7
14
28
4
17
27
30
9
3
2
-17
-16
-19
-34
-33
-32
-22
-14
-16
-26
-18
-7
-8
-8
8
-15
-20
10
-7
-15
-27
-24
-10
-11
-43
-40
-23
-32
-21
-2
-17
-34
5
23
7
0
7
17
24
34
16
1
15
31
23
15
2
1
17
9
1
0
3
-2
9
0
1
2
9
-1
3
5
6
30
7
26
1
-1
8
-13
-10
-10
1
4
-7
-18
-21
-16
-4
-21
-32
-17
-19
-5
-24
-25
-9
-1
3
-10
8
2
-7
15
15
1
12
-1
7
20
-6
25
23
4
23
28
22
10
18
15
0
2
14
-7
-7
19
9
-4
19
21
-6
17
17
-11
4
10
-2
-6
-25
-13
-5
-20
9
7
3
6
6
17
8
0
4
-2
8
6
-1
7
0
-6
-24
4
9
-11
-13
-6
-10
-29
-1
2
-23
-10
2
-2
-17
0
4
12
15
-4
12
19
-5
8
13
-7
8
19
-2
-5
0
16
-11
-18
9
14
-7
-6
13
-6
-8
-10
-2
-16
-8
12
1
-31
-10
16
-8
4
8
-6
7
15
21
-4
-22
11
29
-2
-4
-7
-4
15
3
-18
-27
-36
-13
-20
-39
-17
-25
-29
-28
-21
-31
-27
5
-13
-14
-9
-3
1
-3
-2
-7
-3
5
4
-2
10
12
12
9
24
20
15
28
22
15
27
34
27
19
11
29
1
-12
12
-5
-9
-10
-19
-1
3
-14
-22
-10
5
9
8
4
-5
10
6
-8
-10
6
18
1
14
0
-12
-12
4
1
-7
-6
4
-1
-3
10
13
0
-1
20
15
11
-3
3
17
-4
13
16
-24
8
37
20
-1
11
22
14
6
20
20
10
29
34
17
-3
11
13
2
-21
-26
-13
-15
-16
-7
-29
-42
-18
-34
-44
-34
-32
-18
-21
-20
-35
-37
-28
-17
-17
-20
-16
2
7
-12
-18
-4
8
8
21
8
11
33
25
16
34
25
27
41
22
20
22
28
32
12
16
18
5
7
9
-5
-14
-6
14
10
-15
-5
9
7
-12
21
-1
-30
-12
-4
-9
-13
-2
-13
-19
-7
10
-18
-18
7
-2
-15
-11
-1
-29
-24
-6
-3
-11
-32
-8
-10
-15
-1
6
-2
0
-10
-26
-4
-4
4
-14
0
3
-10
-5
-5
-4
-17
8
10
-14
-16
-1
3
15
-7
-2
7
-4
0
2
6
9
20
26
17
4
29
20
-2
4
17
11
-14
0
9
2
-5
-3
10
5
-6
17
16
-21
14
28
17
-10
1
24
3
12
15
0
-6
0
11
-10
0
5
8
5
-2
9
18
10
7
11
4
8
11
14
7
-23
-11
9
-6
-11
-23
-6
-15
-24
-10
-3
-2
-8
-3
13
-5
3
17
5
1
5
8
2
-14
0
11
-4
2
7
1
-18
2
11
-8
-8
-3
2
-28
-20
4
-9
-27
-11
-13
-19
-19
-2
1
-34
-16
1
-22
-12
-1
-3
-8
-8
16
-3
-18
9
15
5
-4
15
10
-2
25
12
-7
3
24
24
3
13
18
-2
5
24
-11
-19
1
-8
-24
-12
-11
-12
6
-13
-12
-13
-18
-11
-20
-7
3
-17
-18
-16
-17
0
-9
-12
12
9
10
7
-1
5
9
11
7
17
20
5
13
16
3
8
1
6
17
14
37
7
16
16
13
53
27
19
28
31
46
43
22
21
23
27
24
16
12
-7
-2
12
-9
-16
1
-4
-6
-9
-10
-27
-5
-3
-15
-4
-40
-24
-15
-21
-32
-36
-28
-31
-13
-13
-23
-41
-19
-7
-3
3
-18
-12
7
8
-5
15
6
-20
6
-20
-13
5
-6
-13
-26
-9
3
-11
-18
-8
-1
14
5
-19
-3
-3
-5
-9
-12
-22
-6
-13
-25
-3
2
6
-3
1
1
14
17
0
13
20
18
16
9
15
14
30
18
11
8
20
9
0
6
-4
12
24
5
-4
-2
-4
22
11
1
4
3
2
9
24
1
-14
1
-4
-11
-17
-10
-19
-4
9
-5
-22
-12
0
13
10
-2
18
4
8
8
-13
-19
0
2
-22
-16
-17
-25
-20
-22
-15
-7
-3
11
1
-7
13
17
11
15
5
7
15
1
10
11
-11
8
5
-3
20
18
16
18
13
9
15
-6
10
16
6
17
7
8
9
1
-5
8
-12
-3
14
-14
-16
0
-14
-9
4
-6
9
6
6
20
8
2
6
-6
0
-5
-12
3
-32
-31
-14
-32
-38
-10
-10
-25
-15
-19
-6
-5
-7
-10
-7
-11
-14
-5
-8
-9
-10
11
12
2
0
2
4
16
15
-4
6
5
3
11
0
-14
17
27
1
13
10
-14
0
7
-4
-2
10
7
-1
5
15
5
12
13
15
9
0
16
16
9
7
11
8
-18
13
16
-13
7
7
-12
5
6
6
-2
-5
16
2
-5
6
-7
-1
3
-5
-1
9
-7
-5
4
-16
-7
-4
-18
-2
-10
-9
10
11
4
13
-6
11
26
2
4
0
6
6
-22
-9
7
-18
-15
5
-7
-23
-6
-11
-17
-8
-11
-17
-14
-11
12
-1
-8
2
-13
4
-14
-20
-1
-13
-12
3
-5
-16
-2
6
9
-8
4
5
-3
3
1
16
-3
11
10
-5
10
4
7
6
-6
1
1
-29
-8
6
-1
2
13
21
10
17
16
6
13
19
22
10
6
8
5
9
3
15
2
-10
1
5
-9
-8
-3
-3
0
3
6
-6
1
-4
-11
-3
4
-8
-9
-7
-21
-21
-25
-28
-25
-24
-13
-17
-14
-13
1
1
4
11
3
17
12
15
4
-5
12
5
7
15
11
2
8
2
10
0
1
25
4
10
17
12
8
2
8
9
10
13
-1
-14
-14
7
0
-24
-8
2
-7
12
7
1
-10
-19
10
1
-12
-1
-12
-5
4
1
-6
-30
-4
10
4
9
-5
-6
4
15
14
2
15
18
23
18
15
20
11
11
14
6
4
5
-7
2
-11
-9
-2
-6
2
-10
-7
-2
-6
-3
-4
-17
-16
-2
-15
-12
-27
-23
-16
-27
-25
-25
-21
-33
-32
-19
-14
-19
-27
-20
-5
-2
-3
7
-3
-7
6
-2
5
12
10
9
16
31
29
16
32
41
22
18
25
22
2
8
1
-5
6
13
26
7
17
31
20
13
25
14
-13
-5
-3
-9
-14
-16
-14
-21
-11
-5
-4
-8
-10
-4
-10
-5
-14
-24
-18
-12
-5
1
-16
-18
9
8
-9
-2
5
5
-1
9
8
-8
-3
3
7
-5
4
9
12
3
13
6
-15
8
12
2
4
16
1
5
18
8
15
6
14
13
1
6
14
1
6
4
-8
-1
-10
2
-10
-7
3
8
-6
-12
-8
1
11
-5
1
5
-2
-2
7
8
-7
4
-3
-6
1
-11
-12
-20
-5
-17
-20
-20
-17
-20
-12
-7
-30
-28
-15
-10
-31
-24
-13
-16
-6
-4
-6
-17
-12
0
-4
-9
-7
-15
-5
10
15
5
-3
22
14
3
38
26
-1
19
34
29
18
14
22
15
22
34
25
3
23
28
27
13
10
20
4
2
19
11
2
9
7
-9
-17
-7
-9
-20
-13
-1
-6
-14
-16
-15
-14
-10
-18
-11
-22
-24
-11
-13
-12
-13
-13
-2
2
-11
0
14
15
7
5
15
-2
9
18
9
3
12
10
13
14
22
8
-2
16
21
17
2
5
4
7
5
1
-25
-20
8
10
-6
-17
-16
-14
-25
-24
-23
-23
-23
-30
-35
-32
-18
-14
-19
-28
-21
-3
-7
-20
-10
-8
-2
0
5
8
1
11
12
6
7
11
5
4
11
12
10
16
26
15
8
19
24
25
25
21
19
13
10
32
35
14
19
13
10
20
5
-2
5
-8
-10
1
-3
1
-11
-13
-3
-7
-15
-15
-28
-15
1
-19
-24
-19
-13
-11
-12
-16
0
-12
-8
6
-6
10
11
-2
-16
-10
-2
-4
-21
-18
-9
-10
-3
-7
4
2
1
3
4
4
12
12
1
1
-1
4
5
1
1
10
6
-2
7
11
8
12
0
2
7
4
24
8
0
9
0
4
-4
-4
-11
-1
-3
-8
-11
-21
-12
-2
-6
-2
-7
-9
7
-3
-1
11
10
7
5
9
13
16
7
19
9
14
22
6
0
-1
2
-3
4
1
2
-10
-2
8
3
-3
1
5
-8
-3
-1
1
-2
0
3
6
7
0
-1
1
3
6
-6
6
7
3
-8
-8
-3
1
5
-10
1
3
7
8
-11
-4
-16
-13
-7
-9
2
-4
-10
-6
-3
-21
-12
-1
-14
-13
-3
0
3
0
-2
-6
-10
-7
3
-11
-8
-5
-8
-8
-16
-7
-4
-13
-7
13
6
2
8
7
11
6
3
7
-3
5
9
0
-5
-10
-3
4
-19
-23
-19
-12
-2
-2
-10
-7
10
3
1
8
4
2
12
1
9
10
0
6
1
1
7
-1
-11
2
3
25
16
8
11
12
16
14
17
15
18
9
-1
8
3
-6
8
-15
-8
3
-8
8
8
1
13
14
20
21
16
26
16
9
4
5
8
-5
-3
-4
2
-4
-21
-20
-8
-3
-4
-8
1
-5
-11
6
-2
4
0
-6
-1
-14
-12
-1
-17
-13
-4
-13
-3
-6
-4
1
-1
2
1
13
7
2
8
4
-1
2
1
-5
-17
-13
-11
-17
-9
-13
-8
-1
-2
6
7
13
2
-3
-4
7
-3
-5
-9
-10
1
-9
-9
-15
-11
-13
-10
-10
0
-2
-5
-1
4
9
9
8
-4
-15
-4
16
4
-9
-14
-3
0
-3
1
5
-3
-1
14
6
4
22
6
7
20
28
27
8
14
7
0
3
8
2
-7
-6
0
-4
-4
-12
-1
-3
-21
-8
-15
-5
-6
-15
-5
-16
-11
-7
-17
-10
-5
-13
-12
-1
-8
3
4
-2
5
5
12
4
15
15
12
24
20
14
13
19
21
13
10
11
9
6
12
14
4
10
5
8
8
6
14
-4
-8
-7
3
3
-7
-12
-10
3
-11
-13
-11
-21
-8
-15
-15
-20
-19
-8
3
-10
-18
-9
-7
2
-10
-5
5
7
1
-3
1
2
17
9
-4
3
7
8
-7
5
10
16
6
9
6
5
16
4
-2
-2
11
11
13
11
5
8
5
5
8
-6
-12
-1
1
-7
3
-1
1
-8
-3
5
3
-2
-15
-13
-11
-10
-10
-6
-6
-1
-6
-16
-12
0
-1
-10
-6
-2
-2
-3
3
4
11
9
6
18
14
-3
-3
9
6
0
-3
-3
-8
-20
-7
0
-12
-15
-16
-18
-7
-2
7
-5
-17
-6
4
-7
-14
-1
-6
-5
-3
-5
-7
-15
-14
-4
-2
-4
2
-1
-2
0
-3
11
4
5
10
7
4
7
14
14
14
3
9
9
10
17
7
4
2
4
7
15
8
-1
0
1
8
0
10
11
-11
-12
-2
-8
-11
-3
-5
8
-2
0
4
8
15
20
17
12
26
7
-3
-4
-1
10
4
1
3
-3
0
12
4
7
4
-4
15
7
10
18
16
6
2
10
0
-6
-10
-6
-5
-14
-11
0
-13
-5
4
-4
-3
-5
3
-13
-22
-18
-18
-20
-16
-22
-22
-18
-20
-14
-22
-10
-2
-16
-12
-4
-10
-12
-4
4
1
4
5
-1
5
12
10
15
13
18
14
20
23
17
8
0
7
4
0
9
12
-2
4
6
-9
-6
0
-4
-18
-15
-5
-16
-24
-12
-8
-9
-10
-5
-16
-9
-10
-17
-15
-14
6
1
-7
7
8
6
18
12
10
5
0
3
4
4
9
4
3
9
14
11
8
9
9
15
14
15
6
8
13
3
-6
-14
-5
-7
-11
-22
-11
0
-15
-14
-23
-9
-2
-7
-8
-12
-4
4
-2
-14
-1
3
8
10
1
0
7
13
6
7
8
7
3
8
14
5
18
26
9
17
25
19
18
16
13
17
13
18
16
6
17
13
2
-7
-10
1
-9
-17
-5
-9
-17
-18
-3
-6
-5
0
-4
-2
-7
-9
-3
-5
-4
4
-2
-8
-2
2
4
2
-5
-8
2
-5
-6
1
-12
-7
-4
-2
-5
-7
-6
9
-7
-11
-4
-11
-2
-14
-10
-6
-4
-7
-14
-20
-23
-15
-21
-23
-23
-27
-16
-14
-25
-5
-11
-11
-9
-2
0
-8
-4
-3
1
2
18
9
-3
3
10
7
10
13
6
15
12
14
22
14
33
28
24
26
41
33
21
19
9
18
13
16
6
10
14
13
12
5
1
-3
-1
-8
-8
-2
-5
-15
-4
-9
-12
-7
4
-5
-14
-5
-10
-13
-19
-5
-13
-17
-8
-6
-2
-4
-3
6
2
-3
-4
-7
-1
-2
-3
-6
2
1
2
7
7
4
13
6
8
9
2
0
1
10
8
-4
-1
3
-8
2
11
2
4
9
13
8
6
0
2
0
-4
-4
-5
-3
-15
-11
-9
-12
-2
-4
-10
-1
0
-10
-8
-6
1
1
5
-4
-2
1
-10
-3
0
0
0
3
-7
-10
5
8
3
-1
6
12
5
-6
-8
-9
-10
-4
-8
-13
-18
-13
-4
-4
-12
5
-2
-1
-3
-2
13
6
2
2
-3
-6
3
2
3
4
2
5
1
7
1
-2
-4
7
9
-3
3
-2
4
6
-1
10
-4
-15
-2
-9
-13
-4
-7
-4
-4
-12
-2
1
-2
-6
-3
-6
-3
-4
-1
-4
-2
18
15
13
6
12
6
13
18
9
5
1
15
14
10
6
12
10
14
6
8
10
6
12
6
-6
-3
3
-5
1
15
6
4
12
4
14
2
3
-3
-2
5
10
-5
-7
-1
-11
-10
-8
-11
-15
-9
-2
-7
-14
-14
-6
-4
-10
-10
-8
-8
1
-8
-15
-10
-2
-4
-8
-3
-4
-5
-3
6
-3
-1
4
1
-1
8
11
0
3
-1
-5
2
8
-3
1
-1
3
4
10
6
-3
7
2
2
4
-1
-9
5
-2
-5
-3
-1
-4
7
10
-2
-3
-3
-4
-7
-9
-11
-5
-18
-7
-11
-16
-18
-11
5
-2
1
0
4
-2
0
5
4
0
0
1
-6
1
3
8
4
9
15
5
2
5
15
19
24
18
15
16
26
31
14
9
12
10
8
4
4
-3
-10
-7
-14
-17
-6
-7
-14
-7
2
-11
-1
-18
-13
1
-4
-4
-11
-13
-8
-6
-11
-16
-17
-12
-15
-15
-8
-15
-2
11
4
0
9
15
11
27
18
13
17
13
13
2
4
5
7
3
0
6
-3
-11
-8
0
-3
2
-1
0
5
6
1
0
10
0
0
1
-3
-8
-6
-8
-21
-19
-15
-10
-11
-16
-12
-11
-4
1
-1
-1
-2
1
3
-4
-6
-6
-5
-6
-1
6
1
1
9
4
16
16
12
4
10
13
12
16
8
11
10
11
8
0
-6
-2
2
3
3
3
5
4
12
7
-2
-2
-7
-6
9
4
-2
-11
-12
-5
-8
2
-7
-15
-15
-11
-10
-4
-16
-22
-8
-7
-8
-12
-9
2
-1
2
1
-5
8
5
2
8
5
0
5
5
1
0
-3
-2
-2
-7
4
2
0
4
7
10
8
6
11
6
8
23
18
6
9
4
-1
3
4
-1
2
4
11
10
4
6
1
12
5
-1
-4
2
-10
-4
-4
-13
-12
-15
-7
-9
-10
-17
-9
-7
-18
-14
-13
-8
-7
-8
-9
-9
-14
2
-11
-7
-5
-4
3
-2
10
-4
6
4
4
6
1
2
3
7
1
2
4
12
10
2
6
7
3
-1
10
11
-1
2
5
1
-2
0
4
4
13
12
-2
-7
-5
-1
4
2
-4
-5
0
-5
2
6
-7
-3
-2
-3
-5
7
6
4
-11
-3
13
8
3
-2
0
1
6
7
1
-7
3
8
10
7
9
5
2
6
13
9
9
11
8
9
8
7
3
2
5
3
-3
-7
-10
-8
-8
-2
-7
-7
1
-7
-8
-21
-12
-4
-12
-15
-19
-18
-13
-13
-17
-10
-12
-4
-8
-4
0
-12
-3
-11
-3
-11
0
1
-4
-14
-8
2
-9
-3
-6
-4
6
11
16
16
14
19
26
18
20
27
17
17
16
18
11
6
7
-4
-5
6
3
-8
-8
0
1
3
-4
-2
-1
-12
1
-10
-11
-10
-7
-8
-6
-15
-15
-10
-12
-3
-12
-16
-9
-7
-11
-10
-6
-3
-9
1
5
2
2
-3
-2
9
-2
-4
3
8
14
13
7
-2
9
8
3
9
13
4
1
7
17
11
2
5
7
13
18
19
11
6
13
13
5
11
5
0
5
6
8
-1
-6
0
-3
-4
-5
-14
-7
-3
-2
-8
-1
-7
-6
1
-5
1
-2
-6
0
-1
-1
3
-3
-1
-4
-12
-13
-10
-6
-3
-13
-11
-19
-20
-11
-9
-12
-15
-11
-6
-7
-8
-12
-10
-3
-1
-1
-4
-2
0
5
5
3
6
15
24
24
15
20
14
2
11
11
10
6
10
10
8
14
12
5
1
7
6
2
3
-10
-6
-2
-6
-13
-13
-13
-3
-13
-22
-12
-14
-7
-11
-8
-6
-6
-4
-2
-10
-2
-3
-9
-8
-7
-1
-5
-1
-3
1
-8
-3
-2
-14
-5
13
6
15
11
17
18
21
22
9
3
4
10
14
9
2
5
-4
3
2
0
-1
5
-2
0
-5
-5
-2
1
2
2
3
-3
1
-15
-5
-5
-11
-9
-11
-11
-14
-17
-8
-8
-11
4
-4
1
12
8
5
12
0
0
4
6
2
6
19
14
19
11
15
14
10
13
16
19
16
19
13
2
9
8
4
2
4
-5
-4
-4
-5
-6
-14
-10
-2
-1
-4
-6
4
3
-2
-6
-13
-8
-11
-5
-5
-5
-6
-7
-5
-10
-14
-4
-5
-4
-6
-5
5
4
-4
-5
3
-7
-2
6
6
2
-1
-2
2
-2
-11
-3
-3
-5
-9
-5
-8
-9
-6
-5
-4
-6
-15
-7
-7
-19
-7
-8
-3
-5
-10
1
1
10
10
2
6
6
3
7
7
-1
2
-5
-1
2
3
-4
-7
4
2
4
7
6
4
0
2
15
9
10
8
12
17
4
17
18
13
4
2
4
3
7
4
-4
0
6
