SAMPLES:	18853
BITSPERSAMPLE:	16
CHANNELS:	1
SAMPLERATE:	16000
NORMALIZED:	FALSE
45
41
35
29
30
5
4
-9
-18
-18
-22
-22
-23
-28
-36
-47
-54
-61
-81
-84
-75
-77
-86
-94
-88
-73
-71
-52
-41
-37
-38
-33
-27
-30
-29
-16
2
23
45
58
68
60
85
90
94
124
137
144
146
140
147
159
141
125
119
101
104
101
98
81
71
68
55
53
38
29
14
-2
-16
-27
-36
-49
-51
-56
-71
-77
-78
-66
-54
-45
-32
-34
-27
-17
1
3
-3
-15
-4
5
5
20
18
17
-2
-15
-17
-23
-6
-14
-17
-20
-22
-23
-37
-43
-52
-62
-70
-74
-85
-74
-75
-79
-69
-69
-73
-78
-83
-71
-75
-67
-72
-71
-77
-87
-86
-86
-87
-87
-81
-83
-73
-78
-71
-67
-63
-60
-49
-45
-34
-27
-13
-5
-3
2
10
18
24
45
47
61
71
92
123
131
140
156
152
154
155
143
153
134
129
126
109
96
76
62
59
56
35
25
8
2
3
-6
-9
-9
0
-16
-20
-20
-30
-32
-52
-61
-72
-84
-91
-92
-93
-100
-100
-97
-88
-76
-62
-50
-34
-20
-9
9
37
60
71
86
96
111
119
131
143
137
141
140
137
127
136
142
147
153
154
152
147
139
117
98
81
70
42
23
9
-21
-31
-42
-51
-60
-80
-105
-124
-131
-145
-154
-153
-158
-169
-185
-194
-192
-197
-200
-198
-185
-182
-172
-144
-138
-147
-125
-114
-110
-81
-64
-42
-30
-22
-18
-1
4
12
16
11
12
22
33
47
60
69
78
83
83
70
77
77
66
78
80
81
72
58
74
70
73
65
50
48
31
23
16
-7
-24
-31
-39
-45
-66
-67
-71
-67
-54
-51
-47
-42
-26
-22
-26
-28
-28
-29
-31
-28
-17
-5
-1
1
8
25
45
47
67
73
78
89
98
102
94
116
131
143
150
140
140
135
128
128
116
106
98
98
93
88
76
50
35
23
12
3
-3
4
-5
-12
-28
-51
-65
-80
-90
-102
-105
-112
-110
-112
-135
-157
-172
-164
-165
-160
-152
-140
-127
-110
-96
-95
-75
-68
-62
-52
-45
-43
-32
-26
-17
-7
2
11
31
54
69
80
89
112
122
124
125
117
131
122
120
112
110
98
88
87
76
63
41
29
10
-7
-22
-38
-50
-55
-55
-66
-59
-70
-79
-82
-97
-103
-118
-120
-129
-123
-106
-83
-66
-53
-44
-41
-14
-4
-13
-2
9
10
20
18
31
56
67
70
73
82
79
77
73
68
73
82
89
89
93
81
88
85
75
67
45
43
25
15
-6
-32
-44
-47
-65
-74
-86
-99
-109
-118
-125
-134
-122
-125
-132
-144
-148
-145
-145
-142
-135
-116
-104
-99
-101
-90
-79
-70
-58
-58
-36
-19
4
27
45
58
65
81
99
126
126
140
135
126
129
133
142
154
168
174
170
170
159
144
135
123
120
108
101
115
106
106
106
94
88
75
60
25
6
4
-1
-13
-13
-16
-25
-47
-61
-70
-88
-96
-96
-101
-97
-85
-74
-72
-71
-55
-48
-40
-48
-40
-23
-18
0
14
25
30
37
36
39
42
54
53
46
38
34
30
27
23
16
14
2
2
-5
-15
-19
-47
-62
-89
-118
-117
-133
-145
-154
-158
-162
-172
-175
-160
-154
-152
-159
-168
-167
-155
-133
-129
-105
-89
-85
-75
-63
-48
-29
-15
-8
6
23
32
42
62
67
78
84
88
86
87
94
89
96
99
103
95
91
92
80
83
78
66
72
73
64
49
64
68
63
74
73
73
62
55
49
39
29
24
12
0
-6
2
13
12
12
23
26
30
31
17
18
11
-2
11
8
16
23
26
34
41
58
60
65
69
61
70
78
77
62
69
78
70
76
74
71
62
53
48
36
27
19
10
3
10
2
0
-1
-10
-8
-18
-29
-46
-49
-61
-82
-90
-102
-108
-119
-116
-122
-141
-142
-137
-144
-140
-130
-127
-118
-111
-109
-104
-109
-104
-95
-106
-94
-82
-80
-67
-74
-66
-70
-63
-58
-49
-49
-42
-32
-37
-33
-25
-9
-4
3
18
36
46
55
64
68
71
69
65
55
50
54
49
46
39
30
31
26
24
28
32
26
17
16
11
8
7
4
8
14
7
2
-2
2
10
16
30
39
51
66
67
73
90
97
109
116
117
121
120
116
102
95
91
80
71
60
64
58
61
62
52
56
42
42
38
26
11
-3
-22
-37
-37
-38
-50
-55
-56
-54
-58
-83
-74
-62
-73
-67
-74
-81
-80
-81
-81
-81
-78
-67
-59
-41
-39
-35
-36
-26
-21
-9
-7
-6
-4
-9
-2
4
13
20
15
11
4
12
3
-8
-6
-6
-4
-2
1
-8
-7
-3
11
11
19
31
34
32
18
20
15
5
-12
-20
-30
-34
-33
-34
-39
-38
-34
-32
-25
-20
-12
-14
-13
-7
-4
-12
-18
-21
-27
-32
-30
-32
-34
-28
-23
-21
-23
-22
-30
-22
-14
-16
-5
11
15
22
27
31
31
32
39
50
44
44
46
40
44
41
36
33
34
30
23
17
23
17
20
10
4
-5
-19
-25
-34
-42
-50
-42
-52
-55
-52
-64
-56
-57
-63
-62
-47
-41
-29
-12
-5
5
9
15
18
31
33
34
39
25
31
43
17
15
28
26
39
40
43
53
49
36
47
60
64
74
86
91
78
91
102
94
94
89
93
96
80
68
77
66
65
65
58
53
58
55
46
47
38
37
37
35
24
36
32
24
4
-3
-9
-18
-21
-35
-43
-44
-49
-50
-70
-73
-65
-73
-73
-68
-67
-68
-66
-72
-84
-104
-107
-106
-118
-124
-125
-118
-111
-115
-115
-115
-116
-108
-97
-96
-92
-87
-82
-73
-65
-63
-62
-63
-55
-50
-66
-72
-66
-70
-59
-61
-55
-37
-27
-17
-21
-16
-21
-17
-9
0
1
7
8
8
7
14
28
28
29
23
11
4
13
20
27
46
56
66
78
91
94
84
89
94
92
83
86
82
85
72
68
52
52
71
65
54
47
47
52
55
62
57
63
74
63
72
71
61
58
47
40
28
25
19
6
11
12
24
33
33
42
49
47
48
66
70
81
92
85
65
57
56
53
43
41
50
50
39
38
42
38
27
15
19
22
16
16
8
-8
-18
-24
-25
-29
-48
-59
-67
-66
-64
-68
-70
-64
-58
-65
-71
-82
-82
-99
-105
-120
-129
-136
-135
-132
-147
-148
-152
-151
-142
-137
-137
-134
-119
-114
-114
-111
-110
-106
-101
-96
-96
-87
-84
-72
-62
-38
-19
-18
-7
5
19
25
43
57
60
63
71
87
98
94
83
92
81
74
73
74
74
71
64
59
61
60
61
64
71
65
62
54
44
47
37
21
11
10
12
4
-6
-9
-17
-8
2
13
12
6
10
8
-7
-5
-1
-12
-5
0
3
10
19
24
20
24
30
38
48
45
46
49
33
22
12
14
15
14
18
12
17
22
27
34
30
21
32
34
42
36
28
30
20
21
24
13
9
12
2
-4
-5
-12
-20
-16
-8
7
10
24
27
24
28
17
25
15
5
-1
-10
-18
-20
-10
-12
-14
-12
-5
-2
-6
-6
8
20
21
27
32
24
32
27
17
6
11
16
16
15
14
24
20
9
4
-11
-19
-27
-37
-44
-58
-61
-72
-72
-77
-81
-91
-85
-78
-91
-94
-98
-95
-97
-87
-80
-79
-84
-88
-87
-97
-92
-98
-104
-103
-105
-110
-111
-103
-97
-92
-96
-83
-70
-58
-49
-34
-14
-14
-5
0
13
25
29
36
39
50
58
59
58
58
66
81
85
81
94
97
95
103
103
109
115
107
98
95
86
84
90
95
99
98
87
76
68
56
49
37
23
9
7
11
12
13
16
23
21
21
19
25
25
8
16
28
21
27
20
17
26
35
36
38
38
39
33
21
22
16
22
23
36
29
22
33
26
26
12
4
6
5
-15
-24
-21
-37
-42
-43
-51
-53
-45
-37
-27
-15
-13
-14
-10
-4
-9
-16
-17
-34
-54
-73
-74
-71
-86
-79
-79
-96
-92
-93
-97
-91
-90
-79
-90
-89
-79
-73
-63
-70
-59
-60
-66
-72
-60
-64
-67
-58
-52
-42
-30
-21
-8
-2
9
18
21
32
29
34
32
27
23
22
36
43
39
45
42
48
45
42
55
54
46
39
42
51
46
50
56
54
66
61
63
57
47
43
49
43
41
38
32
44
38
29
16
13
24
19
14
17
26
17
19
16
6
3
2
-3
-14
-15
-16
-20
-21
-21
-31
-42
-57
-64
-65
-59
-60
-54
-37
-43
-35
-34
-48
-34
-38
-34
-39
-32
-32
-29
-16
-24
-20
-19
-17
-16
-12
-9
12
17
25
40
52
69
74
92
97
98
97
98
108
114
107
114
125
126
129
131
123
118
116
99
106
101
87
82
69
58
42
24
19
8
-4
-12
-30
-34
-41
-37
-58
-58
-62
-81
-88
-93
-100
-103
-99
-100
-106
-120
-124
-138
-133
-129
-138
-147
-155
-148
-157
-147
-159
-162
-157
-160
-153
-144
-133
-130
-123
-116
-103
-100
-89
-84
-87
-76
-70
-69
-52
-43
-35
-23
-3
16
25
29
36
47
65
72
69
85
99
112
116
125
133
131
150
145
149
153
151
147
145
140
134
138
125
130
125
108
88
85
80
70
69
63
61
61
59
50
47
42
34
27
32
41
47
52
59
66
58
51
36
23
13
-3
-4
8
8
6
0
3
10
9
-2
-7
-16
-20
-25
-23
-19
-23
-18
-29
-34
-42
-56
-66
-70
-69
-70
-75
-72
-75
-85
-82
-92
-91
-92
-102
-112
-123
-130
-128
-127
-123
-111
-111
-105
-90
-76
-62
-62
-50
-54
-53
-40
-43
-43
-46
-38
-32
-20
-19
-12
0
14
23
36
42
52
69
61
65
60
61
56
58
70
78
76
69
63
51
49
38
43
55
48
49
45
51
62
57
44
43
53
50
39
40
43
39
28
17
2
-1
-18
-23
-20
-18
-20
-12
-6
-12
-12
-3
1
0
5
5
16
11
4
10
5
-2
2
4
5
13
14
9
-3
-14
-16
-21
-26
-31
-23
-12
-26
-43
-50
-49
-54
-57
-68
-60
-47
-51
-45
-55
-56
-53
-56
-47
-41
-41
-36
-39
-45
-50
-57
-59
-50
-48
-39
-29
-9
1
4
16
24
25
34
42
44
46
48
69
77
88
102
107
112
119
120
133
142
138
132
133
118
116
113
108
120
119
114
106
108
108
103
99
92
88
91
78
57
39
19
7
-13
-36
-41
-58
-61
-64
-72
-87
-101
-111
-129
-138
-151
-149
-146
-139
-148
-160
-155
-162
-158
-152
-155
-154
-150
-140
-126
-121
-121
-107
-104
-100
-94
-85
-85
-73
-69
-63
-48
-41
-36
-37
-28
-16
-6
4
16
24
26
25
34
39
47
57
65
63
73
77
71
77
84
87
91
92
88
97
95
89
83
74
66
55
46
32
34
29
34
29
10
11
16
10
14
20
23
20
7
6
8
2
9
16
19
44
58
62
61
56
50
34
19
16
21
17
22
34
30
36
33
25
24
26
20
14
11
8
15
15
26
14
0
-1
-3
-1
2
4
1
2
-7
-10
-6
-5
-7
-10
-3
-12
-12
-23
-28
-34
-37
-40
-47
-42
-47
-53
-52
-44
-48
-64
-82
-77
-67
-54
-56
-53
-40
-41
-37
-26
-30
-33
-20
-12
-8
-2
9
16
10
14
4
5
6
10
20
23
32
37
37
27
8
-6
-17
-28
-33
-39
-43
-49
-46
-47
-57
-63
-78
-67
-60
-53
-55
-45
-35
-47
-37
-30
-26
-17
-20
-8
-12
-11
-2
9
12
6
23
30
49
65
84
98
100
91
98
93
92
99
86
88
87
83
79
77
73
61
64
62
56
61
50
55
42
24
22
17
17
8
-2
-16
-23
-25
-34
-35
-38
-46
-43
-51
-59
-63
-71
-68
-78
-80
-75
-83
-77
-83
-82
-68
-51
-44
-49
-55
-54
-59
-54
-38
-39
-28
-18
-3
1
19
36
28
24
25
25
38
40
52
57
57
65
71
79
82
79
67
71
69
76
67
65
72
73
70
61
57
62
60
60
57
47
51
40
34
31
22
16
7
-3
-13
-24
-26
-25
-33
-37
-32
-35
-52
-53
-58
-68
-62
-67
-73
-70
-66
-58
-64
-68
-64
-53
-47
-46
-36
-28
-25
-27
-29
-40
-41
-51
-51
-50
-63
-53
-54
-58
-70
-64
-66
-56
-53
-54
-37
-42
-49
-44
-28
-17
-20
-27
-35
-34
-46
-53
-61
-56
-44
-48
-27
-24
-22
-10
5
4
10
23
34
38
50
49
30
40
37
56
63
54
58
62
65
66
65
61
62
65
71
65
64
72
72
74
77
84
88
78
67
60
55
49
46
47
54
36
29
28
24
28
20
18
27
31
34
31
23
17
9
17
15
15
19
13
18
29
30
34
35
41
42
28
25
23
32
38
36
35
40
39
31
24
19
18
10
3
3
4
-2
7
5
-2
5
0
8
2
-3
-10
-12
-12
-21
-33
-45
-51
-63
-66
-58
-56
-60
-64
-66
-74
-72
-75
-78
-89
-103
-100
-107
-121
-126
-125
-134
-135
-121
-112
-117
-119
-113
-104
-94
-82
-75
-76
-77
-77
-78
-69
-55
-45
-45
-38
-29
-27
-22
-19
-23
-22
-29
-15
-10
7
15
14
13
0
13
13
13
25
31
33
31
27
22
14
21
22
34
43
49
64
77
83
81
77
91
92
78
72
79
80
82
92
85
88
98
90
80
86
90
81
81
82
78
81
81
87
94
94
91
76
65
58
44
36
39
36
42
41
32
36
43
24
16
10
-1
-3
-14
-23
-11
-12
-9
-10
-21
-26
-18
-23
-31
-21
-17
-24
-40
-43
-49
-57
-62
-52
-39
-36
-21
-14
-11
-12
-7
-10
-18
-12
-5
6
-1
10
6
7
3
-15
-9
-9
-7
-5
-2
5
-2
-6
-14
-17
-16
-16
-10
-22
-20
-24
-33
-41
-51
-56
-70
-67
-63
-73
-79
-80
-79
-80
-82
-86
-79
-84
-76
-77
-87
-85
-98
-109
-116
-116
-113
-111
-95
-80
-73
-71
-64
-48
-47
-45
-39
-42
-22
-20
-14
-6
0
14
17
18
8
19
33
34
38
54
65
69
75
85
89
83
93
98
101
100
101
109
114
108
106
99
90
79
78
76
67
68
71
63
51
41
42
41
32
39
30
43
58
53
55
60
63
61
68
67
66
65
54
53
48
44
39
43
45
46
45
40
47
55
56
43
34
39
35
27
19
8
-16
-21
-21
-25
-28
-29
-27
-20
-26
-34
-33
-54
-49
-55
-45
-39
-44
-52
-54
-56
-74
-84
-89
-101
-101
-102
-92
-74
-74
-75
-83
-81
-71
-60
-59
-54
-48
-50
-51
-55
-53
-45
-41
-40
-35
-40
-37
-33
-30
-33
-38
-43
-40
-36
-34
-32
-26
-13
-17
-10
-11
-10
-8
-14
-14
-9
-9
-12
-7
-10
-5
1
4
8
12
12
10
8
9
15
16
11
13
20
17
16
19
14
16
22
24
26
18
21
27
27
31
40
30
20
18
10
15
14
23
24
32
40
54
61
54
52
51
42
43
52
46
46
44
43
33
45
36
21
17
15
15
-1
9
11
0
-6
-4
6
2
-17
-16
-18
-28
-39
-33
-30
-37
-40
-40
-41
-37
-32
-41
-39
-24
-16
-12
-4
2
18
28
30
29
37
30
20
38
46
49
54
57
78
82
73
83
83
91
94
89
88
91
87
76
57
60
65
48
46
37
22
19
12
5
-7
-18
-24
-37
-48
-61
-67
-74
-88
-90
-95
-89
-81
-79
-80
-83
-80
-82
-93
-96
-94
-92
-80
-94
-98
-86
-84
-75
-68
-70
-74
-78
-80
-74
-59
-58
-51
-43
-37
-15
-5
-18
-19
-16
-16
-13
1
8
2
-1
8
13
19
16
13
13
8
-9
-12
-3
-1
3
10
29
27
30
36
34
33
24
12
-1
-2
9
11
-2
6
1
9
8
3
5
0
7
-1
9
19
16
19
21
22
29
33
42
49
56
55
55
62
60
56
57
64
70
77
86
84
71
75
74
75
90
86
99
102
101
100
89
74
65
59
50
54
47
43
40
39
36
31
26
22
20
18
8
-9
-19
-21
-27
-44
-51
-57
-71
-84
-86
-97
-94
-105
-102
-98
-94
-89
-90
-96
-104
-91
-83
-80
-74
-82
-81
-83
-77
-69
-61
-52
-49
-39
-34
-25
-15
-17
-14
-7
-2
-3
-7
-1
2
7
17
39
44
36
32
20
27
26
25
21
19
32
23
24
15
21
22
13
7
5
-4
-7
1
-10
-11
-15
-22
-24
-24
-31
-30
-34
-39
-44
-27
-24
-19
-12
-14
-12
-15
-19
-19
-16
-18
-22
-14
-12
-6
-5
9
16
15
17
19
26
21
23
28
31
33
35
45
62
58
64
63
50
52
59
55
50
48
41
41
48
51
47
41
32
30
20
12
0
-3
-4
-17
-20
-23
-24
-23
-22
-29
-31
-32
-41
-34
-34
-38
-27
-23
-16
-13
-18
-24
-19
-24
-31
-37
-23
-17
-7
4
2
12
9
13
10
9
10
23
27
22
27
28
26
31
39
44
52
47
37
27
32
30
28
34
37
46
41
38
40
33
25
15
7
9
5
1
-5
-3
-4
-3
0
-9
-12
-10
-6
-12
-21
-24
-26
-32
-35
-38
-36
-35
-50
-55
-52
-56
-63
-66
-72
-66
-71
-67
-61
-62
-58
-46
-50
-54
-55
-57
-61
-52
-45
-40
-32
-41
-39
-37
-33
-30
-28
-21
-18
-13
-10
-11
-5
1
-7
-7
1
0
-3
0
5
7
3
-2
3
-7
1
5
8
19
21
24
27
34
43
50
55
48
47
52
43
50
48
46
50
49
49
50
50
53
61
63
64
74
74
78
85
72
67
73
64
68
64
60
54
47
42
42
36
28
34
34
23
12
13
17
19
21
24
28
35
28
20
3
-9
-25
-30
-36
-42
-41
-41
-38
-35
-43
-35
-29
-34
-28
-23
-24
-30
-38
-34
-39
-44
-42
-44
-46
-54
-49
-39
-43
-45
-42
-48
-54
-38
-29
-25
-13
-10
-9
-10
-12
-21
-37
-46
-53
-53
-56
-52
-46
-44
-46
-51
-40
-44
-49
-48
-42
-31
-27
-23
-32
-34
-37
-40
-34
-40
-42
-36
-33
-27
-10
-9
-8
15
32
42
47
63
69
75
74
79
74
72
81
75
69
57
50
48
40
30
24
19
19
16
18
19
24
24
16
18
14
5
2
-5
-7
-6
2
5
5
8
5
4
3
11
15
14
11
1
2
5
-3
-6
-6
-1
3
6
12
17
17
21
22
25
35
37
27
24
16
16
15
6
9
11
7
11
22
37
32
25
14
19
25
19
17
12
-1
-15
-18
-24
-37
-32
-36
-45
-42
-35
-31
-15
-17
-20
-14
-13
-9
-5
9
15
12
12
6
-9
-14
-17
-9
-4
7
14
22
32
35
34
31
18
6
0
-14
-36
-55
-73
-99
-114
-137
-167
-185
-191
-186
-183
-178
-162
-147
-121
-89
-56
-35
-6
23
43
58
62
68
71
74
69
71
62
56
61
50
57
67
59
63
69
75
67
62
70
67
54
37
26
7
2
3
-3
-12
-22
-24
-31
-28
-23
-13
-5
9
35
37
37
42
45
50
59
64
64
65
68
68
78
79
82
82
81
71
65
62
59
55
50
45
30
24
15
-1
-17
-35
-34
-37
-50
-47
-41
-47
-54
-56
-60
-84
-88
-81
-72
-58
-45
-43
-49
-46
-39
-31
-33
-25
-11
6
0
-16
-15
-19
-8
8
23
35
40
78
101
125
162
177
197
242
272
280
264
232
178
123
80
-8
-116
-222
-308
-381
-442
-508
-581
-632
-641
-631
-624
-620
-577
-513
-441
-349
-232
-155
-94
9
108
180
224
278
311
346
395
420
433
480
543
559
560
579
583
577
576
549
499
424
384
334
258
189
112
22
-58
-109
-177
-262
-301
-315
-340
-361
-361
-390
-433
-413
-359
-347
-347
-293
-238
-221
-175
-123
-116
-73
-21
17
56
114
159
199
237
244
253
246
242
219
210
190
153
129
89
64
54
23
-17
-40
-85
-107
-117
-126
-163
-198
-218
-244
-276
-295
-294
-291
-276
-262
-263
-230
-201
-159
-104
-40
29
80
145
197
228
245
268
296
307
307
313
314
326
312
294
260
234
219
180
160
145
104
57
36
-23
-85
-139
-194
-214
-233
-264
-299
-309
-308
-274
-243
-198
-136
-52
67
185
300
401
519
608
670
653
616
601
515
365
162
-36
-240
-467
-639
-774
-922
-1068
-1112
-1088
-1079
-1042
-954
-887
-753
-574
-406
-290
-203
-84
13
83
140
209
259
298
375
433
433
471
556
615
662
722
779
753
782
853
814
740
699
640
537
444
332
182
65
15
-57
-145
-213
-278
-334
-383
-437
-486
-534
-546
-515
-538
-569
-570
-584
-586
-568
-538
-525
-476
-367
-287
-213
-115
-32
28
103
202
276
290
340
375
380
399
389
349
347
371
361
325
261
237
213
189
162
126
108
61
19
-36
-100
-167
-207
-243
-280
-296
-290
-272
-284
-182
-102
-60
33
188
351
493
735
879
959
1133
1274
1257
1239
1126
943
739
580
296
-93
-379
-681
-982
-1188
-1369
-1603
-1768
-1788
-1726
-1705
-1656
-1551
-1396
-1230
-1030
-823
-698
-545
-352
-172
-87
-5
104
218
321
489
599
624
762
954
1088
1168
1270
1344
1361
1379
1383
1289
1125
1054
969
835
692
553
400
248
189
90
-89
-223
-241
-316
-391
-410
-497
-570
-578
-588
-732
-851
-896
-948
-931
-880
-837
-815
-722
-567
-471
-380
-258
-134
-22
124
260
345
438
590
732
830
987
1105
1141
1205
1296
1287
1292
1283
1133
980
718
428
146
-123
-513
-992
-1346
-1719
-2088
-2333
-2503
-2723
-2831
-2740
-2590
-2449
-2241
-1973
-1720
-1382
-994
-595
-318
-60
266
571
790
973
1206
1386
1524
1759
1935
2018
2140
2298
2365
2391
2458
2454
2394
2363
2245
2035
1804
1562
1340
1056
724
432
131
-187
-407
-590
-873
-1117
-1241
-1358
-1448
-1487
-1497
-1585
-1513
-1348
-1276
-1160
-962
-764
-595
-333
-78
104
388
690
872
1044
1253
1255
1216
1228
1064
816
621
349
-120
-519
-841
-1235
-1614
-1846
-2100
-2386
-2460
-2462
-2456
-2405
-2233
-2059
-1835
-1569
-1266
-1036
-869
-597
-324
-122
69
308
558
740
990
1267
1484
1696
1958
2202
2303
2398
2498
2504
2459
2399
2232
1954
1688
1493
1157
815
555
242
-67
-228
-327
-541
-667
-679
-677
-618
-449
-371
-325
-236
-61
-61
-224
-307
-549
-779
-940
-1029
-1426
-1844
-1962
-2156
-2330
-2329
-2288
-2378
-2241
-1867
-1575
-1376
-1041
-657
-333
43
352
621
779
992
1210
1321
1375
1335
1456
1560
1582
1661
1679
1677
1708
1845
1851
1717
1628
1580
1461
1295
1122
864
606
356
126
-164
-432
-647
-802
-839
-903
-948
-942
-834
-595
-383
-175
34
249
489
768
956
1061
1190
1138
1033
868
606
305
21
-361
-832
-1163
-1504
-1880
-2144
-2293
-2486
-2658
-2584
-2427
-2341
-2225
-1985
-1811
-1601
-1262
-942
-735
-578
-295
-30
163
385
565
753
922
1175
1363
1485
1617
1775
1931
2015
2136
2156
2175
2122
2022
1899
1680
1489
1325
1109
786
581
354
170
92
35
-59
-74
33
21
51
156
217
253
242
142
-79
-291
-504
-720
-988
-1415
-1842
-2092
-2354
-2584
-2716
-2842
-2948
-2829
-2553
-2342
-2165
-1893
-1554
-1161
-741
-342
-29
190
455
762
1008
1091
1200
1387
1503
1613
1774
1827
1842
1935
2020
1961
1869
1817
1746
1639
1500
1257
980
740
535
319
126
-59
-216
-260
-196
-118
-112
5
209
409
590
736
868
1007
1099
1029
836
560
247
-47
-312
-740
-1240
-1609
-1984
-2266
-2500
-2671
-2885
-2965
-2804
-2630
-2439
-2252
-1980
-1729
-1392
-1041
-759
-550
-342
-64
212
461
590
781
1032
1270
1506
1684
1829
1997
2208
2309
2391
2359
2311
2283
2185
1963
1653
1443
1174
950
778
554
282
116
85
31
67
139
223
358
562
679
741
812
817
757
566
252
-156
-521
-882
-1338
-1868
-2390
-2813
-3175
-3361
-3507
-3638
-3705
-3587
-3242
-2884
-2558
-2275
-1865
-1365
-906
-460
-114
175
471
815
1086
1242
1368
1503
1687
1871
2021
2112
2272
2428
2581
2595
2503
2401
2307
2186
1888
1571
1156
758
445
162
-194
-535
-658
-777
-772
-645
-547
-438
-125
202
399
664
863
988
1005
986
737
372
12
-312
-735
-1281
-1765
-2211
-2527
-2745
-2879
-3005
-3080
-2945
-2655
-2330
-2037
-1744
-1406
-1028
-629
-275
-47
105
310
534
721
855
930
1086
1278
1492
1693
1869
2008
2222
2454
2527
2532
2522
2459
2313
2171
1940
1543
1226
948
674
421
210
14
-44
62
179
289
456
680
873
1070
1155
1200
1134
954
696
319
-147
-632
-1090
-1674
-2241
-2710
-3156
-3497
-3680
-3827
-3936
-3937
-3744
-3424
-3114
-2802
-2473
-2145
-1785
-1339
-954
-670
-460
-187
112
369
617
875
1146
1404
1766
2071
2315
2505
2775
2942
3017
3018
2908
2758
2593
2372
1974
1615
1239
852
542
271
19
-142
-149
-77
81
228
431
652
871
1100
1268
1296
1132
987
696
283
-132
-554
-1122
-1715
-2113
-2525
-2910
-3121
-3232
-3321
-3278
-3075
-2780
-2472
-2140
-1733
-1396
-1019
-660
-325
-44
106
257
338
444
523
657
794
857
973
1116
1259
1417
1605
1699
1821
1912
1888
1811
1686
1510
1225
959
698
430
234
53
-96
-156
-49
60
233
510
766
1031
1298
1564
1741
1841
1745
1537
1297
896
443
-1
-584
-1268
-1736
-2155
-2634
-2948
-3157
-3313
-3371
-3160
-2899
-2644
-2279
-1899
-1529
-1170
-791
-459
-172
31
178
317
447
506
628
795
858
994
1196
1347
1508
1736
1864
1945
2048
2085
2004
1914
1730
1465
1257
971
651
378
173
-36
-104
-57
-9
121
345
535
741
999
1135
1240
1229
1056
802
440
-5
-489
-974
-1565
-2187
-2639
-3014
-3384
-3561
-3639
-3687
-3526
-3146
-2743
-2379
-1862
-1403
-929
-421
40
444
728
1011
1229
1445
1532
1573
1637
1724
1799
1839
1908
1909
1964
2042
2063
2013
1903
1768
1620
1407
1104
709
394
117
-171
-416
-615
-741
-756
-637
-503
-322
-80
177
436
750
958
1051
1018
906
705
365
-20
-411
-939
-1572
-2048
-2465
-2878
-3157
-3265
-3334
-3317
-3105
-2776
-2383
-1953
-1431
-938
-460
31
477
868
1108
1351
1531
1663
1709
1789
1846
1857
1954
2027
2089
2098
2178
2187
2204
2156
2030
1945
1764
1537
1211
939
608
250
-29
-332
-574
-684
-634
-579
-439
-234
-5
275
598
869
1037
1089
965
792
468
84
-314
-819
-1491
-2110
-2581
-3051
-3475
-3712
-3884
-4031
-3944
-3641
-3284
-2946
-2460
-1941
-1447
-940
-484
-24
338
649
985
1237
1382
1524
1720
1804
1916
2055
2165
2279
2383
2481
2508
2520
2455
2352
2197
1947
1641
1350
1085
743
406
149
-102
-263
-249
-235
-213
-85
102
305
548
743
901
975
914
764
513
167
-251
-663
-1263
-1825
-2262
-2723
-3171
-3480
-3661
-3853
-3818
-3616
-3296
-2970
-2577
-2089
-1610
-1078
-560
-48
358
723
1068
1350
1532
1682
1865
1985
2090
2201
2307
2367
2443
2543
2513
2464
2363
2294
2148
1938
1652
1307
1070
803
539
260
20
-186
-275
-245
-228
-190
-100
61
276
452
599
584
480
315
100
-154
-497
-916
-1452
-1885
-2281
-2686
-3064
-3270
-3430
-3552
-3470
-3286
-2983
-2659
-2206
-1721
-1260
-758
-223
305
690
1018
1319
1586
1799
1965
2116
2126
2207
2288
2305
2324
2299
2276
2216
2179
2018
1846
1665
1448
1246
1038
815
541
342
185
62
7
18
62
151
291
356
439
512
584
642
505
299
19
-298
-619
-976
-1410
-1956
-2416
-2772
-3081
-3394
-3594
-3740
-3818
-3711
-3485
-3185
-2914
-2468
-1965
-1473
-974
-452
37
403
818
1201
1478
1725
1931
2113
2229
2316
2292
2308
2329
2340
2336
2208
2077
1941
1818
1622
1367
1069
837
704
516
359
209
153
167
236
357
448
556
652
770
795
829
719
495
258
-64
-426
-829
-1179
-1660
-2106
-2465
-2765
-3009
-3208
-3246
-3298
-3265
-3072
-2747
-2435
-2047
-1624
-1227
-738
-253
254
672
1044
1392
1720
2014
2212
2404
2550
2657
2739
2743
2706
2584
2473
2287
2107
1874
1591
1331
1076
827
569
326
91
-32
-71
-116
-94
38
195
361
558
732
791
854
886
850
648
372
-18
-466
-892
-1344
-1858
-2435
-2845
-3186
-3451
-3651
-3745
-3743
-3720
-3525
-3224
-2862
-2532
-2114
-1666
-1197
-736
-300
157
544
953
1321
1647
1929
2189
2442
2625
2746
2819
2875
2877
2824
2666
2433
2152
1823
1557
1191
775
397
67
-147
-324
-407
-474
-375
-220
-40
229
483
714
906
1069
1117
1177
983
689
311
-148
-673
-1200
-1719
-2374
-2885
-3248
-3565
-3805
-3870
-3819
-3719
-3508
-3201
-2791
-2380
-1916
-1449
-984
-522
-101
395
770
1094
1437
1774
2059
2322
2574
2781
2970
3131
3231
3256
3231
3091
2857
2653
2333
1955
1542
1120
691
252
-84
-452
-688
-807
-805
-728
-523
-188
65
395
645
916
1092
1235
1218
980
684
234
-256
-759
-1285
-1992
-2583
-3068
-3480
-3747
-3963
-4026
-4036
-3831
-3544
-3114
-2696
-2267
-1716
-1213
-677
-220
256
664
1051
1441
1791
2059
2311
2620
2847
3054
3198
3356
3501
3546
3538
3431
3213
2894
2555
2157
1651
1138
629
172
-265
-601
-829
-1050
-1075
-968
-786
-569
-296
20
264
518
701
684
530
261
-128
-590
-1027
-1593
-2226
-2777
-3244
-3640
-3950
-4105
-4188
-4126
-3960
-3667
-3273
-2863
-2381
-1903
-1350
-870
-384
86
503
858
1213
1532
1796
2099
2371
2620
2832
3016
3171
3319
3418
3412
3325
3141
2872
2560
2163
1712
1241
727
284
-150
-493
-740
-903
-904
-839
-684
-455
-162
96
418
668
841
834
708
462
65
-340
-798
-1315
-1948
-2481
-2969
-3399
-3689
-3898
-3965
-3982
-3795
-3493
-3121
-2681
-2257
-1760
-1281
-789
-313
165
538
877
1264
1606
1948
2234
2584
2910
3189
3424
3633
3815
3871
3871
3798
3630
3377
3095
2688
2222
1776
1275
780
348
1
-337
-526
-570
-534
-415
-250
-54
114
320
460
505
408
198
-160
-591
-1048
-1559
-2187
-2816
-3333
-3777
-4126
-4345
-4458
-4441
-4300
-4021
-3620
-3205
-2727
-2237
-1691
-1150
-681
-216
198
580
940
1306
1628
1919
2216
2513
2824
3048
3290
3500
3657
3746
3733
3586
3334
3071
2709
2234
1737
1248
714
284
-99
-466
-742
-885
-907
-860
-695
-476
-306
-63
189
354
360
261
56
-288
-688
-1143
-1669
-2285
-2869
-3320
-3721
-4030
-4207
-4245
-4215
-3994
-3664
-3247
-2780
-2303
-1743
-1241
-794
-336
80
444
760
1047
1303
1564
1837
2162
2459
2735
2970
3233
3476
3634
3771
3819
3773
3598
3411
3093
2685
2288
1822
1381
995
628
277
69
24
3
88
271
392
526
688
801
778
620
398
-44
-547
-1064
-1652
-2353
-3054
-3671
-4150
-4556
-4835
-4949
-4964
-4782
-4473
-3977
-3452
-2890
-2285
-1676
-1082
-561
-48
396
750
1100
1396
1680
1938
2187
2437
2742
3028
3261
3554
3787
3952
4055
4082
3958
3814
3548
3164
2715
2238
1736
1225
790
351
54
-105
-203
-226
-136
-11
98
302
437
505
357
104
-270
-782
-1284
-1874
-2548
-3292
-3946
-4499
-4932
-5221
-5378
-5362
-5232
-4879
-4404
-3822
-3237
-2557
-1852
-1200
-570
-36
467
858
1208
1482
1720
1976
2190
2462
2700
2946
3154
3414
3660
3804
3927
3953
3898
3734
3539
3202
2802
2385
1908
1428
959
566
189
-32
-134
-142
-96
65
240
356
578
692
675
539
245
-198
-730
-1277
-1952
-2699
-3477
-4103
-4635
-5077
-5342
-5452
-5391
-5129
-4664
-4095
-3486
-2786
-2056
-1377
-699
-95
440
857
1229
1546
1776
2001
2180
2354
2571
2789
2978
3191
3426
3613
3766
3872
3879
3801
3681
3432
3097
2697
2243
1781
1377
1004
657
383
203
206
269
407
540
728
958
1136
1192
1058
797
359
-142
-714
-1399
-2215
-3025
-3745
-4405
-4979
-5382
-5620
-5744
-5592
-5293
-4845
-4268
-3617
-2876
-2101
-1352
-703
-79
483
967
1320
1626
1930
2154
2371
2561
2740
2889
3093
3297
3435
3593
3688
3720
3665
3569
3362
3075
2779
2338
1863
1466
1059
622
363
210
84
65
143
234
338
508
673
744
685
493
150
-249
-739
-1331
-2022
-2785
-3488
-4131
-4709
-5180
-5490
-5654
-5664
-5441
-5022
-4512
-3917
-3225
-2481
-1723
-969
-266
378
942
1408
1769
2090
2370
2588
2816
2946
3084
3226
3365
3440
3554
3627
3605
3545
3410
3259
2998
2779
2463
2104
1739
1369
1069
788
625
512
476
515
577
652
751
876
897
778
564
240
-178
-677
-1205
-1863
-2591
-3280
-3888
-4447
-4900
-5214
-5432
-5465
-5337
-5070
-4650
-4150
-3548
-2885
-2158
-1415
-713
-81
485
995
1477
1946
2276
2591
2849
3075
3259
3440
3610
3684
3792
3789
3776
3671
3552
3405
3154
2904
2574
2262
1905
1637
1355
1142
1024
918
849
858
954
982
1062
1137
1107
953
735
406
-80
-574
-1082
-1766
-2535
-3204
-3835
-4439
-4887
-5212
-5459
-5553
-5452
-5184
-4838
-4362
-3839
-3232
-2564
-1923
-1266
-655
-80
411
906
1313
1665
1977
2275
2561
2749
2994
3202
3356
3466
3524
3487
3416
3346
3155
2955
2710
2431
2093
1775
1466
1129
929
768
670
652
693
755
816
884
980
996
848
627
326
-67
-569
-1072
-1722
-2455
-3105
-3707
-4280
-4766
-5086
-5331
-5427
-5354
-5138
-4800
-4345
-3783
-3237
-2551
-1921
-1235
-594
-8
550
997
1497
1900
2308
2639
2949
3194
3410
3602
3723
3867
3903
3937
3865
3736
3596
3343
3127
2852
2572
2257
1977
1704
1481
1390
1277
1213
1213
1266
1290
1308
1319
1310
1139
900
578
124
-339
-877
-1484
-2194
-2877
-3457
-4028
-4495
-4833
-5145
-5309
-5264
-5069
-4798
-4446
-3946
-3434
-2840
-2224
-1620
-1044
-495
18
466
919
1290
1632
1931
2207
2436
2659
2872
2969
3061
3088
3051
2945
2848
2706
2514
2339
2152
1945
1711
1487
1297
1154
1064
1056
1093
1161
1225
1346
1428
1460
1477
1372
1126
772
337
-173
-684
-1305
-2023
-2656
-3221
-3722
-4212
-4535
-4801
-4985
-4956
-4835
-4531
-4190
-3671
-3172
-2610
-2022
-1474
-889
-376
123
567
1034
1396
1736
2019
2284
2503
2692
2860
2905
2964
2952
2871
2740
2574
2391
2174
1987
1783
1547
1370
1221
1110
1017
998
1013
1100
1235
1329
1405
1499
1564
1559
1386
1136
770
324
-156
-698
-1344
-2043
-2624
-3173
-3686
-4126
-4411
-4666
-4798
-4725
-4567
-4314
-3947
-3441
-2971
-2377
-1772
-1171
-581
-21
508
962
1422
1779
2142
2495
2806
2996
3163
3336
3409
3428
3367
3240
3045
2850
2617
2335
2038
1788
1546
1305
1114
936
835
784
808
903
1009
1096
1225
1306
1364
1366
1181
882
471
5
-522
-1055
-1671
-2360
-2936
-3457
-3964
-4370
-4628
-4822
-4856
-4743
-4525
-4190
-3770
-3274
-2735
-2112
-1531
-954
-379
165
608
994
1427
1802
2172
2506
2762
2961
3171
3323
3364
3393
3279
3118
2893
2615
2274
1929
1608
1256
936
677
433
221
155
122
147
235
376
518
670
810
937
932
818
560
178
-293
-827
-1328
-1976
-2622
-3222
-3730
-4179
-4543
-4731
-4866
-4821
-4664
-4345
-3947
-3465
-2893
-2344
-1690
-1120
-512
9
528
1013
1411
1808
2130
2484
2823
3130
3333
3573
3721
3844
3891
3819
3682
3438
3219
2889
2514
2180
1791
1450
1169
899
678
588
544
558
636
736
837
955
1078
1155
1134
980
716
313
-160
-719
-1305
-1990
-2697
-3316
-3898
-4364
-4720
-4939
-5094
-5069
-4881
-4569
-4191
-3716
-3129
-2564
-1953
-1350
-731
-130
417
905
1330
1796
2148
2502
2847
3154
3378
3602
3822
3910
3977
3914
3786
3603
3386
3061
2714
2378
1957
1575
1248
956
688
530
435
390
415
495
530
587
646
636
546
357
34
-395
-853
-1402
-2009
-2641
-3310
-3916
-4459
-4879
-5202
-5396
-5459
-5319
-5046
-4652
-4160
-3601
-2942
-2307
-1578
-961
-343
240
769
1233
1627
2012
2328
2648
2914
3148
3359
3575
3721
3822
3880
3758
3588
3388
3180
2905
2589
2252
1897
1580
1277
996
756
593
535
526
587
651
735
817
850
825
702
431
95
-344
-890
-1429
-2076
-2786
-3439
-3997
-4489
-4946
-5189
-5385
-5414
-5199
-4889
-4442
-3943
-3329
-2698
-1965
-1240
-544
136
735
1314
1750
2165
2508
2797
3128
3360
3569
3752
3919
4015
4062
4025
3890
3725
3529
3299
3030
2774
2400
2074
1779
1471
1209
998
855
783
794
813
836
851
831
798
694
470
156
-220
-707
-1248
-1795
-2479
-3178
-3821
-4334
-4817
-5218
-5486
-5659
-5602
-5386
-5063
-4612
-4066
-3447
-2768
-2013
-1278
-597
97
717
1281
1796
2217
2564
2903
3182
3386
3566
3685
3776
3825
3834
3734
3543
3369
3144
2864
2607
2321
1961
1650
1403
1173
989
848
735
722
759
785
843
874
851
785
622
329
-40
-497
-1040
-1590
-2211
-2904
-3554
-4126
-4664
-5107
-5422
-5662
-5742
-5614
-5358
-5008
-4548
-3943
-3312
-2602
-1855
-1147
-409
264
882
1468
2016
2499
2935
3345
3631
3875
4060
4221
4301
4302
4243
4058
3877
3622
3400
3125
2808
2457
2135
1871
1574
1378
1208
1109
1066
1059
1058
1087
1096
1085
1052
885
618
239
-221
-768
-1315
-1929
-2702
-3390
-3991
-4554
-5061
-5422
-5674
-5837
-5784
-5599
-5277
-4844
-4304
-3711
-3044
-2330
-1607
-813
-71
622
1275
1891
2435
2892
3303
3676
3979
4245
4433
4557
4612
4557
4392
4198
3934
3626
3294
2955
2558
2143
1807
1490
1208
1015
910
786
775
763
761
787
769
767
665
499
204
-186
-681
-1232
-1818
-2520
-3184
-3801
-4389
-4916
-5329
-5630
-5859
-5889
-5819
-5582
-5233
-4757
-4192
-3573
-2860
-2176
-1424
-707
26
664
1271
1868
2328
2806
3236
3592
3866
4126
4347
4473
4542
4454
4339
4127
3910
3586
3253
2922
2524
2221
1915
1648
1426
1290
1170
1121
1141
1123
1158
1142
1159
1103
915
634
236
-229
-810
-1390
-2059
-2804
-3495
-4095
-4695
-5212
-5587
-5885
-6003
-5951
-5767
-5503
-5099
-4579
-4012
-3339
-2684
-1973
-1248
-552
103
726
1359
1904
2445
2935
3380
3753
4065
4337
4516
4658
4646
4570
4411
4192
3929
3600
3247
2904
2562
2221
1910
1694
1499
1358
1298
1257
1257
1279
1255
1237
1199
1024
740
365
-55
-603
-1169
-1779
-2527
-3220
-3814
-4448
-4973
-5352
-5639
-5849
-5843
-5739
-5552
-5203
-4744
-4218
-3646
-2984
-2337
-1587
-889
-193
455
1075
1702
2272
2888
3334
3736
4105
4392
4631
4779
4794
4689
4584
4351
4062
3728
3378
2986
2648
2356
1983
1752
1524
1372
1282
1236
1208
1207
1251
1209
1167
995
711
324
-139
-679
-1264
-1830
-2549
-3251
-3850
-4419
-4905
-5326
-5597
-5805
-5865
-5758
-5546
-5259
-4876
-4392
-3905
-3341
-2726
-2081
-1434
-811
-159
425
993
1549
2124
2643
3061
3488
3832
4104
4308
4402
4380
4308
4143
3919
3649
3308
2990
2626
2333
2075
1864
1700
1577
1544
1505
1521
1530
1515
1501
1456
1325
1027
664
197
-335
-930
-1548
-2283
-2971
-3585
-4160
-4643
-5035
-5297
-5516
-5528
-5455
-5270
-4998
-4617
-4164
-3677
-3124
-2571
-1959
-1346
-692
-95
498
1098
1668
2273
2818
3314
3781
4194
4524
4799
4924
4934
4859
4710
4458
4128
3750
3348
2973
2593
2255
1994
1769
1610
1569
1542
1534
1523
1561
1489
1418
1285
971
559
41
-552
-1211
-1851
-2607
-3359
-4004
-4541
-5076
-5517
-5723
-5914
-5913
-5799
-5539
-5240
-4891
-4446
-3979
-3454
-2965
-2423
-1868
-1262
-692
-132
483
1058
1688
2257
2794
3320
3782
4215
4513
4738
4798
4793
4694
4522
4230
3887
3513
3086
2769
2389
2091
1835
1651
1566
1502
1536
1545
1609
1595
1556
1427
1157
801
273
-236
-883
-1523
-2231
-2961
-3632
-4243
-4752
-5190
-5443
-5632
-5625
-5511
-5275
-4931
-4570
-4110
-3680
-3165
-2663
-2148
-1629
-1116
-653
-172
394
875
1388
1884
2384
2857
3294
3730
4051
4318
4435
4484
4434
4296
4096
3765
3443
3052
2702
2387
2096
1842
1660
1604
1540
1596
1609
1652
1668
1630
1539
1312
995
499
-45
-687
-1335
-2097
-2871
-3553
-4185
-4732
-5202
-5451
-5630
-5644
-5503
-5269
-4931
-4542
-4086
-3631
-3111
-2611
-2097
-1606
-1117
-620
-173
339
806
1283
1790
2243
2717
3203
3659
4029
4378
4580
4656
4688
4613
4420
4159
3861
3493
3158
2851
2566
2345
2195
2102
2018
2013
1988
1992
1968
1921
1765
1477
1105
546
-38
-709
-1391
-2153
-2990
-3731
-4396
-4965
-5487
-5753
-5957
-5998
-5869
-5623
-5249
-4886
-4342
-3875
-3326
-2815
-2296
-1753
-1282
-808
-417
45
457
936
1428
1896
2352
2799
3271
3593
3932
4110
4205
4256
4188
4030
3833
3614
3258
2944
2645
2401
2148
2042
1988
1937
1996
2010
2066
2077
2061
1930
1644
1272
713
93
-581
-1316
-2127
-2981
-3748
-4426
-4994
-5488
-5803
-6001
-6020
-5845
-5576
-5172
-4751
-4209
-3647
-3060
-2486
-1942
-1386
-913
-449
-41
387
788
1236
1711
2151
2608
3002
3446
3781
4122
4343
4434
4480
4415
4292
4003
3740
3412
3077
2798
2508
2264
2118
2061
2029
2114
2164
2219
2281
2292
2238
1997
1661
1149
523
-152
-883
-1723
-2624
-3422
-4146
-4810
-5343
-5712
-5952
-6051
-5920
-5667
-5297
-4853
-4344
-3797
-3231
-2649
-2145
-1621
-1126
-701
-313
75
463
823
1249
1670
2083
2460
2914
3315
3635
3900
4000
4090
4067
3960
3766
3493
3186
2875
2554
2289
2140
2003
1964
1975
2078
2159
2248
2308
2274
2239
2039
1718
1226
625
-45
-796
-1630
-2554
-3380
-4165
-4832
-5433
-5854
-6133
-6229
-6103
-5899
-5513
-5093
-4526
-3970
-3374
-2779
-2248
-1693
-1211
-718
-295
141
515
933
1367
1769
2203
2588
3014
3352
3734
3940
4062
4161
4117
4001
3831
3629
3284
3022
2752
2478
2262
2122
2063
2035
2156
2186
2292
2378
2404
2360
2164
1873
1368
819
139
-585
-1408
-2294
-3156
-3955
-4627
-5263
-5709
-6037
-6168
-6118
-5918
-5552
-5153
-4588
-4013
-3395
-2789
-2221
-1636
-1109
-593
-179
232
639
1031
1456
1866
2258
2629
3049
3393
3719
3960
4111
4193
4170
4103
3925
3761
3452
3164
2869
2563
2331
2155
2114
2068
2165
2240
2337
2442
2473
2470
2289
2070
1603
1063
403
-314
-1142
-2077
-2903
-3778
-4491
-5183
-5652
-6034
-6219
-6174
-6024
-5677
-5325
-4797
-4297
-3697
-3111
-2575
-2012
-1507
-998
-578
-130
237
631
1040
1422
1803
2162
2547
2847
3208
3463
3596
3693
3679
3618
3497
3349
3071
2835
2608
2382
2190
2068
2002
1937
2038
2092
2208
2326
2425
2463
2317
2128
1739
1228
619
-54
-852
-1747
-2594
-3468
-4227
-4920
-5424
-5833
-6054
-6059
-5926
-5611
-5248
-4743
-4185
-3587
-2975
-2390
-1812
-1246
-715
-277
156
534
894
1290
1664
2025
2332
2691
2960
3241
3479
3609
3706
3722
3703
3603
3480
3267
3056
2828
2610
2433
2296
2238
2168
2233
2296
2379
2463
2521
2547
2391
2181
1796
1291
703
48
-696
-1563
-2427
-3258
-3970
-4670
-5216
-5637
-5930
-6027
-5987
-5735
-5472
-5009
-4482
-3905
-3234
-2638
-2003
-1414
-869
-385
84
488
874
1249
1602
1942
2209
2538
2757
2995
3177
3280
3341
3347
3335
3177
3061
2890
2662
2502
2317
2133
2018
2038
2010
2077
2185
2260
2353
2388
2433
2260
2059
1706
1217
662
41
-624
-1445
-2252
-3078
-3786
-4496
-5041
-5474
-5816
-5923
-5914
-5726
-5505
-5102
-4633
-4110
-3482
-2888
-2231
-1628
-1021
-481
40
543
958
1383
1792
2180
2449
2772
3014
3200
3378
3438
3440
3396
3354
3185
3067
2914
2725
2572
2443
2319
2233
2263
2248
2324
2444
2535
2617
2642
2667
2539
2319
1999
1510
927
272
-395
-1218
-2033
-2851
-3606
-4285
-4900
-5316
-5726
-5865
-5874
-5741
-5512
-5185
-4709
-4262
-3692
-3161
-2566
-1965
-1370
-826
-283
223
670
1155
1575
1997
2316
2628
2898
3076
3242
3284
3279
3215
3139
2944
2766
2607
2365
2216
2061
1960
1904
1921
1987
2082
2269
2405
2528
2596
2634
2588
2384
2120
1642
1110
484
-194
-955
-1775
-2557
-3340
-3998
-4657
-5107
-5467
-5692
-5723
-5617
-5352
-5042
-4585
-4122
-3555
-2994
-2428
-1848
-1327
-804
-350
164
608
1050
1519
1928
2285
2627
2970
3150
3343
3437
3431
3385
3269
3110
2883
2683
2435
2196
2004
1852
1723
1700
1763
1844
2013
2193
2361
2498
2595
2616
2501
2276
1888
1387
798
116
-646
-1509
-2366
-3158
-3871
-4545
-5075
-5437
-5753
-5885
-5850
-5660
-5385
-4984
-4486
-3961
-3403
-2818
-2212
-1624
-1076
-575
-69
407
846
1311
1719
2078
2402
2741
3025
3196
3364
3422
3396
3319
3192
2962
2742
2536
2279
2074
1947
1836
1766
1826
1860
1950
2131
2288
2412
2554
2652
2617
2463
2213
1787
1186
580
-132
-967
-1820
-2641
-3421
-4106
-4699
-5159
-5513
-5724
-5731
-5607
-5353
-5004
-4530
-4011
-3408
-2772
-2175
-1577
-982
-445
68
542
958
1367
1764
2087
2345
2621
2873
3040
3186
3280
3224
3166
3077
2918
2686
2480
2269
2021
1839
1705
1587
1518
1590
1655
1788
1957
2127
2270
2366
2492
2383
2184
1859
1364
792
135
-575
-1449
-2280
-3043
-3794
-4472
-5040
-5447
-5771
-5850
-5821
-5641
-5353
-4950
-4491
-3974
-3338
-2740
-2100
-1517
-944
-397
119
625
1039
1486
1836
2166
2433
2672
2901
3024
3147
3166
3171
3096
2995
2828
2657
2491
2286
2129
2003
1909
1845
1888
1951
2057
2257
2422
2584
2689
2796
2705
2519
2273
1799
1295
662
7
-830
-1673
-2476
-3247
-3971
-4598
-5070
-5486
-5678
-5761
-5620
-5398
-5054
-4585
-4113
-3503
-2953
-2335
-1747
-1150
-611
-109
387
818
1287
1651
1997
2264
2537
2746
2894
3062
3053
3047
2962
2869
2676
2475
2309
2073
1905
1754
1637
1529
1550
1605
1677
1854
2003
2142
2287
2408
2433
2316
2090
1702
1246
667
26
-693
-1527
-2298
-3070
-3766
-4417
-4924
-5345
-5605
-5696
-5654
-5453
-5194
-4718
-4263
-3665
-3058
-2448
-1796
-1191
-588
-93
445
902
1348
1759
2119
2407
2665
2917
3033
3140
3181
3152
3077
2992
2860
2621
2481
2253
2051
1906
1808
1726
1678
1769
1854
2020
2186
2344
2471
2552
2587
2493
2343
2004
1531
981
378
-325
-1174
-1957
-2765
-3495
-4169
-4725
-5163
-5503
-5642
-5696
-5534
-5327
-4957
-4479
-3963
-3383
-2814
-2169
-1558
-953
-426
91
580
1020
1475
1823
2151
2415
2651
2843
2997
3098
3108
3074
2974
2860
2656
2453
2277
2049
1895
1778
1668
1590
1638
1733
1855
2026
2169
2302
2399
2517
2463
2284
2036
1632
1102
499
-148
-969
-1780
-2573
-3324
-3998
-4565
-5020
-5394
-5598
-5676
-5584
-5373
-5038
-4587
-4089
-3495
-2924
-2304
-1680
-1081
-559
-44
448
891
1326
1717
2059
2316
2542
2742
2894
2987
3024
2978
2908
2809
2626
2424
2274
2077
1899
1813
1756
1689
1737
1853
1972
2149
2334
2480
2580
2695
2657
2469
2209
1804
1292
721
99
-658
-1488
-2262
-2994
-3693
-4322
-4813
-5217
-5487
-5606
-5570
-5405
-5117
-4700
-4209
-3640
-3076
-2447
-1838
-1231
-657
-109
428
872
1336
1754
2126
2387
2649
2859
2962
3058
3066
2996
2916
2824
2652
2465
2277
2084
1906
1765
1644
1575
1592
1674
1785
1936
2105
2232
2398
2494
2506
2389
2164
1795
1268
733
97
-654
-1461
-2233
-2972
-3648
-4287
-4761
-5153
-5454
-5584
-5556
-5399
-5146
-4697
-4220
-3676
-3105
-2535
-1931
-1318
-757
-251
278
744
1178
1563
1919
2220
2462
2709
2835
2940
2978
2929
2824
2724
2576
2369
2202
1994
1819
1709
1654
1602
1618
1736
1875
2051
2239
2371
2470
2581
2599
2485
2273
1925
1439
882
283
-452
-1261
-2061
-2820
-3501
-4139
-4646
-5045
-5345
-5491
-5503
-5353
-5138
-4765
-4338
-3843
-3285
-2718
-2124
-1510
-911
-364
179
689
1154
1557
1926
2270
2536
2776
2951
3075
3157
3102
2976
2846
2693
2482
2283
2077
1865
1711
1614
1559
1544
1645
1757
1913
2112
2286
2457
2589
2668
2627
2440
2145
1690
1146
550
-135
-924
-1750
-2513
-3246
-3909
-4488
-4915
-5246
-5453
-5502
-5377
-5183
-4883
-4426
-3963
-3399
-2843
-2259
-1664
-1076
-539
-33
467
938
1391
1786
2137
2396
2638
2854
2963
3051
3033
2957
2839
2692
2478
2192
1970
1753
1578
1433
1378
1306
1355
1492
1611
1838
2026
2228
2368
2494
2542
2419
2220
1834
1349
746
116
-610
-1424
-2206
-2961
-3624
-4254
-4746
-5148
-5412
-5503
-5445
-5251
-4996
-4575
-4153
-3646
-3107
-2531
-1906
-1324
-741
-239
270
748
1173
1577
1932
2233
2481
2726
2879
2969
3010
2993
2908
2801
2650
2438
2238
2016
1813
1659
1568
1484
1468
1554
1667
1836
2047
2216
2389
2508
2569
2518
2340
2041
1560
999
373
-297
-1090
-1905
-2658
-3353
-4016
-4563
-4957
-5294
-5441
-5478
-5308
-5066
-4703
-4258
-3753
-3161
-2631
-2036
-1438
-846
-332
164
628
1045
1443
1784
2113
2357
2591
2760
2873
2985
2963
2892
2821
2697
2482
2278
2108
1889
1754
1660
1583
1569
1626
1701
1825
2040
2194
2329
2453
2528
2511
2378
2103
1679
1156
559
-93
-846
-1620
-2416
-3164
-3838
-4434
-4864
-5235
-5426
-5487
-5403
-5181
-4852
-4419
-3952
-3364
-2786
-2194
-1618
-1031
-509
-32
459
890
1304
1656
1983
2233
2477
2693
2824
2938
2989
2935
2841
2770
2587
2396
2251
2023
1822
1709
1612
1551
1577
1647
1742
1919
2074
2191
2322
2444
2463
2363
2146
1809
1362
795
137
-545
-1312
-2103
-2827
-3499
-4157
-4701
-5067
-5363
-5497
-5484
-5335
-5090
-4709
-4249
-3740
-3176
-2612
-2009
-1432
-895
-430
62
523
899
1271
1597
1899
2159
2392
2566
2684
2794
2799
2769
2729
2614
2417
2250
2117
1942
1840
1763
1726
1715
1769
1847
1947
2147
2261
2408
2529
2577
2518
2365
2098
1643
1124
525
-155
-950
-1725
-2511
-3223
-3853
-4427
-4817
-5132
-5300
-5356
-5257
-5015
-4685
-4228
-3728
-3140
-2568
-1982
-1416
-857
-389
65
518
919
1308
1664
1989
2226
2458
2650
2793
2904
2962
2920
2877
2807
2662
2480
2315
2098
1902
1797
1708
1616
1614
1700
1775
1933
2094
2227
2332
2430
2448
2290
2085
1707
1203
626
-9
-758
-1557
-2311
-3056
-3734
-4334
-4795
-5160
-5385
-5451
-5405
-5181
-4892
-4479
-4012
-3507
-2955
-2400
-1822
-1291
-778
-336
102
511
888
1265
1593
1865
2113
2346
2518
2678
2785
2796
2761
2734
2649
2460
2346
2207
2002
1889
1794
1736
1735
1820
1851
1976
2163
2295
2410
2482
2572
2465
2298
1994
1526
940
333
-369
-1206
-2004
-2796
-3515
-4124
-4636
-5013
-5288
-5398
-5385
-5205
-4965
-4574
-4127
-3647
-3074
-2536
-1945
-1401
-869
-399
26
438
803
1170
1497
1811
2069
2344
2556
2711
2844
2881
2879
2857
2829
2677
2523
2356
2161
1998
1870
1796
1729
1774
1842
1902
2052
2198
2312
2415
2502
2478
2323
2059
1643
1101
478
-213
-1035
-1848
-2629
-3375
-4042
-4589
-4988
-5291
-5441
-5438
-5311
-5059
-4712
-4260
-3773
-3217
-2639
-2085
-1537
-1023
-573
-156
260
646
1008
1327
1647
1905
2156
2412
2574
2760
2849
2908
2883
2858
2768
2593
2473
2275
2084
1952
1880
1784
1789
1882
1978
2154
2324
2488
2596
2719
2756
2623
2402
2020
1512
884
222
-564
-1428
-2213
-3011
-3698
-4295
-4767
-5129
-5350
-5418
-5350
-5110
-4815
-4368
-3884
-3344
-2805
-2285
-1736
-1231
-779
-361
39
403
761
1080
1380
1639
1895
2173
2385
2567
2706
2787
2776
2761
2656
2481
2295
2076
1875
1694
1559
1441
1412
1463
1553
1692
1849
2033
2182
2285
2378
2321
2152
1841
1367
810
177
-520
-1341
-2140
-2895
-3614
-4219
-4725
-5072
-5304
-5371
-5308
-5087
-4773
-4364
-3876
-3382
-2829
-2301
-1755
-1233
-732
-301
98
501
835
1206
1530
1842
2100
2403
2636
2805
3003
3082
3137
3128
3083
2930
2767
2585
2361
2155
2004
1896
1790
1807
1865
1953
2134
2253
2388
2487
2598
2568
2418
2190
1759
1222
588
-85
-893
-1733
-2557
-3327
-3977
-4570
-4987
-5305
-5446
-5453
-5320
-5045
-4706
-4242
-3780
-3266
-2775
-2255
-1743
-1250
-780
-374
37
409
758
1093
1446
1746
2025
2308
2497
2731
2848
2909
2914
2912
2814
2647
2515
2285
2086
1926
1818
1708
1681
1745
1809
1964
2114
2270
2398
2512
2561
2418
2190
1790
1267
679
40
-716
-1534
-2338
-3099
-3787
-4424
-4855
-5185
-5385
-5412
-5331
-5090
-4766
-4321
-3834
-3317
-2763
-2255
-1710
-1199
-752
-329
73
442
777
1131
1451
1738
2032
2321
2534
2725
2901
2956
2981
2935
2867
2711
2529
2326
2100
1966
1818
1725
1664
1682
1736
1898
2069
2200
2350
2438
2507
2412
2234
1876
1395
832
154
-562
-1388
-2202
-2974
-3641
-4278
-4771
-5093
-5340
-5391
-5321
-5084
-4793
-4363
-3877
-3377
-2828
-2300
-1736
-1228
-731
-333
72
470
809
1154
1464
1775
2023
2327
2559
2758
2944
3000
3038
3044
2969
2809
2653
2483
2260
2080
1940
1810
1742
1744
1765
1867
2026
2152
2287
2403
2465
2380
2233
1935
1467
932
308
-393
-1187
-2018
-2805
-3516
-4142
-4692
-5075
-5334
-5436
-5404
-5223
-4942
-4579
-4095
-3610
-3067
-2540
-1990
-1464
-977
-526
-143
262
619
983
1292
1584
1859
2143
2395
2577
2796
2883
2948
2960
2915
2774
2598
2459
2245
2077
1944
1821
1738
1757
1804
1915
2087
2248
2392
2509
2603
2555
2404
2137
1696
1164
547
-157
-977
-1805
-2569
-3277
-3945
-4486
-4900
-5225
-5373
-5389
-5253
-4979
-4625
-4184
-3714
-3180
-2655
-2135
-1622
-1143
-683
-305
93
486
839
1180
1492
1752
2031
2330
2524
2712
2850
2901
2895
2847
2741
2572
2405
2197
1976
1856
1761
1697
1694
1750
1862
2024
2218
2377
2499
2597
2623
2496
2256
1892
1376
757
53
-726
-1558
-2371
-3093
-3753
-4358
-4813
-5120
-5296
-5317
-5194
-4960
-4641
-4202
-3726
-3225
-2687
-2171
-1641
-1130
-643
-246
154
530
867
1214
1540
1809
2079
2343
2530
2691
2818
2858
2837
2809
2686
2531
2366
2134
1930
1805
1699
1610
1614
1666
1712
1873
2068
2208
2377
2537
2563
2454
2263
1905
1399
825
169
-566
-1395
-2215
-2991
-3686
-4304
-4778
-5101
-5306
-5362
-5299
-5082
-4794
-4380
-3926
-3420
-2878
-2381
-1848
-1345
-857
-430
-3
410
758
1124
1460
1771
2039
2332
2555
2759
2935
3014
3037
3005
2938
2748
2588
2409
2178
1995
1869
1782
1720
1732
1798
1943
2091
2224
2355
2493
2578
2521
2324
2007
1541
965
334
-396
-1201
-2031
-2798
-3513
-4166
-4692
-5071
-5339
-5472
-5419
-5268
-4981
-4602
-4130
-3637
-3118
-2583
-2038
-1489
-987
-555
-155
258
631
992
1355
1647
1932
2205
2436
2655
2834
2929
2958
2963
2904
2759
2599
2433
2202
2015
1864
1752
1682
1682
1758
1875
2057
2193
2350
2472
2554
2512
2349
2079
1650
1121
518
-155
-949
-1751
-2526
-3262
-3912
-4490
-4914
-5222
-5338
-5328
-5169
-4919
-4575
-4117
-3660
-3132
-2614
-2057
-1505
-1002
-553
-113
330
683
1029
1383
1705
1998
2289
2531
2712
2890
2967
2991
2980
2944
2839
2669
2512
2284
2096
1949
1780
1666
1642
1680
1763
1928
2075
2198
2313
2397
2369
2243
1977
1553
1025
419
-235
-999
-1811
-2585
-3308
-3941
-4532
-4989
-5302
-5460
-5460
-5319
-5071
-4734
-4272
-3790
-3271
-2746
-2210
-1685
-1145
-673
-255
175
575
926
1293
1632
1893
2186
2463
2646
2843
2963
2970
2949
2902
2779
2584
2419
2206
1978
1814
1681
1578
1581
1625
1734
1936
2108
2257
2411
2522
2539
2440
2221
1843
1351
798
169
-565
-1366
-2159
-2902
-3565
-4146
-4617
-4965
-5170
-5219
-5125
-4898
-4569
-4146
-3695
-3204
-2692
-2178
-1681
-1157
-689
-279
124
506
856
1223
1558
1851
2105
2378
2602
2753
2904
2930
2891
2852
2753
2552
2397
2208
1962
1758
1634
1507
1466
1521
1604
1777
1966
2117
2225
2368
2426
2304
2123
1779
1292
750
143
-573
-1359
-2153
-2911
-3579
-4204
-4698
-5073
-5307
-5379
-5332
-5147
-4871
-4473
-4017
-3509
-2963
-2430
-1901
-1359
-844
-418
7
426
805
1181
1524
1842
2100
2382
2617
2790
2967
3043
3036
3023
2938
2772
2587
2399
2171
1946
1848
1707
1620
1649
1710
1834
1991
2171
2286
2406
2493
2422
2266
1985
1543
992
408
-274
-1062
-1855
-2620
-3323
-3977
-4512
-4925
-5214
-5312
-5295
-5123
-4854
-4499
-4041
-3572
-3054
-2553
-2028
-1530
-1016
-580
-159
254
639
1020
1377
1691
1947
2229
2475
2670
2801
2869
2877
2852
2806
2652
2466
2303
2089
1866
1720
1617
1512
1508
1563
1663
1805
1996
2150
2244
2373
2363
2227
1987
1624
1123
557
-71
-827
-1629
-2388
-3096
-3751
-4321
-4733
-5044
-5188
-5219
-5120
-4886
-4583
-4160
-3706
-3201
-2715
-2216
-1690
-1166
-668
-235
209
610
988
1337
1667
1963
2243
2523
2713
2876
2977
3024
2993
2952
2826
2629
2454
2257
2049
1890
1786
1691
1683
1731
1810
1952
2114
2255
2342
2454
2457
2324
2095
1716
1258
688
71
-699
-1497
-2252
-2997
-3633
-4237
-4680
-5035
-5234
-5272
-5224
-5026
-4738
-4318
-3853
-3321
-2821
-2288
-1778
-1274
-793
-399
35
435
816
1163
1502
1777
2034
2325
2522
2693
2799
2848
2819
2770
2675
2499
2361
2181
1998
1836
1721
1614
1563
1610
1666
1806
1963
2113
2237
2348
2380
2266
2082
1747
1304
745
165
-538
-1323
-2075
-2829
-3492
-4097
-4588
-4960
-5203
-5286
-5244
-5060
-4813
-4432
-3975
-3464
-2922
-2424
-1876
-1377
-862
-409
13
428
802
1169
1530
1884
2159
2443
2687
2856
2984
3055
3057
3019
2943
2784
2630
2448
2219
2043
1918
1817
1748
1768
1834
1954
2104
2225
2342
2447
2484
2382
2203
1902
1456
926
320
-361
-1148
-1950
-2696
-3363
-3986
-4485
-4904
-5179
-5291
-5273
-5154
-4912
-4544
-4115
-3619
-3088
-2584
-2052
-1543
-1058
-614
-189
240
616
1006
1383
1696
1982
2254
2475
2664
2813
2852
2859
2834
2760
2618
2474
2315
2084
1925
1777
1655
1605
1625
1688
1820
1982
2104
2226
2321
2411
2365
2209
1954
1524
1007
431
-228
-983
-1747
-2467
-3147
-3748
-4286
-4711
-5025
-5190
-5218
-5093
-4860
-4564
-4184
-3742
-3218
-2714
-2203
-1667
-1171
-728
-298
135
518
934
1303
1640
1941
2241
2504
2676
2837
2911
2924
2867
2793
2644
2458
2304
2111
1923
1779
1689
1621
1627
1677
1789
1967
2127
2277
2380
2484
2450
2301
2042
1670
1156
536
-104
-844
-1616
-2375
-3051
-3669
-4214
-4632
-4954
-5096
-5136
-5036
-4848
-4558
-4152
-3699
-3173
-2652
-2123
-1602
-1078
-601
-174
251
656
1062
1418
1750
2028
2304
2551
2719
2896
2979
2997
2977
2921
2762
2588
2412
2175
1969
1808
1694
1609
1602
1625
1691
1852
1976
2110
2244
2340
2303
2169
1939
1537
1048
483
-163
-908
-1669
-2424
-3129
-3752
-4312
-4732
-5086
-5251
-5286
-5191
-4975
-4697
-4311
-3889
-3387
-2903
-2399
-1889
-1387
-901
-446
14
408
829
1213
1565
1885
2167
2459
2652
2823
2939
2939
2933
2891
2763
2585
2424
2222
2016
1869
1727
1646
1629
1680
1743
1905
2059
2195
2339
2437
2450
2323
2126
1784
1306
747
144
-579
-1348
-2097
-2776
-3416
-3996
-4458
-4813
-5007
-5070
-5027
-4854
-4588
-4203
-3770
-3308
-2795
-2290
-1797
-1301
-795
-359
64
451
823
1226
1558
1860
2119
2383
2587
2743
2863
2898
2881
2826
2718
2518
2351
2177
1983
1816
1704
1585
1549
1612
1677
1816
1980
2130
2228
2338
2361
2252
2046
1674
1197
649
8
-729
-1493
-2224
-2912
-3554
-4110
-4555
-4899
-5087
-5170
-5112
-4940
-4685
-4315
-3894
-3379
-2868
-2357
-1854
-1357
-885
-457
-17
369
763
1149
1506
1813
2096
2373
2598
2791
2900
2926
2901
2853
2744
2593
2428
2234
2056
1906
1783
1701
1671
1728
1806
1945
2081
2201
2332
2436
2429
2312
2123
1749
1281
727
110
-634
-1406
-2156
-2883
-3504
-4063
-4501
-4841
-5053
-5110
-5042
-4865
-4617
-4252
-3819
-3323
-2834
-2325
-1791
-1300
-834
-378
57
461
859
1233
1592
1880
2137
2362
2532
2690
2762
2782
2757
2724
2603
2430
2286
2086
1889
1735
1642
1542
1547
1624
1702
1867
2034
2179
2291
2408
2361
2246
2027
1639
1179
641
20
-740
-1474
-2205
-2891
-3515
-4041
-4470
-4816
-4974
-5031
-4964
-4790
-4526
-4179
-3761
-3247
-2766
-2250
-1756
-1235
-765
-331
132
516
916
1268
1627
1909
2173
2415
2587
2752
2823
2818
2759
2704
2544
2358
2182
1954
1735
1584
1485
1374
1392
1439
1547
1753
1933
2110
2256
2388
2401
2305
2102
1744
1279
742
117
-641
-1356
-2094
-2805
-3433
-3965
-4385
-4723
-4881
-4934
-4856
-4652
-4359
-4005
-3582
-3105
-2603
-2072
-1583
-1076
-618
-201
206
581
958
1302
1636
1893
2153
2388
2562
2686
2746
2774
2701
2606
2447
2286
2104
1886
1696
1532
1443
1372
1371
1403
1508
1666
1843
2022
2127
2239
2219
2089
1832
1421
927
379
-264
-996
-1698
-2408
-3079
-3663
-4145
-4550
-4821
-4953
-4964
-4835
-4639
-4350
-3960
-3527
-3029
-2538
-2027
-1531
-1023
-569
-133
309
700
1100
1460
1805
2078
2341
2550
2704
2805
2843
2864
2766
2670
2515
2354
2150
1936
1771
1624
1520
1465
1474
1516
1639
1783
1951
2075
2220
2309
2235
2109
1816
1415
955
402
-238
-954
-1634
-2336
-2970
-3552
-4020
-4402
-4677
-4802
-4831
-4724
-4565
-4225
-3853
-3395
-2907
-2453
-1929
-1436
-919
-461
-11
426
835
1213
1552
1856
2111
2338
2500
2668
2745
2759
2716
2641
2519
2333
2166
1964
1796
1625
1485
1404
1385
1432
1511
1652
1781
1915
2035
2119
2127
2028
1856
1517
1126
645
70
-592
-1306
-1995
-2691
-3310
-3862
-4306
-4646
-4852
-4941
-4930
-4784
-4547
-4204
-3808
-3337
-2844
-2351
-1815
-1340
-837
-358
88
541
941
1288
1601
1889
2148
2375
2533
2658
2696
2675
2637
2525
2386
2250
2075
1891
1759
1629
1549
1509
1513
1574
1681
1839
1978
2123
2257
2323
2314
2228
1980
1653
1230
728
129
-542
-1217
-1872
-2476
-3047
-3560
-3935
-4239
-4461
-4511
-4485
-4388
-4152
-3833
-3470
-3022
-2583
-2095
-1616
-1130
-654
-193
263
670
1071
1410
1678
1927
2158
2315
2434
2496
2488
2456
2364
2207
2051
1894
1715
1535
1432
1321
1248
1235
1242
1330
1461
1630
1792
1930
2053
2085
2026
1903
1636
1267
828
326
-276
-914
-1557
-2200
-2791
-3340
-3827
-4206
-4501
-4661
-4708
-4631
-4450
-4174
-3859
-3495
-3051
-2609
-2112
-1616
-1107
-630
-163
313
754
1154
1530
1835
2088
2321
2461
2569
2591
2559
2509
2419
2303
2174
2039
1876
1759
1651
1587
1585
1618
1680
1778
1940
2067
2236
2362
2446
2441
2324
2132
1795
1373
875
331
-316
-986
-1632
-2240
-2816
-3333
-3747
-4114
-4375
-4506
-4526
-4478
-4328
-4083
-3777
-3379
-2984
-2545
-2074
-1585
-1089
-621
-139
289
748
1148
1504
1798
2034
2230
2374
2426
2407
2375
2287
2147
2006
1877
1700
1519
1428
1329
1274
1282
1327
1395
1532
1688
1839
2007
2114
2188
2184
2071
1836
1521
1130
648
96
-515
-1145
-1749
-2321
-2858
-3325
-3723
-4073
-4254
-4354
-4354
-4270
-4106
-3823
-3479
-3083
-2657
-2203
-1717
-1226
-746
-262
213
665
1116
1500
1820
2106
2321
2462
2545
2570
2523
2475
2375
2212
2054
1863
1694
1536
1425
1337
1303
1358
1407
1514
1661
1827
1983
2130
2192
2198
2142
1966
1672
1281
832
319
-265
-891
-1513
-2104
-2654
-3170
-3611
-3967
-4221
-4375
-4414
-4392
-4294
-4135
-3884
-3549
-3190
-2790
-2321
-1846
-1379
-892
-391
84
560
991
1369
1709
1979
2191
2334
2426
2427
2375
2290
2161
2011
1844
1675
1514
1371
1272
1246
1267
1348
1449
1622
1811
2012
2212
2351
2424
2378
2315
2107
1806
1409
960
416
-172
-762
-1355
-1916
-2450
-2901
-3310
-3641
-3879
-4002
-4043
-3995
-3867
-3717
-3438
-3094
-2750
-2328
-1881
-1443
-1004
-523
-43
400
821
1217
1572
1867
2098
2277
2410
2456
2406
2321
2194
2006
1819
1614
1429
1262
1132
1015
993
1054
1109
1238
1433
1622
1815
1965
2078
2113
2064
1936
1653
1295
883
397
-144
-740
-1320
-1884
-2414
-2891
-3306
-3642
-3911
-4048
-4105
-4072
-3971
-3806
-3594
-3301
-2968
-2601
-2188
-1758
-1310
-848
-361
121
597
1062
1449
1812
2112
2330
2508
2605
2611
2549
2443
2263
2056
1833
1597
1389
1237
1130
1058
1066
1145
1249
1429
1610
1772
1985
2138
2214
2216
2117
1934
1630
1242
798
303
-264
-879
-1434
-1973
-2502
-2931
-3292
-3578
-3791
-3892
-3908
-3901
-3786
-3640
-3457
-3186
-2863
-2506
-2102
-1674
-1244
-767
-305
157
615
1048
1422
1762
2069
2272
2412
2473
2429
2324
2197
1993
1769
1551
1306
1078
923
820
777
833
931
1045
1255
1442
1635
1825
1973
2041
2006
1933
1734
1423
1021
584
84
-449
-994
-1499
-1967
-2414
-2820
-3127
-3352
-3518
-3593
-3609
-3569
-3437
-3256
-3026
-2730
-2409
-2028
-1640
-1248
-809
-355
117
594
1030
1431
1816
2167
2440
2641
2739
2734
2651
2524
2351
2112
1886
1649
1396
1200
1044
929
917
946
1041
1162
1335
1526
1716
1871
1960
1961
1894
1729
1410
1021
581
93
-442
-1011
-1540
-2061
-2530
-2924
-3276
-3570
-3755
-3856
-3903
-3888
-3804
-3662
-3484
-3202
-2919
-2601
-2228
-1813
-1390
-949
-481
-7
490
913
1332
1722
2049
2313
2519
2596
2589
2551
2414
2211
1984
1762
1479
1228
1070
922
860
860
945
1073
1260
1463
1637
1850
2018
2094
2065
1967
1715
1402
1004
554
70
-493
-1030
-1550
-2012
-2466
-2825
-3095
-3295
-3399
-3497
-3490
-3449
-3348
-3214
-3001
-2746
-2465
-2154
-1813
-1434
-1061
-628
-190
280
728
1147
1536
1883
2186
2412
2606
2652
2610
2521
2343
2105
1849
1624
1366
1134
982
859
819
877
967
1134
1362
1554
1745
1927
2071
2096
2018
1885
1600
1235
807
336
-220
-793
-1307
-1786
-2235
-2610
-2894
-3144
-3319
-3397
-3423
-3416
-3335
-3240
-3083
-2853
-2641
-2387
-2085
-1745
-1398
-1025
-634
-209
221
665
1085
1454
1801
2084
2294
2396
2410
2356
2248
2071
1831
1567
1282
1029
846
699
636
660
723
840
1056
1257
1457
1666
1875
1982
2004
1931
1729
1408
1025
597
84
-448
-969
-1451
-1922
-2335
-2634
-2882
-3056
-3156
-3187
-3156
-3095
-2985
-2846
-2652
-2434
-2220
-1960
-1663
-1335
-1007
-608
-192
231
678
1088
1455
1783
2082
2336
2515
2554
2500
2393
2190
1943
1672
1388
1118
884
699
557
519
560
646
811
1019
1207
1432
1614
1756
1794
1730
1569
1277
944
525
58
-482
-1015
-1496
-1938
-2344
-2706
-2959
-3151
-3235
-3253
-3204
-3139
-2990
-2835
-2668
-2445
-2259
-2001
-1710
-1410
-1120
-791
-415
-12
434
857
1278
1647
1990
2272
2476
2601
2623
2599
2468
2283
2031
1761
1456
1204
979
771
691
641
673
802
990
1180
1406
1612
1758
1831
1816
1732
1474
1148
769
296
-230
-778
-1245
-1725
-2132
-2491
-2767
-2956
-3080
-3106
-3109
-3032
-2921
-2717
-2559
-2350
-2119
-1898
-1625
-1389
-1113
-827
-484
-148
254
658
1036
1405
1728
2028
2303
2516
2574
2583
2514
2331
2115
1836
1523
1214
962
697
516
463
436
494
667
853
1026
1241
1431
1541
1599
1557
1369
1099
774
356
-136
-685
-1203
-1707
-2130
-2519
-2825
-3027
-3194
-3255
-3238
-3143
-3036
-2873
-2692
-2492
-2289
-2100
-1855
-1609
-1347
-1081
-756
-422
-58
339
727
1109
1458
1795
2087
2326
2484
2546
2530
2442
2291
2059
1819
1539
1270
1037
848
755
711
759
846
1024
1227
1422
1625
1783
1844
1823
1732
1491
1196
822
366
-174
-698
-1187
-1676
-2069
-2403
-2684
-2878
-2967
-2997
-2942
-2837
-2710
-2525
-2344
-2133
-1931
-1715
-1496
-1280
-1040
-790
-514
-193
154
494
868
1217
1544
1833
2101
2290
2370
2391
2332
2211
2023
1788
1491
1214
949
691
498
400
378
435
589
747
926
1136
1311
1424
1478
1439
1259
995
692
283
-204
-729
-1244
-1707
-2144
-2501
-2770
-2950
-3063
-3073
-3022
-2917
-2764
-2555
-2350
-2089
-1843
-1619
-1381
-1146
-935
-707
-431
-166
132
447
770
1066
1381
1667
1939
2163
2266
2338
2336
2246
2105
1937
1679
1414
1189
919
697
552
485
477
597
758
907
1106
1282
1444
1523
1524
1419
1207
935
600
161
-322
-788
-1263
-1688
-2050
-2359
-2597
-2777
-2811
-2813
-2758
-2632
-2452
-2240
-2024
-1806
-1598
-1366
-1156
-957
-753
-519
-289
-34
228
524
821
1129
1410
1671
1912
2074
2163
2228
2179
2054
1920
1672
1405
1170
933
688
520
410
354
378
491
627
794
991
1173
1269
1308
1280
1136
887
589
241
-203
-670
-1117
-1568
-1955
-2272
-2558
-2777
-2876
-2855
-2804
-2695
-2550
-2361
-2129
-1870
-1607
-1370
-1123
-879
-665
-449
-198
54
342
600
865
1143
1402
1669
1910
2120
2247
2327
2324
2242
2114
1924
1684
1418
1182
937
721
538
427
376
407
463
587
758
910
1041
1104
1107
973
775
527
219
-196
-666
-1085
-1501
-1906
-2250
-2515
-2732
-2860
-2895
-2871
-2797
-2646
-2424
-2211
-1970
-1710
-1448
-1192
-955
-712
-493
-275
-57
195
469
755
1050
1333
1602
1860
2078
2218
2318
2360
2304
2186
2011
1816
1570
1307
1062
824
657
507
420
411
484
578
690
823
952
1029
1029
992
834
598
323
-14
-448
-915
-1319
-1722
-2086
-2376
-2606
-2797
-2857
-2865
-2786
-2658
-2472
-2229
-1977
-1695
-1451
-1185
-924
-691
-482
-267
-22
183
437
678
935
1198
1445
1698
1933
2120
2255
2337
2341
2283
2183
2037
1784
1551
1310
1049
847
663
546
461
459
513
609
733
856
963
1012
986
854
651
375
80
-327
-791
-1207
-1633
-2003
-2332
-2575
-2792
-2873
-2902
-2876
-2780
-2618
-2375
-2142
-1824
-1552
-1285
-1035
-794
-577
-367
-135
56
293
508
743
974
1209
1439
1670
1892
2033
2153
2181
2164
2080
1941
1766
1557
1363
1101
890
710
551
442
440
457
504
614
732
837
887
909
816
681
470
210
-129
-558
-940
-1355
-1742
-2096
-2367
-2574
-2724
-2764
-2744
-2635
-2503
-2276
-2040
-1777
-1501
-1236
-965
-710
-469
-265
-47
123
316
526
706
933
1129
1325
1536
1743
1890
2006
2092
2090
2035
1924
1771
1559
1347
1126
884
718
540
418
352
355
377
430
518
613
684
695
665
534
348
97
-193
-561
-945
-1306
-1679
-1993
-2252
-2449
-2604
-2662
-2634
-2570
-2425
-2239
-1999
-1721
-1410
-1120
-847
-558
-295
-50
171
383
572
779
955
1139
1326
1479
1673
1863
2013
2124
2199
2216
2204
2138
2008
1814
1600
1402
1149
953
789
623
508
462
443
460
525
604
634
628
577
434
269
39
-245
-611
-1009
-1396
-1771
-2104
-2386
-2607
-2793
-2898
-2900
-2846
-2726
-2572
-2369
-2104
-1809
-1529
-1246
-968
-705
-440
-198
28
240
475
664
832
1025
1206
1388
1576
1751
1871
1963
2022
2040
2032
1938
1806
1666
1483
1256
1078
925
770
673
607
587
586
607
632
652
655
581
464
295
67
-227
-522
-873
-1237
-1547
-1870
-2173
-2400
-2576
-2717
-2754
-2713
-2614
-2468
-2258
-2020
-1756
-1461
-1184
-878
-579
-328
-125
84
317
507
696
867
1040
1222
1380
1565
1736
1862
1988
2098
2103
2113
2085
1978
1859
1714
1537
1348
1169
998
852
764
720
651
626
678
703
651
605
480
296
80
-162
-421
-766
-1126
-1437
-1784
-2068
-2284
-2462
-2593
-2647
-2628
-2597
-2488
-2320
-2101
-1843
-1545
-1253
-975
-669
-388
-138
96
335
531
755
946
1088
1247
1378
1513
1646
1773
1886
1973
2014
2024
2010
1914
1759
1622
1486
1290
1150
1026
874
743
664
590
532
530
514
464
402
315
162
-66
-296
-536
-847
-1188
-1503
-1793
-2069
-2308
-2502
-2664
-2734
-2749
-2706
-2627
-2450
-2250
-2035
-1769
-1501
-1228
-947
-666
-410
-171
71
333
561
746
913
1094
1258
1406
1538
1693
1792
1856
1918
1925
1931
1889
1785
1667
1558
1405
1250
1137
1039
927
856
797
747
712
697
662
566
483
332
143
-81
-339
-601
-917
-1244
-1526
-1788
-2050
-2247
-2395
-2496
-2550
-2518
-2447
-2314
-2154
-1955
-1745
-1498
-1217
-952
-671
-386
-127
120
363
553
763
956
1125
1288
1412
1513
1626
1728
1789
1838
1868
1831
1786
1725
1641
1519
1402
1274
1125
997
858
773
721
668
645
612
587
552
473
358
185
-37
-262
-501
-783
-1085
-1340
-1586
-1845
-2056
-2203
-2311
-2364
-2345
-2289
-2223
-2097
-1922
-1740
-1519
-1259
-998
-698
-397
-125
125
355
558
768
966
1145
1283
1409
1520
1603
1699
1729
1759
1767
1730
1672
1594
1496
1392
1291
1171
1031
899
793
703
628
571
516
492
442
390
312
183
36
-167
-362
-595
-818
-1081
-1376
-1620
-1836
-2058
-2216
-2317
-2425
-2433
-2404
-2339
-2258
-2110
-1932
-1774
-1545
-1309
-1058
-772
-504
-250
6
253
469
696
887
1046
1194
1304
1425
1536
1645
1691
1766
1784
1761
1725
1681
1609
1491
1398
1280
1150
1040
939
822
759
708
640
594
511
458
382
252
92
-87
-298
-536
-760
-1025
-1320
-1534
-1727
-1929
-2077
-2193
-2270
-2274
-2234
-2169
-2072
-1924
-1768
-1569
-1307
-1045
-782
-496
-222
57
321
546
779
990
1188
1330
1483
1628
1725
1834
1898
1950
1971
1976
1925
1859
1806
1683
1560
1450
1296
1131
1020
906
771
703
628
542
479
430
372
261
123
-38
-234
-458
-688
-932
-1198
-1464
-1665
-1873
-2090
-2222
-2323
-2413
-2413
-2399
-2362
-2282
-2123
-1968
-1802
-1537
-1301
-1054
-775
-509
-240
19
286
519
718
895
1043
1189
1341
1437
1558
1647
1687
1742
1746
1704
1650
1593
1475
1342
1256
1128
1003
912
772
648
606
529
472
436
385
315
228
122
-28
-182
-385
-596
-811
-1038
-1285
-1470
-1658
-1824
-1942
-2039
-2100
-2119
-2101
-2061
-1977
-1831
-1672
-1500
-1250
-1007
-739
-463
-193
40
285
548
760
967
1123
1284
1390
1517
1627
1702
1763
1793
1824
1783
1729
1668
1602
1474
1345
1230
1053
911
778
636
522
451
394
317
261
188
145
66
-49
-160
-301
-452
-628
-796
-1018
-1238
-1412
-1607
-1775
-1893
-1990
-2085
-2092
-2090
-2043
-1935
-1816
-1657
-1470
-1240
-1000
-723
-453
-196
44
276
509
730
926
1075
1235
1374
1514
1620
1735
1825
1850
1883
1886
1841
1773
1677
1552
1407
1291
1131
978
866
754
610
502
392
302
253
168
117
28
-47
-168
-313
-476
-648
-809
-1013
-1258
-1466
-1626
-1818
-1972
-2057
-2168
-2220
-2211
-2183
-2113
-2014
-1864
-1679
-1471
-1251
-1005
-722
-445
-176
82
336
536
756
935
1106
1284
1434
1547
1661
1746
1779
1817
1806
1751
1646
1567
1448
1285
1159
978
831
699
556
425
327
243
168
123
70
46
13
-30
-122
-205
-341
-450
-575
-752
-938
-1114
-1259
-1459
-1598
-1716
-1825
-1899
-1926
-1919
-1881
-1788
-1696
-1545
-1339
-1119
-881
-631
-354
-96
155
380
607
820
1039
1222
1392
1557
1685
1815
1918
1972
1985
1998
1941
1856
1768
1624
1452
1295
1112
922
796
650
499
395
286
186
96
56
44
36
-9
-82
-162
-267
-406
-526
-675
-879
-1073
-1257
-1440
-1634
-1794
-1952
-2099
-2154
-2202
-2218
-2139
-2040
-1910
-1713
-1506
-1277
-1004
-736
-484
-223
22
270
524
761
945
1162
1346
1497
1639
1752
1833
1847
1858
1817
1724
1644
1549
1403
1256
1080
884
702
549
385
256
167
66
25
-7
-20
-2
6
17
-1
-36
-135
-239
-340
-513
-717
-898
-1103
-1311
-1474
-1651
-1800
-1906
-1959
-1964
-1943
-1867
-1756
-1596
-1390
-1171
-941
-673
-414
-160
107
372
619
860
1086
1271
1452
1617
1745
1855
1945
1947
1942
1897
1785
1645
1508
1302
1110
919
712
524
351
177
42
-44
-116
-175
-197
-203
-160
-110
-99
-94
-91
-120
-167
-239
-386
-578
-755
-964
-1199
-1376
-1537
-1701
-1842
-1900
-1952
-1953
-1871
-1770
-1597
-1414
-1194
-966
-699
-418
-190
68
317
560
808
1033
1227
1427
1603
1759
1875
1939
1957
1940
1921
1824
1672
1518
1325
1108
906
693
474
273
104
-57
-168
-241
-289
-273
-233
-177
-68
28
73
103
121
41
-25
-132
-308
-504
-735
-986
-1235
-1463
-1678
-1873
-2014
-2099
-2133
-2117
-2046
-1915
-1757
-1561
-1347
-1104
-810
-551
-288
-17
273
557
829
1089
1302
1539
1704
1843
1928
1997
1992
1934
1856
1727
1554
1350
1142
917
710
492
283
97
-63
-167
-256
-278
-262
-183
-91
42
182
276
367
419
418
356
240
82
-106
-352
-611
-869
-1138
-1372
-1597
-1805
-1933
-2003
-2010
-1994
-1919
-1805
-1648
-1450
-1234
-985
-721
-452
-164
122
397
681
946
1171
1392
1581
1732
1827
1886
1903
1867
1797
1655
1485
1272
1046
802
542
307
83
-98
-226
-338
-384
-376
-328
-247
-138
9
183
354
467
543
575
524
441
329
128
-142
-401
-661
-950
-1215
-1440
-1660
-1817
-1882
-1959
-1974
-1915
-1820
-1689
-1526
-1305
-1071
-800
-509
-213
80
365
659
939
1176
1400
1610
1752
1889
1966
1978
1921
1842
1694
1483
1253
968
695
421
187
-52
-250
-396
-534
-595
-593
-525
-418
-283
-137
19
200
365
482
544
574
538
414
254
30
-231
-508
-775
-1047
-1300
-1533
-1748
-1909
-2004
-2051
-2046
-1996
-1877
-1718
-1532
-1311
-1047
-756
-477
-180
135
442
745
1035
1293
1521
1710
1839
1910
1940
1923
1859
1745
1597
1389
1145
879
605
363
113
-65
-210
-319
-389
-373
-322
-242
-119
15
183
347
512
665
752
797
771
720
590
404
176
-94
-389
-690
-977
-1275
-1512
-1759
-1945
-2051
-2134
-2139
-2075
-1979
-1833
-1630
-1402
-1128
-815
-503
-184
148
499
799
1068
1318
1515
1669
1764
1805
1810
1764
1639
1492
1308
1079
841
595
382
172
-9
-116
-209
-246
-233
-190
-109
16
145
312
461
614
738
845
910
895
844
728
542
339
104
-171
-470
-753
-1043
-1349
-1602
-1823
-2002
-2153
-2209
-2219
-2168
-2057
-1910
-1722
-1469
-1162
-854
-503
-158
176
488
787
1027
1261
1426
1552
1635
1652
1630
1525
1410
1236
1045
842
621
421
225
63
-78
-181
-218
-191
-138
-69
10
137
285
412
578
714
822
913
964
936
862
761
594
397
171
-104
-416
-708
-991
-1299
-1573
-1806
-1982
-2143
-2227
-2256
-2224
-2138
-2000
-1760
-1500
-1197
-879
-533
-174
161
482
752
1006
1234
1399
1483
1535
1546
1514
1444
1324
1181
1013
850
667
523
397
306
244
215
219
233
313
387
490
600
713
810
900
971
1022
1045
1044
1015
931
796
616
414
167
-92
-371
-700
-1007
-1295
-1549
-1789
-1995
-2151
-2273
-2284
-2262
-2188
-2033
-1825
-1571
-1289
-998
-686
-365
-68
235
489
672
829
962
1056
1082
1085
1055
990
894
795
684
571
511
426
344
321
324
330
369
416
472
548
613
682
737
800
839
865
898
895
872
841
785
681
550
395
196
-37
-292
-578
-850
-1122
-1387
-1604
-1803
-1965
-2085
-2147
-2128
-2053
-1912
-1736
-1488
-1208
-907
-603
-307
-31
207
408
576
714
785
819
846
821
796
729
688
620
527
446
395
353
360
382
402
480
566
646
719
800
853
900
940
980
978
962
952
906
856
798
740
624
489
344
133
-53
-274
-510
-746
-979
-1190
-1412
-1570
-1703
-1798
-1840
-1834
-1758
-1617
-1458
-1243
-1008
-769
-532
-282
-72
115
288
408
509
575
622
642
647
646
635
622
605
583
573
571
580
596
637
681
734
759
795
805
832
858
872
879
861
844
811
768
690
607
534
455
355
227
87
-81
-280
-481
-698
-913
-1126
-1314
-1491
-1631
-1710
-1775
-1805
-1762
-1686
-1586
-1421
-1245
-1044
-848
-617
-399
-232
-58
85
225
329
405
454
515
560
596
640
665
708
746
781
825
865
904
952
986
989
988
995
986
963
935
897
850
785
717
652
586
499
416
339
235
119
-18
-188
-358
-536
-738
-948
-1141
-1308
-1465
-1594
-1648
-1698
-1707
-1661
-1583
-1487
-1361
-1196
-1000
-793
-597
-409
-236
-74
66
187
276
362
441
498
560
624
681
723
778
836
884
915
935
956
977
1009
1008
990
983
934
902
863
812
767
713
669
619
562
511
458
394
327
220
91
-44
-200
-361
-519
-691
-868
-1023
-1159
-1282
-1368
-1431
-1483
-1509
-1478
-1427
-1353
-1251
-1112
-958
-840
-696
-558
-430
-291
-182
-66
42
139
243
350
460
569
672
766
844
915
1002
1057
1100
1118
1133
1163
1160
1130
1103
1093
1044
991
950
901
830
759
693
593
525
446
372
247
119
-38
-217
-368
-552
-728
-916
-1084
-1232
-1346
-1457
-1515
-1544
-1564
-1523
-1489
-1449
-1364
-1292
-1160
-1011
-900
-768
-633
-505
-392
-266
-158
-52
60
185
289
410
546
641
757
840
927
1025
1098
1156
1197
1224
1201
1196
1166
1120
1069
1027
965
874
813
731
673
584
497
419
341
238
94
-40
-209
-370
-550
-707
-872
-1032
-1153
-1237
-1304
-1340
-1350
-1363
-1345
-1328
-1283
-1204
-1138
-1041
-944
-846
-741
-644
-530
-422
-312
-198
-94
21
162
311
448
593
721
853
963
1078
1162
1238
1303
1332
1337
1300
1260
1210
1178
1137
1078
1021
963
911
836
787
692
604
508
387
286
155
1
-157
-332
-489
-635
-808
-956
-1062
-1174
-1271
-1322
-1325
-1344
-1344
-1327
-1294
-1229
-1185
-1125
-1070
-1003
-922
-844
-771
-714
-628
-513
-373
-234
-82
80
233
373
523
653
774
870
962
1066
1125
1175
1196
1190
1180
1174
1146
1100
1076
1033
970
910
859
824
747
685
609
515
401
258
130
-51
-233
-411
-565
-727
-869
-983
-1065
-1116
-1143
-1164
-1175
-1159
-1148
-1146
-1120
-1094
-1065
-1005
-966
-897
-835
-766
-689
-604
-506
-384
-258
-109
43
213
385
539
694
839
983
1067
1140
1147
1153
1166
1155
1141
1125
1095
1055
1033
992
943
913
882
835
766
672
575
467
345
187
16
-185
-372
-542
-709
-875
-996
-1097
-1184
-1226
-1266
-1264
-1287
-1276
-1221
-1204
-1161
-1117
-1079
-1045
-993
-938
-865
-784
-705
-614
-506
-372
-217
-34
125
323
529
664
812
950
1060
1157
1231
1298
1339
1342
1342
1337
1308
1264
1241
1197
1152
1119
1054
1006
940
852
767
663
550
408
250
63
-124
-303
-484
-637
-790
-932
-1077
-1163
-1229
-1275
-1282
-1290
-1277
-1259
-1233
-1204
-1180
-1142
-1103
-1070
-1022
-993
-941
-875
-809
-719
-607
-469
-305
-149
19
181
345
510
641
788
923
1014
1089
1174
1243
1278
1303
1338
1353
1378
1362
1314
1272
1204
1137
1066
957
829
703
558
390
224
38
-151
-321
-502
-671
-815
-932
-1046
-1132
-1200
-1261
-1285
-1281
-1264
-1247
-1218
-1160
-1098
-1050
-1032
-1012
-974
-938
-888
-824
-755
-688
-571
-441
-302
-155
-8
166
330
520
684
829
968
1084
1206
1300
1374
1446
1483
1471
1442
1404
1342
1281
1210
1116
1042
965
872
778
673
562
416
274
112
-73
-252
-408
-583
-719
-847
-957
-1040
-1100
-1155
-1183
-1175
-1176
-1167
-1150
-1118
-1067
-1033
-1003
-970
-951
-917
-885
-821
-755
-682
-625
-521
-378
-235
-94
73
245
417
600
758
902
1033
1160
1250
1315
1380
1396
1382
1368
1324
1274
1220
1142
1063
974
885
804
693
565
430
293
139
-37
-194
-346
-487
-621
-746
-861
-945
-1014
-1063
-1085
-1094
-1076
-1056
-1033
-1008
-989
-979
-963
-935
-901
-863
-835
-786
-732
-679
-617
-538
-466
-350
-229
-95
67
219
410
579
743
899
1033
1156
1251
1316
1359
1369
1364
1357
1298
1253
1189
1108
1008
899
791
690
599
502
388
241
89
-69
-204
-367
-500
-628
-751
-839
-924
-982
-1026
-1065
-1069
-1055
-1023
-990
-939
-907
-898
-883
-874
-871
-864
-854
-852
-849
-819
-776
-698
-577
-451
-305
-158
-4
168
347
503
656
790
911
1039
1152
1242
1309
1355
1387
1417
1428
1374
1305
1232
1154
1087
1000
888
774
660
530
406
274
131
-21
-177
-333
-476
-590
-710
-792
-869
-920
-957
-986
-980
-947
-941
-942
-899
-883
-868
-854
-849
-844
-826
-837
-813
-758
-740
-691
-622
-550
-453
-350
-234
-81
77
203
362
547
696
840
956
1049
1126
1178
1211
1224
1204
1194
1168
1132
1090
1041
977
909
818
702
577
455
336
215
75
-69
-209
-353
-454
-555
-658
-733
-780
-800
-805
-806
-796
-810
-811
-795
-783
-772
-772
-771
-798
-828
-821
-809
-796
-774
-752
-713
-639
-542
-445
-344
-190
-43
83
226
388
528
642
742
841
916
983
1025
1058
1088
1097
1084
1076
1065
1022
991
932
850
750
663
551
427
308
156
29
-90
-205
-305
-400
-475
-547
-611
-662
-704
-742
-753
-764
-759
-753
-762
-740
-728
-740
-742
-738
-737
-736
-732
-732
-723
-702
-649
-546
-427
-315
-181
-34
105
260
406
538
664
769
847
916
966
999
1011
1019
1020
989
988
986
949
905
845
789
709
605
513
412
304
185
78
-47
-159
-253
-355
-425
-485
-532
-565
-585
-595
-607
-626
-636
-634
-646
-655
-673
-681
-702
-745
-762
-781
-769
-765
-747
-702
-658
-579
-486
-395
-281
-145
-15
112
249
385
493
584
674
753
811
856
907
939
931
913
891
887
865
836
787
724
651
559
479
379
275
168
73
-26
-131
-221
-316
-396
-459
-498
-524
-568
-622
-656
-679
-706
-702
-700
-692
-687
-699
-713
-717
-713
-719
-703
-663
-652
-636
-574
-511
-429
-314
-201
-73
56
188
312
440
538
614
692
729
798
850
871
922
955
977
989
941
914
875
822
763
677
591
518
453
374
295
207
111
14
-68
-150
-234
-326
-400
-470
-534
-573
-611
-637
-625
-611
-628
-635
-638
-641
-668
-710
-732
-741
-743
-728
-718
-694
-641
-558
-470
-369
-262
-170
-74
48
162
281
378
464
552
600
653
701
758
798
830
864
889
884
886
859
809
778
723
645
577
499
428
370
262
150
30
-65
-156
-237
-296
-371
-402
-472
-528
-566
-588
-613
-644
-644
-671
-688
-712
-714
-749
-795
-785
-790
-772
-718
-656
-577
-488
-392
-298
-208
-124
-43
19
105
192
264
338
395
450
498
549
601
660
689
710
721
719
721
728
719
714
703
652
609
551
477
404
337
250
143
86
-2
-100
-176
-233
-283
-341
-392
-434
-461
-524
-558
-561
-585
-603
-613
-651
-677
-699
-696
-672
-642
-601
-543
-481
-408
-323
-238
-132
-53
44
133
187
244
307
362
417
461
487
543
592
625
683
714
733
766
769
761
769
737
687
643
571
517
438
349
272
182
87
-6
-66
-150
-218
-302
-371
-417
-474
-523
-581
-636
-692
-721
-754
-776
-786
-793
-806
-809
-799
-778
-729
-672
-615
-552
-463
-361
-255
-140
-48
27
92
159
226
278
332
396
460
512
573
603
637
667
699
727
722
743
745
742
737
714
677
626
565
500
438
374
306
216
141
68
-12
-71
-148
-207
-277
-338
-378
-430
-501
-553
-592
-634
-676
-737
-768
-791
-792
-770
-749
-708
-659
-599
-544
-472
-391
-323
-248
-165
-107
-47
6
48
106
123
152
196
239
283
315
373
425
478
552
610
666
713
732
744
743
717
668
613
560
486
424
370
314
251
187
117
43
-33
-97
-174
-244
-312
-380
-429
-500
-557
-619
-675
-709
-714
-719
-719
-691
-636
-581
-503
-428
-339
-248
-176
-97
-27
58
96
156
211
256
296
299
334
342
344
353
362
375
409
452
465
509
553
579
595
592
586
566
535
474
409
352
294
224
147
81
4
-62
-124
-171
-215
-274
-340
-397
-450
-506
-571
-618
-662
-679
-702
-717
-714
-696
-658
-630
-578
-512
-460
-402
-323
-250
-175
-93
-20
38
97
135
158
183
196
188
191
214
228
275
317
354
404
448
486
535
563
591
607
605
596
579
563
530
497
431
372
308
239
175
109
46
-16
-80
-150
-202
-256
-311
-368
-421
-477
-534
-573
-617
-646
-660
-658
-633
-591
-560
-502
-434
-365
-304
-210
-145
-77
-26
9
37
50
67
77
95
103
125
143
166
201
232
265
299
315
353
395
429
457
481
485
479
462
421
400
343
306
247
202
156
97
47
-7
-51
-117
-182
-215
-250
-303
-350
-387
-413
-431
-446
-467
-477
-460
-464
-438
-387
-352
-309
-259
-213
-149
-100
-37
8
45
96
113
149
150
150
161
177
198
216
236
256
280
292
322
336
376
396
409
417
410
422
409
390
352
323
271
214
183
149
112
75
42
-12
-64
-96
-141
-185
-244
-292
-328
-370
-394
-436
-478
-502
-511
-497
-479
-449
-410
-363
-322
-271
-224
-173
-117
-89
-56
-21
1
15
46
60
64
87
106
116
139
149
151
169
190
199
211
221
235
255
255
282
299
310
313
297
288
265
233
189
161
113
57
21
-14
-38
-91
-126
-170
-210
-232
-255
-267
-312
-367
-400
-404
-396
-387
-382
-366
-359
-341
-306
-260
-221
-186
-138
-92
-46
-4
37
73
99
133
146
161
176
175
200
219
224
244
262
276
278
308
315
310
336
350
359
368
362
330
307
271
224
182
141
104
64
28
-14
-42
-59
-74
-89
-126
-165
-209
-247
-289
-336
-360
-372
-368
-365
-336
-319
-303
-263
-237
-199
-178
-168
-143
-109
-88
-58
-27
-8
25
52
74
93
95
101
132
130
126
136
152
182
205
234
262
275
273
278
284
270
256
234
203
183
179
158
145
128
105
94
71
55
24
-30
-52
-53
-98
-127
-136
-156
-173
-189
-204
-219
-223
-242
-263
-256
-250
-258
-250
-218
-202
-169
-130
-94
-63
-41
-36
-27
-20
-14
-3
6
22
36
60
79
99
121
141
156
170
185
182
163
164
152
146
130
92
64
36
-7
-31
-47
-71
-78
-108
-128
-149
-151
-173
-190
-189
-204
-185
-188
-179
-186
-196
-197
-196
-208
-208
-201
-206
-199
-174
-161
-153
-120
-94
-75
-47
-22
6
44
65
101
136
157
194
229
246
272
294
319
330
353
364
361
362
341
329
299
276
257
237
219
200
190
157
136
119
108
76
44
15
-14
-40
-79
-98
-105
-106
-104
-113
-113
-125
-150
-159
-162
-159
-157
-151
-140
-127
-118
-110
-102
-85
-73
-62
-49
-37
-21
-22
-23
-8
2
19
43
57
78
100
121
139
141
154
162
157
138
126
107
100
79
54
34
7
-19
-50
-64
-86
-106
-114
-126
-143
-177
-186
-188
-195
-194
-203
-206
-212
-199
-208
-211
-207
-196
-200
-207
-192
-193
-202
-189
-184
-171
-136
-116
-113
-91
-65
-73
-51
-12
7
31
49
73
119
147
181
202
226
236
239
247
245
251
234
223
214
209
199
191
165
146
145
112
94
68
40
26
-3
-31
-55
-78
-86
-94
-104
-118
-100
-87
-92
-80
-83
-88
-98
-120
-130
-122
-127
-110
-82
-73
-51
-38
-45
-21
4
9
26
45
63
71
80
89
108
136
158
175
188
201
203
211
208
202
193
170
146
128
111
90
74
34
15
8
-5
-27
-52
-51
-73
-80
-78
-93
-118
-120
-119
-125
-121
-132
-128
-125
-108
-92
-81
-59
-54
-45
-45
-44
-26
-42
-51
-41
-51
-49
-39
-29
-36
-33
-29
-32
-14
10
18
42
74
93
119
140
158
154
156
168
167
159
152
122
102
96
76
58
35
19
-6
-24
-25
-24
-28
-29
-55
-67
-71
-76
-78
-99
-96
-82
-89
-95
-83
-92
-90
-88
-111
-132
-124
-116
-132
-142
-148
-143
-149
-152
-148
-151
-144
-133
-122
-128
-115
-110
-90
-78
-61
-42
-34
-17
-4
24
41
56
67
69
70
77
82
87
95
94
86
79
70
59
56
67
60
61
77
72
69
75
66
63
55
51
54
34
35
53
67
61
63
75
70
89
77
67
61
53
41
32
27
29
19
0
-3
-16
-35
-41
-37
-15
3
20
53
70
93
107
125
139
151
151
146
156
149
150
143
121
104
76
53
51
61
45
22
-7
-52
-62
-60
-63
-66
-68
-87
-96
-111
-116
-108
-111
-119
-120
-118
-110
-104
-110
-114
-110
-110
-116
-108
-107
-105
-96
-86
-93
-85
-90
-89
-73
-74
-68
-76
-54
-40
-31
-25
-1
21
39
56
49
58
54
44
33
21
21
11
-5
-22
-45
-52
-60
-67
-63
-72
-59
-59
-62
-57
-50
-50
-52
-46
-36
-22
-24
-18
-7
19
20
40
67
64
61
53
59
52
35
12
0
-10
-15
-25
-34
-31
-33
-45
-46
-31
-16
-6
24
54
66
95
120
157
162
165
172
154
153
142
137
134
138
133
110
89
63
50
33
27
16
3
14
1
5
6
-3
-9
-12
-27
-49
-49
-53
-61
-66
-62
-52
-34
-24
-22
-20
-25
-20
-30
-35
-31
-44
-55
-63
-70
-84
-88
-91
-70
-68
-65
-33
-12
-1
1
30
49
64
74
71
81
81
60
56
43
27
23
5
10
17
9
6
1
6
17
6
5
9
5
3
-5
-9
4
16
26
34
39
58
65
84
86
86
67
61
62
40
36
14
4
-27
-48
-74
-85
-106
-125
-125
-135
-131
-127
-107
-104
-98
-90
-76
-75
-57
-30
-32
-39
-32
-43
-51
-58
-54
-63
-53
-51
-52
-51
-53
-60
-93
-91
-88
-85
-92
-94
-69
-47
-42
-36
-19
0
18
28
41
60
70
74
80
87
88
86
81
70
80
75
65
68
67
65
67
70
48
30
27
33
32
26
19
33
33
43
54
61
54
48
55
63
65
58
52
42
32
-1
3
3
4
-3
-14
2
7
15
5
-3
11
5
-5
-2
20
18
19
21
30
43
37
54
57
65
62
68
66
70
66
64
45
36
30
13
8
-3
-8
-28
-34
-37
-47
-48
-31
-37
-30
-4
16
27
34
32
28
40
38
19
6
-2
-27
-43
-57
-61
-71
-88
-110
-121
-134
-134
-132
-138
-130
-143
-140
-138
-150
-143
-132
-131
-118
-111
-89
-78
-66
-52
-38
-12
-2
12
29
29
22
18
19
12
16
23
17
23
33
37
41
27
38
52
57
67
75
79
84
79
76
69
56
53
45
38
25
24
25
13
5
3
-9
-7
-14
-10
-1
-4
0
3
-8
-18
-25
-30
-21
-24
-6
-7
-9
15
24
41
58
69
79
74
78
75
84
91
94
91
71
65
54
41
25
15
3
-1
0
-10
-17
-19
2
2
-12
-2
2
-5
-21
-15
-17
-35
-27
-24
-18
-15
-9
-9
-17
-13
-23
-28
-35
-34
-41
-42
-41
-53
-58
-68
-66
-57
-73
-70
-58
-44
-44
-48
-36
-28
-26
-16
7
19
27
39
58
69
79
75
76
68
62
50
34
39
39
30
25
27
27
23
21
9
2
15
32
36
33
28
25
13
18
11
10
1
-14
-29
-47
-64
-74
-90
-97
-102
-133
-140
-158
-144
-135
-128
-121
-125
-119
-108
-85
-74
-52
-36
-32
-26
-18
2
8
19
32
40
52
65
68
70
87
95
89
98
94
88
79
76
79
93
90
76
82
68
68
67
61
74
92
73
63
57
42
41
33
13
-6
-2
-15
-18
-32
-50
-42
-45
-40
-44
-34
-36
-42
-42
-50
-49
-51
-52
-56
-42
-31
-17
4
18
13
33
37
35
47
49
52
59
60
58
64
49
42
43
47
37
35
37
47
45
41
35
35
41
34
41
36
29
28
20
12
5
15
-1
-6
-3
-18
-25
-29
-35
-61
-63
-80
-88
-92
-100
-112
-130
-137
-142
-128
-121
-110
-111
-96
-83
-68
-50
-46
-39
-34
-26
-17
-11
-10
-14
-6
-17
-21
-20
-28
-33
-34
-20
-23
-23
-21
-21
-19
-19
2
6
1
12
23
17
22
32
34
57
53
65
66
70
72
78
79
56
48
41
41
34
26
28
20
11
4
-12
-5
-8
5
1
-11
-20
-7
-6
-1
22
32
45
59
82
92
87
79
84
67
45
39
27
12
6
7
11
8
12
24
27
25
30
41
29
30
35
36
35
23
15
16
16
8
8
2
-4
-10
-17
-18
-27
-22
-36
-34
-45
-61
-64
-75
-89
-86
-88
-98
-88
-98
-100
-101
-98
-91
-80
-56
-47
-49
-43
-33
-36
-44
-43
-37
-27
-22
-14
-3
7
16
22
23
37
40
37
44
51
49
60
71
78
89
102
99
82
107
118
135
146
139
140
122
118
112
90
65
46
34
12
4
2
-15
-39
-46
-50
-68
-72
-87
-102
-112
-115
-133
-136
-117
-114
-97
-94
-99
-84
-75
-93
-86
-77
-83
-89
-81
-76
-86
-70
-63
-52
-36
-22
-13
-1
12
26
34
38
36
43
42
36
39
37
32
34
27
42
49
41
36
32
28
33
32
18
-8
-15
-6
-9
-3
-6
-5
4
2
0
9
29
37
28
28
29
39
35
36
34
40
34
39
42
42
42
35
46
44
46
44
39
39
38
32
30
25
41
32
26
27
30
34
33
34
45
48
39
53
43
37
39
26
30
31
21
14
3
9
-7
-33
-43
-47
-51
-56
-71
-68
-63
-55
-54
-55
-36
-30
-27
-18
-10
-15
-6
1
-8
-13
-17
-23
-30
-19
-25
-29
-23
-15
-5
-7
-2
-9
-2
1
5
17
31
26
20
23
22
22
12
2
-4
-7
-12
-12
-25
-24
-25
-36
-34
-36
-50
-62
-75
-90
-108
-119
-118
-132
-124
-118
-112
-101
-106
-85
-79
-85
-68
-74
-63
-49
-28
-8
-8
1
7
10
10
15
27
23
38
44
43
47
71
80
77
90
102
112
93
97
107
109
113
115
121
120
106
100
109
105
96
95
97
101
86
79
75
64
60
52
48
29
13
-10
-21
-17
-31
-43
-46
-50
-69
-66
-60
-58
-61
-72
-85
-94
-90
-83
-76
-89
-98
-107
-94
-73
-61
-56
-50
-43
-23
-5
10
27
35
54
58
79
93
93
87
83
80
81
88
96
106
95
80
84
96
93
79
43
38
20
0
0
-13
-17
-28
-36
-46
-59
-64
-61
-64
-75
-87
-92
-88
-80
-81
-70
-61
-55
-46
-50
-51
-61
-52
-47
-48
-51
-63
-61
-52
-50
-64
-53
-49
-31
-19
-16
2
10
25
34
31
32
29
20
16
21
28
27
30
22
11
28
18
10
5
2
10
-5
-12
-4
-3
-16
-15
-12
-16
-19
-34
-39
-45
-39
-48
-68
-79
-77
-76
-77
-74
-66
-48
-33
-35
-25
-13
0
10
15
19
15
17
14
18
18
36
50
54
68
76
85
87
94
105
119
117
121
139
131
123
122
122
115
97
86
77
63
53
54
46
41
19
7
8
5
6
5
-2
-6
-20
-39
-34
-32
-40
-49
-65
-69
-54
-43
-46
-51
-59
-52
-50
-53
-37
-30
-29
-36
-28
-20
-6
-7
-2
6
19
34
29
41
48
59
60
55
59
56
51
44
42
46
38
28
22
33
28
22
22
13
5
-22
-32
-45
-53
-73
-82
-77
-77
-77
-104
-109
-116
-117
-124
-134
-128
-111
-107
-87
-72
-68
-47
-54
-51
-48
-56
-52
-45
-41
-38
-2
5
10
9
24
28
4
4
7
1
-3
6
8
1
-11
-6
11
31
40
52
49
54
62
55
54
55
45
33
39
57
56
61
73
51
53
58
53
33
13
10
3
-1
-5
3
10
17
34
43
36
39
38
29
44
40
40
46
31
18
17
24
13
3
14
28
30
30
25
24
9
-1
2
1
-5
6
30
36
31
47
48
35
25
27
25
10
19
11
-21
-42
-58
-77
-84
-89
-105
-108
-104
-102
-103
-104
-108
-112
-115
-116
-104
-96
-108
-92
-70
-70
-59
-41
-39
-46
-35
-28
-2
-2
20
30
32
50
57
65
74
91
106
109
108
107
112
113
98
118
116
122
125
121
116
108
104
101
101
93
85
72
59
37
38
29
8
-12
-26
-29
-47
-59
-79
-82
-98
-120
-129
-136
-143
-153
-153
-157
-162
-163
-164
-160
-139
-124
-120
-102
-82
-63
-64
-51
-34
-43
-31
-27
-21
-9
-5
-2
10
27
38
47
46
34
41
62
78
83
67
70
85
91
98
106
118
116
111
109
95
82
65
49
50
51
42
41
34
21
13
7
5
-6
-14
-20
-10
0
-3
-6
-1
0
-8
-9
-25
-22
-30
-40
-32
-30
-31
-30
-37
-28
-18
-16
-23
-30
-30
-25
-19
-7
-5
-5
0
6
17
20
26
22
20
33
33
24
21
11
15
21
16
23
39
40
34
29
21
22
27
33
18
1
-24
-24
-26
-35
-25
-21
-32
-37
-50
-52
-62
-65
-57
-56
-61
-51
-31
-24
-10
0
11
28
32
23
13
2
11
5
2
7
1
3
16
24
26
37
38
26
30
26
29
36
51
53
46
44
35
19
14
-5
-40
-54
-48
-57
-50
-58
-67
-55
-56
-61
-68
-64
-68
-61
-57
-62
-46
-36
-41
-50
-47
-36
-33
-39
-37
-27
-24
-18
-5
1
0
11
19
13
11
20
28
34
28
42
50
62
65
63
82
82
92
104
106
112
126
137
139
145
145
135
122
108
85
53
43
40
20
8
3
-17
-30
-39
-44
-51
-76
-80
-88
-99
-99
-100
-91
-89
-97
-100
-116
-123
-125
-138
-132
-123
-105
-105
-89
-82
-96
-77
-68
-61
-65
-51
-53
-45
-26
-10
-2
-1
4
23
37
43
55
63
74
95
107
113
127
140
138
131
136
130
121
113
113
114
95
89
78
63
40
15
21
9
4
-6
-9
-13
-23
-22
-10
-18
-17
-6
-16
-25
-44
-37
-43
-38
-43
-45
-44
-51
-31
-26
-22
-25
-19
-12
-17
-22
-7
-11
-3
-12
-20
-11
-18
-10
-26
-23
-22
-16
-22
-17
-8
-14
-12
-9
-13
-18
-27
-31
-36
-33
-19
-21
-25
-27
-28
-25
-41
-39
-43
-50
-45
-41
-44
-39
-25
-26
-23
-20
-16
-1
-18
-19
-9
-5
-3
3
4
9
18
15
21
28
29
13
4
9
21
21
36
43
48
59
67
84
105
102
102
108
112
110
95
78
67
47
37
26
3
0
-14
-19
-20
-28
-38
-35
-28
-27
-35
-34
-37
-37
-21
-7
0
-1
-6
1
4
8
4
-12
-26
-36
-36
-39
-48
-36
-43
-43
-31
-37
-29
-33
-37
-32
-20
-30
-27
-10
-7
-16
-10
3
4
-5
11
21
13
3
-3
12
-5
-8
-8
-20
-19
-6
-14
-14
-7
-14
-17
-34
-27
-15
-21
-29
-22
-5
5
11
30
32
19
29
42
55
62
64
63
56
65
70
65
74
70
67
60
50
48
35
27
17
12
23
10
4
27
19
25
37
26
19
16
11
15
6
-2
2
5
9
2
1
8
-16
-35
-37
-49
-55
-65
-61
-59
-53
-51
-61
-59
-71
-72
-62
-57
-61
-61
-54
-46
-44
-33
-27
-41
-45
-33
-23
-16
-10
-8
-6
-8
2
-5
-21
-13
-10
1
7
0
4
-1
-7
-3
3
16
18
15
16
16
22
35
21
27
23
26
32
16
14
15
24
20
15
21
21
9
18
14
8
0
4
-2
-4
4
3
-1
-1
-3
-12
-16
-18
-9
-5
16
27
26
32
29
35
29
19
21
10
6
15
15
14
23
30
18
23
34
43
41
42
46
47
50
32
33
37
29
10
1
16
15
-1
0
6
-8
-19
-24
-34
-59
-63
-69
-76
-80
-89
-87
-95
-93
-77
-77
-74
-58
-63
-57
-43
-26
-25
-41
-42
-28
-6
-9
-20
-10
-6
-12
5
21
26
21
31
50
40
51
56
59
65
61
61
70
90
92
85
77
76
84
100
100
84
82
77
83
65
41
25
11
-6
-11
-13
-32
-40
-50
-55
-50
-59
-72
-81
-89
-97
-85
-79
-83
-78
-82
-77
-76
-78
-73
-67
-69
-71
-63
-52
-54
-41
-33
-31
-19
-16
0
4
2
12
17
31
30
11
3
7
18
14
20
20
38
51
56
58
68
71
61
62
46
45
38
29
14
10
0
-19
-18
-27
-23
-25
-24
-12
-16
-16
-10
1
-8
-4
-13
-11
-1
-3
-9
-6
-5
-17
-9
-14
-14
-12
3
15
17
20
24
34
34
35
40
50
60
64
44
51
63
71
72
83
92
95
94
77
72
56
58
70
72
74
85
68
67
60
51
42
25
20
-2
-15
-21
-14
-25
-27
-51
-51
-50
-71
-76
-74
-74
-98
-96
-104
-116
-118
-124
-126
-120
-111
-115
-99
-99
-87
-80
-80
-70
-75
-61
-64
-71
-54
-47
-43
-26
-18
-20
-10
6
-1
10
8
11
19
26
26
27
44
50
47
51
49
38
33
19
8
3
4
4
12
4
10
5
9
16
14
17
11
19
22
11
9
1
-11
-10
-15
-11
-3
12
10
3
5
4
0
2
4
6
5
7
-9
-17
-14
-11
-9
1
20
28
28
37
48
53
61
73
78
71
73
80
81
81
77
74
73
86
73
50
42
30
22
18
23
31
34
42
39
38
37
31
17
5
7
-9
-18
-15
-25
-38
-59
-63
-69
-81
-90
-96
-90
-86
-96
-99
-89
-82
-79
-82
-68
-64
-63
-52
-43
-36
-33
-21
-5
-8
-11
-1
-7
-2
5
3
9
12
18
22
28
44
48
46
48
54
57
50
44
45
41
39
32
16
19
18
15
11
12
12
4
5
8
8
7
11
-7
-9
-12
-14
-14
-29
-31
-36
-29
-39
-55
-47
-44
-52
-71
-69
-69
-73
-69
-53
-59
-78
-66
-57
-50
-27
-8
4
13
18
16
23
37
36
23
37
42
35
29
28
22
17
30
21
20
28
26
17
27
35
45
40
30
15
-2
-4
-12
-20
-13
-12
-14
-9
-6
2
-10
-12
-16
-14
-6
-2
-6
-14
-4
7
6
19
22
12
24
23
29
44
51
56
69
65
72
74
71
77
87
90
88
92
87
80
81
72
58
59
59
59
49
41
44
39
30
29
15
-1
-6
-20
-33
-49
-52
-64
-61
-54
-71
-79
-92
-88
-100
-114
-111
-115
-105
-106
-109
-100
-104
-102
-101
-107
-100
-99
-100
-92
-76
-68
-53
-48
-44
-32
-28
-25
-19
-10
-7
7
18
23
22
18
22
30
37
41
47
53
33
31
47
38
39
37
34
27
27
20
11
8
5
9
4
10
16
15
10
19
17
16
11
5
8
16
22
22
27
35
38
30
28
24
14
10
10
21
25
22
27
29
32
46
56
55
56
62
70
81
64
46
64
68
62
54
40
24
19
14
16
6
5
5
-2
-2
-7
8
-1
-7
-8
-20
-31
-25
-18
-27
-32
-19
-11
-21
-29
-43
-46
-51
-56
-56
-50
-46
-52
-47
-37
-42
-43
-30
-28
-42
-37
-31
-29
-35
-28
-37
-40
-43
-35
