SAMPLES:	21466
BITSPERSAMPLE:	16
CHANNELS:	1
SAMPLERATE:	16000
NORMALIZED:	FALSE
-45
-33
-44
-37
-32
-33
-29
-24
-28
-30
-24
-21
-15
-17
-18
-15
-20
-12
-18
-23
-14
-15
-22
-17
-25
-22
-19
-26
-19
-29
-22
-28
-21
-16
-17
-14
-16
4
-2
-8
0
7
-2
5
5
-8
-11
2
-5
-13
1
10
10
15
8
4
20
10
9
4
8
11
12
15
13
27
24
19
14
22
19
19
16
16
19
9
17
25
20
20
17
9
13
12
12
6
0
7
1
2
-7
-10
-12
-19
-15
-18
-19
-20
-15
-13
-9
-14
-14
-6
-17
-14
-15
-8
-1
-4
-2
-1
-2
3
-1
-7
-3
-9
-13
-13
-18
-12
-11
-11
-1
7
0
4
7
10
12
9
10
9
17
11
2
-4
4
1
11
14
8
8
3
10
19
11
11
14
16
12
9
2
-4
4
8
3
6
8
5
12
9
14
15
20
17
25
19
29
36
28
33
29
40
33
28
23
18
15
10
12
7
7
13
9
16
6
1
-1
1
-12
-11
-1
-14
-23
-25
-23
-31
-30
-30
-30
-40
-35
-37
-37
-42
-38
-34
-42
-40
-43
-35
-45
-45
-40
-44
-36
-38
-39
-30
-31
-25
-26
-31
-27
-26
-23
-18
-2
-5
0
12
19
22
23
26
24
18
16
20
21
22
23
18
11
13
1
-3
-3
0
6
2
8
10
14
17
21
16
17
23
22
20
18
19
14
9
12
15
7
8
2
-3
3
5
5
5
12
14
13
16
14
13
17
16
12
11
5
6
4
6
7
4
5
8
3
8
16
9
11
18
18
18
6
-3
-3
-16
-15
-15
-7
-11
-17
-9
-12
-14
-10
-14
-23
-21
-13
-16
-18
-21
-15
-19
-16
-13
-22
-12
-10
-3
-7
-6
-6
-3
-1
-2
-3
1
10
13
17
16
11
12
8
13
16
12
8
8
13
3
5
5
-3
1
0
6
10
16
12
10
5
5
5
1
6
0
0
2
6
1
0
8
5
3
3
-1
-5
-7
-5
-3
-12
-13
-19
-23
-18
-19
-19
-19
-20
-16
-17
-14
-3
-4
2
0
2
10
9
8
5
-2
-1
-7
-6
2
-3
-6
1
3
-2
-1
8
5
4
2
3
3
-7
-12
-23
-18
-20
-22
-18
-17
-13
-21
-15
-11
-13
-16
-19
-13
-17
-14
-22
-12
-12
-13
-9
-1
-1
-1
2
-1
-4
-5
9
7
5
2
5
11
11
13
18
17
15
14
14
19
20
23
20
21
26
21
19
22
17
17
22
26
26
19
17
21
22
24
19
24
25
25
20
20
17
14
19
15
14
21
22
20
14
14
10
14
10
11
7
-2
2
-8
2
-7
-13
-12
-14
-11
-16
-15
-16
-16
-16
-21
-23
-28
-31
-33
-34
-34
-35
-27
-32
-29
-27
-26
-20
-18
-19
-15
-9
-4
-5
2
3
11
11
8
18
6
8
9
2
-1
-2
8
4
1
0
-6
-6
-9
-9
-10
-12
-11
-12
-11
-8
-2
-5
-4
-3
-7
-10
-8
-6
-6
-5
-3
-3
1
1
5
12
8
14
12
18
21
21
26
19
15
17
14
13
19
21
18
16
12
10
10
8
5
5
12
9
9
4
7
-4
-9
-7
-8
-12
-18
-20
-21
-27
-30
-30
-33
-34
-32
-35
-34
-31
-29
-22
-21
-18
-16
-13
-9
-4
-1
6
3
0
1
4
5
4
5
7
5
4
6
6
10
9
16
18
17
20
22
23
24
20
14
17
15
17
14
20
24
21
19
19
11
18
23
20
17
17
22
17
13
12
9
2
2
-4
-3
-5
-2
-6
-8
-9
-7
-9
-13
-10
-16
-16
-16
-14
-14
-9
-12
-10
-11
-16
-16
-15
-18
-14
-16
-10
-11
-13
-9
-10
-6
-2
3
4
8
7
8
8
3
4
-1
2
0
3
8
11
16
13
11
3
6
3
-2
3
3
1
-1
-2
0
1
-3
-9
-6
-9
-11
-10
-11
-12
-12
-11
-12
-9
-9
-4
-8
-8
-11
-11
-7
-13
-15
-7
-4
-7
-8
-9
-9
-8
-4
-2
2
14
12
14
16
10
14
6
7
6
10
13
11
16
15
12
8
3
7
6
2
7
5
8
12
7
6
8
7
4
2
2
0
-1
2
2
0
0
-6
-4
-1
-3
1
-2
4
11
7
14
9
9
8
3
1
-2
4
0
4
3
4
0
-2
-7
-10
-1
-10
-8
-3
-7
-5
-8
-5
0
0
-4
-8
-6
-12
-15
-16
-12
-13
-17
-11
-11
-13
-12
-15
-13
-10
-7
-1
3
9
10
7
3
3
5
4
-1
-1
2
-3
-5
-6
-3
-4
-6
-3
-8
-4
0
3
7
7
8
4
-2
2
2
3
5
11
11
11
8
6
5
2
2
4
5
13
17
17
17
13
13
11
16
16
18
16
17
12
14
12
8
5
1
6
5
1
-1
-2
-9
-6
-5
-9
-12
-10
-12
-17
-17
-11
-11
-10
-8
-7
-10
-15
-13
-14
-18
-13
-11
-14
-13
-10
-6
-9
-3
-3
2
-3
-6
-4
-6
0
1
3
0
0
-2
-1
1
0
5
4
2
3
7
3
1
5
4
5
1
1
-1
-3
3
-4
-6
-3
-6
-4
-5
-1
-4
2
3
2
4
6
7
5
4
6
11
7
7
8
4
2
1
3
5
5
8
9
8
10
3
1
2
2
1
0
-3
-8
-5
-9
-5
-3
-2
-2
3
5
4
6
2
6
6
6
4
7
3
6
7
0
-1
-8
-10
-8
-9
-11
-15
-10
-8
-9
-5
-5
-6
-4
-5
-4
-8
-4
-2
-4
-6
-3
-2
-5
0
-3
2
5
1
5
7
6
3
0
-1
3
5
5
8
4
6
4
2
-2
-4
0
1
4
-2
-5
-2
-1
-6
-2
-1
-1
-1
-2
0
0
1
2
5
6
9
8
8
6
1
-1
-6
-4
-7
-9
-5
-7
-6
-4
-1
-4
-4
-1
-3
-2
0
2
4
7
9
12
13
11
13
14
10
8
11
10
14
11
14
13
8
5
4
4
-5
-4
-7
-7
-6
-8
-8
-11
-10
-12
-13
-10
-12
-11
-11
-12
-9
-11
-10
-8
-7
-9
-10
-12
-8
-6
-9
-7
-7
-5
-3
-2
1
5
4
3
6
7
7
9
7
9
16
13
11
8
8
8
6
7
9
8
8
11
9
8
3
1
2
0
1
1
5
5
6
8
2
4
6
6
8
9
11
10
8
9
11
10
6
3
0
-5
-7
-5
-3
-1
-6
-9
-6
-6
-8
-9
-9
-3
-5
-6
-3
-2
-3
-2
-9
-9
-13
-19
-19
-22
-22
-15
-15
-17
-15
-13
-10
-10
-12
-14
-6
-11
-11
-7
-6
-6
-8
-4
-5
0
-1
0
0
2
4
2
3
2
5
6
8
9
10
11
9
9
7
6
6
8
8
10
11
6
5
8
10
9
12
15
14
15
16
14
13
11
7
5
-2
-7
-3
-3
-4
-6
-8
-5
-4
-8
-4
-3
-3
-1
0
-3
1
1
1
-1
-3
-3
-2
-3
-2
-6
-3
-5
-3
1
1
5
5
8
8
7
6
5
5
2
-1
1
5
1
3
2
-1
2
-3
0
-1
0
4
3
2
-4
-3
-7
-9
-10
-11
-11
-12
-12
-10
-5
-7
-8
-9
-11
-9
-10
-5
-1
-3
4
4
3
5
1
-6
-5
-5
-7
-10
-6
-3
-5
-4
-5
-5
-7
-7
-6
-5
-3
-3
-1
-2
-2
3
2
2
7
8
8
6
4
5
4
8
8
9
11
11
9
10
9
7
5
7
10
11
9
6
11
9
9
8
10
8
9
11
9
12
10
9
8
8
7
8
7
5
1
0
2
-3
-3
-5
-6
-6
-8
-8
-9
-8
-4
-7
-6
-5
-5
-5
-4
-2
-2
-3
-2
0
2
2
-5
-4
-1
-1
-4
-4
-2
-5
-4
-4
-4
-5
-5
-8
-6
-8
-6
-4
-4
-2
-2
0
0
1
0
-1
-4
-3
-4
-6
-7
-6
-9
-7
-8
-10
-9
-9
-12
-11
-6
-5
-7
-3
-3
-7
-6
-8
-6
-8
-3
-3
-3
-3
1
5
2
5
9
7
10
13
15
14
16
19
18
16
21
19
18
14
14
15
12
10
10
11
8
5
2
4
7
2
0
2
0
-3
-6
-5
-7
-6
-10
-13
-14
-14
-18
-13
-17
-16
-13
-14
-12
-10
-8
-4
-1
-3
1
0
-1
2
4
4
5
6
6
1
-1
1
0
3
1
1
3
2
0
4
-2
0
-1
0
-1
-3
-1
-4
-2
1
0
0
1
0
-3
0
1
3
4
4
3
5
5
6
7
9
8
6
7
3
1
1
4
2
4
4
4
8
4
5
9
4
2
1
1
-1
-4
-6
-7
-3
-5
-11
-10
-11
-10
-8
-4
-3
-2
-3
-2
-1
-2
-2
-2
-5
-6
-6
-4
-6
-2
-4
-7
-6
-7
-5
-8
-6
-9
-10
-10
-8
-9
-7
-9
-8
-4
-5
-4
-6
-4
-4
-4
-3
-2
-2
0
0
1
5
4
2
0
-4
-1
0
-3
-3
0
0
-2
0
0
4
5
6
8
10
11
10
11
12
9
9
8
7
12
11
12
14
12
13
16
15
16
20
18
15
13
13
8
8
12
13
13
13
10
9
13
11
8
11
8
7
6
6
6
6
5
0
0
-1
-1
0
-6
-5
-2
-4
-8
-6
-3
-6
-9
-8
-7
-10
-8
-9
-14
-13
-12
-15
-18
-23
-18
-18
-22
-21
-19
-19
-21
-20
-19
-17
-13
-14
-12
-10
-10
-10
-9
-6
-7
-7
-4
-4
-7
-10
-9
-10
-8
-8
-8
-4
-4
-3
0
1
-1
4
3
6
6
4
8
5
4
3
4
6
6
7
8
9
7
11
10
10
9
10
12
11
14
11
13
12
11
10
5
4
2
3
-1
1
5
3
2
2
3
3
2
2
3
3
3
3
0
1
-2
-2
0
-4
-1
-1
-1
2
0
-1
-2
-5
-7
-6
-4
-4
-5
-8
-6
-3
-3
-2
1
2
1
3
6
7
6
7
5
5
7
7
7
8
9
10
12
11
12
11
11
13
13
14
16
14
10
11
9
9
7
8
9
6
4
6
3
3
1
-4
-3
-4
-9
-9
-12
-12
-12
-16
-18
-21
-19
-23
-21
-19
-21
-19
-20
-20
-18
-17
-10
-8
-6
-7
-6
-4
-6
-5
-6
-3
-2
-2
-2
-3
-2
0
-1
3
3
3
-1
-1
0
0
-2
-6
-1
-3
-1
-3
-3
0
0
-2
-2
-2
-5
-4
-1
-2
-1
-1
1
-2
-1
-2
-2
-1
0
2
0
0
3
3
5
7
8
8
6
10
8
8
12
11
8
10
10
8
9
9
7
3
1
1
-1
-1
-2
-2
-2
-2
-3
-1
1
1
4
5
8
6
8
10
6
5
3
3
3
3
5
3
-1
-1
-1
-3
-5
-5
-5
-4
-4
-4
-2
2
5
4
6
6
4
6
5
7
8
6
9
8
8
9
6
3
7
6
3
5
3
5
4
3
3
3
1
4
2
0
-2
-4
-4
-6
-4
-4
-4
-6
-7
-12
-12
-12
-15
-17
-17
-14
-15
-13
-12
-10
-11
-10
-7
-10
-10
-11
-10
-8
-9
-6
-8
-8
-9
-10
-9
-10
-7
-4
-3
-3
-2
0
1
-1
0
0
-1
0
-1
3
4
4
6
6
9
10
12
12
13
15
15
14
15
15
15
14
12
12
12
8
7
6
4
3
3
1
2
2
0
2
2
2
-2
-1
-1
-5
-4
-4
-3
-2
-2
-5
-3
-3
-2
-2
-3
1
2
0
0
1
2
3
2
2
2
0
-3
-4
-6
-2
-3
-2
-1
-1
-2
-2
-2
-2
-3
-7
-7
-7
-7
-6
-5
-4
-5
-6
-6
-7
-7
-6
-5
-5
-4
-2
-2
0
-1
-3
-6
-5
-6
-7
-8
-7
-4
-5
-1
0
-1
3
6
8
13
15
16
14
14
14
13
16
14
15
15
13
15
13
15
16
19
20
20
20
18
17
13
13
14
11
9
8
6
2
1
-3
-5
-10
-11
-13
-14
-12
-12
-13
-16
-19
-20
-22
-21
-21
-20
-21
-21
-20
-22
-23
-22
-23
-20
-19
-17
-16
-12
-14
-11
-8
-6
-5
-6
-4
0
1
0
2
2
2
5
7
5
3
4
2
0
1
3
4
3
4
3
5
7
4
5
5
5
6
5
3
3
5
7
4
6
6
7
6
7
8
10
14
12
12
14
12
12
11
11
8
8
6
7
4
2
3
1
3
3
3
1
5
2
1
2
0
-2
-3
-4
-4
-1
-4
0
-1
-2
-3
-3
-4
-4
-6
-3
-4
-5
-2
-3
-6
-8
-8
-9
-11
-10
-8
-10
-6
-3
-4
-1
-2
-4
-3
-5
-4
-3
-5
-3
0
0
0
0
3
1
4
5
6
9
11
9
6
9
7
3
2
3
-1
-3
-3
-6
-4
-5
-4
-2
-4
-3
-6
-5
-5
-7
-8
-8
-5
-6
-8
-6
-4
-5
-5
-4
-2
1
3
4
6
5
6
7
7
8
11
12
11
11
12
13
13
12
10
10
8
8
8
8
8
7
5
4
5
5
2
-1
-1
-2
0
-4
-4
-5
-8
-5
-6
-5
-4
-6
-6
-7
-6
-6
-7
-6
-8
-6
-8
-9
-8
-9
-9
-8
-5
-5
-3
-3
-2
-3
0
-2
-2
1
-2
-2
-4
-3
-5
-4
-4
-4
-5
-3
-3
0
2
1
1
0
4
3
0
0
4
2
1
2
1
3
2
4
6
5
5
4
6
6
2
5
6
3
3
1
3
1
-3
-1
-2
-2
-2
1
4
1
2
2
1
1
-1
-2
0
-1
3
5
5
2
2
4
2
3
3
2
-1
0
0
0
-1
-1
-1
-2
1
-2
-1
-2
-2
-2
-2
-1
-1
-4
-3
-4
-4
-2
-1
-1
-1
-4
-2
0
0
3
4
2
1
-1
0
0
3
3
0
-2
-2
-3
-3
-1
0
0
0
-1
1
-2
-2
-2
-2
-1
-1
-1
-1
2
2
2
2
3
4
2
3
4
2
2
-1
-1
1
-1
0
1
1
1
1
1
-1
-3
0
0
0
0
0
-2
-2
-4
-7
-4
-5
-4
-4
-3
-3
-6
-5
-6
-5
-6
-4
-2
2
2
3
6
5
4
1
4
2
3
4
5
6
5
6
5
6
7
6
8
8
8
9
10
9
7
5
5
4
3
5
7
6
6
3
5
4
3
2
1
3
0
-3
-7
-8
-9
-10
-12
-11
-9
-9
-8
-8
-10
-10
-9
-9
-10
-8
-6
-6
-7
-5
-6
-7
-7
-4
-3
-2
-1
-2
-2
-2
-5
-5
-5
-5
-4
-2
-5
-6
-5
-7
-5
-6
-7
-4
-6
-8
-5
-6
-6
-7
-5
-2
-5
-3
-4
-1
0
0
4
3
5
5
6
7
8
10
14
11
11
13
14
11
13
14
17
17
17
21
18
21
21
21
18
17
18
15
14
10
9
6
6
2
2
2
1
1
1
0
-2
-1
-1
0
-2
-2
-4
-4
-6
-8
-11
-11
-13
-15
-15
-15
-15
-18
-17
-20
-20
-20
-18
-15
-16
-15
-14
-15
-14
-15
-14
-8
-7
-6
-4
-3
-3
-3
-4
-2
-1
2
3
6
8
8
8
8
7
7
8
9
9
11
11
10
9
11
8
8
10
11
11
10
10
11
9
4
3
5
2
-1
0
-3
-4
-5
-5
-4
-4
-2
-2
-1
1
1
0
-2
-2
-3
-3
-2
-3
-4
-5
-5
-5
-6
-6
-7
-5
-5
-6
-3
-4
-6
-4
-3
-4
-4
-2
-3
-3
-2
-4
-2
-3
-2
-2
-2
1
2
4
3
6
6
6
6
6
7
8
9
9
9
7
7
7
7
6
10
8
5
6
7
6
4
4
4
0
0
-3
-3
-2
-3
-4
-4
-4
-4
-4
-3
-3
-3
-4
-4
-2
-4
-5
-5
-7
-7
-6
-7
-10
-6
-1
1
-4
-10
-7
-4
-3
-4
-2
-2
-5
-5
0
1
-4
-5
-1
-1
0
4
2
0
2
4
7
5
6
8
6
6
7
7
4
3
1
2
3
4
4
7
5
8
11
10
10
6
6
3
3
4
3
1
-1
-2
-3
-4
-7
-8
-9
-9
-10
-12
-12
-13
-12
-11
-11
-9
-7
-6
-4
-7
-6
-5
-1
0
-1
-1
0
0
-1
0
-1
2
-2
0
-1
-3
0
-2
-1
-1
0
0
-2
-2
-1
0
0
1
1
-1
2
1
0
2
3
1
4
4
6
6
6
6
7
5
9
7
5
7
5
5
4
8
7
7
9
11
9
8
8
4
8
3
5
4
3
3
0
1
-1
-4
-5
-3
-3
-3
-4
-6
-5
-5
-8
-10
-8
-9
-8
-8
-7
-9
-7
-10
-9
-8
-6
-3
-5
-3
-4
-5
-7
-7
-8
-7
-5
-5
-6
-4
-3
-1
-1
1
3
6
7
10
8
12
12
9
9
8
9
8
8
8
8
7
8
10
9
9
12
9
10
10
10
8
8
7
6
4
3
3
0
3
4
2
2
1
0
0
-2
-1
-2
-2
-4
-3
-6
-7
-11
-10
-11
-12
-11
-14
-12
-11
-10
-11
-14
-13
-13
-13
-12
-11
-9
-9
-8
-8
-10
-8
-9
-7
-5
-5
-4
-3
-1
0
0
2
3
3
5
2
4
4
5
6
8
9
11
12
9
8
9
10
8
7
7
6
5
4
5
6
5
5
2
2
1
0
-2
-1
-2
-1
-3
-3
1
0
0
-1
-2
-1
-6
-4
-3
-4
-4
-4
-5
-6
-7
-8
-8
-7
-7
-5
-5
-5
-1
-1
-1
-2
0
1
0
4
5
4
7
4
2
4
2
2
4
5
5
6
7
7
8
9
9
11
9
12
10
11
11
9
9
9
9
7
8
7
7
6
3
3
3
1
-2
-2
-2
-3
-5
-5
-7
-9
-8
-9
-10
-9
-8
-9
-6
-5
-6
-3
-1
1
-1
-1
-4
-6
-7
-6
-4
-5
-6
-5
-5
-6
-5
-3
-2
0
-1
-3
-5
-3
-4
-4
-2
-3
-2
-3
-1
-2
-1
-1
-1
-1
0
-2
-1
-1
-1
-2
-2
-1
-1
-2
0
0
2
0
1
-1
-1
-1
-1
2
0
2
1
-1
-1
-1
-1
0
-1
0
0
2
4
4
5
5
6
5
4
3
4
4
3
2
2
0
-1
-1
-1
-2
-2
-1
0
-1
-2
-2
-1
0
2
1
3
2
1
2
2
1
1
1
3
2
-1
0
-2
-2
-2
-2
-1
1
3
4
4
5
4
3
2
4
7
5
3
4
3
0
0
0
1
0
0
1
1
-2
0
1
2
2
3
2
0
0
2
2
3
3
4
4
6
4
4
4
2
2
2
2
2
0
0
1
-2
-2
0
-1
-3
-4
-8
-7
-10
-10
-11
-11
-14
-17
-15
-16
-17
-16
-18
-20
-18
-16
-15
-16
-14
-11
-9
-6
-7
-4
-2
3
9
12
14
17
18
20
24
24
24
25
23
22
20
18
15
13
11
10
10
7
1
-1
-2
-6
-10
-13
-14
-15
-17
-14
-17
-20
-19
-15
-13
-12
-5
0
-1
2
12
14
17
19
18
17
15
13
13
12
11
10
6
6
3
2
-2
-5
-6
-7
-10
-11
-11
-11
-9
-8
-5
-2
0
1
1
1
3
6
4
4
4
1
-2
-5
-4
-3
-7
-8
-10
-13
-14
-16
-17
-17
-15
-13
-12
-7
-6
-5
-1
2
3
7
12
15
17
19
20
20
21
17
17
15
12
11
7
5
-1
-3
-4
-6
-9
-11
-12
-12
-13
-12
-11
-9
-9
-9
-8
-9
-7
-6
-3
-3
-4
1
1
2
2
3
5
5
2
2
2
1
1
0
-2
-3
-7
-9
-10
-11
-12
-11
-11
-10
-8
-5
-4
-3
0
2
3
4
6
7
8
9
11
12
14
11
10
10
10
9
8
8
10
11
8
8
9
6
1
1
1
2
1
1
0
4
1
2
5
4
8
5
4
2
4
3
3
1
2
0
-5
-6
-9
-9
-9
-12
-13
-15
-15
-16
-15
-13
-12
-10
-9
-8
-7
-6
-3
-1
0
2
1
1
1
2
4
5
7
6
6
8
4
6
7
9
8
6
7
7
5
5
4
4
2
-1
-1
0
2
0
1
1
2
-1
1
2
2
1
-1
2
4
4
0
1
-2
-1
-1
-1
-3
-1
-2
-3
-5
-6
-3
-3
-2
-1
-2
-3
-3
0
-1
-1
-1
-1
1
4
4
3
3
2
1
2
1
2
3
4
3
2
3
1
2
2
-2
-1
-1
-2
-4
-5
-5
-6
-7
-7
-8
-9
-9
-9
-8
-10
-8
-6
-8
-9
-7
-7
-7
-4
-2
3
2
0
1
1
1
2
3
4
3
5
6
5
6
5
8
6
6
5
4
3
0
0
1
0
-1
1
2
1
3
2
2
0
1
0
1
0
0
0
0
-1
-1
-3
-3
-4
-2
-1
-2
-1
0
1
2
1
-2
-2
-3
-3
-2
-2
-3
-2
-2
-2
-1
-3
-2
0
2
1
5
8
6
7
8
12
12
15
14
16
14
10
9
9
10
8
8
8
9
5
4
4
5
4
1
4
2
0
2
3
3
1
0
-2
-5
-7
-7
-6
-6
-7
-7
-9
-10
-9
-11
-14
-12
-12
-12
-11
-12
-10
-10
-11
-10
-9
-6
-7
-7
-8
-8
-6
-7
-6
-4
-8
-6
-8
-10
-7
-8
-7
-8
-8
-3
-3
-1
4
8
9
7
12
14
12
13
14
12
13
13
11
10
12
9
8
7
6
5
5
5
-1
-2
-4
-7
-7
-5
-4
-6
-6
-5
-4
-2
-6
-9
-6
-3
-5
-5
-2
-5
-5
-7
-2
-1
-1
2
3
3
2
7
9
10
8
11
15
16
15
11
10
10
6
2
3
-3
-9
-4
1
3
2
1
-1
2
2
2
-3
-2
-3
-11
-9
0
-5
-17
-11
-8
-10
-8
-4
-6
-11
-1
14
18
22
29
25
28
43
44
42
46
46
45
53
53
44
39
37
40
42
33
22
3
-36
-63
-54
-55
-93
-125
-122
-129
-149
-148
-144
-169
-181
-140
-110
-132
-117
-69
-67
-60
-8
19
13
44
94
105
97
119
152
143
130
136
129
104
96
91
63
38
22
15
2
-8
-17
-15
-16
-14
-4
4
14
21
42
54
67
77
86
90
93
93
87
84
79
68
59
46
20
1
-13
-36
-63
-77
-89
-92
-97
-98
-98
-100
-90
-81
-73
-59
-27
-14
-22
-6
17
18
21
23
29
26
22
37
27
6
-1
-2
-20
-28
-37
-59
-64
-62
-75
-96
-85
-67
-81
-88
-72
-56
-27
-5
-9
-10
13
53
77
67
77
100
117
142
157
133
116
121
132
128
100
83
78
35
-2
6
-101
-231
-182
-148
-264
-335
-307
-325
-392
-336
-245
-334
-393
-225
-114
-176
-121
24
18
37
204
282
224
266
387
392
334
356
404
336
294
309
234
171
172
119
54
-5
-54
-54
-63
-93
-117
-113
-71
-63
-63
-9
30
63
143
178
152
181
238
258
259
239
189
155
148
118
81
8
-103
-152
-112
-99
-213
-303
-272
-248
-228
-146
-149
-222
-178
-16
44
28
87
156
190
226
265
264
178
146
235
154
-129
-279
-209
-222
-482
-676
-700
-834
-924
-757
-808
-1154
-1179
-842
-715
-838
-736
-508
-440
-251
136
273
203
475
856
916
916
1064
1142
1112
1096
1068
936
764
703
615
389
186
62
-18
-68
-222
-343
-288
-239
-233
-172
-93
-55
66
254
417
529
673
808
855
902
937
958
942
876
781
658
575
518
416
256
58
-188
-231
-208
-374
-647
-695
-794
-1380
-1730
-1396
-1263
-1650
-1720
-1584
-1755
-1757
-1223
-1043
-1607
-1696
-932
-596
-734
-437
-198
-386
-117
596
729
466
634
992
957
804
941
1074
849
662
652
492
320
241
206
55
-182
-271
-118
52
58
60
173
311
439
734
943
951
1021
1138
1250
1367
1397
1329
1249
1180
1099
949
742
571
381
161
65
11
-112
-250
-507
-732
-601
-492
-695
-807
-1079
-1857
-2012
-1223
-1025
-1667
-1949
-1750
-1723
-1676
-1185
-1184
-1957
-1749
-685
-518
-807
-433
-160
-260
222
844
926
815
1078
1433
1336
1228
1409
1376
1144
1051
881
704
682
498
258
175
-35
-199
-75
26
-51
-110
83
286
243
437
848
840
839
1166
1242
1240
1481
1519
1394
1343
1255
1174
1175
1192
943
303
-130
-99
-193
-389
-584
-984
-1391
-1809
-2439
-2396
-1995
-2388
-2820
-2718
-2683
-2669
-2263
-1852
-2121
-2488
-1788
-840
-767
-676
-228
-127
83
924
1392
1203
1309
1736
1910
1771
1642
1710
1629
1345
1151
915
647
492
302
126
-138
-522
-542
-244
-222
-346
-231
-42
74
484
1043
1148
1061
1385
1866
1979
1961
2133
2143
1958
2002
1986
1677
1480
1383
860
92
-150
-88
-466
-952
-1030
-1438
-2672
-3413
-2783
-2438
-3115
-3296
-3017
-3271
-3094
-2173
-1760
-2277
-2334
-1246
-490
-406
66
469
287
648
1622
1838
1515
1601
1899
1848
1538
1387
1328
1002
440
107
90
-11
-451
-785
-724
-918
-1194
-862
-442
-607
-662
-90
363
399
812
1450
1488
1556
2229
2575
2355
2424
2649
2641
2579
2629
2508
2036
1513
1074
760
534
66
-458
-836
-1088
-1292
-2256
-3531
-3519
-3067
-3180
-3388
-3723
-3924
-3631
-2976
-2291
-2491
-2930
-1968
-680
-424
-125
393
413
976
2040
2345
2128
2130
2441
2684
2297
1975
1923
1380
925
703
63
-437
-465
-810
-1382
-1644
-1449
-1276
-1221
-995
-897
-808
-221
570
1047
1149
1564
2273
2551
2779
3127
3037
2924
3207
3307
3010
2619
2265
1599
935
747
380
-300
-696
-1057
-1411
-1676
-2555
-3859
-4161
-3467
-3259
-3834
-4139
-3994
-3827
-3171
-2167
-2377
-3090
-2119
-567
-305
-172
311
473
928
1868
2356
2144
2021
2457
2605
2185
1962
1722
1246
930
562
-22
-370
-502
-878
-1299
-1683
-1974
-1654
-1406
-1322
-672
-419
-609
128
1067
1519
1946
2245
2526
2728
3186
3958
3789
3087
3335
3644
3350
2989
2126
1278
1201
940
250
-372
-1013
-1354
-1393
-2210
-3741
-4495
-3953
-3480
-3911
-4220
-4229
-4406
-3797
-2535
-2510
-3214
-2503
-1038
-524
-285
320
516
659
1719
2551
2233
2216
2724
2734
2429
2193
1940
1565
1155
847
285
-380
-566
-710
-1072
-1395
-1775
-2129
-1863
-1229
-1212
-1073
-275
-135
44
1103
1821
1980
2186
2570
3092
3329
3597
3998
3533
3193
3670
3175
1981
1884
1861
966
272
-118
-667
-1068
-1346
-1971
-3574
-4733
-4039
-3496
-4072
-4379
-4687
-4879
-4028
-2980
-2891
-3332
-2899
-1622
-810
-332
200
425
864
1877
2498
2466
2609
2965
3050
2864
2511
2153
1798
1431
1023
343
-287
-493
-860
-1271
-1489
-1759
-2080
-2872
-2213
158
48
-1496
-731
452
1166
2300
2784
2154
1452
2839
5151
4544
2773
3379
3917
3108
3130
3167
1740
852
1190
934
-190
-1181
-1082
-1136
-3243
-4782
-4167
-3918
-4336
-4501
-4962
-5357
-5056
-3890
-2872
-3633
-4151
-2532
-991
-921
-451
468
536
990
2359
2792
2527
2847
3421
3379
2729
2567
2623
1957
1530
1299
294
-296
-343
-615
-1074
-1626
-1751
-2241
-2553
-804
107
-1040
-905
267
833
1770
2779
2859
2327
2773
4552
4974
3781
3875
4397
3282
2700
3389
2591
1159
1117
633
-514
-1029
-1174
-1408
-3186
-5290
-4865
-4086
-4596
-4831
-5274
-5754
-5106
-3979
-3280
-3561
-4031
-3050
-1234
-656
-651
19
540
1107
2222
2575
2456
2755
3071
3500
3070
2211
2293
2205
1598
1161
394
-224
-544
-825
-943
-1463
-2174
-2647
-2318
-702
-3
-900
-902
221
1205
2157
2982
2841
2308
3318
5135
5225
4209
4036
4467
3950
3205
3300
2531
1194
1123
719
-550
-1291
-1456
-1542
-3033
-5289
-5493
-4613
-4633
-5035
-5454
-5912
-5630
-4510
-3372
-3316
-4025
-3573
-1627
-689
-704
133
638
709
1664
2561
2738
2745
2892
3379
3038
2246
2539
2492
1698
1266
736
83
-384
-684
-753
-1107
-1660
-1543
-1328
-1379
-825
-126
-132
134
999
1841
2624
3055
3354
3758
3997
4685
5253
5020
4523
3581
3184
3593
2899
1827
1339
320
-527
-566
-808
-1867
-4069
-5660
-5079
-4633
-5219
-5571
-6070
-6346
-5502
-4448
-3822
-3959
-4312
-3051
-1390
-1056
-439
366
409
916
1988
2643
2818
2752
3119
3333
2503
2323
2819
2041
994
761
358
-268
-534
-717
-1177
-1725
-2141
-2386
-1736
-284
-294
-1216
-578
678
1373
2405
3304
2974
2686
4045
5612
5306
4702
5026
4470
3639
4190
4052
2498
1651
1394
583
-332
-820
-1129
-2298
-4466
-5565
-5052
-4674
-4853
-5500
-6288
-6193
-5273
-4151
-3237
-3899
-4462
-2777
-1131
-597
41
393
479
1216
2348
3063
2848
2542
3072
3167
2476
2292
2149
1503
1111
644
-368
-927
-1137
-1290
-1277
-1776
-2278
-2044
-1598
-1028
-681
-589
-80
763
1689
2760
3290
3379
3770
4490
5163
5499
5432
4646
3867
4015
4035
3208
2169
1229
607
211
-260
-866
-2358
-4366
-5140
-4929
-4960
-5302
-5747
-6139
-6046
-5445
-4517
-3802
-4105
-4122
-2610
-1435
-1008
-55
504
529
1308
2374
2961
2921
2886
3282
3002
2422
2671
2454
1488
1044
699
-117
-715
-936
-1392
-1910
-1896
-1970
-2178
-1752
-1336
-1142
-540
262
782
1253
2161
3272
3870
4032
4365
4799
5274
5775
5261
4073
3881
4004
3500
2881
1804
566
84
-55
-423
-1604
-3867
-5363
-5046
-4499
-4864
-5718
-6280
-6147
-5352
-4376
-3841
-4190
-4160
-2634
-1203
-874
-297
270
480
1327
2371
2669
2393
2563
3119
2928
2263
2208
2214
1550
961
542
-246
-774
-888
-1466
-2180
-2105
-2161
-2566
-2162
-1742
-1730
-787
115
357
1115
1967
2854
3689
3914
4314
4891
5305
5807
4906
3871
4519
4306
3179
2853
1927
685
539
152
-955
-2686
-4648
-5000
-4428
-4807
-5445
-6176
-6530
-5796
-5116
-4315
-3761
-4431
-3771
-1574
-669
-374
344
916
1523
2170
3162
3821
3136
3067
3934
3324
2367
2530
2219
1364
791
-63
-765
-1119
-1489
-1678
-2256
-2823
-2432
-2130
-2121
-1700
-1402
-823
372
1111
1736
2658
3218
3818
4692
5157
5378
5458
4725
4224
4664
4265
2988
2284
1618
812
323
-268
-970
-2673
-4957
-5198
-4533
-5165
-5831
-6094
-6397
-6107
-5352
-4312
-3947
-4599
-3614
-1488
-990
-687
703
1162
1237
2321
3245
3447
3457
3637
3803
3184
2650
2818
2298
1462
1061
64
-758
-886
-1334
-1712
-1981
-2467
-2650
-2195
-1672
-1729
-1488
-587
-10
561
1770
2783
3158
3600
4339
4908
5440
5813
4965
3879
4145
4424
3559
2577
1836
737
-15
274
-398
-2730
-4588
-5277
-5180
-4674
-4893
-6043
-6807
-6272
-5111
-4307
-3845
-3830
-3972
-2679
-613
72
216
927
1493
1863
2979
3950
3653
3297
3587
3368
2678
2426
2328
1653
655
-60
-684
-919
-1101
-1775
-2178
-2393
-2693
-2439
-2028
-1826
-1664
-1226
-165
652
1180
2379
3296
3523
4228
5020
5313
5626
5255
4257
4274
4368
3534
2656
2013
1220
356
-179
-411
-1791
-4499
-5667
-4895
-4844
-5507
-5777
-6348
-6713
-5716
-4243
-3644
-4218
-4189
-2426
-931
-444
501
1070
974
1907
3362
3834
3558
3466
3822
3710
2919
2709
2556
1658
1057
579
-672
-1392
-1405
-1471
-1712
-2460
-2917
-2582
-2248
-1793
-1428
-1171
-438
334
1325
2779
3388
3570
4195
4747
5402
6183
5657
4560
4460
4287
3788
3281
2284
1263
421
-214
-249
-1648
-4490
-5594
-5174
-5116
-5354
-6134
-6653
-6286
-5955
-4846
-3398
-3953
-4340
-2412
-849
-478
309
1052
1509
1954
2827
4108
3983
3177
3666
3617
2487
2443
2478
1507
584
-178
-955
-1362
-1606
-1904
-2446
-2969
-2927
-2755
-2479
-1869
-1758
-1777
-740
475
1039
2018
3198
3592
3821
4639
5486
5779
5527
4802
4337
4406
4094
3343
2489
1342
462
172
-108
-1246
-3719
-5378
-4732
-4540
-5432
-5593
-5813
-6412
-5874
-4386
-3463
-3942
-3938
-2015
-757
-842
330
1602
1146
1641
3287
3619
3353
3573
3947
3604
2529
2291
2546
1659
740
384
-504
-1248
-1552
-2228
-2468
-2012
-2385
-2886
-2598
-2401
-1940
-903
-446
-189
392
1571
3037
3535
3555
4198
4709
5369
6007
5004
3812
4033
4065
3360
2638
1746
780
-83
-446
-1200
-3743
-5446
-4609
-4508
-5552
-5786
-6006
-6256
-5711
-4607
-3899
-4322
-4023
-2083
-868
-624
335
1190
1487
2253
3114
3482
3595
3632
3881
3703
2758
2220
2178
1706
873
-201
-853
-772
-1231
-2032
-2366
-2610
-2694
-2450
-2064
-1894
-1982
-1653
-681
440
1169
1858
2684
3222
3636
4395
5110
5480
5108
4174
4170
4321
3536
2874
2296
1150
469
326
-208
-1597
-3895
-5204
-4487
-4389
-5244
-5380
-5862
-6292
-5230
-4128
-3769
-3738
-3522
-1998
-567
-337
478
1302
1431
2441
3481
3435
3524
3687
3631
3602
2881
2167
1987
1384
644
-146
-901
-945
-1338
-2310
-2469
-2290
-2467
-2474
-2167
-1841
-1790
-1203
219
684
684
1882
2982
3348
3814
4211
4580
5096
4983
4229
3734
3457
3067
2696
1776
673
29
-453
-728
-2206
-4977
-5483
-4348
-4879
-5459
-5366
-6017
-5959
-4663
-3650
-3589
-3896
-2849
-741
-136
-95
1169
1674
1786
3009
3526
3380
3664
3616
3649
3272
2256
2164
2141
1274
507
-560
-1395
-983
-947
-1933
-2406
-2147
-2023
-1808
-1255
-1130
-1424
-888
833
1815
1334
1982
3470
3725
4031
4800
4765
4499
4296
3892
3563
2873
2146
1882
1108
172
-443
-1135
-1606
-3257
-5609
-5439
-4427
-5177
-5744
-5718
-6171
-5742
-4008
-2986
-3772
-4101
-2137
-237
-7
507
1327
1247
2023
3673
3865
3248
3258
3712
3764
2961
2276
1807
1235
988
240
-910
-1333
-1576
-1705
-1839
-2290
-2360
-2022
-1778
-1338
-894
-619
-26
849
1651
2308
2994
3695
4249
4400
4539
5257
5429
4276
3173
3006
2849
2177
1444
430
-698
-1100
-1027
-2324
-5093
-6213
-4982
-4528
-5427
-5849
-6187
-6181
-4657
-3101
-3206
-4035
-3191
-840
540
662
969
1245
1777
3205
3933
3501
3233
3395
3611
3338
2554
2043
1696
1061
181
-670
-833
-987
-1923
-2455
-2178
-2192
-2122
-1651
-1481
-1615
-1069
215
1014
1222
1723
2727
3591
4126
4611
4720
4583
5059
4990
3821
3182
2902
2162
1610
869
-55
-762
-1321
-2195
-4195
-5845
-5312
-4784
-5635
-6000
-6028
-6307
-5411
-3703
-3332
-3842
-3353
-1609
-137
475
1206
1692
1716
2613
3902
3982
3709
3720
3672
3374
2644
2258
1942
1141
293
-656
-1076
-719
-1439
-2665
-2523
-2162
-2234
-1895
-1512
-1607
-1550
-249
1133
1204
1140
2448
3757
4095
4611
4995
4771
5161
5358
4242
3374
3037
2550
1888
982
172
-743
-1664
-2052
-3696
-5966
-5650
-4766
-5828
-6457
-6015
-6080
-5867
-4414
-3303
-3700
-3768
-1800
-91
-104
544
1862
1980
2398
3560
3968
3820
3663
3825
3826
2749
2065
2215
1531
300
-478
-545
-693
-1936
-2526
-1973
-2138
-2226
-1695
-1720
-2121
-1194
745
1361
837
1359
2545
3469
4511
5133
4800
4666
5471
5551
4422
3756
3528
2616
1707
1212
428
-683
-1254
-2229
-4671
-6072
-5429
-5040
-5906
-6786
-6920
-6631
-5648
-4019
-3758
-4491
-3529
-1558
-232
386
830
1606
2365
3104
3923
4085
3873
4167
4278
3651
2823
2255
1803
1281
194
-801
-630
-1199
-2571
-2719
-2471
-2498
-2366
-2299
-2170
-2201
-1403
535
1180
889
1689
2809
3805
4805
5101
4920
5188
5692
5319
4464
4130
3740
2786
1923
1281
179
-763
-1173
-2829
-5378
-5962
-5314
-5851
-6669
-6898
-7066
-6915
-5641
-4211
-4314
-4409
-2804
-1083
-278
503
1415
1943
2685
3819
4322
4276
4503
4603
4457
4001
3153
2485
1937
1005
98
-298
-741
-1914
-2918
-2816
-2505
-2656
-2631
-2483
-2700
-2265
-373
673
378
1087
2340
3207
4341
5062
5077
5214
5752
5815
4897
4359
4465
3761
2506
1577
803
-3
-761
-2011
-4376
-6004
-5434
-5053
-6268
-7240
-7364
-7106
-6079
-4846
-4700
-4957
-3921
-1850
-457
-104
443
1626
2561
3516
4406
4331
4275
4765
4818
4350
3505
2710
2195
1422
417
-115
-483
-1616
-2668
-2706
-2726
-2790
-2591
-2793
-3124
-2560
-1017
-37
-88
403
1576
2591
3807
4679
4685
4778
5646
6312
5385
4365
4575
4249
3243
2531
1476
264
-257
-830
-2724
-4994
-5489
-4929
-5459
-6380
-6706
-7116
-6914
-5416
-4453
-4918
-4672
-2848
-1211
-465
304
1166
1797
2811
3926
4109
3998
4379
4727
4612
3857
2967
2450
1728
689
172
-105
-1160
-2427
-2891
-2791
-2907
-2947
-2689
-3086
-3568
-1962
84
-5
-100
1045
1889
3002
4508
4933
4517
4716
5811
5934
4559
4249
4621
3561
2576
2236
1075
-10
-321
-1780
-4321
-5216
-4851
-5141
-5784
-6247
-6883
-7117
-5653
-3951
-4568
-5200
-3213
-1391
-976
188
1182
1114
2039
3804
4285
3791
3875
4675
4801
3832
3342
2996
1657
829
821
37
-1122
-2013
-2597
-2746
-2963
-3063
-2753
-2942
-3472
-2802
-1027
-190
-273
323
1354
2328
3574
4577
4813
4579
5050
5779
5033
4240
4518
3809
2619
2295
1715
696
-100
-1277
-3272
-4687
-4517
-4444
-5475
-6362
-6492
-6384
-5801
-4732
-4647
-5067
-3997
-2053
-913
-516
213
1318
2150
3043
4032
4002
3893
4476
4720
4245
3532
3006
2329
1332
844
741
-337
-1689
-2217
-2501
-2862
-2783
-2662
-3240
-3763
-2732
-1147
-859
-783
153
901
1818
3379
4147
3935
4252
5428
5782
4566
3982
4618
4076
3023
2558
1451
532
411
-482
-2792
-4760
-4586
-4097
-5117
-5938
-6126
-6550
-5897
-4354
-4195
-4920
-4182
-2228
-981
-515
239
1032
1563
2648
3775
3787
3737
4315
4452
3994
3475
3087
2457
1295
801
824
-263
-1527
-1982
-2511
-3017
-3010
-2853
-3036
-3581
-3158
-1751
-1102
-943
-87
758
1381
2593
3650
3881
4228
5072
5319
4657
4319
4603
4223
3274
2767
1959
879
510
-154
-2281
-4206
-4273
-3985
-4845
-5660
-5844
-6239
-5858
-4529
-3971
-4370
-4037
-2436
-921
-408
246
1277
1826
2655
3814
4001
3849
4309
4554
4154
3570
3055
2375
1495
1130
898
-316
-1467
-1691
-2144
-2790
-2906
-3074
-3421
-3434
-2944
-2234
-1899
-1458
-551
202
1052
2209
2981
3364
3940
4781
4950
4048
3830
4536
3990
2778
2357
1750
748
380
-278
-2523
-4501
-4201
-3532
-4657
-5762
-5685
-5919
-5792
-4198
-3502
-4534
-4173
-1912
-580
-329
528
1621
2120
3072
4349
4387
3973
4522
5040
4473
3549
3170
2530
1713
1584
1036
-358
-1177
-1571
-1958
-2289
-2709
-2984
-3214
-3094
-2501
-2054
-1715
-1247
-722
115
1094
1846
2570
3014
3339
3994
4008
3308
3556
3973
3151
2293
1827
1163
606
193
-877
-3130
-4770
-4000
-3610
-4911
-5497
-5679
-5948
-4914
-3580
-3480
-3943
-3361
-1564
-265
151
955
1818
2318
3259
4317
4371
4222
4600
4822
4316
3491
2976
2369
1806
1669
753
-627
-1186
-1624
-1913
-2052
-2612
-2967
-3123
-2881
-2062
-1771
-1679
-1011
-388
403
1413
2045
2554
2935
3358
3829
3383
2687
3257
3449
2381
1766
1241
388
23
-445
-1817
-3935
-4927
-4156
-4228
-5137
-5514
-6053
-5725
-4230
-3471
-3539
-3510
-2639
-1057
146
859
1483
2005
2956
4195
4564
4587
4938
4982
4895
4638
3770
2963
2434
2189
1953
688
-503
-748
-1286
-1776
-1919
-2346
-2604
-2624
-2240
-1505
-1414
-1326
-511
163
714
1541
2200
2683
3011
3281
3296
2622
2332
2863
2461
1405
991
436
-368
-627
-1090
-2962
-5158
-5344
-4291
-4705
-5849
-6131
-6217
-5780
-4299
-3310
-3543
-3544
-2094
-367
320
855
1828
2439
3015
4057
4663
4631
4710
5041
4872
4092
3366
2836
2385
2257
1531
164
-517
-854
-1266
-1452
-1812
-2376
-2523
-2020
-1211
-1017
-1140
-517
172
666
1758
2375
2370
2917
3417
3516
3301
2551
2451
2658
1926
1246
834
239
-343
-1056
-1805
-3497
-5544
-5188
-4310
-5438
-6113
-5857
-5937
-5456
-4136
-3188
-3347
-3322
-1560
49
290
1297
2382
2290
3070
4413
4658
4712
4750
4584
4509
3785
2849
2582
2467
1960
827
-186
-442
-839
-1314
-1398
-1890
-2622
-2277
-1133
-895
-1292
-694
101
453
1340
2233
2438
2754
3306
3777
3708
2890
2506
2758
2451
1626
797
107
-198
-662
-1469
-2692
-4879
-6049
-4899
-4627
-5929
-6445
-6345
-6136
-5142
-3774
-3421
-3935
-3074
-793
202
510
1793
2397
2548
3715
4634
4695
4792
4994
4863
4246
3501
2986
2562
2466
1932
225
-541
-304
-939
-1315
-1262
-2126
-2704
-1826
-777
-894
-1270
-433
541
887
1828
2731
2708
3057
3944
4194
3484
2668
2720
2981
2212
1269
583
-281
-736
-964
-1837
-3416
-5559
-6335
-5289
-5174
-6141
-6604
-6706
-6359
-5115
-3646
-3118
-3594
-2975
-926
511
1145
1919
2477
2811
3624
4743
5184
4934
4673
4612
4250
3313
2828
2945
2430
1103
64
-303
-575
-934
-1159
-1686
-2421
-2267
-1197
-515
-836
-807
60
784
1589
2452
2787
3233
3791
4263
4402
3523
2914
3231
2948
2019
1186
289
-239
-626
-1395
-2487
-4515
-6154
-5653
-5384
-6438
-6723
-6642
-6806
-5990
-4707
-4003
-4022
-3564
-1658
-410
-120
1356
2478
2489
3406
4464
4677
4930
5162
5040
4519
3585
3089
3277
2984
1828
619
-170
-463
-721
-1124
-1478
-2318
-2769
-1705
-839
-1141
-1092
-294
443
1136
2061
2700
2934
3424
4296
4658
4056
3342
3267
3291
2685
1947
1061
249
-172
-727
-1607
-3032
-5187
-6315
-5731
-5665
-6440
-6855
-7057
-6792
-5815
-4704
-3989
-3896
-3197
-1445
-313
479
1744
2394
2699
3706
4453
4906
5307
5041
4704
4384
3556
3052
3118
2572
1200
7
-283
-553
-1241
-1498
-1885
-2839
-2805
-1450
-943
-1498
-1108
-193
391
1456
2543
2821
3082
3844
4660
4838
4270
3716
3517
3272
2872
2190
1221
408
-236
-853
-1597
-3583
-5674
-5743
-5281
-5991
-6510
-6713
-7054
-6658
-5286
-4073
-4205
-4152
-2345
-793
-442
766
2154
2336
2906
4101
4637
4802
5071
5181
4777
3664
3046
3420
3220
1958
606
-238
-554
-865
-1285
-1733
-2667
-3255
-2176
-1196
-1638
-1623
-719
-111
655
1712
2455
2913
3412
4114
4582
4289
3868
3861
3780
3096
2149
1577
1214
510
-464
-1235
-2348
-4477
-5718
-5005
-5292
-6742
-6718
-6256
-6713
-6274
-4648
-3925
-4379
-3521
-1373
-592
-394
1482
2686
2282
3225
4643
4696
4866
5296
5047
4187
3313
3559
3819
2566
1246
533
-204
-590
-861
-1477
-2259
-2987
-2632
-1538
-1516
-1897
-1239
-506
8
1039
1891
2288
2842
3552
4230
4290
3758
3711
3808
3341
2624
1982
1343
832
181
-672
-1784
-3656
-5202
-5171
-5045
-5702
-6239
-6676
-6878
-6090
-4912
-4164
-4113
-3826
-2455
-994
-13
981
1497
2041
3211
4013
4449
4839
4902
4839
4609
3868
3353
3321
3028
2067
781
34
-256
-817
-1151
-1703
-2837
-2954
-1895
-1594
-1825
-1642
-1196
-359
729
1513
1976
2398
3284
3999
4036
3725
3338
3373
3640
2985
1934
1324
918
443
-188
-998
-2600
-4834
-5429
-4725
-5222
-6117
-6342
-6713
-6604
-5447
-4231
-3795
-3943
-3139
-1335
-354
360
1651
2103
2389
3587
4379
4606
4819
4733
4662
4166
3325
3524
3699
2478
1187
579
101
-358
-668
-1186
-2053
-2659
-1995
-995
-1206
-1531
-920
-312
406
1423
1887
2166
2895
3653
4064
3871
3313
3163
3345
3156
2426
1363
602
386
-43
-767
-2021
-4335
-5713
-4941
-4772
-6002
-6710
-6852
-6888
-5977
-4466
-4074
-4625
-3799
-1675
-722
-278
1019
1672
1843
3125
4241
4214
4329
4745
4626
3941
3288
3419
3585
2654
1428
748
214
-327
-568
-922
-1903
-2693
-2077
-1048
-1231
-1568
-970
-320
129
1134
2025
2132
2598
3695
4197
4019
3802
3526
3444
3412
2851
1775
960
630
215
-544
-1317
-2919
-5197
-5548
-4622
-5132
-6158
-6369
-6581
-6425
-5078
-3734
-3742
-4001
-2709
-931
-111
706
1831
2211
2610
3598
4379
4616
4613
4546
4264
3421
2833
3158
3181
1848
414
-81
-325
-861
-1169
-1558
-2554
-3136
-2085
-1008
-1487
-1648
-759
-230
416
1619
2251
2391
2966
3856
4302
3962
3562
3427
3088
2904
2499
1352
458
149
-520
-1006
-1961
-4414
-5852
-5173
-4968
-5717
-6306
-6623
-6605
-5846
-4138
-3214
-4065
-3599
-1375
-195
429
1679
2198
2396
3405
4556
4890
4742
4795
4801
3918
3158
3499
3578
2470
1114
262
23
-297
-822
-1215
-2217
-3095
-2367
-1273
-1322
-1686
-1383
-524
274
1095
1965
2297
2645
3620
4241
4153
3789
3442
3352
3288
2646
1821
1103
353
-110
-589
-1639
-3454
-5474
-5696
-4765
-5379
-6523
-6738
-6853
-6303
-4839
-3786
-3956
-4179
-2624
-408
273
820
2000
2461
2954
4117
4818
4827
4876
4848
4462
3473
2901
3426
3169
1502
308
-152
-605
-850
-1220
-2076
-3042
-3174
-2019
-1284
-1766
-1823
-962
-169
670
1584
2067
2566
3390
4034
4371
4260
3730
3675
3675
3025
2370
1644
842
493
-262
-1212
-2315
-4535
-5775
-5087
-5195
-6077
-6503
-6926
-6731
-5674
-4510
-3711
-3862
-3416
-1365
28
657
1850
2490
2847
3936
4769
5130
5379
5191
4936
4296
3456
3603
3686
2490
1062
120
-401
-717
-1163
-1810
-2839
-3429
-2665
-1860
-1988
-2076
-1569
-918
-73
1018
1596
1920
2813
3749
4060
4207
4148
3738
3566
3576
2950
1943
1342
908
-26
-838
-1449
-3322
-5611
-5667
-4983
-5991
-6923
-6757
-6886
-6883
-5447
-3899
-4146
-4432
-2466
-475
-33
964
2408
2703
3131
4452
5275
5250
5238
5436
5076
3943
3374
3880
3642
1887
427
-18
-484
-1067
-1332
-1976
-3318
-3657
-2352
-1571
-2110
-2194
-1259
-559
122
1338
2118
2285
3115
4089
4337
4352
4135
3883
3870
3565
2868
2104
1285
704
11
-669
-1687
-4045
-5580
-4898
-4976
-6396
-6723
-6519
-6998
-6522
-4687
-3890
-4631
-3950
-1658
-637
-350
1406
2630
2324
3107
4743
5146
5018
5393
5349
4296
3423
3901
4334
2850
1020
427
5
-685
-973
-1493
-2743
-3636
-2945
-1782
-2175
-2820
-1975
-1173
-767
316
1188
1584
2265
3233
3970
4045
3867
3977
3838
3479
3227
2660
1837
1359
719
-288
-1012
-2356
-4538
-5322
-4740
-5056
-6291
-6883
-6752
-6520
-5720
-4369
-4077
-4590
-3487
-1216
-89
361
1334
2248
2959
3941
4845
5310
5286
5123
5236
4623
3599
3944
4264
2662
888
394
100
-603
-1086
-1542
-2853
-3680
-2488
-1454
-2240
-2724
-1858
-1109
-405
683
1326
1560
2261
3392
3976
3739
3663
3833
3673
3366
2907
2235
1755
1287
495
-278
-1264
-3274
-4830
-4599
-4636
-5712
-6239
-6417
-6701
-6225
-4958
-4128
-4422
-4178
-2323
-848
-238
823
1748
2169
3018
4097
4739
5017
4878
4838
4740
3884
3526
4083
3568
1845
687
428
13
-674
-1054
-1780
-3139
-3143
-1807
-1548
-2339
-2392
-1545
-821
-101
798
1241
1518
2371
3286
3604
3599
3453
3246
3276
3158
2563
1889
1329
710
84
-590
-1857
-3813
-4980
-4652
-4616
-5411
-6002
-6519
-6413
-5291
-4255
-3975
-3930
-3266
-1928
-594
575
1368
1656
2457
3586
4085
4613
5239
4876
4300
4259
3652
3381
3812
2929
1191
364
198
-159
-772
-1351
-2250
-3224
-2509
-1250
-1758
-2436
-1674
-963
-544
472
1154
1321
2010
3081
3576
3474
3349
3409
3206
3048
2947
2127
1365
1142
390
-438
-970
-2814
-4835
-4849
-4470
-5397
-6125
-6081
-6291
-6218
-5044
-3853
-4003
-4024
-2328
-876
-535
701
1924
2080
2758
3817
4421
4847
4895
4721
4490
3758
3481
3952
3332
1833
927
409
38
-441
-1166
-1838
-2696
-2828
-1816
-1645
-2294
-2051
-1363
-692
125
677
1116
1793
2608
3372
3631
3578
3559
3300
3100
3110
2504
1692
1303
635
-138
-413
-1525
-3878
-5003
-4454
-4662
-5642
-5709
-6011
-6669
-5644
-3782
-3763
-4459
-3079
-1265
-883
149
1788
1856
1993
3671
4589
4386
4736
5112
4652
3942
3700
3827
3390
2334
1407
540
-66
-288
-885
-1655
-2353
-3026
-2688
-1777
-1971
-2412
-1937
-1249
-654
142
885
1310
1783
2639
3425
3493
3426
3409
2970
2804
2851
2347
1611
973
266
-233
-864
-2572
-4533
-4737
-4218
-4998
-5881
-5821
-6143
-6246
-4814
-3618
-4091
-4146
-2220
-692
-451
600
1956
2181
2574
3855
4677
4685
4822
5050
4662
3733
3260
3749
3671
2139
721
435
205
-537
-915
-1344
-2648
-3274
-1996
-1182
-2190
-2513
-1318
-728
-489
567
1241
1293
1986
3119
3635
3340
3224
3476
3197
2819
2594
1933
1273
836
236
-300
-1463
-3543
-4750
-4565
-4548
-5206
-5898
-6380
-6347
-5500
-4315
-3928
-4252
-3579
-1921
-706
261
1194
1606
2287
3363
4086
4597
4927
4926
4675
4371
3866
3201
3229
3373
1932
262
133
48
-694
-1007
-1551
-2794
-2943
-1702
-1299
-2109
-2151
-1206
-687
-238
853
1352
1374
2281
3200
3246
3089
3023
2904
2811
2504
2045
1541
1036
604
56
-837
-2521
-4290
-4588
-4141
-4763
-5755
-5995
-6053
-5961
-4904
-3758
-4036
-4206
-2537
-917
-433
561
1820
2054
2527
3782
4467
4648
4904
4939
4533
3848
3595
3472
3038
2476
1493
253
-108
-194
-812
-1451
-2020
-2480
-2332
-1731
-1524
-1833
-1731
-903
-145
234
905
1648
2022
2612
3340
3480
3132
2908
2999
2852
2321
1862
1250
676
423
-229
-1520
-3304
-4582
-4412
-4303
-5191
-5851
-6073
-6099
-5471
-4486
-4063
-4149
-3495
-1871
-793
-334
789
1790
2106
2860
3766
4075
4488
4816
4543
3994
3373
3258
3254
2602
1899
1060
29
-300
-429
-1077
-1740
-2260
-2226
-1849
-1716
-1608
-1392
-1181
-504
337
673
1198
2118
2608
2924
3394
3579
3217
2811
3018
2844
2064
1721
1378
506
-107
-486
-1782
-4117
-4901
-3879
-4295
-5707
-5917
-5899
-5978
-5034
-3822
-3866
-4337
-3080
-945
-390
-245
1097
2001
2225
3239
4098
4088
4275
4699
4624
3725
2899
3127
3340
2441
1349
532
-88
-438
-720
-1166
-2059
-2754
-2218
-1473
-1686
-1954
-1471
-923
-404
339
934
1289
1901
2660
3050
3183
3330
3112
2726
2795
2518
1844
1550
1182
422
-200
-814
-2345
-4233
-4439
-3884
-4758
-5565
-5447
-5779
-5812
-4521
-3451
-3864
-3922
-2193
-812
-607
522
1800
1779
2250
3620
4150
4085
4386
4564
4057
3373
3192
3142
2487
1962
1271
97
-260
-327
-970
-1540
-2061
-2472
-2135
-1750
-1719
-1731
-1530
-842
-105
305
951
1591
2038
2717
3140
3267
3413
3039
2769
2902
2403
1753
1456
898
312
-227
-1016
-2547
-4319
-4426
-3844
-4735
-5490
-5348
-5648
-5476
-4170
-3345
-3733
-3591
-1951
-693
-326
619
1717
1844
2388
3655
4118
3973
4170
4266
3988
3353
2852
2849
2510
1813
978
63
-407
-519
-933
-1620
-2282
-2449
-1974
-1577
-1608
-1695
-1438
-747
172
753
1054
1656
2312
2833
3272
3447
3322
2920
2675
2813
2387
1642
1452
980
131
-230
-941
-2967
-4624
-4229
-3789
-4938
-5657
-5325
-5578
-5524
-4064
-3264
-3970
-3624
-1708
-632
-335
746
1782
1885
2307
3638
4257
3885
4025
4394
3804
2973
2978
3061
2298
1358
667
12
-376
-638
-1188
-1844
-2411
-2297
-1721
-1687
-1932
-1809
-1258
-354
232
526
1204
1839
2391
3097
3453
3425
3252
2897
2989
3115
2292
1584
1422
861
169
-234
-1336
-3413
-4725
-4113
-3817
-5037
-5664
-5551
-5777
-5096
-3697
-3445
-3852
-3210
-1663
-429
210
906
1556
1972
2887
3938
4179
4044
4040
4095
3947
3224
2738
2811
2213
1144
554
80
-602
-983
-1275
-1925
-2404
-2167
-1756
-1865
-1977
-1546
-949
-421
277
770
1152
1893
2600
3012
3284
3566
3368
2831
2818
2776
2054
1474
1286
726
-36
-540
-1642
-3715
-4603
-3939
-4109
-5312
-5735
-5567
-5436
-4782
-3739
-3457
-3897
-3009
-1119
-216
134
976
1735
2230
3019
3922
4306
4018
3963
4310
3910
3034
2958
2921
2109
1136
354
9
-256
-1013
-1605
-1999
-2377
-2126
-1671
-1765
-1982
-1683
-796
15
303
727
1529
2064
2495
3135
3497
3319
2920
2740
2884
2590
1934
1567
1132
508
81
-435
-2028
-4144
-4576
-3795
-4180
-5155
-5510
-5780
-5451
-4231
-3385
-3610
-3904
-2751
-957
-29
433
1044
1511
2239
3391
3949
3928
3889
3995
4140
3691
2872
2571
2523
1933
923
197
-129
-604
-1051
-1501
-2113
-2427
-2059
-1631
-1795
-2046
-1539
-668
-189
276
844
1385
2019
2650
3181
3441
3285
2969
2996
3006
2483
1933
1515
1095
620
99
-565
-2266
-4132
-4128
-3694
-4561
-5202
-5382
-5734
-5374
-4161
-3341
-3782
-3875
-2253
-710
-289
479
1343
1558
2352
3616
3961
3799
3958
4221
4163
3451
2873
2730
2438
1966
1041
93
-213
-535
-1114
-1589
-2149
-2374
-1996
-1596
-1634
-1936
-1562
-593
-2
424
1025
1441
1892
2737
3260
3306
3200
2804
2604
2884
2667
1889
1336
891
430
-91
-739
-2291
-4327
-4665
-3799
-4320
-5404
-5518
-5477
-5387
-4305
-3161
-3520
-3801
-2241
-517
-28
399
1279
1798
2365
3475
3997
3727
3817
4144
4014
3303
2714
2689
2508
1695
832
262
-82
-476
-962
-1532
-2112
-2253
-1697
-1319
-1703
-1886
-1142
-355
42
622
1038
1372
2147
2952
3281
3210
3074
2809
2652
2842
2670
1719
1002
828
471
-132
-713
-2496
-4746
-4556
-3453
-4290
-5388
-5496
-5551
-5223
-3952
-2898
-3592
-4031
-2079
-273
-223
309
1345
1537
2180
3500
3833
3483
3641
4048
3896
2865
2376
2756
2298
1381
684
-39
-291
-388
-999
-1760
-2334
-2181
-1443
-1280
-1713
-1705
-1037
-187
460
758
958
1527
2324
3020
3236
3065
2996
2811
2649
2831
2394
1569
1207
870
299
-285
-1184
-2791
-4317
-4276
-3832
-4568
-5223
-5236
-5317
-4896
-3760
-3080
-3311
-2952
-1477
-331
87
752
1522
2023
2688
3373
3696
3668
3790
4016
3710
2837
2454
2719
2350
1362
449
18
-201
-667
-1162
-1714
-2393
-2236
-1347
-1417
-1991
-1815
-939
-177
319
737
980
1415
2410
3204
3112
2903
2928
2631
2444
2565
2142
1389
1057
634
-127
-607
-1394
-3382
-4829
-4178
-3735
-4874
-5445
-5180
-5366
-4802
-3243
-2881
-3559
-2871
-876
25
75
1025
1822
1917
2811
3822
3609
3415
3918
4085
3421
2603
2424
2549
1974
1020
344
-196
-493
-772
-1347
-1907
-2302
-2024
-1167
-1189
-1735
-1313
-397
218
714
1107
1408
1819
2665
3433
3310
3005
2902
2526
2404
2609
2052
1138
661
338
-181
-736
-1879
-3941
-4959
-4108
-3983
-5090
-5442
-5235
-5220
-4444
-3146
-2967
-3420
-2438
-583
31
313
1299
1912
2238
3038
3701
3788
3773
3937
3875
3115
2427
2529
2470
1845
951
12
-227
-323
-923
-1421
-1975
-2304
-1641
-1075
-1330
-1590
-1267
-218
527
673
1011
1441
2049
3047
3392
3052
2941
2637
2376
2642
2269
1423
1047
594
-61
-467
-1131
-2772
-4715
-4694
-3770
-4684
-5599
-5147
-5317
-5409
-3913
-2822
-3437
-3420
-1607
-241
-139
537
1661
1790
2152
3423
3791
3384
3703
4013
3478
2743
2394
2377
2067
1302
487
-142
-372
-590
-1087
-1586
-2053
-2092
-1372
-973
-1297
-1312
-605
259
772
1070
1456
1881
2582
3353
3505
3266
3050
2708
2672
2813
2202
1320
903
456
-97
-454
-1679
-3729
-4708
-4118
-4046
-5064
-5500
-5325
-5434
-4798
-3281
-3084
-3766
-2705
-730
-121
124
1098
1756
2060
2855
3636
3707
3525
3706
3854
3187
2415
2330
2228
1655
898
185
-248
-493
-860
-1232
-1760
-2234
-1764
-974
-1102
-1454
-1076
-246
551
1018
1159
1528
2214
3004
3517
3376
3133
2942
2605
2641
2361
1382
924
826
51
-776
-1248
-2372
-4128
-4835
-4267
-4485
-5506
-5604
-5129
-5087
-4523
-3222
-2965
-3279
-2058
-268
252
456
1367
2181
2491
3043
3786
3784
3503
3730
3837
3014
2210
2191
1909
1145
641
104
-517
-908
-1104
-1448
-2104
-2213
-1488
-1171
-1275
-1105
-686
-66
685
1256
1434
1732
2586
3377
3440
3394
3381
2839
2410
2620
2311
1339
744
457
-95
-688
-1366
-2872
-4727
-5009
-4288
-4678
-5408
-5570
-5569
-5032
-3977
-3182
-3019
-2791
-1640
-191
519
994
1712
2331
2831
3333
3727
3984
3979
3695
3472
2893
2218
2226
1988
1033
267
-155
-492
-903
-1311
-1588
-2030
-2070
-1289
-1013
-1318
-982
-296
176
794
1209
1433
2138
2845
3255
3332
3187
3063
2658
2297
2497
2044
916
602
246
-633
-1062
-1855
-3679
-5118
-4961
-4425
-4908
-5618
-5589
-5365
-4870
-3618
-2821
-3059
-2617
-1001
165
631
1294
2026
2505
2980
3619
3946
3929
3904
3814
3325
2634
2267
2081
1648
1044
288
-421
-637
-787
-1279
-1837
-2067
-1756
-1271
-1038
-982
-895
-312
566
1049
1270
1682
2277
3022
3385
3374
3365
3030
2473
2574
2465
1560
916
548
4
-547
-1159
-2315
-4173
-5231
-4586
-4379
-5219
-5595
-5631
-5481
-4478
-3266
-3021
-3128
-2267
-794
111
672
1450
1957
2255
2960
3665
3746
3720
3757
3499
2918
2391
2312
1959
1105
626
192
-621
-876
-874
-1495
-2149
-1947
-1264
-1214
-1338
-860
-416
-136
632
1366
1400
1773
2762
3339
3312
3334
3492
3156
2472
2410
2338
1425
794
497
-279
-1022
-1445
-2493
-4394
-5179
-4520
-4651
-5315
-5389
-5493
-5358
-4291
-3106
-2869
-2883
-1816
-443
198
1023
1972
2133
2412
3321
3771
3648
3749
3803
3451
2749
2381
2334
1641
924
818
1
-836
-706
-1015
-1665
-1963
-1845
-1300
-1230
-1286
-742
-499
-98
898
1200
1277
1969
2675
3092
3267
3198
3230
2900
2284
2390
2061
1086
694
294
-446
-790
-1485
-3179
-4776
-4829
-4176
-4583
-5344
-5385
-5300
-4866
-3590
-2701
-2916
-2635
-1176
0
534
1294
1902
2212
2792
3459
3799
3754
3713
3719
3318
2538
2174
2088
1559
857
233
-374
-745
-952
-1239
-1772
-2248
-1932
-1327
-1268
-1257
-890
-484
73
828
1329
1579
2076
2822
3234
3270
3481
3527
2852
2284
2383
2039
1150
680
227
-680
-1108
-1465
-3176
-4976
-4777
-4217
-4861
-5290
-5200
-5336
-4958
-3495
-2612
-2976
-2676
-1048
32
391
1339
2043
2082
2676
3591
3657
3479
3572
3549
3040
2262
2121
2008
1145
699
340
-507
-804
-816
-1331
-1850
-2062
-1681
-1136
-1160
-1145
-733
-351
243
998
1250
1588
2203
2769
3223
3251
3231
3181
2558
2128
2286
1896
1053
480
-70
-576
-984
-1959
-3882
-5114
-4649
-4328
-4897
-5205
-5321
-5416
-4658
-3154
-2537
-2915
-2312
-639
322
806
1631
2175
2274
2889
3778
3868
3561
3650
3726
3103
2367
2394
2171
1169
552
402
-172
-795
-1029
-1310
-1919
-1946
-1231
-1108
-1424
-1197
-516
86
643
1158
1508
1942
2708
3351
3450
3366
3350
3088
2519
2387
2270
1481
716
266
-316
-860
-1190
-2454
-4628
-5413
-4460
-4467
-5408
-5527
-5450
-5507
-4540
-2930
-2764
-3329
-2250
-383
299
620
1519
2165
2269
2841
3763
3786
3341
3473
3611
2816
2024
2095
1901
943
338
-6
-555
-947
-1191
-1490
-1919
-1926
-1383
-1043
-1089
-931
-365
351
898
1264
1762
2387
2907
3324
3599
3542
3341
3030
2550
2378
2182
1414
681
288
-301
-890
-1598
-3102
-4812
-4976
-4153
-4527
-5414
-5492
-5501
-5068
-3680
-2732
-3003
-2956
-1480
-7
492
1103
1875
2092
2572
3568
3904
3596
3571
3680
3238
2444
2130
2209
1652
495
-51
-254
-736
-1083
-1442
-2024
-2308
-1822
-1097
-977
-1328
-1102
-129
706
1119
1445
1828
2327
3087
3594
3581
3382
3156
2822
2506
2187
1672
926
324
-61
-730
-1310
-2041
-3820
-5283
-4855
-4317
-4991
-5512
-5488
-5345
-4756
-3445
-2560
-2754
-2480
-876
440
774
1428
2174
2488
2969
3541
3894
3866
3663
3638
3212
2273
2041
2160
1493
450
-220
-442
-541
-979
-1482
-1836
-2061
-1632
-935
-878
-1013
-735
-6
820
1260
1474
2099
2691
3091
3543
3616
3429
3114
2505
2393
2405
1540
824
534
-237
-858
-1206
-2545
-4484
-5169
-4540
-4534
-5209
-5433
-5552
-5477
-4263
-2926
-2970
-3123
-1881
-473
167
1001
1789
1949
2463
3368
3780
3675
3774
3872
3384
2634
2345
2287
1746
1061
397
-496
-826
-713
-1297
-2031
-2194
-1996
-1553
-1338
-1215
-1072
-772
146
931
1045
1491
2252
2749
3235
3455
3371
3220
2742
2401
2360
1835
1084
699
175
-594
-1094
-1828
-3430
-4973
-4986
-4433
-4730
-5433
-5641
-5506
-4932
-3720
-2824
-2830
-2576
-1175
212
900
1484
2088
2580
3058
3657
4135
4186
4000
3886
3397
2616
2401
2403
1850
936
165
-446
-680
-714
-1197
-2056
-2106
-1581
-1354
-1084
-891
-903
-460
454
1259
1435
1672
2563
3159
3183
3446
3509
2843
2380
2562
2350
1399
649
384
-82
-904
-1443
-2509
-4657
-5364
-4307
-4264
-5323
-5742
-5600
-5314
-4320
-2932
-2754
-3236
-2228
-369
432
780
1616
2211
2491
3218
3882
3837
3785
3968
3609
2734
2195
2319
2132
1211
263
-295
-600
-768
-1102
-1756
-2183
-2061
-1497
-1030
-967
-1036
-594
286
901
1276
1721
2259
2873
3261
3437
3532
3269
2807
2573
2372
1871
1168
664
225
-440
-1024
-1882
-3595
-4943
-4713
-4230
-4844
-5548
-5567
-5372
-4845
-3699
-2900
-3044
-2648
-1037
270
622
1162
2073
2634
3055
3546
3932
3878
3845
3856
3293
2340
2042
2297
1915
769
-228
-516
-674
-962
-1421
-2092
-2378
-1827
-1129
-1077
-1254
-1106
-296
552
996
1306
1689
2287
3012
3397
3393
3262
2865
2545
2498
2099
1321
726
359
-128
-879
-1541
-2619
-4331
-4987
-4538
-4787
-5325
-5338
-5485
-5509
-4457
-3112
-2897
-2938
-1777
-418
227
1088
2014
2203
2618
3526
3929
3887
4019
4054
3617
2882
2494
2466
2155
1371
473
-144
-322
-524
-1082
-1628
-2023
-1952
-1341
-962
-1025
-1092
-670
195
922
1249
1555
2078
2697
3235
3453
3411
3184
2761
2514
2447
1931
1115
634
306
-411
-1139
-1802
-3237
-4849
-4952
-4384
-4740
-5446
-5697
-5524
-4885
-3800
-2974
-2923
-2668
-1387
-6
793
1347
1730
2369
3241
3551
3680
4032
3923
3583
3346
2720
2151
2130
1972
1083
-125
-561
-328
-731
-1647
-2054
-2183
-1991
-1306
-1061
-1296
-1212
-588
370
1030
1106
1464
2287
2872
3159
3316
3222
2878
2424
2341
2295
1435
626
386
-233
-927
-1337
-2585
-4389
-4926
-4479
-4674
-5170
-5287
-5498
-5448
-4241
-2887
-2937
-3077
-1688
-383
95
1130
2078
2059
2538
3708
4057
3803
4027
4244
3651
2904
2631
2570
2189
1501
745
20
-447
-553
-782
-1552
-2212
-2052
-1482
-1163
-1189
-1222
-865
-228
512
1118
1318
1687
2541
3086
3214
3431
3331
2811
2433
2268
1935
1239
720
349
-419
-1073
-1638
-3173
-4776
-4696
-4213
-4906
-5627
-5351
-5174
-5157
-3939
-2726
-3160
-3034
-1044
240
244
1010
2112
2389
2748
3671
4035
3546
3640
4116
3488
2390
2318
2517
1827
862
267
-278
-603
-664
-1084
-1877
-2229
-1776
-1131
-1066
-1225
-1033
-579
168
1047
1291
1410
2147
2869
3176
3334
3319
2957
2532
2337
2227
1638
895
681
177
-719
-1166
-2070
-3953
-4935
-4400
-4308
-5031
-5433
-5340
-5277
-4595
-3223
-2749
-3119
-2279
-614
204
753
1562
1963
2329
3162
3772
3817
3724
3791
3631
3026
2379
2331
2335
1638
639
5
-362
-634
-842
-1404
-2031
-2179
-1807
-1182
-1118
-1338
-999
-413
251
980
1206
1476
2227
2792
3146
3284
2956
2678
2450
2279
2160
1460
555
269
-55
-635
-1403
-3061
-4618
-4597
-4117
-4508
-5106
-5389
-5509
-4949
-3725
-2952
-3046
-2741
-1405
-177
466
1327
1949
2175
2902
3720
3901
3960
4146
3898
3358
2847
2543
2398
2054
1284
383
-186
-371
-591
-1140
-1610
-1870
-1923
-1496
-1096
-1171
-1175
-654
28
515
866
1354
1962
2443
2857
3176
3187
2877
2417
2267
2227
1785
1071
600
71
-607
-1101
-2386
-4119
-4468
-4244
-4623
-4906
-5130
-5463
-5216
-4223
-3112
-3105
-3130
-1689
-481
-35
992
1786
1893
2621
3562
3746
3761
4028
4024
3541
2876
2580
2610
2212
1501
640
-34
-282
-562
-1048
-1575
-2144
-2110
-1402
-1234
-1520
-1340
-725
-349
153
888
1197
1563
2351
2890
2947
2994
2942
2459
2099
2141
1773
958
550
98
-561
-1049
-2253
-4097
-4857
-4326
-4287
-4964
-5425
-5528
-5390
-4529
-3177
-3018
-3361
-2253
-554
231
791
1582
2069
2673
3520
4016
4009
4083
4296
4006
3251
2804
2716
2578
2026
964
255
55
-189
-680
-1286
-1756
-1888
-1537
-1057
-1076
-1298
-872
-191
360
784
1103
1638
2343
2770
2931
3076
3071
2702
2340
2275
1877
1124
712
356
-387
-873
-1646
-3502
-4743
-4323
-4200
-5033
-5399
-5354
-5606
-5219
-3705
-2963
-3552
-2934
-1037
-237
31
1180
1950
2117
2805
3621
3773
3678
3954
3986
3123
2427
2590
2631
1988
1111
378
-41
-328
-581
-975
-1620
-1976
-1656
-1185
-1049
-1183
-954
-343
132
660
1143
1512
2048
2564
2906
3112
3108
2827
2428
2099
1908
1425
848
589
70
-669
-1441
-2957
-4420
-4308
-3928
-4564
-5276
-5411
-5344
-5039
-3966
-3008
-3296
-3175
-1389
-68
169
843
1751
2225
2808
3565
3841
3744
3829
4024
3664
2745
2405
2636
2282
1389
596
111
-130
-473
-1039
-1464
-1775
-1770
-1284
-1052
-1318
-1126
-464
4
339
648
1107
1841
2395
2645
2818
2857
2719
2391
2260
2240
1560
759
616
228
-476
-944
-2393
-4302
-4509
-3921
-4398
-5071
-5180
-5352
-5404
-4304
-2952
-3247
-3413
-1628
-362
-310
591
1758
1981
2485
3449
3660
3397
3757
4371
3853
2654
2438
2778
2455
1729
986
278
-137
-310
-551
-1153
-1858
-1719
-1058
-1006
-1311
-1145
-602
-121
388
839
996
1380
2234
2802
2811
2735
2765
2460
2151
2137
1701
851
500
281
-378
-1060
-1984
-3594
-4602
-4308
-4243
-4804
-5075
-5294
-5520
-4668
-3326
-3057
-3201
-2262
-910
-179
570
1423
1717
2243
3246
3644
3503
3771
4102
3762
3060
2537
2447
2426
1985
1196
439
55
-193
-535
-1034
-1541
-1702
-1324
-957
-1209
-1321
-727
-181
90
596
935
1128
1894
2670
2725
2570
2727
2640
2230
2022
1818
1144
518
383
-206
-1014
-1603
-2864
-4297
-4364
-4081
-4740
-5082
-4920
-5271
-5226
-3821
-2849
-3209
-2869
-1277
-301
80
1098
1885
2037
2692
3672
3838
3662
3947
4031
3352
2736
2710
2654
2178
1480
805
365
33
-326
-703
-1246
-1606
-1402
-975
-1002
-1291
-987
-351
-42
369
886
1125
1568
2288
2648
2640
2573
2526
2350
2030
1737
1345
748
387
93
-604
-1446
-2659
-4003
-4162
-3959
-4609
-5001
-4993
-5317
-5145
-3992
-3112
-3361
-3157
-1599
-512
-154
799
1596
1786
2526
3477
3568
3414
3893
4148
3468
2679
2490
2490
2270
1807
880
70
-5
-53
-532
-1128
-1642
-1611
-1098
-865
-1046
-1157
-693
-60
340
699
947
1364
2070
2558
2633
2650
2525
2309
2181
1942
1425
807
560
304
-342
-1132
-2040
-3400
-4236
-4006
-4212
-4864
-4962
-4983
-5142
-4427
-3291
-2996
-3036
-2058
-693
-125
455
1452
1904
2272
3221
3686
3446
3722
4230
3804
2932
2585
2536
2366
2026
1318
385
-66
-72
-440
-1099
-1421
-1447
-1414
-1118
-951
-1097
-842
-301
56
388
774
1264
1737
2081
2489
2640
2483
2292
2036
1850
1630
1023
442
240
-322
-920
-1476
-3068
-4472
-4157
-3849
-4619
-5078
-4927
-5075
-4995
-3618
-2574
-3292
-2976
-921
-47
44
1071
1812
1920
2762
3745
3624
3360
3903
4198
3320
2505
2582
2574
2119
1567
782
33
-143
-191
-561
-1211
-1704
-1463
-906
-915
-1134
-900
-473
-175
351
894
1057
1442
2165
2481
2472
2551
2546
2050
1661
1812
1553
640
318
186
-638
-1362
-2084
-3478
-4444
-4193
-3957
-4413
-4876
-4966
-4878
-4178
-2979
-2596
-2848
-2082
-603
289
861
1422
1813
2404
3214
3680
3661
3661
3834
3616
2868
2479
2551
2299
1734
1048
340
-29
-197
-591
-1129
-1488
-1553
-1293
-1000
-1043
-1135
-751
-278
26
429
854
1316
1829
2237
2547
2611
2351
2139
1996
1760
1408
917
419
13
-624
-1048
-1806
-3483
-4376
-3990
-4106
-4703
-4903
-4989
-5095
-4564
-3329
-2809
-3135
-2421
-876
-46
487
1162
1674
2349
3069
3506
3620
3596
3810
3841
3148
2527
2506
2494
2071
1207
378
215
185
-329
-939
-1421
-1507
-1086
-780
-943
-1194
-919
-205
217
416
678
1101
1810
2386
2502
2559
2545
2234
1981
2092
1716
909
545
432
-214
-880
-1603
-3062
-4256
-4065
-3905
-4687
-5000
-4791
-5074
-4860
-3491
-2724
-3164
-2733
-1024
-83
160
1113
1806
1944
2726
3651
3668
3400
3752
3973
3328
2583
2563
2560
2076
1432
808
298
79
-134
-664
-1288
-1520
-1176
-756
-830
-1111
-854
-219
112
363
775
1165
1684
2424
2639
2477
2535
2377
2002
1885
1741
1217
551
234
-116
-754
-1475
-2793
-4196
-4244
-3939
-4495
-4952
-5043
-5178
-4974
-3923
-2971
-3246
-3071
-1454
-418
-57
890
1489
1693
2634
3522
3539
3400
3691
3916
3437
2625
2497
2522
2044
1507
871
167
0
-12
-600
-1360
-1534
-1210
-970
-1021
-1127
-933
-480
-97
421
679
757
1527
2319
2322
2385
2726
2520
1937
1710
1842
1532
712
320
27
-699
-1273
-2121
-3785
-4558
-4035
-4135
-4680
-4862
-5061
-5147
-4267
-2949
-2721
-3049
-2003
-508
24
665
1556
1920
2306
3201
3761
3614
3593
4055
3878
2878
2502
2781
2517
1754
1122
601
122
-82
-257
-830
-1545
-1453
-815
-776
-1151
-1030
-362
16
120
562
947
1175
1904
2443
2331
2365
2488
2194
1707
1462
1447
1049
311
-108
-574
-1357
-2166
-3371
-4324
-4251
-4232
-4693
-4894
-5037
-5234
-4519
-3276
-2957
-3119
-2296
-860
-98
515
1451
1914
2195
3117
3904
3671
3502
4065
4004
3071
2662
2859
2509
1789
1211
700
145
-104
-166
-738
-1459
-1350
-865
-859
-992
-978
-683
-154
247
505
770
1081
1736
2350
2378
2344
2425
2142
1698
1516
1300
818
334
16
-483
-1248
-2088
-3177
-4176
-4238
-4035
-4615
-5082
-4967
-4827
-4554
-3602
-2922
-3020
-2527
-1090
-122
301
1070
1783
2210
2864
3593
3720
3561
3824
3929
3247
2516
2588
2568
1954
1312
774
269
19
-212
-707
-1333
-1575
-1096
-729
-890
-1049
-625
-11
298
515
809
1094
1651
2338
2534
2419
2466
2370
1952
1647
1599
1128
440
151
-243
-947
-1875
-3133
-4195
-4236
-3946
-4378
-4966
-5036
-4992
-4783
-3607
-2619
-2997
-2829
-1179
-78
256
1090
1762
1982
2638
3631
3900
3574
3686
4006
3413
2664
2620
2404
1989
1562
758
143
-73
-344
-835
-1180
-1450
-1578
-1159
-716
-997
-1004
-293
210
396
738
1236
1628
1990
2417
2603
2487
2213
1882
1640
1491
1148
603
204
-262
-942
-1680
-2870
-4084
-4182
-3957
-4355
-4851
-4951
-4827
-4698
-3844
-2688
-2881
-2833
-1209
-112
249
1214
1959
2112
2613
3586
3989
3630
3666
4038
3470
2632
2689
2645
1958
1378
833
198
-121
-343
-782
-1365
-1591
-1304
-1081
-1055
-1122
-1070
-427
223
402
571
867
1509
2213
2368
2425
2530
2218
1894
1742
1374
961
568
219
-202
-920
-1745
-2857
-4095
-4253
-3784
-4301
-5059
-4990
-4890
-4837
-3892
-2792
-2891
-2991
-1496
-92
138
807
1812
2145
2565
3522
3978
3642
3709
4108
3575
2654
2639
2730
2125
1527
980
298
-43
-119
-492
-1175
-1541
-1353
-990
-795
-901
-864
-257
254
517
849
1093
1447
2124
2434
2366
2469
2470
2086
1592
1358
1129
572
324
131
-794
-1711
-2505
-3738
-4389
-4163
-4234
-4747
-5120
-5085
-4868
-4337
-3271
-2881
-3004
-2025
-665
30
811
1571
1874
2395
3226
3818
3868
3852
4051
3727
2896
2761
2858
2343
1751
1206
490
130
55
-365
-995
-1403
-1295
-962
-877
-969
-858
-399
78
426
633
792
1290
1967
2353
2325
2286
2291
1978
1614
1553
1253
528
131
-97
-693
-1393
-2484
-4043
-4650
-4165
-4187
-4770
-5158
-5138
-5002
-4358
-3076
-2753
-3180
-2195
-521
16
468
1412
1909
2266
3159
3850
3714
3589
3983
3898
3039
2594
2730
2416
1783
1302
687
135
-110
-269
-729
-1270
-1275
-986
-807
-857
-900
-407
193
393
737
1031
1298
2008
2528
2537
2482
2471
2206
1794
1583
1304
660
268
235
-386
-1453
-2428
-3512
-4255
-4160
-4200
-4774
-5131
-4986
-4830
-4477
-3539
-2918
-3018
-2362
-794
-47
358
1337
1966
2197
2837
3561
3708
3681
3831
3723
3121
2727
2757
2453
1761
1237
817
274
-36
-370
-1047
-1387
-1223
-1123
-943
-928
-1163
-691
58
319
563
858
1115
1706
2213
2481
2620
2461
2186
1867
1479
1280
944
377
58
-413
-1320
-2261
-3344
-4150
-4071
-4142
-4713
-5015
-4942
-4797
-4462
-3629
-2888
-2934
-2439
-817
47
315
1228
2040
2338
2935
3691
3915
3747
3824
3978
3392
2707
2728
2517
1740
1250
915
281
-93
-343
-988
-1476
-1342
-1012
-1031
-1106
-1087
-745
-93
400
598
719
1036
1735
2317
2291
2301
2386
2060
1729
1666
1527
896
254
30
-267
-1059
-2098
-3416
-4249
-4143
-4111
-4449
-4766
-5026
-5078
-4501
-3403
-2933
-3089
-2374
-967
-306
290
1322
1658
1923
2968
3622
3492
3681
4035
3876
3288
2925
2775
2390
1972
1577
880
291
154
-182
-896
-1326
-1281
-1163
-1008
-873
-1026
-839
-151
290
497
732
945
1495
2099
2314
2391
2396
2061
1635
1599
1496
942
377
136
-231
-836
-1819
-3281
-4262
-4149
-3963
-4408
-4729
-4932
-5237
-4775
-3432
-2865
-3281
-2625
-1053
-417
118
1355
1745
1789
2786
3760
3656
3460
3919
3944
3329
3060
3010
2493
1952
1655
1172
545
143
-170
-754
-1236
-1244
-987
-755
-843
-1074
-803
-110
308
531
755
950
1456
2125
2412
2344
2317
2227
1793
1464
1369
965
313
52
-275
-1026
-1835
-3046
-4124
-4169
-4126
-4558
-4818
-4930
-4923
-4672
-3843
-3045
-3099
-2731
-1317
-352
94
985
1550
1818
2667
3486
3622
3576
3686
3753
3566
3172
2898
2540
2022
1661
1238
724
299
-270
-916
-1061
-1040
-1168
-1006
-826
-1065
-935
-203
189
259
630
1043
1408
1804
2242
2459
2355
2181
1934
1608
1409
1140
611
214
-227
-697
-1482
-2994
-4047
-3953
-3823
-4243
-4588
-4848
-5017
-4577
-3423
-2841
-3235
-2768
-1228
-385
47
1062
1555
1648
2594
3597
3536
3319
3621
3801
3392
3077
2906
2213
1718
1705
1152
361
123
-142
-899
-1268
-1087
-1188
-1311
-1021
-1001
-1002
-457
27
219
469
828
1298
1717
2013
2323
2388
2149
1782
1473
1477
1234
491
78
-79
-679
-1534
-2731
-3900
-4053
-3795
-4050
-4499
-4755
-4836
-4528
-3563
-2786
-2975
-2783
-1315
-165
198
959
1636
1836
2602
3667
3730
3431
3672
3927
3646
3287
2995
2541
2126
1831
1415
785
329
25
-589
-1016
-899
-977
-1083
-881
-1071
-1050
-376
60
175
313
699
1218
1575
1888
2149
2139
1867
1664
1438
1231
933
420
74
-285
-830
-1754
-3093
-4082
-3895
-3800
-4346
-4748
-4990
-5008
-4473
-3473
-3099
-3457
-2859
-1189
-314
85
1043
1535
1704
2717
3764
3624
3425
3737
3849
3580
3264
3058
2571
2029
1740
1344
701
473
111
-758
-1197
-1055
-980
-987
-850
-1008
-982
-410
117
294
477
782
1185
1614
1929
2275
2345
2011
1578
1271
1220
981
413
62
-316
-929
-1784
-2994
-3861
-3926
-3970
-4281
-4611
-4788
-4771
-4376
-3484
-2997
-3124
-2591
-1175
-394
13
974
1503
1693
2624
3527
3532
3525
3740
3776
3596
3421
3248
2654
2154
1933
1470
988
683
154
-577
-923
-836
-889
-914
-724
-990
-1006
-260
171
203
516
897
1172
1538
1983
2324
2297
1911
1521
1229
1151
1025
502
-163
-489
-790
-1644
-2982
-3948
-4050
-3985
-4143
-4502
-4903
-5005
-4460
-3462
-3003
-3226
-2736
-1409
-621
-50
755
1129
1487
2418
3195
3274
3208
3378
3511
3325
3150
2916
2321
1941
1882
1515
851
446
181
-483
-944
-762
-817
-1043
-882
-834
-869
-354
102
217
461
873
1332
1667
1909
2284
2525
2130
1674
1470
1353
1091
662
110
-299
-597
-1397
-2799
-3818
-3809
-3671
-3967
-4317
-4539
-4694
-4335
-3275
-2732
-3179
-2788
-1149
-306
-93
735
1382
1588
2333
3252
3455
3212
3416
3777
3520
3039
2989
2779
2109
1749
1595
1045
544
263
-309
-904
-1052
-876
-827
-916
-1063
-1016
-619
-221
77
336
529
905
1333
1531
1900
2152
1838
1379
1103
1006
787
466
155
-339
-895
-1519
-2738
-3710
-3681
-3826
-4187
-4264
-4509
-4691
-4211
-3301
-2855
-3073
-2654
-1309
-495
-58
919
1287
1379
2374
3208
3286
3374
3436
3473
3464
3259
3021
2569
2052
1837
1555
1107
781
261
-420
-634
-698
-880
-788
-680
-979
-854
-283
-12
56
360
829
1135
1361
1715
2022
2056
1970
1549
1047
980
971
651
211
-382
-782
-1315
-2563
-3666
-3766
-3634
-3886
-4329
-4601
-4478
-4279
-3569
-2680
-2931
-2992
-1508
-320
-84
445
1078
1506
2127
2944
3353
3186
3059
3530
3691
3120
2754
2603
2237
1935
1613
1215
735
214
-231
-483
-743
-877
-786
-695
-870
-924
-367
3
-23
250
696
1076
1315
1524
1818
2065
1906
1399
1066
954
821
570
124
-427
-842
-1482
-2576
-3525
-3892
-3805
-3777
-4196
-4587
-4548
-4250
-3555
-2768
-2803
-2881
-1762
-458
149
611
981
1428
2164
2913
3405
3370
3102
3334
3655
3392
2965
2555
2174
1999
1720
1280
928
381
-224
-379
-376
-587
-722
-639
-680
-680
-282
71
72
236
707
1166
1380
1427
1764
2056
1787
1309
1117
998
728
386
33
-334
-616
-1225
-2549
-3730
-3829
-3551
-3899
-4375
-4685
-4779
-4309
-3387
-2877
-3180
-3036
-1710
-628
-245
466
870
1058
1960
2827
2974
2972
3126
3314
3313
3049
2869
2587
2115
2009
1790
1206
970
602
-83
-368
-518
-660
-560
-559
-686
-677
-413
7
202
275
598
1043
1369
1594
1825
1989
2003
1646
1293
1193
912
568
372
-67
-710
-1088
-1970
-3283
-3719
-3429
-3648
-4231
-4305
-4238
-4328
-3782
-2663
-2618
-2961
-1840
-479
-229
290
1241
1376
1617
2615
3255
3088
2913
3252
3489
3098
2726
2563
2055
1638
1709
1484
760
199
-93
-245
-378
-723
-891
-751
-888
-861
-345
-215
-400
3
447
709
989
1190
1524
1748
1686
1455
1046
878
883
429
5
-220
-644
-971
-1753
-3293
-3925
-3366
-3388
-3887
-4185
-4255
-4154
-3575
-2528
-2412
-3047
-2064
-320
-78
189
1041
1295
1668
2573
3095
2920
2670
3185
3780
3220
2679
2758
2395
1962
1966
1558
893
519
221
-38
-345
-556
-460
-421
-641
-645
-395
-129
56
192
342
678
1048
1287
1551
1658
1620
1437
1086
898
829
451
32
-154
-551
-1015
-1800
-3121
-3751
-3509
-3603
-3936
-4317
-4602
-4102
-3516
-3159
-2804
-2779
-2162
-808
-178
158
674
965
1713
2559
2759
2877
3024
2998
3356
3427
2816
2468
2359
2143
1922
1551
1177
752
87
-177
-142
-531
-730
-503
-601
-805
-510
-120
-139
-39
320
668
874
1027
1348
1613
1566
1439
1131
647
589
534
140
-141
-467
-945
-1554
-2615
-3411
-3266
-3270
-3702
-3904
-3956
-3974
-3618
-2892
-2413
-2600
-2316
-894
-76
-34
654
1304
1417
2072
2905
2973
2628
2813
3391
3284
2676
2578
2425
1813
1752
1800
1139
541
373
-12
-380
-482
-497
-493
-530
-567
-434
-231
-57
179
241
510
987
1049
1231
1712
1653
1368
1146
849
761
731
283
-81
-414
-729
-1255
-2531
-3543
-3376
-3222
-3624
-3782
-3988
-4195
-3796
-2877
-2437
-2836
-2591
-1158
-351
-283
426
954
961
1756
2753
2687
2336
2654
3198
3119
2623
2459
2320
1925
1888
1873
1216
605
425
131
-235
-422
-605
-499
-383
-580
-539
-221
-100
45
361
667
819
951
1329
1711
1716
1547
1325
890
696
743
334
-86
-298
-722
-1222
-2152
-3274
-3283
-2949
-3422
-3805
-3771
-3792
-3622
-2936
-2281
-2523
-2613
-1241
-86
-177
256
1096
1150
1573
2649
2862
2432
2635
3187
3214
2797
2543
2406
1914
1738
1829
1321
719
436
127
-165
-380
-532
-562
-569
-571
-554
-406
-198
-94
114
411
649
805
1020
1354
1537
1525
1202
647
500
663
455
55
-348
-742
-1143
-2017
-3060
-3301
-3079
-3304
-3750
-3811
-3782
-3760
-3149
-2397
-2534
-2686
-1596
-348
-128
139
842
1065
1420
2405
2817
2450
2414
3017
3239
2823
2627
2536
2048
1815
1900
1557
902
502
367
-14
-349
-358
-396
-523
-575
-524
-407
-217
-35
91
346
589
772
993
1239
1425
1548
1432
954
506
480
526
151
-199
-507
-1006
-1549
-2467
-3296
-3186
-3047
-3386
-3632
-3721
-3638
-3297
-2729
-2263
-2289
-2111
-1013
-91
58
407
978
1351
1890
2360
2461
2437
2551
3010
3138
2486
2159
2355
2100
1806
1690
1170
578
310
227
-37
-426
-627
-450
-422
-594
-436
-228
-244
-110
306
577
588
729
1090
1328
1389
1456
1151
522
381
635
343
-139
-428
-722
-1215
-2140
-2937
-2973
-2914
-3303
-3484
-3380
-3445
-3461
-2915
-2186
-2262
-2298
-1177
-239
-253
215
1076
1259
1558
2314
2624
2318
2432
3097
3192
2487
2278
2410
1971
1866
1955
1277
577
509
416
-6
-286
-388
-525
-439
-312
-380
-359
-190
-21
185
412
617
739
923
1337
1442
1356
1356
1008
425
389
490
138
-288
-700
-1110
-1797
-2671
-2928
-2871
-3368
-3646
-3351
-3430
-3691
-3338
-2552
-2279
-2419
-1756
-779
-549
-208
621
972
1074
1678
2242
2238
2212
2572
2916
2677
2214
2136
2125
1890
1814
1515
953
583
261
75
29
-410
-729
-419
-305
-532
-425
-229
-214
-124
238
570
595
721
1198
1461
1339
1397
1309
670
386
708
538
-17
-353
-633
-1146
-2075
-2673
-2481
-2625
-3287
-3214
-2787
-3171
-3312
-2491
-1900
-2133
-1915
-741
-181
-322
358
1233
1175
1418
2319
2420
2111
2530
3102
2820
2235
2201
2283
1912
1668
1550
1053
476
235
177
-98
-564
-757
-625
-537
-577
-661
-581
-462
-335
-60
183
319
456
777
1138
1263
1139
1072
822
333
364
514
87
-356
-519
-910
-1833
-2642
-2514
-2402
-3084
-3291
-2918
-3208
-3440
-2632
-1937
-2209
-2228
-1214
-365
-310
136
939
1008
1159
2042
2349
2069
2364
2911
2946
2449
2191
2360
2241
1953
1744
1276
833
650
416
222
17
-483
-586
-220
-239
-489
-402
-335
-311
-97
220
443
427
583
1007
1174
1139
1154
886
256
141
431
203
-236
-460
-882
-1705
-2500
-2621
-2451
-2996
-3376
-3107
-3199
-3451
-2947
-2281
-2268
-2238
-1561
-767
-466
-116
582
954
1141
1769
2180
2044
2324
2869
2935
2478
2107
2274
2279
1965
1785
1385
888
663
480
277
-42
-520
-633
-340
-289
-432
-480
-465
-290
-74
82
387
496
532
934
1233
1236
1197
1103
679
200
245
411
-69
-530
-549
-1203
-2358
-2627
-2203
-2553
-3100
-2929
-2859
-3257
-3068
-2191
-1870
-2188
-1892
-945
-462
-191
493
937
1011
1404
2046
2245
2257
2544
2868
2624
2087
2164
2446
2055
1615
1403
988
609
384
276
25
-581
-724
-307
-290
-527
-487
-362
-389
-178
156
328
383
594
897
1095
1152
1237
1235
792
272
284
479
148
-386
-550
-886
-1989
-2643
-2155
-2179
-3128
-3205
-2627
-2997
-3368
-2546
-1893
-2276
-2175
-1008
-459
-623
59
975
904
925
1744
2176
2035
2364
2861
2626
1988
2060
2461
2123
1562
1385
1142
695
465
471
126
-546
-651
-222
-197
-605
-577
-372
-516
-264
195
122
98
497
805
943
1070
1173
1131
846
506
270
208
117
-136
-425
-745
-1598
-2441
-2201
-1927
-2628
-2966
-2706
-2941
-3137
-2472
-1780
-1947
-2054
-1202
-464
-420
99
858
954
992
1580
2114
2181
2270
2578
2657
2241
2049
2353
2270
1724
1440
1311
908
562
459
234
-325
-618
-317
-149
-473
-637
-517
-526
-335
-9
-25
-51
242
521
758
926
834
734
731
508
144
137
156
-298
-591
-636
-1413
-2509
-2442
-1834
-2367
-3085
-2819
-2675
-3013
-2613
-1779
-1863
-2164
-1419
-450
-285
-60
623
1046
1093
1445
2028
2178
2141
2489
2791
2392
2002
2245
2404
1891
1368
1274
993
617
508
425
-130
-537
-270
-69
-329
-526
-457
-397
-256
-53
-40
-101
156
482
667
784
880
834
741
491
80
-44
121
-59
-432
-678
-1441
-2403
-2186
-1563
-2226
-2985
-2740
-2658
-2822
-2281
-1666
-2011
-2176
-1123
-310
-452
-147
675
827
910
1691
2107
1892
2076
2592
2541
2043
1879
2098
1974
1604
1459
1204
719
503
575
253
-340
-509
-311
-256
-348
-496
-605
-511
-182
33
-52
-107
184
551
698
750
688
658
782
514
-3
-82
13
-177
-309
-522
-1454
-2420
-2171
-1584
-2090
-2692
-2544
-2602
-2751
-2097
-1529
-1909
-1984
-1061
-409
-344
79
688
891
1074
1607
1917
1929
2212
2658
2582
2168
2039
2106
2061
1829
1501
1144
883
748
604
306
-138
-348
-255
-219
-242
-437
-616
-390
-35
-40
-178
-69
198
399
540
571
527
558
619
368
-145
-274
-66
-184
-544
-839
-1628
-2458
-2138
-1572
-2210
-2832
-2565
-2434
-2594
-2118
-1550
-1851
-1924
-891
-162
-450
-166
745
998
1036
1576
1860
1746
2006
2496
2396
1904
1806
1912
1835
1585
1335
1053
777
679
489
185
-57
-252
-195
-42
-200
-461
-350
-75
33
42
57
113
316
589
710
590
479
709
727
107
-215
-102
-167
-303
-526
-1028
-1778
-2294
-1959
-1686
-2435
-2793
-2360
-2407
-2479
-1843
-1539
-1848
-1595
-616
-194
-355
85
792
922
1009
1588
1828
1724
2038
2417
2296
1936
1843
1890
1803
1544
1356
1102
880
786
543
293
77
-156
-119
1
-147
-292
-264
-97
88
84
18
68
199
383
547
472
360
554
440
-151
-376
-279
-250
-379
-635
-1124
-1973
-2391
-1865
-1700
-2452
-2642
-2269
-2373
-2356
-1679
-1516
-1819
-1375
-523
-300
-376
160
823
859
986
1557
1619
1540
2108
2402
2037
1767
1816
1854
1651
1467
1320
979
771
793
570
211
54
6
-28
11
-34
-178
-164
-38
140
190
91
135
343
455
447
427
431
508
402
-6
-380
-434
-294
-370
-637
-1076
-1863
-2336
-1848
-1562
-2207
-2525
-2217
-2212
-2271
-1668
-1250
-1593
-1428
-517
-163
-313
179
870
898
924
1375
1581
1490
1782
2180
2003
1565
1572
1709
1529
1379
1259
976
857
819
562
318
109
-12
88
164
-31
-226
-109
35
137
199
87
-27
108
345
364
244
275
367
241
-113
-442
-500
-348
-359
-618
-1084
-1749
-2096
-1804
-1552
-1921
-2271
-2106
-1954
-1943
-1617
-1302
-1367
-1216
-555
-127
-72
138
588
932
1081
1235
1436
1522
1658
1927
1989
1644
1394
1503
1510
1319
1093
1011
965
727
535
463
193
-36
183
283
43
-90
-29
75
109
146
135
62
45
287
372
141
76
238
178
-204
-499
-590
-524
-437
-602
-986
-1595
-2063
-1939
-1593
-1692
-2076
-2183
-1946
-1721
-1516
-1240
-1098
-1097
-756
-192
-34
54
430
788
907
1072
1277
1337
1446
1656
1767
1574
1342
1388
1387
1251
1100
897
876
822
590
409
261
189
315
299
100
23
77
177
270
192
68
33
151
263
241
125
115
252
194
-219
-549
-450
-295
-398
-554
-782
-1254
-1678
-1626
-1416
-1647
-1870
-1628
-1538
-1679
-1436
-1053
-981
-883
-559
-247
-121
85
551
789
728
914
1208
1250
1337
1501
1499
1423
1308
1226
1233
1112
918
893
851
658
481
372
269
238
288
279
156
-2
-5
106
102
46
54
37
52
100
51
54
102
125
67
-219
-623
-660
-470
-580
-755
-867
-1232
-1601
-1622
-1557
-1575
-1685
-1697
-1541
-1545
-1507
-1170
-907
-781
-559
-381
-179
76
321
545
671
716
878
1118
1220
1347
1519
1477
1310
1226
1218
1220
1113
1021
976
831
713
627
483
329
324
424
287
120
145
222
206
160
163
135
88
146
274
266
202
281
265
-76
-457
-460
-410
-572
-667
-804
-1040
-1267
-1411
-1388
-1454
-1646
-1580
-1416
-1457
-1465
-1263
-1054
-884
-664
-455
-287
-86
154
443
503
508
735
933
949
1065
1210
1185
1133
1124
1146
1064
1025
998
893
819
689
561
463
379
369
349
238
201
129
48
119
77
12
142
120
4
72
118
82
109
76
-177
-411
-494
-413
-395
-626
-736
-809
-1013
-1073
-1169
-1456
-1373
-1202
-1280
-1264
-1210
-1229
-1102
-799
-607
-579
-474
-127
171
223
342
533
537
663
973
998
911
1053
1145
1103
1060
1032
1051
988
839
837
815
615
510
557
457
334
352
348
276
220
202
201
194
219
271
168
92
203
226
154
194
141
-217
-458
-357
-294
-453
-592
-673
-827
-937
-956
-1061
-1304
-1304
-1148
-1214
-1282
-1217
-1148
-993
-699
-556
-607
-529
-159
101
89
79
221
399
515
706
833
715
728
925
965
837
822
910
787
647
709
705
487
376
431
371
214
238
334
220
71
78
145
131
87
114
95
42
136
254
202
60
-109
-206
-195
-207
-278
-418
-554
-593
-574
-587
-749
-954
-1037
-947
-800
-834
-944
-997
-952
-709
-467
-391
-386
-285
-88
58
114
183
299
370
543
685
725
768
835
870
883
851
861
837
739
707
707
619
519
487
424
349
315
291
262
177
124
147
120
91
116
170
168
216
239
158
79
-4
-83
-133
-198
-304
-437
-553
-625
-706
-768
-870
-947
-1067
-1168
-1100
-1003
-1051
-1075
-1036
-961
-711
-514
-486
-492
-367
-197
-59
10
163
258
263
470
597
594
631
746
769
793
818
807
760
720
770
719
571
485
530
499
459
431
369
334
305
296
255
175
126
177
230
260
294
240
153
69
-7
-47
-100
-201
-343
-430
-459
-542
-594
-713
-785
-812
-911
-964
-971
-918
-904
-894
-822
-679
-603
-614
-535
-382
-303
-229
-61
37
35
194
386
420
408
491
583
566
642
735
679
551
558
636
589
492
470
463
426
402
411
335
237
283
335
235
142
175
204
251
343
365
243
146
160
126
22
-38
-84
-211
-295
-281
-310
-459
-535
-521
-523
-584
-669
-709
-772
-857
-806
-761
-721
-643
-588
-554
-452
-313
-214
-170
-160
-37
46
178
278
318
363
441
562
614
697
712
590
583
664
650
613
583
556
523
524
535
435
306
305
313
252
193
186
153
172
281
291
152
53
9
-62
-107
-114
-166
-279
-383
-298
-242
-378
-488
-512
-558
-601
-576
-605
-758
-833
-781
-724
-681
-671
-640
-646
-641
-496
-403
-391
-324
-229
-137
-24
121
182
241
333
388
448
508
559
622
659
595
561
529
499
549
564
467
369
353
354
298
243
181
126
76
51
111
127
72
-40
-151
-194
-169
-144
-155
-187
-285
-325
-222
-187
-288
-324
-319
-347
-290
-249
-392
-493
-481
-530
-536
-441
-415
-453
-412
-373
-345
-201
-56
-73
-88
74
202
268
374
489
489
477
634
752
708
672
745
755
713
737
751
708
681
658
571
462
425
404
353
293
281
223
106
67
-19
-150
-167
-183
-257
-297
-311
-375
-383
-378
-469
-505
-523
-558
-574
-581
-593
-650
-641
-635
-660
-675
-655
-579
-551
-538
-513
-503
-529
-474
-340
-292
-272
-177
-62
10
116
245
305
299
364
482
534
568
645
701
697
705
727
697
635
615
626
550
444
448
455
351
335
321
219
151
108
42
-66
-111
-136
-170
-228
-258
-297
-339
-345
-365
-368
-368
-356
-394
-412
-435
-471
-432
-387
-399
-401
-391
-390
-348
-332
-351
-393
-388
-299
-203
-159
-129
-62
-16
46
155
226
233
215
266
312
365
449
484
488
506
508
494
471
447
424
366
290
285
299
247
180
173
131
106
113
85
50
-49
-166
-183
-152
-221
-264
-204
-250
-284
-266
-261
-252
-281
-267
-261
-298
-296
-200
-192
-229
-231
-215
-224
-173
-116
-162
-162
-142
-122
-112
-99
-55
47
57
64
101
107
154
224
251
260
307
344
403
435
425
400
400
347
322
342
314
269
228
199
127
66
81
35
-49
-76
-83
-101
-80
-105
-231
-272
-211
-163
-144
-156
-198
-214
-183
-136
-125
-162
-136
-104
-101
-97
-86
-122
-115
-102
-127
-146
-108
-86
-109
-142
-154
-127
-101
-68
-78
-59
-38
-17
19
1
-39
-33
28
94
91
109
176
184
228
245
222
184
179
180
146
87
62
43
2
-16
-44
-75
-119
-101
-114
-119
-121
-175
-191
-181
-204
-215
-169
-121
-149
-161
-132
-100
-90
-68
-39
-24
2
34
52
30
38
29
47
81
38
7
39
42
60
104
110
84
120
188
199
182
218
240
263
294
316
333
327
348
365
334
284
287
235
234
211
121
87
17
-49
-84
-107
-154
-214
-235
-274
-334
-323
-303
-353
-392
-357
-340
-369
-364
-325
-307
-305
-240
-182
-177
-178
-124
-32
-5
24
89
104
77
116
143
131
113
98
74
26
42
77
82
59
82
113
78
106
170
161
149
194
226
228
202
200
199
189
183
138
85
55
42
22
-33
-76
-76
-93
-112
-135
-165
-180
-179
-201
-228
-236
-265
-273
-235
-220
-235
-231
-203
-195
-172
-134
-90
-50
-20
22
60
70
127
159
145
137
157
164
174
175
108
65
46
55
73
51
52
101
130
134
164
177
152
159
163
186
163
162
194
179
190
183
128
103
68
53
5
-22
-42
-76
-103
-150
-206
-239
-262
-286
-343
-368
-353
-376
-373
-341
-329
-317
-270
-247
-215
-175
-112
-95
-71
-43
5
70
106
133
199
212
211
246
241
232
232
215
201
182
164
194
184
165
165
166
159
148
179
170
180
218
194
194
187
171
147
140
124
83
22
-18
-13
-52
-97
-89
-136
-182
-192
-239
-276
-316
-324
-351
-386
-374
-380
-404
-408
-350
-329
-316
-256
-233
-204
-143
-88
-41
-12
34
107
139
165
188
210
212
227
263
274
273
259
243
244
250
272
254
224
213
232
217
202
206
185
154
150
191
185
143
112
98
76
67
44
17
-12
-32
-54
-91
-122
-160
-211
-251
-272
-318
-363
-394
-414
-431
-418
-405
-422
-418
-393
-358
-329
-269
-242
-210
-132
-88
-56
-24
41
69
115
165
188
225
248
254
247
274
267
296
245
229
250
249
240
238
246
214
229
217
208
167
180
183
158
161
165
137
128
131
140
127
94
70
33
13
-32
-69
-123
-157
-195
-221
-253
-272
-256
-303
-311
-330
-352
-358
-345
-322
-319
-303
-231
-209
-178
-131
-70
-26
1
44
77
133
174
189
184
173
184
180
175
200
183
156
134
111
113
86
85
75
73
83
59
84
81
102
110
93
66
34
49
47
38
22
28
-12
-52
-51
-66
-78
-72
-98
-140
-150
-154
-160
-177
-149
-174
-212
-177
-155
-170
-187
-156
-153
-138
-104
-74
-48
-9
42
101
114
140
161
189
234
230
205
167
164
159
111
83
71
42
23
15
27
14
-6
-12
6
19
15
32
22
33
47
43
79
76
97
95
84
88
64
58
31
-1
-5
-3
-1
0
-59
-87
-105
-143
-144
-161
-176
-200
-218
-210
-202
-216
-199
-173
-176
-147
-111
-84
-63
-13
28
40
73
88
103
176
199
194
227
203
180
175
156
135
107
90
67
43
20
-11
-5
-3
3
17
46
41
20
18
13
7
-12
-24
-16
-4
4
-4
-23
-15
7
-6
-28
-5
-20
-20
-52
-75
-115
-127
-127
-165
-183
-209
-185
-156
-157
-174
-144
-145
-141
-92
-73
-47
-5
21
27
78
109
104
143
153
144
162
188
182
181
171
165
122
85
57
40
28
30
47
42
29
12
26
30
23
-3
28
30
22
27
33
44
45
51
22
39
61
58
21
-3
1
-32
-63
-82
-116
-139
-164
-176
-186
-205
-204
-177
-165
-178
-159
-150
-139
-115
-75
-68
-49
-17
16
46
57
79
109
128
120
128
137
160
127
102
91
83
71
48
29
5
-5
9
-22
-29
-26
-14
15
7
31
39
31
28
36
49
49
72
85
55
50
62
81
67
54
45
25
12
-10
-17
-30
-52
-47
-58
-79
-89
-96
-119
-128
-117
-108
-122
-112
-65
-48
-22
17
36
41
63
74
90
114
131
132
128
132
115
104
74
49
39
-14
-46
-44
-76
-77
-74
-98
-116
-104
-106
-113
-92
-92
-92
-92
-87
-58
-52
-40
-15
-17
3
20
19
7
-9
-5
-11
-12
-14
-18
-45
-84
-86
-92
-99
-96
-87
-91
-79
-67
-51
-34
-11
12
43
53
80
125
149
158
175
196
207
216
213
227
205
176
168
152
112
95
84
51
28
10
6
-20
-37
-33
-47
-47
-50
-49
-61
-44
-26
-25
-3
-9
10
5
-11
-26
-33
-36
-49
-42
-27
-24
-40
-31
-52
-70
-78
-92
-124
-142
-147
-170
-191
-176
-175
-173
-161
-140
-92
-83
-46
-17
1
43
68
85
90
112
116
114
117
122
112
115
114
104
88
78
72
64
66
37
5
13
3
-15
-25
-14
-13
-44
-49
-25
11
20
40
63
79
67
65
70
84
88
90
67
67
49
17
22
4
-16
-49
-67
-77
-79
-82
-91
-93
-86
-96
-79
-72
-90
-75
-66
-52
-38
4
37
36
29
51
80
70
86
91
91
56
56
28
-2
2
-37
-35
-37
-33
-37
-44
-55
-46
-39
-47
-25
-33
-46
-50
-30
-22
-30
-12
23
39
40
62
78
60
62
52
28
1
-6
-12
-41
-73
-87
-99
-125
-152
-150
-153
-166
-147
-120
-97
-83
-72
-60
-29
-26
-16
19
33
59
72
76
103
118
137
149
136
151
166
167
145
117
103
84
56
26
5
-11
-14
-27
-30
-34
-23
-24
-34
-20
-25
-15
7
12
19
25
31
21
20
28
11
12
17
6
-9
-43
-37
-51
-91
-83
-79
-73
-77
-78
-83
-81
-86
-89
-65
-61
-42
-25
-10
3
21
44
38
59
71
93
119
128
124
146
141
119
126
106
109
92
68
62
62
47
28
22
14
21
4
4
5
8
22
23
36
32
28
31
30
12
17
19
16
4
-18
-12
-33
-65
-90
-95
-133
-176
-176
-197
-209
-198
-190
-197
-208
-198
-183
-159
-152
-130
-96
-73
-43
-16
21
48
68
83
86
103
131
127
144
142
138
139
143
133
111
104
94
76
38
20
-5
-20
-23
-32
-20
-28
-41
-24
-11
-2
-5
1
15
18
-4
5
19
14
0
-3
1
-22
-24
-44
-70
-71
-105
-122
-121
-119
-109
-112
-129
-141
-111
-108
-112
-84
-45
-50
-28
-7
12
54
62
82
100
128
166
164
157
157
165
171
175
181
148
129
115
96
78
59
24
-3
11
-4
-9
-24
-24
-15
-27
-23
-9
-13
-19
1
32
37
36
49
40
42
34
17
-17
-33
-46
-79
-94
-98
-97
-106
-109
-97
-106
-110
-100
-72
-89
-74
-43
-29
-14
-6
27
36
65
80
92
75
72
84
81
60
53
47
32
33
14
20
-4
2
14
-7
4
-31
-56
-55
-45
-37
-60
-80
-65
-51
-37
-16
-16
-1
3
24
43
31
50
68
74
81
86
83
66
42
46
29
2
-11
-9
-30
-35
-29
-49
-54
-39
-38
-44
-58
-45
-38
-54
-44
-58
-25
3
-1
20
46
45
47
59
42
34
42
43
27
9
-4
-24
-56
-62
-90
-112
-135
-141
-131
-137
-142
-136
-119
-107
-91
-74
-66
-60
-43
-35
-41
-17
0
3
21
27
50
52
53
54
65
56
50
56
36
35
15
18
25
5
28
20
4
14
23
26
30
36
37
56
81
108
112
120
133
129
134
124
109
117
111
96
90
52
29
-3
-8
-19
-47
-54
-59
-47
-41
-38
-36
-26
-17
-13
-14
-16
-13
14
29
45
49
46
57
54
52
46
51
37
40
45
20
-2
-9
-9
-22
-26
-28
-49
-70
-83
-92
-102
-94
-92
-77
-81
-74
-51
-30
-19
-8
14
19
50
53
62
61
61
59
58
34
16
20
-11
-18
-27
-40
-44
-59
-69
-66
-78
-79
-66
-54
-54
-51
-46
-52
-61
-46
-32
-52
-49
-27
-21
-17
-32
-30
-42
-40
-47
-43
-52
-61
-55
-67
-83
-79
-73
-94
-98
-86
-70
-73
-51
-32
-9
8
27
33
44
65
63
82
101
122
138
156
149
148
162
155
140
117
110
108
86
79
66
41
30
12
-6
-13
-27
-38
-39
-38
-32
-30
-34
-10
-9
-2
11
-1
-11
2
7
-7
-18
-7
2
5
7
6
-5
-17
-15
-11
-9
-21
-17
-27
-14
-14
-3
10
10
20
11
18
23
6
20
43
48
57
69
69
66
85
88
80
84
77
74
61
39
35
28
5
7
-5
-26
-27
-39
-54
-64
-56
-50
-44
-38
-46
-35
-31
-21
-8
-11
10
10
13
8
5
-7
-11
-27
-32
-42
-77
-69
-92
-91
-89
-98
-113
-109
-91
-93
-94
-84
-90
-83
-84
-95
-69
-53
-47
-40
-19
-6
16
11
42
45
36
40
33
48
49
62
59
66
65
60
41
27
13
-3
-2
-21
-15
2
8
7
0
2
8
14
23
20
28
36
17
15
9
1
6
-10
-17
3
-2
-9
-15
-19
-7
1
-10
-19
-13
-24
-20
-15
-16
-14
-10
-3
-10
12
10
28
38
50
59
68
80
74
84
65
57
58
49
44
26
30
25
32
37
20
46
53
33
29
14
3
5
8
11
19
26
24
25
26
28
16
10
22
17
16
19
33
24
1
-9
-24
-44
-40
-56
-65
-48
-59
-72
-74
-80
-87
-75
-62
-70
-65
-54
-75
-60
-48
-48
-14
-8
-5
2
-7
-2
-5
-12
-9
-13
-27
-23
-12
-2
16
18
15
37
31
4
-6
9
10
2
1
17
18
13
21
15
14
0
0
0
-11
-2
-5
-6
-1
-10
-11
-17
-27
-16
-37
-36
-32
-14
-4
-21
-5
-25
-28
-13
-3
15
27
24
13
20
29
39
48
46
46
53
39
41
47
44
42
38
47
30
24
27
15
5
-7
-4
-31
-36
-29
-35
-31
-46
-45
-49
-47
-47
-35
-29
-31
-32
-21
-10
12
17
15
44
45
51
40
62
59
53
49
25
28
14
1
-2
8
7
-5
-25
-26
-21
-3
-3
-8
-20
-13
-12
-9
-9
-14
-14
-14
-16
-16
-10
-11
-18
-17
-8
-30
-29
-33
-36
-37
-35
-25
-25
-10
-20
-23
-22
-25
-10
-9
11
11
32
41
49
67
70
88
101
91
84
89
83
92
103
98
86
80
69
70
43
32
41
20
16
8
-18
-40
-39
-42
-36
-42
-51
-49
-46
-50
-46
-45
-47
-38
-28
-18
-33
-45
-56
-65
-59
-51
-70
-76
-77
-73
-89
-89
-93
-118
-106
-93
-80
-76
-72
-60
-70
-60
-45
-50
-46
-27
-11
-19
-16
1
-5
18
23
25
33
35
35
48
48
43
53
38
43
68
62
65
82
82
79
98
101
105
103
79
87
103
101
83
86
82
68
72
64
61
61
49
38
27
16
-11
-28
-40
-64
-79
-80
-68
-80
-83
-71
-80
-87
-93
-84
-83
-87
-72
-72
-55
-52
-49
-43
-30
-22
2
4
18
23
16
22
28
31
26
17
23
18
-2
11
6
7
7
4
5
-1
13
22
20
29
24
32
24
21
18
24
15
21
20
5
2
4
-4
3
4
3
-2
8
4
9
12
9
8
9
9
2
17
6
-2
-12
-19
-22
-26
-15
-9
0
3
-15
-12
0
15
20
26
32
11
15
5
-15
-25
-17
-35
-46
-54
-54
-45
-44
-27
-34
-25
-26
-29
-5
-5
-1
6
3
12
12
18
30
21
22
15
19
39
39
48
56
45
55
46
28
24
30
19
27
27
12
4
7
8
-4
-3
2
8
9
10
21
19
20
31
35
41
34
22
14
13
5
2
12
15
15
14
9
-13
-5
-18
-28
-26
-57
-63
-69
-80
-69
-72
-85
-92
-94
-95
-111
-111
-116
-130
-112
-119
-107
-94
-73
-63
-59
-57
-58
-44
-53
-34
-14
-9
-13
-5
6
6
38
47
48
66
57
69
82
71
81
95
90
89
109
103
92
111
100
97
100
98
98
92
84
86
75
61
58
45
32
7
6
0
-5
-6
-9
-9
-17
-18
-10
-21
-35
-37
-36
-15
-10
-13
-8
0
9
8
1
0
-16
-19
-23
-31
-34
-34
-34
-41
-26
-35
-45
-41
-37
-48
-60
-56
-44
-45
-30
-16
-7
-8
-13
-18
-8
10
15
13
16
26
13
5
28
18
24
35
32
44
53
58
48
57
39
24
0
-35
-43
-42
-36
-45
-47
-58
-67
-58
-66
-58
-48
-42
-25
-28
-11
-10
-19
-2
-4
-1
7
13
20
3
17
27
7
23
19
19
23
23
27
29
20
21
29
32
32
41
45
51
53
55
48
49
56
33
35
38
31
39
39
26
26
15
-16
-30
-38
-44
-52
-49
-49
-50
-46
-60
-60
-75
-73
-70
-81
-80
-69
-77
-72
-63
-45
-28
-13
7
3
18
28
20
36
31
28
48
46
58
56
39
30
41
16
12
14
6
5
7
21
26
24
31
28
22
14
13
14
6
17
6
10
7
6
19
20
6
4
3
-3
-17
-25
-32
-35
-35
-50
-54
-60
-60
-69
-81
-75
-64
-59
-48
-29
-5
17
24
27
36
30
21
22
12
10
13
12
14
9
4
8
13
19
21
20
12
28
30
37
42
38
48
34
25
21
18
15
20
30
56
72
64
44
50
47
37
51
51
50
46
44
25
26
20
-1
-4
-27
-38
-43
-43
-50
-66
-70
-58
-61
-67
-62
-65
-56
-63
-54
-40
-34
-46
-51
-44
-48
-53
-58
-46
-49
-46
-40
-55
-38
-24
-29
-13
-2
-6
3
-10
-11
1
7
3
6
10
14
25
32
36
36
33
32
43
58
54
47
60
57
36
41
39
35
36
30
29
24
19
38
37
32
49
43
39
32
17
18
30
21
4
1
6
-6
-2
7
-7
-6
13
4
-1
-9
-31
-25
-36
-36
-29
-28
-26
-33
-15
-25
-33
-21
-32
-30
-34
-46
-51
-59
-64
-60
-47
-49
-35
-19
-15
6
20
16
18
9
15
17
7
-11
-7
-11
-17
-8
-6
-3
-16
-12
-26
-38
-26
-24
-35
-29
-27
-17
-5
9
29
29
34
54
46
42
55
56
57
44
44
53
66
49
36
23
26
12
8
-3
-18
-14
-20
-8
-4
-7
-6
-4
-13
-12
-12
-19
-10
-11
-6
3
15
15
25
26
19
22
12
9
28
28
25
29
15
4
-15
-10
-13
-11
-14
-13
-12
-18
-21
-20
2
3
12
4
10
16
8
10
23
36
42
43
39
29
20
15
-1
-14
-15
-20
-29
-46
-37
-37
-57
-61
-83
-79
-71
-73
-55
-63
-60
-38
-27
-26
-30
-30
-19
-18
-11
0
-7
-8
11
1
2
7
3
8
5
24
20
17
2
10
14
21
31
30
28
24
22
13
11
4
-4
10
18
29
35
41
39
42
46
47
56
46
52
53
54
30
16
18
20
22
14
17
5
-8
-7
-11
-10
-7
1
6
14
31
34
27
36
39
32
49
46
36
34
24
11
1
-12
-11
-6
-22
-34
-44
-42
-64
-74
-72
-70
-65
-76
-86
-89
-73
-81
-73
-84
-83
-80
-76
-55
-57
-48
-38
-38
-40
-39
-40
-26
-15
-13
-14
-18
7
6
4
7
9
6
-4
-6
-8
0
16
19
9
30
37
36
28
55
56
53
60
77
72
81
94
67
125
95
90
96
89
69
70
57
30
14
14
27
-5
-9
-1
-1
-27
-24
-12
-30
-9
8
13
15
29
29
22
23
13
-26
-30
-12
-43
-35
-41
-57
-55
-49
-48
-48
-35
-41
-37
-55
-55
-73
-84
-80
-82
-85
-84
-68
-63
-55
-38
-24
-14
8
6
30
47
46
49
59
52
48
36
30
26
27
25
5
12
8
7
3
-6
-8
-7
2
-13
-9
2
10
17
12
9
29
25
29
24
25
38
38
36
21
38
28
27
28
25
11
14
9
2
12
-6
-6
-9
-20
-5
-15
-16
-16
-4
-4
-7
5
4
13
17
13
12
15
9
-5
-16
-11
-6
-19
-35
-36
-44
-57
-57
-65
-63
-51
-49
-38
-28
-26
-17
-7
-18
-12
14
16
30
34
41
47
51
41
52
52
35
38
31
43
50
53
46
32
34
22
18
10
15
3
-30
-41
-52
-56
-51
-48
-50
-43
-32
-38
-35
-28
-22
-14
-13
-14
-11
0
-1
-14
-5
2
4
12
-1
7
14
13
9
-15
-17
12
12
24
21
17
14
15
24
10
20
10
19
20
21
29
42
40
30
39
43
36
27
26
9
16
2
-6
-5
-6
9
-5
-8
-13
-22
-33
-28
-24
-29
-29
-39
-37
-48
-40
-40
-29
-35
-37
-23
-33
-21
-12
-11
-20
-22
-32
-25
-24
-31
-36
-33
-38
-34
-23
-22
-21
-20
-21
-32
-21
-18
-12
-17
-4
0
2
-2
2
10
18
19
12
34
47
45
52
59
66
66
62
60
47
44
43
31
27
18
21
29
29
26
31
33
38
32
25
27
8
11
6
5
1
5
18
7
22
19
16
24
13
22
25
22
33
21
10
7
4
8
11
-5
1
7
-5
-15
-14
-6
-8
-1
2
17
18
14
16
15
-2
-10
-24
-33
-36
-38
-44
-56
-60
-64
-76
-75
-81
-80
-73
-92
-78
-72
-77
-67
-69
-75
-79
-79
-67
-56
-50
-44
-37
-34
-25
-26
-6
7
22
37
47
65
51
56
58
38
32
28
19
22
25
33
24
-1
0
-18
-5
-5
-7
12
34
48
56
58
53
64
54
56
49
54
53
48
58
45
37
18
14
10
-2
-12
-7
-9
-18
-18
-15
-15
-19
-13
-1
-5
1
11
-2
-4
10
2
-10
-12
-3
-5
1
7
9
13
-2
-1
11
21
30
26
27
17
5
-7
-15
-25
-35
-18
1
3
-3
6
-9
-15
-5
-5
9
24
27
23
28
24
25
30
15
6
3
-9
-22
-19
-20
-16
-3
0
-9
-5
-8
-10
-5
-6
-2
13
10
-2
-14
-26
-30
-45
-45
-49
-55
-49
-65
-59
-51
-57
-49
-41
-30
-19
-23
-29
-30
-23
-25
-24
-26
-32
-34
-35
-31
-30
-32
-21
-17
-5
-15
-7
13
21
38
50
60
56
62
53
50
55
56
58
64
52
49
54
53
52
52
55
57
66
62
64
70
67
53
47
37
38
33
25
27
23
21
19
29
20
19
21
12
1
-1
-3
-25
-27
-38
-45
-37
-42
-43
-34
-25
-34
-40
-39
-46
-49
-61
-72
-77
-81
-72
-74
-74
-74
-66
-68
-63
-61
-64
-45
-42
-20
-23
-19
-13
-8
-9
-22
-2
-4
-7
-3
10
-1
-20
-14
-18
-16
-16
-4
2
10
9
0
-4
0
8
22
25
30
40
50
50
45
51
64
61
52
39
48
47
37
44
30
34
37
41
50
57
72
72
74
76
82
74
63
62
52
37
45
44
37
18
1
0
-18
-28
-33
-24
-32
-34
-46
-51
-67
-61
-65
-87
-75
-78
-73
-76
-85
-73
-69
-69
-67
-59
-60
-59
-60
-54
-36
-40
-31
-21
-10
-12
-8
-8
2
5
0
-13
-29
-23
-34
-30
-23
-10
5
11
16
26
21
42
51
47
58
65
67
61
69
75
65
66
66
66
64
49
49
44
37
24
18
24
30
29
28
26
32
26
21
11
2
8
-14
-15
-23
-24
-27
-33
-31
-41
-29
-31
-36
-28
-26
-20
-13
-16
-18
-18
-21
-27
-35
-38
-43
-47
-49
-56
-57
-48
-33
-44
-33
-17
-19
-16
-15
-8
-14
-18
-14
-16
-10
-11
-19
-2
3
2
20
2
10
6
-5
1
9
25
32
35
38
54
58
47
50
51
52
56
51
54
59
55
46
55
58
50
46
36
25
29
22
2
6
-2
-7
-18
-25
-24
-14
-20
-19
-25
-35
-43
-52
-55
-43
-47
-43
-41
-40
-34
-36
-43
-36
-27
-24
-18
-13
-2
1
2
2
5
9
16
32
42
42
43
47
52
54
36
27
36
23
20
20
23
15
28
22
10
15
13
9
15
12
3
6
-8
-9
-6
-9
-6
-6
-3
-8
-17
-11
-14
-4
-5
-15
-23
-22
-42
-52
-49
-66
-66
-82
-84
-86
-87
-87
-85
-82
-74
-68
-61
-39
-30
-36
-24
-9
-2
4
-1
-1
7
3
-6
-4
3
13
6
8
11
13
14
22
31
34
30
30
29
37
45
36
23
30
36
45
49
49
43
37
39
33
35
39
43
44
47
27
30
29
18
14
6
14
15
14
17
13
24
17
17
20
28
34
32
36
40
37
33
37
24
44
50
47
35
34
33
30
31
11
12
17
8
-14
-17
-31
-41
-43
-59
-49
-40
-41
-37
-32
-45
-60
-54
-67
-67
-77
-74
-75
-83
-81
-81
-79
-99
-89
-90
-80
-60
-51
-48
-47
-45
-42
-18
-19
-12
6
13
24
32
39
48
57
67
66
71
74
67
68
57
57
63
37
45
57
47
49
52
39
30
35
20
17
15
7
13
1
-1
-7
0
-5
-23
-28
-37
-26
-31
-32
-21
-3
-19
-34
-24
-22
-18
-11
-18
-14
-15
-21
-12
-20
-25
-21
-19
-8
-18
-15
-8
-6
-7
-15
-7
-16
-20
-11
-7
10
3
27
32
19
24
13
6
14
10
9
8
-2
6
-9
2
-8
-8
2
3
21
15
17
22
29
37
31
22
13
28
28
30
22
12
13
19
9
7
18
21
14
11
18
15
13
6
7
-2
-9
-14
-17
-18
-23
-18
-17
-21
-24
-16
-20
-28
-24
-9
1
-14
-9
-8
-7
-7
-10
2
7
21
24
29
35
36
30
30
31
29
38
34
29
22
23
17
12
-1
-5
-1
-6
-6
-18
-12
-18
-35
-33
-37
-56
-50
-39
-33
-30
-36
-37
-39
-46
-51
-48
-41
-30
-31
-20
-14
2
4
-6
-2
0
-5
-3
8
9
12
4
1
-3
-6
-15
-25
-28
-25
-15
-10
-15
-21
-28
-21
-10
-12
1
5
-3
-1
-3
-17
-18
-33
-39
-33
-29
-22
-17
-4
6
11
15
7
19
29
22
37
38
36
43
35
33
53
67
83
80
86
88
94
83
72
70
56
55
49
45
40
43
40
41
41
24
28
24
18
9
6
9
3
5
-10
-8
-8
-23
-23
-33
-33
-33
-25
-30
-31
-33
-45
-42
-49
-51
-57
-54
-58
-73
-50
-49
-54
-51
-52
-45
-40
-46
-47
-50
-42
-39
-33
-24
-22
-10
-9
-5
1
4
-1
4
4
19
27
22
24
24
18
11
0
0
10
17
12
17
25
15
15
13
17
29
30
33
47
44
37
33
27
22
15
18
21
10
17
17
15
19
12
9
-6
-16
-12
-14
-20
-18
-30
-36
-41
-31
-24
-22
-19
-20
-18
-21
-14
-15
-10
-9
0
-5
0
-5
-6
-4
-7
2
3
7
18
15
20
18
7
9
4
2
1
-3
5
-2
-1
2
-4
-3
0
9
1
2
3
7
12
14
6
1
-5
-9
-5
-18
-19
-15
-18
-16
-11
-16
-11
-10
-15
-7
-4
-8
-6
2
-4
-10
-6
-3
2
2
1
6
13
10
13
17
20
35
32
30
30
28
28
15
8
-4
-1
-4
-12
-6
0
-2
3
-4
-5
0
-9
-20
-19
-16
-14
-6
-16
-10
-13
-10
-11
-5
4
12
18
7
16
20
19
21
13
13
14
13
12
17
17
18
12
9
5
1
7
10
17
27
32
35
29
25
16
17
14
13
19
11
13
13
13
6
12
6
-3
4
16
12
2
2
-1
-4
3
-5
-1
0
-6
-7
-9
-12
-8
-17
-31
-39
-49
-48
-53
-61
-61
-64
-61
-57
-49
-50
-50
-45
-52
-57
-50
-50
-49
-48
-49
-42
-52
-49
-43
-34
-17
-4
-7
-9
-5
0
-1
7
15
17
18
11
17
27
31
28
26
37
43
41
49
55
61
53
49
53
52
53
57
58
50
46
41
21
14
7
5
10
3
10
10
13
16
20
22
26
26
26
34
26
23
15
7
-4
-4
-14
-17
-9
-8
-8
-12
-3
-10
-8
-11
-7
-8
-7
-7
-4
-13
-16
-16
-25
-27
-23
-28
-31
-28
-27
-25
-25
-27
-23
-15
-17
-14
-25
-30
-25
-30
-27
-22
-21
-21
-19
-13
-10
-1
4
11
18
25
19
26
24
19
29
31
29
25
35
39
38
32
28
30
25
17
10
10
14
11
1
-1
-3
-8
-8
-14
-13
-15
-17
-18
-13
-4
-7
-4
-3
-10
-19
-14
-14
-20
-22
-22
-22
-19
-13
-9
-4
-1
0
14
15
17
17
19
15
11
12
11
15
9
5
9
8
9
20
22
28
23
12
0
3
-3
0
6
3
0
-8
-9
-13
-13
-20
-21
-21
-28
-27
-27
-29
-27
-25
-21
-20
-19
-18
-13
-10
-12
-10
-8
-13
-9
5
10
5
5
3
2
10
4
3
3
5
10
15
11
5
11
1
1
-1
-9
-8
-11
-7
-4
-1
3
8
4
5
5
5
13
15
22
23
15
20
14
15
12
5
6
1
1
-1
0
1
11
7
7
11
9
14
14
15
15
13
13
13
4
5
6
8
6
6
11
3
-5
-7
-10
-15
-13
-17
-17
-11
-18
-15
-16
-22
-23
-31
-21
-17
-17
-10
-16
-17
-17
-12
-13
-17
-8
0
0
1
0
-2
1
-5
-7
-13
-15
-19
-19
-20
-25
-17
-8
-7
-15
-13
-12
-8
-2
-1
3
10
7
9
10
12
16
17
15
15
17
16
15
15
17
18
28
34
39
43
44
43
44
39
43
45
38
36
34
30
31
25
17
12
4
0
-1
-3
1
6
2
-3
-4
-4
-10
-3
-5
-5
-8
-14
-16
-22
-22
-25
-23
-27
-26
-33
-38
-41
-43
-36
-38
-32
-29
-30
-26
-28
-31
-27
-30
-29
-21
-16
-7
-3
-2
3
4
6
6
5
3
-1
-1
0
1
-4
2
1
2
5
3
8
15
18
16
15
14
11
6
3
3
2
6
7
2
3
6
13
7
8
11
16
21
16
15
20
20
13
8
5
12
11
6
5
4
0
1
7
4
11
7
8
12
9
14
10
9
5
4
-1
0
-4
-2
-5
-8
-10
-10
-5
-3
-5
-5
-3
0
-3
-4
-2
-2
-1
-4
-4
-1
-4
-2
-5
-4
-6
-8
-3
-12
-10
-11
-20
-15
-16
-17
-17
-18
-15
-14
-13
-14
-12
-11
-7
-8
0
-4
-11
-11
-16
-5
2
2
6
15
18
18
17
8
13
6
0
-2
-2
-8
-7
-9
-8
-9
-11
-6
-6
1
-4
0
0
-3
-1
6
5
6
8
5
2
-1
-5
-4
-5
-10
-12
-8
-4
-1
1
3
5
8
5
9
13
6
3
2
6
3
6
4
3
4
4
6
10
13
16
19
24
25
23
18
16
19
16
11
19
20
11
9
5
-2
-1
-3
-3
1
-3
-3
-9
-14
-14
-15
-15
-9
-7
-6
-6
-3
-10
-12
-8
-8
-7
-8
-10
-12
-9
-7
-8
-9
-7
-8
-3
-7
-9
-5
-4
-7
-5
-2
-2
2
-3
-3
-4
-5
-2
-3
0
5
6
4
7
4
2
3
1
2
3
8
4
8
6
5
7
4
2
6
5
8
10
9
15
18
18
16
17
16
13
12
14
13
19
20
20
19
16
11
10
8
8
2
0
-3
-5
-10
-10
-12
-13
-13
-11
-11
-14
-9
-14
-12
-15
-19
-14
-16
-21
-21
-19
-14
-13
-8
-2
-7
-8
-4
-4
-4
-4
-2
-5
-5
-4
-11
-12
-14
-17
-18
-15
-17
-13
-15
-18
-15
-15
-13
-8
-2
-1
-4
0
-3
-5
-1
-2
5
3
3
3
6
9
7
11
11
11
10
12
16
14
15
16
19
15
12
4
3
7
8
7
4
7
4
0
0
0
1
1
0
0
0
1
1
2
-3
0
0
2
4
2
5
4
3
6
6
5
2
1
3
3
2
10
12
15
10
10
11
11
13
12
10
10
8
5
3
1
3
1
1
-1
0
0
0
-2
-6
-6
-9
-10
-13
-12
-12
-13
-9
-12
-14
-13
-14
-13
-12
-12
-10
-8
-7
-8
-12
-11
-8
-6
-6
-6
-2
-6
-6
-3
-5
-5
-7
-6
-1
2
0
5
1
2
2
-4
-1
1
0
3
6
11
13
12
17
17
21
18
15
12
4
3
-5
-13
-15
-13
-17
-19
-18
-15
-14
-10
-8
-6
-4
-1
-1
3
5
9
8
2
-3
-4
-3
-4
4
9
12
9
10
8
10
10
14
19
19
18
14
14
13
10
6
1
-2
0
-2
2
1
4
1
0
6
2
2
2
0
-7
-9
-12
-12
-7
-8
-9
-10
-4
-1
-7
-9
-6
-8
-10
-15
-11
-8
-5
-10
-13
-9
-8
-11
-10
-5
-3
-2
-5
-3
-5
-7
-7
-8
-7
-5
-7
-7
-2
2
5
5
6
11
10
8
10
11
8
11
14
17
19
22
24
24
32
31
27
28
23
25
24
19
20
22
19
18
17
12
9
4
4
5
8
2
1
-6
-6
-12
-17
-18
-18
-22
-23
-21
-24
-17
-14
-19
-21
-17
-21
-18
-16
-19
-14
-15
-15
-15
-9
-9
-7
-4
-4
-6
-7
-9
-8
-5
-5
-2
0
-3
-6
-4
-2
-3
-3
-4
-6
-7
-5
-2
-5
-2
-2
-5
0
-2
4
1
3
5
3
2
1
0
0
4
2
6
2
0
-2
-4
-3
-5
-8
-6
-6
-7
-4
-4
-1
-5
-7
0
1
3
7
7
5
6
2
3
0
0
1
-1
1
-3
0
2
8
4
7
12
12
12
13
14
12
16
14
12
11
12
9
7
8
4
1
-1
0
1
-1
-1
-2
-2
-2
-2
0
-4
-3
-1
-3
-1
4
5
4
8
9
12
16
11
11
12
11
14
15
14
10
6
7
3
6
5
4
2
0
-1
-4
-3
-2
1
-1
-10
-11
-12
-14
-15
-17
-13
-15
-13
-12
-9
-10
-6
-7
-10
-12
-16
