SAMPLES:	19098
BITSPERSAMPLE:	16
CHANNELS:	1
SAMPLERATE:	16000
NORMALIZED:	FALSE
14
25
34
44
50
55
49
35
31
32
8
-14
-19
-18
-4
5
3
5
6
13
13
26
26
25
16
14
37
52
59
81
94
93
88
86
96
98
106
119
129
132
115
124
141
146
157
156
152
139
124
113
102
101
89
58
33
20
3
-1
-4
-15
-13
-28
-38
-45
-57
-76
-91
-97
-109
-121
-120
-136
-162
-158
-160
-174
-166
-166
-169
-172
-165
-153
-142
-123
-119
-100
-88
-76
-60
-41
-21
-4
27
50
55
57
72
76
82
93
89
95
82
83
91
94
97
96
92
81
81
73
58
56
48
30
17
15
0
-11
-8
-17
-18
-25
-32
-42
-49
-55
-56
-52
-48
-54
-53
-46
-63
-78
-90
-95
-98
-99
-91
-82
-73
-54
-35
-24
-19
11
26
52
70
86
95
105
110
111
118
100
112
112
114
104
93
94
81
80
75
74
85
83
85
82
68
47
23
-13
-46
-70
-93
-100
-114
-125
-137
-148
-148
-145
-143
-158
-147
-155
-171
-175
-185
-170
-154
-158
-157
-136
-124
-126
-123
-96
-81
-47
-24
-6
-3
24
40
48
60
68
83
84
108
121
137
158
161
172
186
188
206
203
204
199
192
185
183
188
176
168
155
142
124
103
79
75
68
64
51
42
22
0
-19
-38
-48
-60
-59
-70
-83
-76
-80
-84
-97
-100
-125
-130
-112
-99
-90
-71
-67
-54
-46
-52
-39
-40
-36
-49
-49
-43
-22
-1
7
4
3
-5
-22
-18
-12
-19
-8
-15
-26
-28
-40
-33
-47
-47
-49
-42
-40
-46
-54
-58
-66
-77
-72
-68
-75
-78
-71
-79
-85
-99
-112
-117
-115
-111
-104
-98
-87
-76
-72
-70
-70
-49
-47
-40
-24
-5
24
46
71
88
104
126
124
147
176
182
194
191
189
195
197
191
200
215
203
200
206
188
180
156
132
127
121
103
105
93
85
76
52
46
24
13
-9
-27
-47
-78
-93
-99
-109
-113
-115
-125
-124
-140
-152
-149
-158
-156
-144
-146
-142
-142
-147
-145
-168
-157
-149
-148
-139
-133
-131
-112
-93
-75
-56
-42
-31
-29
-13
7
11
11
28
40
41
48
66
69
75
70
77
91
90
101
110
118
111
105
93
75
75
78
86
84
67
45
40
25
30
22
16
15
5
22
9
9
11
6
-1
0
6
11
23
32
42
40
46
61
84
87
90
87
81
82
77
77
77
72
72
55
43
44
41
33
25
18
8
-12
-35
-53
-67
-78
-72
-82
-97
-99
-112
-113
-121
-133
-136
-131
-124
-124
-134
-128
-129
-136
-141
-149
-156
-178
-177
-176
-176
-169
-151
-135
-126
-112
-110
-89
-73
-73
-57
-25
-11
10
18
33
54
71
66
75
87
79
93
91
97
91
95
92
98
103
107
99
104
128
131
134
124
121
128
113
109
113
108
102
90
77
71
49
42
46
52
56
40
38
41
53
50
46
67
86
75
71
76
75
73
62
57
56
52
50
46
39
26
16
0
-4
-27
-53
-64
-79
-84
-86
-83
-78
-85
-71
-81
-108
-120
-119
-110
-122
-127
-127
-117
-128
-142
-152
-141
-135
-143
-135
-134
-130
-129
-113
-120
-118
-110
-111
-98
-90
-80
-58
-47
-33
-19
-29
-34
-24
-19
-11
15
28
38
61
73
70
87
105
108
120
135
132
135
148
152
165
148
131
113
109
104
118
123
133
143
136
136
135
136
133
126
92
86
80
81
79
65
56
38
23
2
-6
-13
-18
-13
-23
-36
-39
-58
-68
-71
-79
-75
-79
-92
-104
-110
-118
-123
-126
-126
-119
-110
-90
-88
-80
-81
-85
-85
-101
-96
-90
-89
-94
-101
-109
-106
-104
-83
-81
-70
-38
-30
-15
2
23
17
15
31
29
31
25
21
26
26
37
40
43
48
46
51
57
68
83
95
87
100
95
90
97
82
81
89
80
80
81
79
76
63
57
49
51
44
27
8
12
15
29
30
20
11
-3
-14
-24
-4
-18
-10
5
1
-9
-17
-9
-28
-35
-50
-51
-47
-62
-60
-69
-67
-56
-62
-58
-55
-56
-44
-27
-10
-6
18
37
37
41
47
42
42
49
49
38
32
16
0
-9
-20
-15
-1
2
5
0
10
15
9
17
22
12
4
5
4
-11
-21
-15
-31
-37
-54
-67
-79
-85
-97
-100
-95
-93
-80
-77
-79
-87
-82
-94
-99
-100
-93
-83
-84
-75
-51
-37
-35
-23
-13
-11
0
11
11
32
43
41
55
71
82
79
78
79
97
97
103
118
119
125
130
134
126
125
107
98
93
91
89
88
75
61
58
43
50
48
36
44
64
58
69
76
83
59
40
28
21
11
-16
-33
-31
-44
-51
-49
-48
-37
-51
-57
-51
-56
-58
-64
-61
-58
-73
-85
-102
-124
-134
-148
-163
-170
-178
-177
-179
-182
-171
-154
-156
-124
-104
-101
-69
-38
-25
-21
-16
-16
-19
-16
-30
-27
-22
-27
-21
-24
-12
2
29
46
51
63
74
79
88
89
104
112
116
112
100
91
87
82
78
71
80
96
90
85
77
73
66
57
71
74
81
87
81
82
77
65
62
62
57
55
31
34
19
15
-4
-18
-4
-12
-16
-9
-22
-24
-29
-32
-29
-40
-36
-24
-15
-23
-26
-45
-51
-52
-47
-44
-51
-43
-36
-34
-33
-32
-36
-21
-15
-12
-22
-15
-7
-19
-14
-23
-9
0
13
18
22
36
30
38
33
24
7
1
13
-2
0
1
20
13
1
16
5
1
-4
3
5
-7
-9
-17
-38
-33
-36
-37
-51
-48
-55
-73
-74
-63
-52
-34
-15
-15
-12
-8
-1
7
-7
-8
-4
-15
-26
-38
-31
-40
-23
-12
-3
10
8
13
20
15
9
9
21
10
0
3
8
-3
-14
-20
-30
-25
-29
-25
-35
-24
-11
-3
1
-2
2
11
15
25
10
2
11
-3
-12
-23
-30
-30
-15
-2
-18
-7
7
18
23
21
26
39
45
52
48
50
53
58
52
46
42
52
49
42
55
49
51
52
53
50
33
38
39
29
29
28
42
54
48
54
45
32
38
34
24
13
3
-3
12
14
15
-1
-5
-9
-23
-12
-24
-23
-25
-15
-22
-26
-4
-9
-31
-41
-37
-37
-39
-37
-29
-33
-28
-35
-20
0
3
17
19
26
23
16
28
22
10
16
14
16
27
25
20
31
34
29
34
27
31
10
1
-6
-30
-39
-35
-32
-43
-58
-69
-81
-100
-106
-117
-118
-130
-134
-116
-133
-142
-165
-173
-164
-159
-147
-125
-113
-116
-105
-90
-74
-66
-53
-46
-31
-34
-43
-45
-42
-38
-38
-20
-11
18
28
41
48
67
87
93
106
119
125
132
134
121
122
114
124
124
126
120
106
114
103
98
84
95
83
83
95
107
99
101
105
96
93
82
79
90
79
74
75
68
79
72
75
74
52
34
36
16
9
13
25
16
4
0
-16
-34
-43
-40
-58
-58
-57
-64
-51
-41
-53
-70
-89
-108
-109
-110
-102
-88
-75
-66
-67
-74
-82
-90
-109
-105
-107
-116
-106
-99
-101
-99
-90
-87
-78
-73
-68
-66
-57
-40
-28
-11
-5
17
19
7
-1
-7
-1
3
14
26
47
50
68
56
50
50
49
64
76
87
90
92
95
88
73
66
66
55
49
51
41
36
33
36
33
52
54
59
52
56
55
47
34
27
35
26
31
34
32
30
32
10
7
0
-4
12
-11
-7
-10
-23
-30
-23
-25
-37
-38
-32
-40
-52
-61
-76
-76
-77
-75
-69
-65
-51
-51
-74
-77
-86
-108
-110
-106
-104
-102
-84
-70
-68
-71
-76
-77
-67
-56
-54
-63
-59
-48
-45
-29
-24
-26
-21
-28
-41
-47
-41
-40
-39
-31
-33
-23
-12
8
32
41
57
55
57
63
79
102
101
113
110
112
126
132
126
126
117
93
100
92
92
89
107
113
108
129
121
122
126
133
123
114
125
114
95
102
103
100
98
87
89
88
74
83
79
62
52
46
25
11
-9
-15
-14
-14
-24
-40
-56
-75
-84
-113
-120
-124
-127
-139
-125
-114
-123
-120
-106
-112
-133
-143
-160
-162
-172
-181
-171
-151
-138
-121
-119
-111
-105
-113
-114
-115
-108
-101
-87
-69
-71
-86
-79
-75
-78
-93
-83
-49
-49
-35
-25
-31
-26
-21
-14
-20
-15
2
24
32
41
48
67
80
90
87
93
113
111
113
127
137
128
121
128
137
136
149
149
148
139
124
126
126
130
136
140
131
108
93
89
68
56
50
57
64
49
41
31
24
14
3
4
-11
-19
-25
-26
-45
-43
-37
-41
-59
-79
-85
-98
-99
-106
-100
-109
-120
-121
-107
-105
-107
-101
-117
-109
-108
-107
-108
-102
-95
-97
-103
-110
-93
-102
-98
-79
-83
-84
-78
-72
-81
-76
-54
-56
-26
-10
-6
10
12
27
28
39
59
82
92
93
98
104
112
128
136
133
130
118
130
130
129
135
134
125
126
119
119
126
120
116
102
94
93
83
65
60
66
68
59
52
42
25
24
4
3
16
21
28
31
39
25
24
29
9
16
11
-2
-26
-51
-61
-67
-77
-65
-51
-64
-62
-62
-76
-101
-96
-115
-124
-114
-118
-133
-148
-151
-168
-149
-135
-127
-122
-135
-135
-146
-138
-124
-119
-109
-100
-83
-93
-86
-79
-65
-49
-47
-33
-17
-8
6
19
23
26
34
42
37
50
55
49
52
66
59
68
79
75
81
89
96
91
95
87
66
67
65
59
60
75
96
91
92
103
90
89
81
69
51
50
56
63
68
66
75
74
46
37
44
36
33
41
43
48
45
40
52
53
42
18
17
2
-1
-12
-28
-39
-49
-42
-49
-58
-64
-57
-70
-90
-92
-88
-94
-108
-111
-100
-88
-81
-62
-50
-46
-31
-29
-29
-30
-29
-27
-31
-37
-40
-40
-44
-36
-27
-16
-4
8
19
22
18
10
34
46
45
42
53
43
34
13
0
-3
-5
-12
-14
-19
-17
7
-7
5
0
10
22
16
25
-6
-3
6
-6
-19
-28
-24
-30
-31
-42
-47
-40
-35
-41
-31
-40
-24
5
5
-6
2
-5
-31
-30
-25
-26
-13
-3
9
11
31
39
28
18
14
7
-6
17
12
16
8
9
9
9
16
35
54
45
26
45
39
47
60
58
67
67
70
60
55
61
57
56
47
40
27
10
7
-2
-7
-10
-14
-23
-29
-36
-26
-26
-16
-23
-23
-12
-9
-16
0
16
-7
-18
-11
0
4
16
22
18
37
39
16
-6
-4
1
-8
-6
-12
-4
-22
-16
-13
-20
-30
-19
-27
-11
4
0
7
-6
-13
-36
-41
-49
-54
-54
-59
-55
-52
-59
-31
-18
-24
-22
-23
-32
-54
-52
-51
-41
-9
-5
-8
-5
-5
-15
-29
-53
-48
-58
-52
-43
-37
-28
-28
-15
2
15
3
1
12
19
14
20
25
28
18
25
29
19
16
10
3
-22
-18
-9
10
23
33
37
45
48
44
43
42
42
39
32
46
51
51
61
70
70
70
88
79
72
88
101
91
86
72
56
42
51
49
45
38
23
9
6
6
5
12
10
1
10
0
-10
-4
-23
-33
-50
-65
-79
-89
-73
-71
-67
-63
-62
-58
-39
-37
-46
-44
-47
-45
-42
-42
-14
8
14
19
26
17
2
-14
-3
0
-19
-18
-18
-8
-12
-5
9
16
28
28
32
33
27
27
28
36
27
36
33
23
26
16
-5
-6
-6
11
13
-8
-10
-3
-7
-6
-9
-27
-23
-40
-51
-63
-74
-54
-57
-66
-57
-58
-53
-72
-82
-87
-94
-102
-120
-115
-113
-114
-110
-100
-98
-97
-92
-68
-61
-58
-48
-41
-43
-45
-26
-3
21
33
47
53
60
62
71
98
108
131
139
145
150
144
140
139
151
118
99
113
109
109
97
79
83
94
83
67
57
58
60
58
56
61
65
55
54
39
19
1
2
-10
-21
-23
-41
-34
-33
-45
-35
-28
-30
-18
-32
-38
-49
-63
-57
-56
-35
-28
-37
-34
-36
-35
-31
-33
-15
-19
-14
-6
8
12
14
19
27
30
20
13
8
-16
-24
-29
-46
-52
-56
-46
-32
-31
-33
-40
-63
-79
-90
-113
-117
-110
-113
-106
-112
-102
-108
-119
-113
-93
-70
-70
-64
-56
-56
-37
-12
6
18
14
30
45
57
67
70
65
70
82
71
61
85
97
103
99
99
104
105
100
93
91
79
79
74
78
98
105
109
116
88
84
71
53
42
25
25
21
7
-8
7
-9
-16
-16
-37
-46
-64
-53
-51
-56
-48
-58
-55
-52
-48
-56
-72
-64
-78
-90
-80
-83
-78
-67
-64
-62
-58
-62
-71
-56
-47
-57
-42
-40
-42
-36
-48
-49
-30
-30
-25
-11
4
0
7
13
4
21
22
14
3
15
20
24
30
34
30
26
38
48
47
51
50
37
52
76
73
78
92
78
76
68
64
56
57
75
70
65
87
76
72
57
65
67
54
61
66
62
45
54
38
32
28
16
12
9
-11
-15
1
-2
0
4
2
6
3
-19
-34
-39
-41
-46
-55
-60
-63
-56
-57
-55
-53
-50
-66
-65
-66
-74
-82
-86
-90
-94
-85
-80
-85
-91
-98
-99
-85
-91
-82
-90
-86
-75
-89
-84
-74
-86
-80
-76
-90
-85
-80
-83
-89
-95
-77
-62
-57
-47
-41
-30
-29
-23
-14
10
20
21
26
44
46
41
56
61
73
77
77
71
71
81
80
69
78
93
106
117
131
131
140
143
128
140
153
149
161
171
162
167
162
148
149
148
139
126
127
129
122
105
95
96
80
83
84
87
67
56
45
31
15
-14
-30
-45
-48
-51
-63
-78
-83
-87
-90
-96
-92
-108
-109
-111
-115
-125
-134
-142
-141
-138
-152
-159
-163
-163
-169
-171
-168
-166
-158
-144
-130
-121
-101
-94
-106
-117
-121
-117
-128
-118
-111
-110
-104
-106
-93
-71
-63
-46
-43
-32
-30
-4
12
24
44
47
55
66
67
90
113
95
102
102
92
98
114
122
114
122
122
109
111
114
107
109
103
101
100
110
120
112
112
106
102
96
91
87
72
59
56
48
46
54
53
36
29
19
22
19
7
2
-13
-27
-31
-48
-52
-61
-80
-73
-79
-73
-69
-61
-62
-63
-65
-61
-45
-47
-40
-46
-46
-60
-79
-73
-76
-76
-79
-68
-65
-67
-70
-81
-80
-82
-77
-72
-58
-49
-36
-23
-19
-20
-24
-22
-34
-19
-12
9
27
25
21
31
38
27
29
22
34
32
41
56
59
84
86
95
101
97
104
103
93
94
90
88
81
81
81
87
93
96
81
78
76
70
67
57
57
57
42
34
32
33
31
36
30
26
25
18
14
-1
-1
-19
-9
-11
-9
-3
-4
-6
-13
-18
-34
-47
-67
-69
-59
-73
-55
-68
-56
-56
-69
-60
-75
-86
-95
-101
-96
-100
-102
-98
-112
-98
-96
-96
-113
-125
-131
-132
-122
-124
-106
-93
-93
-90
-77
-66
-67
-67
-69
-68
-67
-63
-56
-61
-52
-40
-41
-35
-30
-6
6
20
20
17
40
38
53
79
75
80
72
84
96
90
80
83
89
94
93
90
89
77
81
69
82
88
98
112
99
103
112
102
102
117
116
125
136
120
99
97
84
75
65
54
56
71
68
52
39
49
54
52
53
48
63
62
70
58
42
35
26
12
-7
-28
-33
-48
-63
-64
-63
-60
-77
-91
-90
-77
-81
-90
-72
-69
-87
-97
-97
-99
-105
-100
-94
-93
-92
-94
-82
-95
-104
-96
-87
-81
-68
-55
-65
-62
-61
-64
-71
-51
-41
-50
-48
-42
-33
-34
-39
-39
-33
-26
-31
-19
-17
-22
-13
-13
-5
-1
13
29
55
64
53
79
84
72
58
53
53
40
43
47
46
33
14
11
17
30
36
15
2
1
-3
14
18
1
5
45
74
96
138
175
192
201
197
175
156
122
65
-43
-109
-168
-264
-327
-373
-434
-502
-505
-484
-484
-457
-409
-345
-286
-191
-92
-42
13
88
163
205
256
297
304
302
326
341
359
379
399
424
444
442
454
452
445
445
363
325
293
225
175
131
83
23
-23
-64
-89
-156
-185
-200
-222
-222
-225
-210
-229
-231
-216
-196
-181
-158
-131
-108
-121
-130
-93
-59
-44
-10
-1
-3
15
59
78
87
114
129
119
134
153
153
162
143
128
106
84
53
29
31
-17
-59
-101
-139
-187
-213
-232
-258
-274
-289
-273
-252
-242
-248
-209
-179
-163
-151
-145
-142
-133
-107
-67
-3
26
63
100
116
111
90
54
43
30
9
-4
-14
-3
1
6
-15
-48
-44
-25
-32
-58
-68
-89
-96
-98
-115
-134
-139
-166
-189
-215
-222
-217
-184
-127
-63
-11
88
222
336
479
624
766
809
831
804
721
652
605
478
255
79
-59
-264
-458
-595
-761
-894
-895
-891
-918
-900
-813
-722
-615
-444
-283
-169
-53
48
154
222
280
352
379
376
441
500
515
590
665
691
704
754
777
840
878
884
874
811
795
727
610
486
334
184
47
-100
-203
-308
-392
-450
-476
-509
-537
-554
-534
-520
-537
-539
-531
-531
-512
-472
-470
-461
-410
-382
-377
-315
-278
-267
-242
-173
-100
-88
-43
-7
7
20
33
13
10
22
-3
-59
-102
-94
-111
-92
-105
-107
-134
-149
-150
-164
-192
-207
-205
-206
-214
-216
-222
-210
-183
-143
-101
-65
-10
44
115
176
250
262
266
329
364
417
475
518
510
551
623
629
649
687
724
790
885
909
975
1053
997
929
870
722
529
345
85
-321
-628
-889
-1224
-1482
-1650
-1880
-2045
-2021
-1951
-1924
-1819
-1553
-1331
-1060
-751
-435
-214
1
250
451
601
708
813
901
992
1053
1111
1174
1214
1284
1336
1321
1321
1322
1283
1210
1132
993
773
615
487
256
-4
-193
-419
-605
-738
-886
-1042
-1100
-1122
-1165
-1153
-1163
-1139
-1063
-952
-874
-797
-709
-587
-488
-352
-255
-218
-111
8
125
233
337
387
471
645
727
773
871
881
838
867
842
717
675
684
603
536
550
504
466
535
575
533
539
599
623
652
623
465
291
135
-22
-228
-523
-886
-1169
-1370
-1615
-1857
-2001
-2104
-2226
-2120
-1941
-1788
-1608
-1345
-1087
-820
-492
-222
-7
193
428
566
642
732
828
920
929
1005
1054
1110
1181
1229
1301
1327
1316
1330
1331
1247
1125
1005
823
638
471
270
27
-153
-268
-448
-554
-638
-725
-779
-760
-747
-752
-724
-681
-616
-532
-498
-474
-429
-363
-314
-248
-202
-148
-65
53
207
328
485
635
767
939
1113
1199
1267
1346
1306
1260
1242
1085
831
602
283
-58
-385
-778
-1226
-1605
-1861
-2180
-2436
-2568
-2671
-2773
-2694
-2485
-2348
-2148
-1857
-1574
-1245
-862
-479
-127
207
576
910
1218
1450
1694
1937
2063
2207
2303
2355
2391
2405
2396
2364
2293
2159
2048
1880
1663
1426
1163
866
580
316
31
-239
-491
-710
-906
-1092
-1232
-1345
-1384
-1374
-1331
-1254
-1125
-939
-733
-499
-297
-103
110
230
283
322
277
224
177
-23
-292
-517
-678
-923
-1119
-1261
-1430
-1557
-1545
-1484
-1458
-1383
-1269
-1145
-988
-795
-612
-468
-293
-113
71
206
260
354
453
528
602
688
765
826
928
1013
1032
1075
1143
1227
1301
1332
1287
1270
1238
1201
1100
980
875
740
642
537
433
315
278
279
257
291
318
318
371
488
503
530
510
363
207
5
-235
-492
-759
-1129
-1526
-1801
-2094
-2407
-2616
-2758
-2937
-2975
-2832
-2661
-2523
-2275
-1977
-1707
-1321
-899
-518
-200
145
466
764
1028
1220
1412
1570
1749
1873
1994
2106
2152
2251
2258
2199
2115
2001
1904
1769
1568
1305
1054
839
593
345
151
-49
-193
-284
-352
-398
-404
-338
-229
-77
78
203
346
518
702
709
637
567
442
279
114
-144
-619
-963
-1224
-1521
-1772
-1923
-2118
-2303
-2285
-2199
-2121
-2063
-1886
-1717
-1485
-1230
-1046
-842
-577
-356
-162
72
206
388
621
799
931
1087
1267
1379
1530
1690
1748
1757
1749
1728
1661
1604
1483
1339
1224
1098
919
733
619
504
410
346
297
264
324
436
482
469
476
532
555
539
377
119
-192
-468
-736
-1052
-1478
-1918
-2185
-2423
-2645
-2841
-3005
-3081
-3056
-2882
-2709
-2549
-2292
-1946
-1653
-1337
-982
-722
-432
-97
208
453
694
956
1209
1439
1652
1835
2017
2200
2345
2430
2447
2403
2305
2249
2135
1971
1742
1467
1213
991
748
490
303
162
60
31
86
91
203
391
518
669
791
902
962
950
849
641
356
69
-203
-590
-1059
-1546
-1897
-2246
-2500
-2670
-2831
-2899
-2811
-2586
-2384
-2182
-1923
-1621
-1281
-932
-622
-351
-100
127
366
542
697
821
953
1053
1105
1176
1239
1341
1453
1541
1555
1574
1562
1552
1508
1414
1228
1023
860
681
523
340
205
116
53
80
166
266
437
648
851
1021
1158
1246
1256
1184
958
650
293
-88
-473
-973
-1500
-1974
-2376
-2709
-3011
-3268
-3430
-3449
-3332
-3093
-2836
-2545
-2236
-1846
-1426
-1054
-683
-395
-97
182
464
671
869
1084
1273
1452
1603
1766
1908
2076
2196
2281
2300
2288
2289
2235
2180
1979
1736
1467
1174
879
589
326
100
16
-31
-60
10
154
291
463
633
719
823
828
731
549
296
-66
-451
-864
-1356
-1846
-2257
-2630
-2965
-3169
-3302
-3417
-3336
-3080
-2776
-2429
-2034
-1628
-1204
-780
-370
39
360
660
892
1090
1236
1365
1467
1558
1668
1745
1825
1898
1995
2061
2127
2093
1991
1879
1746
1571
1350
1112
848
582
341
154
-31
-146
-157
-121
-27
173
362
578
840
1060
1225
1327
1320
1141
917
594
217
-201
-710
-1267
-1777
-2262
-2738
-3056
-3262
-3450
-3492
-3365
-3159
-2911
-2580
-2218
-1845
-1448
-1041
-687
-371
-101
142
391
566
689
806
972
1097
1236
1387
1482
1616
1773
1909
1967
1998
2004
1973
1849
1717
1559
1326
1115
986
794
620
554
494
471
582
718
806
965
1154
1273
1362
1394
1274
1003
730
369
-82
-543
-1116
-1717
-2224
-2712
-3178
-3492
-3686
-3869
-3897
-3757
-3533
-3241
-2821
-2369
-1944
-1460
-956
-482
-36
357
657
948
1230
1424
1563
1673
1772
1881
2009
2075
2091
2128
2185
2166
2065
1987
1871
1663
1401
1152
847
593
397
184
19
-98
-149
-156
-26
140
261
424
655
822
934
1019
946
786
548
222
-174
-572
-1052
-1634
-2083
-2467
-2817
-3035
-3132
-3210
-3169
-2896
-2601
-2304
-1871
-1427
-1007
-530
-90
325
678
1052
1336
1572
1786
1885
1995
2126
2237
2282
2248
2219
2198
2206
2141
1945
1748
1577
1362
1079
824
514
204
-55
-297
-510
-663
-708
-700
-601
-409
-215
-27
202
410
600
754
730
574
351
111
-246
-617
-1055
-1616
-2093
-2503
-2904
-3250
-3445
-3570
-3647
-3589
-3390
-3103
-2759
-2326
-1887
-1395
-904
-414
41
454
856
1195
1451
1695
1906
2097
2256
2367
2482
2562
2598
2632
2654
2618
2519
2406
2230
2022
1831
1587
1296
1023
805
547
342
215
162
109
173
333
410
512
600
640
694
692
518
275
2
-368
-778
-1196
-1724
-2280
-2700
-3040
-3393
-3652
-3771
-3830
-3822
-3662
-3392
-3079
-2718
-2240
-1769
-1301
-817
-331
144
546
954
1300
1620
1913
2158
2375
2542
2688
2767
2860
2852
2834
2765
2623
2438
2248
2070
1778
1491
1204
954
685
500
287
56
-25
-63
-32
48
195
278
418
536
537
505
386
170
-156
-460
-851
-1251
-1644
-2110
-2513
-2852
-3128
-3352
-3440
-3485
-3487
-3368
-3096
-2804
-2501
-2106
-1720
-1267
-826
-371
6
344
691
1008
1347
1596
1873
2085
2319
2498
2596
2701
2719
2746
2702
2619
2403
2193
2012
1778
1492
1146
893
608
411
304
221
206
276
396
516
710
851
935
1026
1094
1076
859
599
235
-204
-673
-1164
-1742
-2350
-2804
-3210
-3543
-3799
-3959
-4020
-3940
-3737
-3460
-3084
-2738
-2322
-1873
-1389
-914
-480
-56
342
711
1024
1343
1589
1873
2108
2293
2451
2585
2695
2733
2735
2651
2510
2310
2068
1825
1530
1240
950
645
377
175
45
-25
41
150
316
507
733
956
1167
1348
1408
1454
1326
1080
715
224
-325
-920
-1518
-2155
-2733
-3166
-3538
-3836
-3993
-4027
-4045
-3889
-3584
-3214
-2825
-2384
-1918
-1468
-947
-467
-30
378
766
1134
1469
1823
2100
2370
2646
2883
3061
3194
3264
3302
3267
3161
2962
2643
2339
1961
1610
1215
838
513
253
44
-131
-160
-126
-22
149
364
530
655
807
903
916
777
523
151
-336
-836
-1389
-2029
-2717
-3306
-3780
-4158
-4464
-4642
-4658
-4582
-4344
-3977
-3530
-3024
-2474
-1896
-1326
-799
-296
204
644
1077
1451
1805
2139
2416
2738
3031
3276
3466
3646
3763
3802
3760
3621
3415
3118
2800
2332
1856
1367
915
529
138
-201
-483
-574
-595
-481
-284
-85
174
412
658
807
921
852
657
335
-79
-594
-1151
-1742
-2443
-3055
-3580
-4024
-4369
-4570
-4644
-4604
-4386
-4057
-3587
-3139
-2615
-2045
-1503
-981
-472
41
466
907
1252
1606
1969
2286
2573
2794
3047
3234
3418
3546
3608
3613
3545
3394
3110
2820
2403
1993
1587
1170
737
347
85
-153
-245
-255
-196
-77
164
373
539
735
859
913
827
622
230
-252
-727
-1292
-1910
-2579
-3157
-3690
-4096
-4392
-4577
-4649
-4572
-4314
-3974
-3522
-3081
-2589
-2018
-1427
-884
-334
203
665
1133
1544
1896
2197
2508
2800
3078
3310
3532
3699
3842
3964
3936
3786
3609
3346
2994
2589
2151
1649
1154
753
324
-33
-263
-395
-456
-383
-265
-152
52
262
409
534
552
382
139
-209
-700
-1186
-1757
-2374
-2980
-3447
-3862
-4254
-4499
-4629
-4653
-4588
-4319
-3928
-3457
-2938
-2405
-1833
-1326
-830
-349
84
462
820
1186
1497
1814
2125
2380
2655
2921
3151
3349
3512
3608
3637
3561
3409
3163
2816
2417
1999
1612
1229
918
579
339
166
68
83
155
305
478
709
849
973
965
813
576
198
-264
-777
-1281
-1915
-2545
-3158
-3666
-4115
-4434
-4573
-4635
-4521
-4305
-3908
-3448
-2955
-2405
-1831
-1255
-753
-241
221
612
938
1250
1559
1832
2107
2373
2678
2913
3181
3410
3640
3773
3829
3863
3744
3621
3348
3009
2600
2177
1727
1272
848
472
186
-22
-73
-37
12
105
247
333
385
451
323
82
-249
-690
-1220
-1743
-2319
-3038
-3731
-4308
-4778
-5143
-5328
-5375
-5301
-5013
-4608
-4090
-3481
-2795
-2159
-1492
-864
-293
220
665
1081
1419
1766
2032
2277
2527
2801
3092
3358
3609
3859
4071
4194
4267
4246
4120
3898
3602
3244
2793
2354
1892
1383
962
628
330
118
45
11
46
130
194
272
375
339
112
-174
-605
-1143
-1677
-2292
-2979
-3663
-4256
-4778
-5198
-5453
-5599
-5589
-5385
-5057
-4559
-3914
-3227
-2501
-1749
-1054
-399
205
733
1180
1573
1924
2223
2483
2740
2964
3193
3399
3589
3803
3939
4035
4085
4069
3981
3786
3539
3251
2902
2505
2070
1636
1243
911
612
408
297
238
267
372
477
586
630
627
501
211
-160
-632
-1143
-1725
-2435
-3172
-3832
-4418
-4924
-5321
-5578
-5705
-5633
-5382
-4936
-4406
-3803
-3127
-2419
-1672
-970
-326
299
838
1267
1606
1916
2174
2386
2607
2814
2990
3171
3340
3514
3681
3714
3732
3688
3617
3505
3306
3033
2695
2374
2024
1685
1410
1154
969
882
833
851
943
1014
1061
1141
1134
959
682
295
-202
-800
-1398
-2105
-2916
-3610
-4304
-4890
-5368
-5745
-5965
-5992
-5803
-5491
-5015
-4422
-3771
-3084
-2323
-1588
-872
-205
370
923
1391
1791
2150
2463
2754
3016
3236
3413
3573
3728
3869
3907
3880
3786
3636
3453
3223
2977
2637
2295
1956
1628
1345
1017
812
677
606
617
650
698
745
786
798
688
485
170
-263
-759
-1325
-1961
-2649
-3337
-3988
-4565
-5014
-5369
-5605
-5679
-5560
-5271
-4804
-4261
-3643
-2914
-2135
-1346
-588
150
796
1361
1825
2246
2611
2902
3186
3364
3491
3630
3778
3851
3921
3912
3848
3783
3649
3459
3208
2958
2634
2258
1909
1563
1233
940
739
584
513
467
455
498
510
519
522
455
250
-61
-459
-962
-1482
-2039
-2738
-3413
-4066
-4662
-5155
-5535
-5780
-5928
-5870
-5615
-5222
-4751
-4175
-3495
-2747
-1977
-1224
-486
200
836
1433
1973
2419
2815
3166
3429
3662
3841
4002
4083
4144
4106
4021
3927
3762
3615
3370
3156
2888
2559
2254
1969
1689
1378
1180
1019
944
952
935
909
868
814
713
546
319
-12
-475
-967
-1454
-2057
-2711
-3360
-3983
-4548
-5019
-5376
-5690
-5789
-5760
-5553
-5191
-4741
-4195
-3590
-2870
-2182
-1425
-727
-63
545
1129
1677
2145
2634
3015
3357
3631
3887
4058
4167
4274
4266
4195
4089
3961
3765
3519
3273
2960
2618
2316
1981
1643
1421
1210
1054
969
921
887
889
856
781
737
534
229
-167
-632
-1143
-1684
-2295
-2972
-3631
-4269
-4808
-5260
-5617
-5840
-5937
-5851
-5623
-5247
-4773
-4216
-3605
-2916
-2212
-1525
-800
-176
392
944
1479
1945
2388
2791
3145
3478
3730
3933
4049
4184
4222
4157
4084
3946
3770
3532
3296
3019
2705
2436
2151
1908
1707
1539
1385
1330
1302
1235
1252
1185
1132
1049
880
601
196
-278
-819
-1374
-2021
-2722
-3351
-3954
-4510
-4969
-5318
-5604
-5738
-5705
-5528
-5195
-4758
-4223
-3642
-2949
-2261
-1558
-848
-220
391
905
1458
1930
2328
2665
2917
3200
3406
3601
3726
3816
3792
3686
3592
3438
3252
3048
2854
2591
2341
2092
1844
1635
1484
1384
1289
1311
1305
1315
1356
1339
1316
1195
979
648
249
-249
-824
-1344
-1991
-2720
-3392
-3936
-4499
-4993
-5294
-5540
-5607
-5537
-5328
-5056
-4649
-4118
-3549
-2899
-2254
-1565
-935
-302
320
869
1394
1837
2285
2665
3004
3305
3598
3768
3895
3954
3890
3834
3743
3594
3378
3160
2900
2606
2381
2154
1922
1751
1604
1501
1437
1433
1394
1380
1404
1334
1261
1136
870
448
22
-485
-1101
-1658
-2356
-3060
-3682
-4241
-4744
-5153
-5426
-5594
-5572
-5447
-5170
-4770
-4274
-3729
-3147
-2459
-1817
-1117
-482
107
659
1170
1623
2043
2500
2841
3172
3421
3668
3837
3939
3962
3848
3776
3614
3411
3152
2880
2569
2274
2027
1743
1541
1385
1275
1223
1231
1271
1275
1304
1263
1236
1190
984
717
301
-180
-784
-1350
-1993
-2757
-3454
-4075
-4628
-5114
-5410
-5618
-5648
-5529
-5315
-4973
-4503
-3904
-3301
-2607
-1934
-1254
-584
21
593
1105
1575
1972
2394
2778
3083
3403
3654
3852
3946
4028
3975
3860
3753
3503
3213
2933
2608
2209
1925
1613
1305
1127
960
875
852
879
939
998
1075
1110
1121
1059
865
514
83
-460
-1047
-1635
-2333
-3030
-3696
-4284
-4802
-5196
-5440
-5585
-5532
-5331
-4983
-4552
-4061
-3483
-2846
-2168
-1507
-818
-174
393
943
1439
1912
2293
2699
3031
3344
3633
3847
4045
4154
4203
4132
4050
3873
3604
3316
3012
2670
2287
2020
1665
1409
1209
1013
931
921
963
954
1016
1056
1072
1046
897
631
232
-224
-805
-1399
-2067
-2824
-3525
-4191
-4772
-5239
-5553
-5767
-5809
-5693
-5454
-5090
-4616
-4036
-3406
-2699
-1972
-1265
-525
131
755
1308
1781
2201
2588
2950
3279
3610
3893
4063
4214
4326
4299
4222
4110
3889
3644
3391
3065
2662
2316
1959
1569
1276
1065
867
758
722
670
686
734
716
662
554
265
-124
-585
-1112
-1690
-2309
-2985
-3664
-4292
-4862
-5345
-5701
-5920
-5999
-5890
-5615
-5249
-4761
-4213
-3562
-2847
-2084
-1364
-655
75
706
1352
1915
2417
2856
3275
3605
3921
4233
4443
4583
4700
4665
4519
4410
4183
3828
3519
3177
2792
2446
2127
1787
1490
1352
1151
1043
1040
1056
1034
1037
1040
953
835
594
259
-207
-704
-1299
-1923
-2636
-3405
-4016
-4653
-5159
-5565
-5827
-5967
-5990
-5800
-5537
-5131
-4653
-4046
-3372
-2628
-1883
-1171
-441
229
884
1473
2023
2486
2974
3367
3692
4013
4230
4381
4495
4548
4406
4305
4179
3883
3567
3316
2962
2607
2355
2055
1765
1581
1389
1205
1171
1148
1099
1062
1066
1016
898
707
391
-59
-549
-1105
-1706
-2408
-3177
-3872
-4528
-5103
-5579
-5929
-6166
-6224
-6136
-5957
-5602
-5153
-4580
-3914
-3182
-2459
-1745
-965
-252
444
1071
1677
2204
2736
3245
3622
4013
4336
4545
4678
4788
4694
4553
4434
4198
3897
3579
3292
2912
2590
2316
2011
1795
1648
1534
1417
1414
1369
1306
1285
1198
1092
881
601
174
-356
-938
-1587
-2234
-2960
-3687
-4374
-4987
-5491
-5901
-6191
-6338
-6308
-6188
-5913
-5532
-5033
-4449
-3778
-3033
-2312
-1505
-724
5
742
1437
2060
2650
3262
3734
4163
4543
4809
4959
5105
5107
4969
4827
4605
4275
3939
3637
3226
2825
2553
2235
1913
1701
1512
1333
1282
1308
1198
1188
1160
1014
876
661
317
-180
-666
-1255
-1876
-2559
-3241
-3936
-4556
-5061
-5527
-5854
-6096
-6152
-6095
-5898
-5589
-5200
-4672
-4091
-3400
-2713
-1933
-1177
-462
234
907
1560
2150
2770
3300
3769
4208
4563
4778
4952
5060
4962
4844
4709
4450
4073
3748
3340
2909
2618
2282
1894
1648
1493
1303
1196
1199
1152
1110
1090
990
868
683
405
-22
-524
-1084
-1662
-2283
-2991
-3697
-4335
-4909
-5408
-5781
-6069
-6232
-6251
-6135
-5857
-5527
-5101
-4583
-3975
-3342
-2677
-1951
-1207
-501
212
921
1523
2151
2724
3243
3743
4157
4497
4746
4958
4955
4889
4850
4671
4389
4145
3827
3409
3092
2813
2470
2208
2014
1833
1683
1639
1598
1506
1482
1399
1254
1104
809
395
-72
-562
-1166
-1773
-2445
-3127
-3773
-4353
-4884
-5318
-5624
-5880
-5949
-5914
-5748
-5473
-5114
-4646
-4108
-3489
-2883
-2159
-1439
-754
-79
608
1232
1847
2502
3054
3574
4063
4442
4695
4887
5002
4919
4853
4709
4401
4126
3851
3478
3088
2790
2454
2139
1917
1738
1559
1484
1498
1361
1311
1221
1044
912
622
245
-263
-787
-1357
-1963
-2581
-3282
-3897
-4500
-5027
-5485
-5784
-6006
-6104
-6052
-5952
-5662
-5343
-4881
-4381
-3808
-3217
-2616
-1934
-1294
-630
39
711
1338
2007
2635
3169
3721
4154
4488
4810
5025
5053
5045
4984
4794
4554
4293
3958
3588
3281
3005
2679
2438
2233
2047
1953
1906
1829
1746
1678
1518
1340
1084
711
231
-317
-910
-1569
-2211
-2913
-3563
-4194
-4768
-5218
-5563
-5767
-5916
-5923
-5834
-5643
-5349
-5000
-4519
-3989
-3437
-2897
-2289
-1658
-1087
-463
144
769
1380
2008
2573
3109
3615
3978
4318
4586
4709
4720
4738
4582
4332
4079
3742
3408
3085
2819
2485
2269
2094
1908
1851
1842
1832
1791
1786
1693
1524
1335
1014
613
67
-507
-1155
-1795
-2494
-3210
-3829
-4431
-4914
-5344
-5608
-5815
-5864
-5771
-5613
-5308
-4985
-4531
-4035
-3492
-2982
-2410
-1793
-1240
-623
-26
556
1140
1730
2313
2870
3406
3885
4276
4581
4798
4867
4920
4912
4729
4534
4288
3960
3619
3325
3001
2698
2493
2274
2125
2063
1993
1898
1814
1737
1555
1339
1039
638
145
-449
-1093
-1744
-2434
-3194
-3910
-4567
-5122
-5548
-5832
-6000
-6089
-5989
-5829
-5598
-5223
-4819
-4349
-3797
-3217
-2650
-2062
-1492
-924
-350
224
771
1346
1913
2432
3008
3500
3912
4269
4543
4717
4766
4770
4652
4450
4239
3960
3614
3341
3042
2723
2495
2282
2151
2100
2052
2014
1939
1895
1773
1599
1378
992
494
-82
-723
-1389
-2039
-2834
-3572
-4207
-4774
-5259
-5619
-5808
-5954
-5895
-5757
-5510
-5144
-4724
-4233
-3730
-3147
-2621
-2067
-1486
-958
-420
103
638
1151
1699
2216
2735
3243
3645
4031
4360
4543
4598
4626
4535
4377
4199
3976
3658
3358
3075
2737
2497
2292
2126
2031
1995
1964
1900
1893
1797
1669
1495
1202
785
246
-340
-1041
-1702
-2476
-3271
-4004
-4635
-5176
-5617
-5843
-6041
-6039
-5900
-5683
-5358
-4949
-4469
-3948
-3356
-2837
-2261
-1670
-1125
-587
-62
472
970
1523
2011
2485
2982
3402
3790
4150
4430
4574
4677
4716
4616
4449
4222
3934
3620
3377
3099
2831
2650
2481
2335
2256
2213
2155
2092
2021
1876
1666
1362
949
428
-156
-827
-1549
-2328
-3168
-3923
-4612
-5193
-5667
-5987
-6183
-6289
-6201
-5994
-5643
-5221
-4717
-4186
-3602
-3019
-2479
-1881
-1312
-758
-231
282
794
1310
1832
2288
2759
3187
3569
3924
4184
4339
4440
4519
4439
4303
4113
3868
3573
3302
3005
2719
2511
2328
2219
2154
2133
2101
2093
2047
1951
1821
1590
1243
754
153
-532
-1240
-1967
-2826
-3637
-4373
-5036
-5571
-5978
-6187
-6295
-6222
-6018
-5673
-5237
-4721
-4138
-3525
-2872
-2279
-1669
-1106
-564
-9
496
987
1468
1958
2389
2860
3308
3676
4037
4307
4488
4609
4689
4619
4492
4306
4038
3736
3441
3169
2860
2616
2403
2257
2191
2167
2138
2126
2136
2062
1972
1776
1425
982
426
-213
-955
-1698
-2530
-3410
-4166
-4871
-5479
-5989
-6295
-6471
-6480
-6339
-6074
-5671
-5207
-4641
-4084
-3464
-2848
-2231
-1628
-1090
-563
-67
434
904
1406
1865
2309
2800
3204
3564
3906
4142
4304
4440
4479
4408
4265
4065
3792
3514
3254
2972
2751
2615
2428
2369
2346
2358
2353
2338
2307
2182
2044
1748
1378
848
216
-482
-1237
-2042
-2948
-3759
-4528
-5207
-5785
-6168
-6427
-6528
-6422
-6245
-5884
-5455
-4906
-4316
-3686
-3066
-2427
-1767
-1177
-601
-84
438
915
1421
1914
2362
2820
3213
3584
3876
4148
4302
4413
4482
4435
4319
4151
3940
3683
3445
3204
2973
2783
2598
2468
2410
2405
2397
2413
2402
2324
2220
1985
1641
1192
630
-25
-736
-1526
-2420
-3250
-4044
-4778
-5417
-5910
-6248
-6436
-6429
-6329
-6044
-5663
-5191
-4644
-4031
-3365
-2732
-2067
-1451
-832
-303
204
668
1127
1576
1988
2443
2822
3182
3472
3733
3896
3980
4085
4082
4037
3901
3714
3464
3221
2986
2725
2535
2350
2232
2143
2156
2172
2177
2185
2141
2087
1919
1626
1233
739
138
-504
-1216
-2060
-2891
-3667
-4391
-5041
-5564
-5931
-6177
-6219
-6172
-5983
-5632
-5177
-4655
-4066
-3408
-2776
-2117
-1504
-934
-405
114
585
1023
1486
1878
2264
2648
2970
3244
3524
3746
3885
3981
4039
3970
3871
3746
3530
3352
3143
2923
2730
2565
2411
2313
2283
2281
2302
2303
2234
2142
2019
1760
1430
973
370
-303
-1014
-1788
-2643
-3421
-4189
-4861
-5434
-5852
-6148
-6292
-6249
-6148
-5848
-5448
-4946
-4358
-3703
-3049
-2395
-1702
-1069
-490
33
526
946
1423
1847
2204
2610
2907
3212
3464
3685
3777
3870
3956
3908
3877
3794
3643
3457
3316
3140
2995
2873
2760
2677
2667
2645
2567
2569
2493
2383
2264
2015
1675
1242
679
31
-632
-1392
-2253
-3080
-3879
-4623
-5271
-5734
-6064
-6276
-6328
-6265
-6030
-5690
-5235
-4694
-4062
-3398
-2749
-2044
-1400
-810
-259
270
712
1173
1605
1948
2312
2623
2923
3151
3363
3497
3567
3646
3604
3531
3466
3328
3173
3023
2868
2721
2602
2529
2450
2437
2446
2465
2450
2414
2341
2223
2032
1697
1274
711
78
-602
-1329
-2133
-2958
-3706
-4415
-5041
-5562
-5929
-6177
-6227
-6153
-5970
-5633
-5272
-4774
-4199
-3579
-2973
-2336
-1679
-1069
-488
56
566
1046
1551
1961
2343
2710
3011
3253
3462
3632
3703
3782
3798
3705
3593
3467
3330
3164
3041
2927
2816
2763
2732
2759
2825
2906
2911
2887
2840
2759
2584
2267
1883
1295
633
-92
-840
-1666
-2535
-3313
-4084
-4736
-5271
-5666
-5956
-6079
-6054
-5937
-5658
-5295
-4811
-4272
-3667
-3086
-2481
-1841
-1268
-706
-180
331
788
1308
1741
2118
2509
2802
3055
3243
3392
3434
3501
3507
3425
3318
3166
3008
2807
2660
2483
2356
2257
2193
2232
2276
2352
2413
2443
2435
2385
2272
2044
1680
1210
599
-40
-721
-1518
-2376
-3153
-3911
-4605
-5191
-5645
-5966
-6151
-6159
-6093
-5843
-5462
-5012
-4466
-3853
-3260
-2656
-2016
-1439
-871
-349
168
666
1149
1645
2029
2445
2818
3109
3368
3585
3715
3794
3855
3809
3725
3599
3448
3239
3042
2885
2729
2634
2542
2513
2554
2635
2724
2765
2810
2768
2685
2496
2197
1755
1195
545
-178
-961
-1858
-2734
-3585
-4375
-5034
-5554
-5941
-6178
-6259
-6204
-6004
-5699
-5295
-4821
-4306
-3707
-3132
-2520
-1923
-1347
-822
-318
173
613
1086
1477
1857
2213
2552
2822
3071
3275
3389
3500
3523
3447
3346
3209
3040
2859
2732
2567
2468
2406
2309
2337
2422
2531
2634
2725
2760
2738
2653
2448
2115
1639
1044
342
-395
-1248
-2143
-2965
-3755
-4444
-5045
-5445
-5745
-5884
-5835
-5734
-5458
-5099
-4628
-4104
-3531
-2940
-2320
-1692
-1145
-583
-100
362
778
1173
1568
1906
2275
2605
2882
3124
3318
3447
3534
3589
3531
3417
3283
3096
2878
2685
2501
2346
2291
2219
2193
2226
2307
2397
2443
2504
2499
2449
2292
1999
1602
1086
426
-285
-1029
-1909
-2760
-3588
-4373
-5045
-5572
-5962
-6232
-6288
-6213
-6014
-5684
-5276
-4767
-4157
-3545
-2926
-2290
-1682
-1128
-608
-138
315
734
1152
1527
1899
2285
2600
2891
3133
3301
3382
3467
3490
3434
3378
3256
3093
2942
2791
2631
2531
2467
2390
2414
2483
2547
2588
2631
2644
2597
2547
2314
1985
1544
980
318
-403
-1210
-2090
-2887
-3667
-4400
-5029
-5508
-5815
-6014
-6022
-5948
-5675
-5310
-4868
-4323
-3714
-3117
-2495
-1840
-1268
-712
-206
280
718
1138
1563
1931
2299
2609
2869
3142
3342
3450
3525
3582
3521
3448
3366
3188
2999
2844
2705
2573
2496
2419
2365
2367
2440
2471
2507
2540
2522
2496
2327
2040
1638
1112
462
-227
-965
-1832
-2674
-3448
-4194
-4878
-5396
-5779
-6073
-6156
-6088
-5932
-5633
-5215
-4714
-4155
-3538
-2916
-2267
-1664
-1133
-580
-89
395
846
1249
1598
1952
2292
2599
2899
3135
3318
3419
3542
3557
3503
3471
3359
3186
3008
2863
2687
2582
2534
2449
2424
2464
2502
2511
2568
2561
2508
2448
2250
1919
1463
909
222
-468
-1250
-2123
-2938
-3738
-4483
-5095
-5518
-5844
-6031
-6060
-5966
-5725
-5385
-4939
-4427
-3821
-3215
-2628
-1998
-1450
-925
-423
39
480
892
1266
1591
1952
2250
2512
2753
2980
3081
3197
3280
3277
3257
3158
3028
2871
2775
2628
2493
2442
2367
2326
2355
2431
2478
2530
2571
2536
2496
2334
2076
1703
1220
620
-58
-776
-1636
-2464
-3248
-4001
-4667
-5190
-5590
-5873
-5945
-5908
-5716
-5401
-4980
-4470
-3925
-3317
-2712
-2072
-1466
-901
-359
141
585
971
1380
1737
2085
2396
2672
2927
3195
3353
3454
3575
3567
3516
3461
3374
3213
3072
2931
2782
2674
2586
2505
2480
2509
2521
2528
2569
2523
2441
2324
2062
1698
1230
672
11
-663
-1429
-2266
-3071
-3832
-4522
-5112
-5541
-5891
-6035
-6045
-5928
-5652
-5301
-4844
-4343
-3763
-3171
-2556
-1935
-1365
-826
-371
89
503
941
1297
1632
1986
2268
2538
2744
2951
3038
3134
3172
3138
3088
3018
2881
2707
2599
2447
2320
2261
2196
2190
2233
2296
2331
2405
2432
2397
2344
2159
1869
1466
972
358
-270
-1017
-1833
-2619
-3389
-4103
-4695
-5167
-5522
-5720
-5777
-5693
-5475
-5139
-4718
-4256
-3721
-3161
-2562
-1933
-1361
-788
-254
227
664
1081
1490
1834
2187
2493
2776
3036
3252
3367
3455
3536
3524
3458
3359
3219
3039
2911
2770
2645
2581
2507
2454
2476
2527
2566
2625
2657
2591
2512
2324
2029
1622
1114
478
-225
-921
-1745
-2575
-3344
-4079
-4743
-5254
-5644
-5920
-5999
-5993
-5828
-5558
-5190
-4758
-4216
-3614
-3055
-2434
-1829
-1260
-727
-219
252
721
1174
1554
1937
2301
2640
2911
3167
3338
3398
3440
3413
3358
3261
3114
2923
2745
2598
2418
2276
2217
2203
2221
2314
2425
2487
2583
2617
2576
2458
2205
1877
1393
803
137
-539
-1311
-2146
-2933
-3668
-4377
-4933
-5350
-5677
-5842
-5872
-5780
-5541
-5208
-4785
-4307
-3743
-3144
-2563
-1961
-1387
-852
-357
140
566
997
1434
1835
2222
2548
2834
3069
3264
3359
3435
3458
3411
3306
3148
2960
2732
2593
2457
2328
2267
2236
2214
2237
2320
2380
2472
2534
2530
2480
2304
2026
1616
1098
467
-217
-925
-1751
-2564
-3319
-4058
-4702
-5220
-5594
-5855
-5908
-5863
-5670
-5376
-5017
-4566
-4052
-3477
-2921
-2308
-1734
-1159
-628
-112
380
820
1275
1643
2033
2393
2708
2963
3215
3382
3449
3480
3445
3369
3235
3087
2906
2732
2609
2476
2407
2383
2369
2422
2515
2602
2682
2763
2759
2727
2600
2346
1984
1498
899
207
-486
-1302
-2124
-2902
-3652
-4346
-4921
-5329
-5654
-5823
-5832
-5753
-5504
-5194
-4806
-4339
-3814
-3221
-2637
-2036
-1490
-975
-474
23
474
938
1387
1752
2154
2485
2799
3061
3261
3352
3401
3420
3336
3250
3111
2912
2700
2525
2356
2246
2187
2144
2138
2166
2226
2278
2375
2418
2405
2364
2162
1847
1433
881
235
-432
-1150
-1953
-2738
-3462
-4171
-4770
-5249
-5625
-5834
-5908
-5861
-5665
-5335
-4970
-4524
-4008
-3446
-2860
-2275
-1690
-1167
-614
-101
371
825
1279
1696
2102
2509
2851
3133
3361
3523
3584
3617
3560
3456
3331
3170
2992
2822
2668
2519
2432
2398
2382
2424
2506
2583
2642
2693
2667
2616
2503
2239
1901
1412
828
169
-527
-1285
-2107
-2875
-3611
-4251
-4798
-5239
-5547
-5709
-5694
-5573
-5309
-4984
-4589
-4105
-3597
-3043
-2460
-1871
-1350
-857
-349
126
567
975
1403
1784
2143
2464
2740
2977
3179
3286
3332
3333
3250
3150
2995
2807
2628
2450
2286
2130
2059
2014
1984
2011
2060
2121
2190
2215
2169
2107
1947
1680
1301
796
187
-478
-1181
-1946
-2733
-3457
-4180
-4788
-5286
-5647
-5841
-5891
-5794
-5606
-5284
-4947
-4501
-3994
-3429
-2866
-2279
-1659
-1131
-567
-33
457
940
1393
1796
2206
2604
2942
3248
3504
3699
3762
3788
3767
3676
3573
3406
3225
3025
2831
2678
2577
2534
2503
2517
2540
2600
2652
2660
2653
2570
2440
2153
1780
1307
695
39
-660
-1388
-2183
-2942
-3628
-4262
-4839
-5290
-5632
-5836
-5846
-5772
-5559
-5266
-4888
-4441
-3949
-3426
-2890
-2324
-1775
-1243
-728
-223
235
664
1112
1521
1945
2289
2645
2936
3126
3253
3305
3340
3277
3209
3094
2917
2737
2581
2459
2299
2210
2160
2158
2207
2291
2403
2481
2515
2489
2399
2247
1986
1608
1092
513
-132
-805
-1536
-2331
-3037
-3694
-4263
-4752
-5127
-5398
-5554
-5548
-5411
-5143
-4810
-4392
-3930
-3399
-2863
-2332
-1774
-1247
-717
-215
272
731
1169
1599
1982
2346
2650
2969
3227
3443
3511
3540
3537
3421
3345
3188
3029
2851
2715
2577
2437
2357
2277
2274
2294
2350
2388
2428
2409
2318
2211
1944
1604
1145
598
-50
-737
-1460
-2264
-3031
-3749
-4391
-4920
-5364
-5660
-5874
-5913
-5832
-5628
-5324
-4971
-4530
-4049
-3509
-2964
-2378
-1830
-1287
-753
-237
307
775
1257
1703
2133
2523
2851
3167
3395
3556
3611
3663
3605
3513
3410
3249
3082
2909
2786
2646
2577
2526
2482
2508
2562
2611
2625
2638
2578
2485
2351
2051
1677
1182
568
-109
-789
-1504
-2286
-3001
-3696
-4326
-4849
-5248
-5516
-5668
-5649
-5548
-5298
-4995
-4615
-4167
-3665
-3152
-2644
-2112
-1582
-1050
-542
-21
481
928
1381
1799
2208
2543
2864
3150
3350
3487
3537
3526
3418
3300
3146
2979
2833
2702
2545
2430
2395
2348
2354
2383
2431
2491
2521
2519
2439
2329
2097
1767
1330
759
104
-597
-1295
-2065
-2824
-3539
-4193
-4742
-5213
-5560
-5793
-5842
-5778
-5596
-5307
-4964
-4547
-4088
-3572
-3029
-2472
-1906
-1351
-799
-279
234
720
1220
1667
2071
2495
2857
3205
3446
3647
3743
3801
3761
3625
3512
3333
3135
2959
2812
2663
2551
2477
2451
2447
2475
2528
2562
2574
2510
2414
2262
1978
1589
1088
496
-161
-822
-1540
-2346
-3067
-3751
-4386
-4956
-5376
-5672
-5846
-5852
-5736
-5513
-5235
-4888
-4448
-3945
-3428
-2882
-2305
-1730
-1189
-654
-108
397
900
1382
1795
2223
2634
2975
3268
3497
3624
3681
3691
3618
3506
3369
3185
3010
2826
2634
2486
2389
2333
2319
2345
2398
2448
2484
2520
2467
2395
2205
1865
1463
922
300
-377
-1052
-1810
-2585
-3272
-3924
-4517
-4992
-5344
-5597
-5673
-5627
-5451
-5192
-4859
-4477
-4041
-3537
-3024
-2480
-1912
-1378
-820
-281
222
718
1217
1705
2139
2580
2929
3252
3516
3684
3760
3790
3739
3606
3469
3269
3064
2879
2704
2534
2378
2298
2213
2171
2182
2200
2210
2218
2215
2136
2038
1773
1438
950
369
-288
-981
-1662
-2426
-3154
-3816
-4417
-4927
-5322
-5632
-5816
-5818
-5711
-5505
-5233
-4865
-4445
-3984
-3479
-2954
-2370
-1822
-1262
-691
-158
358
848
1345
1813
2280
2709
3063
3373
3621
3753
3756
3729
3648
3527
3367
3185
2992
2831
2695
2528
2443
2413
2378
2370
2411
2471
2485
2460
2382
2278
2067
1763
1366
865
293
-360
-1024
-1767
-2529
-3218
-3855
-4381
-4840
-5206
-5467
-5609
-5583
-5452
-5205
-4901
-4519
-4092
-3611
-3104
-2542
-1975
-1416
-839
-292
216
710
1209
1681
2088
2526
2919
3245
3554
3774
3889
3933
3923
3802
3654
3475
3286
3094
2949
2777
2584
2478
2386
2357
2375
2416
2458
2436
2369
2227
2049
1760
1362
872
308
-349
-1035
-1715
-2481
-3201
-3834
-4431
-4941
-5342
-5635
-5814
-5835
-5723
-5536
-5257
-4932
-4520
-4042
-3539
-2981
-2429
-1892
-1362
-808
-282
237
744
1283
1776
2238
2656
2986
3302
3540
3698
3736
3721
3649
3506
3350
3157
2950
2781
2649
2481
2383
2326
2299
2346
2388
2469
2483
2482
2423
2312
2091
1742
1330
791
171
-511
-1173
-1929
-2706
-3378
-4000
-4552
-5014
-5325
-5540
-5615
-5574
-5454
-5210
-4916
-4532
-4097
-3606
-3097
-2542
-1977
-1423
-876
-343
192
691
1203
1672
2125
2584
2974
3310
3584
3796
3892
3935
3889
3760
3626
3430
3189
2967
2796
2640
2510
2442
2385
2371
2366
2392
2394
2393
2336
2212
2064
1760
1381
875
307
-338
-989
-1685
-2464
-3194
-3819
-4402
-4916
-5287
-5572
-5734
-5721
-5651
-5444
-5164
-4807
-4387
-3910
-3381
-2848
-2289
-1737
-1163
-597
-42
512
1045
1572
2051
2497
2897
3223
3525
3766
3899
3896
3870
3760
3598
3410
3184
2979
2767
2608
2469
2385
2318
2285
2317
2350
2404
2415
2383
2286
2171
1920
1573
1163
603
-42
-717
-1365
-2114
-2836
-3491
-4117
-4651
-5094
-5404
-5631
-5678
-5615
-5435
-5156
-4844
-4471
-4044
-3548
-3063
-2517
-1982
-1432
-859
-310
249
787
1341
1826
2256
2644
2994
3289
3516
3688
3748
3754
3667
3515
3343
3143
2920
2710
2541
2385
2259
2216
2181
2186
2227
2293
2334
2322
2266
2148
1949
1637
1244
762
173
-462
-1106
-1815
-2549
-3212
-3825
-4376
-4815
-5171
-5433
-5557
-5552
-5421
-5168
-4890
-4536
-4127
-3638
-3164
-2674
-2131
-1599
-1060
-496
56
607
1134
1641
2086
2536
2894
3194
3466
3661
3733
3710
3667
3548
3373
3162
2958
2770
2610
2502
2382
2286
2243
2250
2263
2328
2411
2456
2448
2419
2291
2014
1651
1187
622
-24
-657
-1357
-2108
-2811
-3454
-4047
-4559
-4945
-5241
-5405
-5446
-5392
-5169
-4939
-4609
-4202
-3746
-3242
-2742
-2190
-1652
-1087
-589
-84
417
928
1452
1912
2321
2671
2997
3257
3469
3596
3613
3584
3471
3297
3100
2881
2657
2471
2326
2199
2071
2015
2003
2000
2057
2102
2135
2149
2086
1976
1772
1446
1024
500
-87
-735
-1396
-2116
-2820
-3469
-4069
-4581
-4993
-5286
-5478
-5556
-5521
-5360
-5108
-4794
-4397
-3948
-3434
-2931
-2396
-1866
-1348
-797
-238
319
842
1347
1826
2262
2657
2988
3278
3531
3714
3779
3789
3737
3581
3427
3239
3038
2832
2657
2520
2429
2376
2358
2392
2444
2530
2552
2563
2523
2419
2246
1898
1488
953
323
-327
-1009
-1756
-2509
-3215
-3866
-4420
-4883
-5230
-5488
-5615
-5643
-5522
-5282
-4988
-4605
-4196
-3698
-3195
-2654
-2108
-1581
-1047
-531
-10
484
994
1470
1925
2374
2778
3107
3368
3577
3641
3648
3581
3447
3282
3083
2845
2620
2444
2288
2150
2042
2027
2045
2112
2204
2265
2341
2339
2295
2162
1911
1557
1074
523
-108
-770
-1518
-2259
-2964
-3593
-4180
-4666
-4996
-5238
-5355
-5346
-5253
-5027
-4730
-4343
-3943
-3493
-2989
-2494
-1965
-1449
-927
-428
87
590
1079
1524
1972
2396
2771
3089
3328
3531
3619
3641
3584
3462
3274
3070
2867
2625
2452
2277
2132
2025
1987
1977
1997
2109
2202
2267
2269
2236
2125
1905
1600
1118
542
-78
-748
-1493
-2254
-2988
-3670
-4275
-4763
-5110
-5393
-5523
-5521
-5426
-5222
-4945
-4566
-4142
-3656
-3140
-2638
-2113
-1604
-1114
-628
-132
372
859
1346
1789
2203
2597
2942
3200
3448
3574
3616
3592
3489
3323
3115
2888
2657
2472
2323
2173
2087
2043
2033
2068
2170
2251
2290
2360
2360
2279
2052
1745
1320
770
165
-475
-1197
-1975
-2703
-3387
-4010
-4529
-4946
-5242
-5416
-5446
-5394
-5223
-4954
-4593
-4163
-3679
-3192
-2703
-2170
-1640
-1108
-588
-92
402
904
1374
1794
2226
2621
2960
3229
3465
3595
3634
3621
3529
3361
3173
2971
2755
2539
2390
2261
2167
2148
2134
2190
2288
2378
2432
2482
2474
2375
2160
1837
1395
833
254
-401
-1112
-1895
-2656
-3375
-4006
-4552
-4986
-5283
-5447
-5479
-5408
-5216
-4984
-4652
-4288
-3843
-3373
-2907
-2381
-1881
-1377
-889
-380
109
579
1074
1497
1910
2282
2620
2875
3129
3287
3334
3336
3270
3152
2987
2802
2593
2409
2250
2095
2004
1981
1994
2057
2170
2283
2370
2412
2420
2368
2203
1950
1554
1045
480
-147
-851
-1614
-2370
-3052
-3703
-4250
-4704
-5040
-5257
-5325
-5300
-5137
-4868
-4546
-4140
-3706
-3244
-2788
-2273
-1760
-1273
-777
-289
207
669
1128
1530
1921
2282
2611
2885
3117
3285
3342
3355
3275
3173
3024
2823
2611
2407
2234
2084
1986
1928
1960
2011
2127
2265
2370
2431
2454
2439
2274
2017
1631
1122
528
-106
-821
-1597
-2335
-3046
-3691
-4238
-4685
-5033
-5242
-5282
-5262
-5074
-4803
-4484
-4097
-3660
-3191
-2746
-2245
-1777
-1290
-800
-335
119
565
1075
1501
1921
2306
2653
2957
3210
3370
3417
3418
3337
3209
3032
2836
2617
2403
2211
2041
1963
1898
1890
1938
2030
2136
2201
2280
2282
2249
2094
1842
1487
1001
436
-199
-863
-1637
-2382
-3049
-3682
-4255
-4733
-5092
-5337
-5429
-5436
-5305
-5064
-4751
-4343
-3904
-3439
-2984
-2472
-1947
-1446
-936
-440
62
533
1025
1471
1864
2257
2599
2904
3155
3312
3347
3360
3295
3172
3060
2894
2710
2508
2349
2185
2080
2063
2070
2120
2221
2342
2418
2493
2516
2501
2374
2130
1769
1290
741
118
-552
-1308
-2064
-2762
-3416
-4002
-4486
-4866
-5140
-5270
-5261
-5144
-4938
-4634
-4254
-3834
-3366
-2913
-2400
-1892
-1403
-893
-400
97
570
1043
1475
1863
2228
2539
2802
3029
3184
3241
3261
3219
3106
2966
2797
2577
2389
2222
2047
1941
1881
1878
1910
1997
2094
2191
2277
2320
2322
2208
1976
1654
1199
646
35
-616
-1332
-2081
-2806
-3470
-4044
-4564
-4969
-5254
-5387
-5421
-5330
-5108
-4825
-4458
-4025
-3559
-3068
-2556
-2035
-1526
-1010
-485
10
469
924
1361
1763
2148
2485
2784
3056
3230
3305
3327
3304
3197
3062
2926
2730
2546
2397
2245
2114
2068
2036
2059
2144
2231
2335
2402
2448
2442
2346
2146
1809
1358
835
229
-432
-1157
-1925
-2635
-3319
-3934
-4447
-4846
-5151
-5298
-5312
-5251
-5061
-4804
-4450
-4009
-3519
-3048
-2541
-2026
-1527
-1011
-506
-21
418
894
1331
1719
2073
2395
2697
2927
3106
3183
3208
3158
3051
2897
2749
2561
2353
2209
2073
1936
1860
1853
1891
2006
2161
2283
2401
2471
2491
2411
2232
1941
1492
954
372
-272
-989
-1731
-2463
-3153
-3772
-4295
-4720
-5036
-5187
-5221
-5153
-4962
-4722
-4371
-3972
-3515
-3038
-2527
-1981
-1474
-943
-466
22
480
926
1353
1725
2083
2383
2646
2859
3025
3081
3094
3030
2903
2801
2653
2469
2272
2125
1981
1864
1817
1795
1856
1973
2126
2241
2361
2416
2423
2325
2120
1833
1384
886
316
-309
-1021
-1746
-2461
-3153
-3763
-4276
-4671
-5003
-5176
-5246
-5197
-5038
-4816
-4483
-4089
-3611
-3160
-2657
-2101
-1570
-1063
-563
-66
398
869
1289
1674
2057
2398
2677
2902
3040
3060
3070
3040
2920
2787
2628
2428
2239
2084
1941
1842
1828
1835
1895
1982
2109
2248
2368
2430
2430
2364
2198
1902
1464
950
374
-278
-1016
-1723
-2447
-3127
-3705
-4200
-4608
-4906
-5103
-5172
-5137
-4970
-4716
-4379
-3966
-3502
-3018
-2502
-1976
-1495
-967
-446
65
564
1045
1488
1896
2270
2576
2841
3072
3218
3255
3235
3175
3026
2853
2656
2429
2212
2046
1890
1781
1750
1730
1803
1919
2065
2181
2310
2380
2403
2331
2135
1857
1446
944
388
-219
-956
-1722
-2446
-3109
-3702
-4224
-4636
-4961
-5120
-5198
-5141
-4957
-4710
-4353
-3955
-3499
-3043
-2541
-2006
-1493
-979
-469
33
510
982
1423
1832
2197
2535
2808
3009
3125
3180
3192
3116
2972
2769
2561
2314
2083
1916
1748
1625
1575
1552
1605
1719
1857
1991
2112
2176
2199
2111
1930
1680
1272
780
225
-360
-1071
-1811
-2490
-3144
-3746
-4270
-4654
-4979
-5186
-5250
-5212
-5057
-4820
-4467
-4052
-3566
-3064
-2560
-2032
-1495
-981
-466
53
556
1055
1505
1909
2277
2612
2872
3063
3220
3274
3282
3199
3053
2871
2683
2458
2230
2062
1901
1817
1785
1773
1835
1955
2136
2282
2400
2480
2514
2465
2323
2048
1649
1159
614
2
-729
-1458
-2155
-2847
-3453
-4004
-4467
-4821
-5040
-5149
-5120
-4960
-4744
-4452
-4099
-3667
-3216
-2731
-2219
-1703
-1191
-696
-188
306
791
1226
1652
2035
2345
2657
2875
3030
3106
3133
3089
2955
2790
2559
2326
2083
1897
1734
1630
1603
1581
1637
1749
1909
2049
2181
2283
2318
2281
2118
1844
1461
1011
492
-82
-743
-1434
-2098
-2745
-3340
-3871
-4293
-4643
-4834
-4945
-4920
-4794
-4586
-4293
-3933
-3493
-3049
-2575
-2080
-1586
-1084
-589
-85
383
879
1310
1711
2077
2399
2669
2860
2984
3010
3001
2901
2733
2555
2333
2097
1875
1721
1566
1481
1444
1427
1512
1637
1783
1935
2079
2177
2245
2196
2075
1817
1450
996
487
-108
-793
-1484
-2167
-2803
-3387
-3892
-4302
-4626
-4815
-4906
-4870
-4710
-4493
-4198
-3853
-3455
-3004
-2530
-2010
-1498
-963
-459
47
537
1016
1455
1850
2236
2549
2845
3033
3138
3172
3160
3058
2883
2694
2438
2212
2004
1816
1658
1555
1521
1527
1603
1722
1880
2043
2177
2257
2287
2222
2055
1792
1410
961
414
-199
-900
-1612
-2262
-2918
-3469
-3957
-4359
-4682
-4864
-4928
-4867
-4698
-4455
-4151
-3780
-3352
-2907
-2419
-1925
-1436
-935
-417
82
599
1102
1550
1969
2338
2623
2862
3035
3132
3152
3130
3011
2836
2646
2404
2163
1965
1798
1625
1543
1506
1509
1568
1678
1835
1977
2098
2171
2201
2128
1935
1632
1239
742
219
-381
-1058
-1722
-2370
-2982
-3550
-4047
-4478
-4792
-4962
-5033
-4970
-4823
-4594
-4290
-3898
-3476
-3029
-2531
-2038
-1520
-982
-463
33
540
1022
1444
1857
2228
2512
2773
2944
2995
2998
2949
2833
2677
2488
2223
1971
1794
1619
1472
1422
1412
1444
1550
1705
1846
2005
2139
2231
2273
2214
2089
1830
1452
958
438
-169
-849
-1505
-2158
-2776
-3323
-3782
-4166
-4449
-4602
-4658
-4603
-4459
-4251
-3972
-3620
-3226
-2786
-2293
-1800
-1303
-787
-290
196
667
1140
1557
1969
2307
2569
2787
2930
2971
2966
2920
2783
2629
2439
2219
1977
1799
1632
1493
1451
1414
1440
1550
1701
1833
1996
2132
2227
2263
2189
2013
1705
1305
838
312
-294
-954
-1610
-2271
-2909
-3458
-3925
-4314
-4567
-4714
-4766
-4706
-4542
-4301
-3971
-3576
-3160
-2712
-2221
-1728
-1229
-711
-191
320
838
1296
1720
2081
2395
2618
2810
2911
2920
2902
2811
2647
2461
2252
1991
1785
1609
1449
1324
1279
1257
1277
1392
1524
1664
1813
1946
2015
2004
1897
1679
1388
995
556
41
-553
-1190
-1829
-2441
-3033
-3536
-3970
-4336
-4566
-4692
-4717
-4640
-4474
-4247
-3943
-3561
-3148
-2686
-2172
-1663
-1162
-637
-134
382
861
1284
1682
2032
2343
2569
2765
2848
2866
2860
2752
2610
2452
2268
2028
1857
1724
1563
1480
1439
1429
1509
1651
1810
1956
2093
2195
2247
2212
2091
1859
1517
1092
624
106
-502
-1115
-1732
-2343
-2898
-3386
-3795
-4132
-4315
-4409
-4402
-4321
-4160
-3926
-3578
-3177
-2755
-2285
-1802
-1319
-838
-323
157
626
1091
1503
1906
2242
2526
2746
2905
2974
2959
2907
2755
2592
2410
2167
1903
1686
1496
1323
1240
1184
1179
1262
1389
1510
1649
1774
1847
1893
1833
1699
1439
1078
657
178
-379
-1014
-1624
-2221
-2810
-3368
-3826
-4221
-4503
-4647
-4745
-4698
-4598
-4405
-4128
-3764
-3337
-2896
-2402
-1924
-1399
-875
-351
173
680
1145
1565
1970
2293
2573
2783
2945
3001
3029
2982
2840
2703
2525
2321
2106
1923
1735
1604
1539
1509
1515
1597
1718
1811
1942
2021
2079
2054
1949
1776
1461
1066
599
78
-513
-1152
-1755
-2363
-2930
-3450
-3886
-4237
-4484
-4609
-4625
-4567
-4415
-4182
-3898
-3539
-3165
-2719
-2239
-1751
-1239
-710
-188
331
840
1282
1719
2106
2406
2665
2856
2967
2979
2948
2826
2657
2490
2271
2047
1860
1674
1513
1420
1376
1391
1463
1580
1706
1843
1984
2067
2132
2096
1967
1743
1440
1035
586
70
-535
-1143
-1711
-2265
-2789
-3243
-3639
-3939
-4118
-4229
-4259
-4207
-4077
-3871
-3570
-3221
-2836
-2402
-1947
-1469
-985
-487
8
497
976
1402
1803
2134
2429
2652
2777
2835
2817
2750
2599
2429
2222
2008
1793
1597
1427
1287
1221
1152
1165
1235
1331
1451
1596
1699
1781
1807
1740
1581
1313
977
546
68
-471
-1059
-1648
-2229
-2758
-3244
-3673
-4042
-4298
-4445
-4503
-4464
-4351
-4151
-3883
-3536
-3159
-2721
-2244
-1758
-1258
-741
-241
254
724
1167
1576
1973
2311
2577
2780
2889
2932
2903
2786
2609
2421
2201
1984
1804
1622
1487
1409
1400
1402
1453
1546
1664
1813
1944
2055
2107
2092
2000
1795
1497
1122
693
193
-384
-970
-1541
-2095
-2580
-3019
-3418
-3722
-3920
-4058
-4107
-4086
-3991
-3828
-3547
-3234
-2867
-2452
-2027
-1588
-1140
-670
-187
287
764
1220
1629
1973
2277
2526
2667
2723
2754
2692
2542
2369
2170
1948
1730
1540
1368
1245
1176
1134
1153
1223
1337
1466
1619
1763
1886
1934
1880
1731
1479
1135
722
283
-266
-812
-1371
-1921
-2436
-2897
-3263
-3590
-3833
-3983
-4062
-4055
-3978
-3817
-3593
-3305
-2974
-2571
-2155
-1729
-1259
-783
-283
219
691
1124
1547
1940
2253
2527
2736
2846
2844
2817
2676
2491
2279
2057
1831
1610
1422
1236
1130
1079
1061
1108
1218
1343
1474
1599
1720
1796
1771
1677
1503
1215
852
440
-41
-583
-1114
-1650
-2188
-2672
-3081
-3452
-3755
-3960
-4100
-4149
-4104
-3994
-3840
-3592
-3301
-2962
-2560
-2127
-1676
-1211
-728
-231
286
758
1195
1608
1978
2292
2552
2740
2810
2840
2820
2685
2509
2294
2038
1796
1604
1413
1260
1198
1176
1196
1285
1392
1515
1657
1792
1886
1931
1877
1764
1552
1251
857
431
-75
-614
-1140
-1672
-2186
-2639
-3014
-3367
-3612
-3765
-3848
-3830
-3738
-3602
-3428
-3169
-2880
-2519
-2115
-1707
-1285
-823
-355
108
594
1057
1502
1914
2263
2555
2776
2892
2904
2895
2803
2634
2436
2194
1920
1653
1439
1214
1070
995
955
982
1075
1200
1323
1467
1563
1642
1653
1583
1443
1174
818
429
-11
-530
-1050
-1563
-2075
-2551
-2960
-3320
-3631
-3830
-3961
-3987
-3948
-3878
-3749
-3569
-3295
-3012
-2676
-2280
-1860
-1414
-942
-466
17
494
934
1338
1729
2071
2355
2572
2681
2693
2670
2567
2388
2196
1963
1712
1486
1273
1078
951
898
891
961
1082
1227
1398
1557
1692
1792
1798
1753
1617
1385
1064
693
296
-190
-692
-1169
-1669
-2128
-2524
-2859
-3147
-3331
-3439
-3493
-3440
-3368
-3227
-3023
-2768
-2495
-2148
-1760
-1397
-989
-575
-145
311
751
1159
1561
1920
2212
2474
2647
2695
2669
2605
2428
2199
1956
1660
1385
1136
929
752
667
654
689
814
960
1107
1280
1465
1585
1691
1680
1578
1403
1117
764
377
-74
-590
-1107
-1586
-2067
-2497
-2829
-3134
-3368
-3501
-3573
-3550
-3467
-3359
-3197
-2973
-2704
-2419
-2069
-1705
-1333
-914
-487
-39
440
902
1326
1734
2092
2399
2664
2847
2934
2943
2870
2688
2443
2179
1873
1583
1330
1106
908
794
736
739
823
970
1131
1322
1463
1566
1629
1593
1465
1269
972
589
187
-306
-816
-1324
-1805
-2281
-2680
-3004
-3296
-3520
-3636
-3707
-3701
-3634
-3520
-3358
-3131
-2893
-2621
-2272
-1914
-1524
-1117
-659
-208
268
733
1181
1602
1973
2283
2501
2652
2677
2669
2578
2403
2192
1944
1672
1383
1153
927
766
686
653
703
808
968
1147
1342
1509
1623
1668
1640
1551
1345
1047
666
288
-171
-658
-1121
-1583
-2014
-2399
-2721
-2995
-3196
-3288
-3332
-3316
-3230
-3103
-2928
-2691
-2431
-2144
-1800
-1450
-1054
-620
-188
280
736
1173
1573
1957
2308
2577
2790
2916
2956
2891
2775
2570
2331
2058
1755
1474
1224
999
832
751
714
763
859
988
1131
1296
1427
1524
1589
1554
1467
1268
942
587
227
-227
-728
-1195
-1654
-2103
-2492
-2818
-3110
-3327
-3468
-3564
-3575
-3515
-3411
-3250
-3039
-2801
-2525
-2206
-1852
-1474
-1065
-633
-198
264
702
1119
1529
1870
2145
2354
2482
2461
2414
2324
2142
1933
1685
1422
1187
994
811
675
605
578
625
713
822
979
1180
1324
1457
1547
1534
1438
1291
1045
698
361
-64
-554
-1013
-1467
-1924
-2324
-2646
-2973
-3206
-3333
-3427
-3436
-3405
-3291
-3138
-2899
-2645
-2340
-1982
-1618
-1231
-826
-374
63
537
974
1382
1764
2085
2358
2548
2681
2709
2680
2571
2384
2168
1934
1672
1429
1242
1039
893
788
741
757
817
931
1069
1254
1391
1498
1621
1622
1560
1434
1206
868
572
186
-289
-737
-1156
-1595
-2001
-2330
-2645
-2895
-3051
-3174
-3228
-3203
-3121
-3016
-2831
-2602
-2348
-2030
-1695
-1338
-922
-466
-19
462
896
1282
1655
1983
2223
2420
2555
2576
2542
2432
2247
2016
1770
1481
1209
989
775
596
507
449
446
508
613
769
983
1162
1278
1406
1435
1342
1238
1045
732
422
56
-415
-886
-1322
-1756
-2171
-2494
-2826
-3114
-3290
-3419
-3484
-3474
-3419
-3324
-3132
-2891
-2643
-2315
-1955
-1561
-1125
-675
-229
232
712
1147
1558
1924
2213
2436
2600
2642
2580
2472
2270
2030
1806
1542
1265
1059
876
699
609
534
513
566
674
801
951
1126
1252
1391
1462
1406
1312
1177
913
609
308
-103
-548
-946
-1372
-1815
-2179
-2507
-2825
-3026
-3145
-3243
-3271
-3240
-3159
-3000
-2785
-2550
-2246
-1881
-1510
-1081
-614
-157
303
785
1215
1597
1981
2297
2527
2692
2755
2729
2675
2519
2316
2115
1852
1551
1275
1051
854
736
674
625
664
764
872
1012
1194
1319
1441
1550
1548
1484
1390
1181
895
584
237
-223
-664
-1109
-1586
-2006
-2386
-2753
-3038
-3207
-3383
-3456
-3482
-3437
-3312
-3123
-2873
-2599
-2244
-1858
-1446
-989
-512
-57
427
906
1334
1711
2026
2276
2450
2554
2521
2430
2301
2077
1825
1565
1290
1038
842
674
507
435
407
421
533
658
783
950
1114
1221
1345
1404
1352
1275
1105
822
512
204
-225
-675
-1071
-1506
-1937
-2301
-2645
-2952
-3176
-3333
-3440
-3469
-3440
-3359
-3219
-3001
-2762
-2425
-2036
-1641
-1194
-735
-259
219
717
1162
1561
1941
2235
2471
2628
2679
2623
2520
2360
2145
1902
1644
1380
1170
1015
867
770
739
738
789
895
1006
1150
1337
1465
1587
1706
1695
1599
1482
1264
969
658
270
-202
-659
-1083
-1552
-1968
-2352
-2719
-3023
-3237
-3419
-3509
-3540
-3484
-3364
-3162
-2932
-2651
-2276
-1872
-1414
-918
-415
85
613
1083
1472
1845
2135
2353
2495
2556
2502
2407
2254
2019
1765
1503
1248
1031
856
694
578
546
545
582
699
849
986
1182
1369
1492
1643
1697
1646
1545
1374
1071
741
415
-26
-474
-898
-1353
-1799
-2184
-2542
-2869
-3097
-3277
-3423
-3484
-3471
-3391
-3231
-2990
-2708
-2338
-1936
-1505
-1016
-530
-41
458
940
1344
1718
2041
2258
2416
2494
2463
2350
2202
1989
1725
1473
1211
957
765
650
520
486
502
547
656
824
979
1155
1347
1470
1581
1685
1647
1540
1392
1134
801
471
54
-423
-879
-1336
-1797
-2205
-2564
-2915
-3196
-3398
-3570
-3657
-3678
-3628
-3501
-3291
-3036
-2706
-2294
-1846
-1376
-873
-367
142
642
1091
1468
1833
2089
2266
2374
2403
2326
2196
2027
1781
1567
1340
1119
927
808
676
612
618
656
735
854
996
1154
1363
1531
1661
1792
1828
1786
1703
1530
1236
933
597
137
-325
-740
-1208
-1646
-2006
-2385
-2706
-2941
-3125
-3244
-3299
-3297
-3217
-3049
-2800
-2486
-2086
-1654
-1195
-701
-199
318
830
1283
1647
1967
2213
2352
2436
2452
2366
2211
2030
1780
1518
1251
985
743
566
454
371
360
408
498
620
806
979
1173
1367
1491
1606
1681
1658
1550
1397
1132
787
439
12
-465
-920
-1358
-1847
-2286
-2675
-3067
-3351
-3563
-3738
-3834
-3849
-3791
-3645
-3393
-3089
-2689
-2228
-1735
-1222
-666
-140
373
859
1274
1623
1922
2123
2246
2313
2284
2184
2030
1830
1584
1348
1117
901
736
643
578
570
633
698
827
1027
1219
1391
1602
1749
1852
1946
1955
1859
1726
1519
1198
860
474
-8
-496
-940
-1405
-1861
-2259
-2629
-2965
-3208
-3405
-3542
-3567
-3511
-3378
-3168
-2864
-2508
-2085
-1630
-1155
-640
-131
365
827
1220
1552
1831
2045
2156
2213
2204
2097
1936
1750
1516
1290
1081
878
695
577
510
475
534
611
729
888
1058
1215
1394
1561
1652
1734
1793
1780
1669
1500
1246
899
550
141
-355
-821
-1281
-1764
-2200
-2588
-2951
-3259
-3469
-3623
-3695
-3664
-3578
-3395
-3138
-2792
-2374
-1890
-1367
-851
-320
194
690
1142
1509
1811
2058
2208
2270
2295
2242
2099
1939
1756
1552
1370
1190
1015
888
829
807
832
908
1007
1115
1246
1375
1488
1617
1729
1787
1810
1793
1687
1539
1344
1049
709
344
-80
-555
-1045
-1529
-2026
-2477
-2880
-3243
-3550
-3775
-3927
-3981
-3937
-3819
-3597
-3299
-2921
-2477
-1982
-1469
-936
-421
71
528
921
1236
1481
1673
1775
1819
1807
1732
1612
1483
1323
1155
1024
894
790
732
726
759
824
935
1048
1188
1345
1511
1641
1766
1849
1872
1899
1882
1777
1615
1391
1081
726
365
-63
-520
-988
-1451
-1930
-2372
-2759
-3085
-3347
-3535
-3659
-3676
-3588
-3408
-3132
-2775
-2326
-1860
-1360
-843
-336
140
591
985
1318
1598
1780
1932
2012
2045
2019
1938
1806
1671
1534
1382
1265
1158
1088
1051
1044
1085
1139
1223
1321
1429
1518
1617
1698
1749
1791
1787
1773
1719
1612
1441
1223
940
581
221
-190
-669
-1158
-1624
-2085
-2521
-2910
-3253
-3547
-3761
-3882
-3888
-3807
-3622
-3328
-2972
-2533
-2055
-1574
-1089
-605
-167
229
565
837
1047
1178
1241
1282
1294
1277
1218
1133
1043
971
895
855
835
810
831
886
965
1047
1155
1255
1358
1456
1552
1604
1655
1696
1689
1658
1582
1472
1304
1093
819
476
123
-273
-717
-1178
-1635
-2091
-2506
-2850
-3155
-3407
-3554
-3599
-3560
-3437
-3206
-2877
-2490
-2043
-1586
-1118
-649
-198
209
562
886
1113
1302
1440
1525
1597
1622
1628
1620
1597
1557
1531
1499
1501
1504
1516
1533
1559
1602
1658
1715
1746
1771
1795
1802
1798
1782
1742
1687
1608
1525
1409
1230
1020
726
389
15
-410
-864
-1332
-1795
-2260
-2703
-3068
-3365
-3590
-3722
-3744
-3664
-3489
-3254
-2935
-2583
-2188
-1778
-1349
-926
-548
-214
76
321
535
707
831
939
1024
1092
1161
1210
1252
1263
1315
1339
1377
1422
1456
1517
1570
1612
1642
1681
1706
1711
1725
1719
1699
1676
1637
1550
1466
1360
1239
1056
841
582
279
-70
-469
-886
-1330
-1789
-2222
-2588
-2919
-3172
-3344
-3453
-3488
-3437
-3304
-3086
-2796
-2467
-2107
-1713
-1335
-937
-574
-245
38
283
521
668
804
933
1048
1147
1237
1321
1392
1440
1492
1558
1612
1659
1700
1720
1732
1765
1780
1790
1777
1758
1729
1673
1608
1535
1470
1393
1309
1221
1113
965
734
484
193
-139
-501
-872
-1278
-1699
-2078
-2435
-2749
-3002
-3173
-3293
-3337
-3288
-3190
-2994
-2757
-2483
-2163
-1815
-1470
-1134
-808
-510
-232
23
258
485
666
838
1005
1169
1324
1466
1615
1745
1853
1968
2057
2134
2194
2213
2233
2220
2203
2166
2103
2052
1984
1912
1808
1705
1590
1475
1349
1219
1057
883
681
417
124
-225
-581
-951
-1318
-1712
-2082
-2398
-2692
-2922
-3098
-3215
-3270
-3238
-3140
-2971
-2758
-2532
-2264
-1983
-1680
-1391
-1115
-856
-631
-402
-193
-1
222
431
648
873
1091
1292
1477
1655
1783
1880
1957
2013
2058
2071
2070
2037
2003
1946
1858
1781
1704
1614
1540
1473
1356
1237
1128
990
834
660
456
209
-69
-376
-708
-1057
-1393
-1730
-2052
-2334
-2586
-2778
-2960
-3073
-3146
-3170
-3114
-3013
-2861
-2659
-2414
-2163
-1903
-1615
-1349
-1100
-831
-548
-277
-3
280
550
834
1108
1377
1600
1819
2022
2202
2368
2489
2590
2645
2679
2686
2670
2612
2542
2446
2343
2222
2067
1922
1769
1614
1435
1259
1072
881
678
485
250
-21
-309
-609
-938
-1262
-1564
-1871
-2141
-2367
-2591
-2770
-2882
-2958
-3020
-3000
-2940
-2848
-2700
-2518
-2309
-2090
-1844
-1583
-1308
-1016
-745
-446
-132
167
447
746
1030
1317
1569
1800
2004
2176
2311
2409
2479
2493
2494
2450
2406
2342
2239
2135
2023
1894
1734
1584
1433
1260
1091
919
743
548
339
121
-128
-381
-641
-909
-1191
-1460
-1706
-1947
-2166
-2355
-2521
-2684
-2804
-2886
-2936
-2951
-2899
-2814
-2707
-2564
-2376
-2174
-1937
-1663
-1393
-1093
-777
-436
-98
244
600
935
1235
1517
1805
2044
2244
2413
2544
2630
2688
2721
2670
2632
2545
2442
2340
2218
2080
1933
1800
1633
1450
1269
1091
892
693
488
284
72
-133
-363
-605
-843
-1127
-1372
-1601
-1846
-2077
-2281
-2463
-2637
-2754
-2853
-2927
-2964
-2962
-2945
-2869
-2748
-2584
-2389
-2144
-1861
-1549
-1212
-848
-463
-89
277
656
1009
1322
1626
1899
2136
2343
2530
2679
2771
2832
2850
2822
2785
2698
2581
2454
2310
2119
1923
1738
1521
1309
1085
852
619
404
182
-36
-248
-441
-633
-819
-995
-1181
-1354
-1528
-1686
-1835
-1995
-2152
-2267
-2364
-2458
-2504
-2565
-2577
-2539
-2472
-2370
-2239
-2043
-1808
-1532
-1219
-881
-527
-140
241
635
1013
1360
1675
1961
2206
2418
2604
2732
2824
2877
2885
2855
2775
2677
2551
2405
2241
2045
1848
1652
1429
1204
992
745
498
260
4
-237
-462
-676
-868
-1077
-1275
-1476
-1669
-1846
-2015
-2167
-2359
-2509
-2626
-2752
-2865
-2965
-3036
-3079
-3042
-2986
-2874
-2716
-2530
-2303
-2048
-1734
-1396
-1034
-658
-261
151
553
960
1344
1692
2017
2304
2530
2741
2876
2950
2984
2981
2937
2832
2718
2581
2438
2279
2097
1896
1707
1490
1262
1049
812
607
380
173
-38
-240
-440
-647
-832
-1023
-1197
-1357
-1514
-1680
-1857
-1977
-2110
-2236
-2324
-2399
-2470
-2508
-2491
-2467
-2389
-2291
-2150
-1975
-1755
-1488
-1185
-842
-493
-114
273
669
1055
1414
1741
2043
2299
2498
2681
2809
2892
2932
2932
2869
2764
2639
2462
2285
2103
1884
1677
1469
1238
1007
795
554
321
98
-126
-333
-520
-719
-931
-1114
-1295
-1472
-1626
-1773
-1932
-2066
-2180
-2289
-2370
-2425
-2494
-2551
-2563
-2562
-2537
-2442
-2341
-2219
-2051
-1831
-1571
-1276
-925
-572
-184
198
574
966
1328
1676
2000
2280
2513
2714
2856
2937
2960
2950
2904
2806
2689
2539
2361
2162
1965
1772
1557
1351
1146
922
686
463
248
11
-220
-431
-660
-878
-1079
-1305
-1522
-1709
-1885
-2050
-2180
-2288
-2399
-2492
-2571
-2636
-2686
-2677
-2664
-2647
-2570
-2483
-2365
-2208
-2004
-1781
-1517
-1226
-917
-568
-183
199
591
974
1325
1679
1973
2230
2440
2585
2689
2736
2743
2710
2650
2557
2425
2292
2157
1997
1836
1678
1487
1304
1119
928
728
528
311
98
-99
-315
-517
-711
-912
-1104
-1271
-1427
-1582
-1715
-1819
-1928
-2017
-2081
-2129
-2158
-2168
-2150
-2148
-2126
-2078
-1982
-1849
-1685
-1475
-1247
-979
-677
-345
9
382
758
1109
1447
1748
2019
2260
2457
2601
2706
2767
2787
2754
2675
2580
2466
2344
2212
2060
1902
1725
1546
1357
1161
974
760
534
310
92
-137
-374
-608
-835
-1053
-1261
-1440
-1625
-1794
-1934
-2063
-2165
-2257
-2316
-2363
-2403
-2428
-2424
-2415
-2373
-2313
-2232
-2117
-1959
-1767
-1564
-1329
-1071
-789
-482
-153
183
518
837
1133
1398
1629
1830
1987
2100
2153
2196
2196
2159
2104
2036
1928
1805
1684
1550
1397
1227
1068
894
725
547
358
161
-24
-212
-414
-601
-786
-980
-1151
-1316
-1459
-1585
-1710
-1807
-1890
-1948
-1977
-1989
-1990
-1967
-1944
-1886
-1829
-1762
-1651
-1546
-1406
-1234
-1031
-801
-555
-269
38
344
655
976
1292
1588
1860
2096
2299
2460
2594
2670
2702
2688
2633
2577
2485
2356
2228
2094
1946
1784
1622
1445
1252
1070
868
658
445
211
-38
-265
-508
-750
-974
-1180
-1372
-1544
-1711
-1869
-1996
-2089
-2155
-2222
-2256
-2276
-2269
-2240
-2187
-2136
-2067
-1980
-1851
-1719
-1557
-1358
-1146
-903
-652
-378
-97
185
479
770
1061
1318
1550
1745
1900
2022
2107
2143
2165
2147
2121
2062
1992
1932
1837
1745
1641
1519
1364
1208
1045
863
668
471
255
36
-176
-411
-629
-860
-1063
-1221
-1398
-1529
-1632
-1739
-1844
-1915
-1980
-2009
-2035
-2041
-2016
-2001
-1949
-1879
-1793
-1689
-1561
-1411
-1241
-1034
-819
-574
-325
-61
219
503
780
1017
1250
1444
1616
1753
1866
1949
1997
2020
2030
2014
1977
1935
1876
1807
1727
1622
1513
1390
1238
1069
902
700
474
248
16
-219
-450
-685
-907
-1126
-1322
-1488
-1631
-1759
-1858
-1930
-1977
-2007
-2033
-2023
-1993
-1962
-1912
-1848
-1773
-1675
-1570
-1436
-1268
-1074
-848
-613
-369
-121
126
361
608
865
1100
1317
1512
1691
1830
1949
2050
2116
2165
2203
2205
2200
2168
2119
2057
1998
1919
1833
1704
1574
1408
1214
1011
785
544
294
53
-180
-404
-614
-814
-1005
-1172
-1322
-1454
-1558
-1645
-1716
-1758
-1797
-1815
-1816
-1785
-1749
-1718
-1669
-1594
-1513
-1402
-1286
-1141
-978
-814
-640
-453
-262
-79
106
297
481
645
806
953
1085
1208
1311
1389
1457
1517
1552
1566
1572
1546
1504
1433
1340
1242
1118
961
799
625
428
218
-15
-245
-473
-691
-895
-1085
-1258
-1412
-1530
-1627
-1714
-1790
-1823
-1849
-1850
-1829
-1802
-1740
-1654
-1564
-1478
-1357
-1237
-1104
-959
-815
-665
-499
-312
-110
81
277
475
670
861
1055
1245
1422
1583
1705
1813
1903
1975
2031
2072
2093
2093
2070
2017
1970
1883
1771
1651
1511
1350
1153
944
719
487
240
-1
-235
-459
-663
-874
-1062
-1219
-1357
-1458
-1547
-1626
-1672
-1692
-1687
-1686
-1645
-1599
-1541
-1487
-1423
-1327
-1231
-1125
-998
-861
-725
-574
-404
-231
-56
122
306
474
643
795
929
1060
1190
1311
1409
1490
1571
1631
1657
1671
1663
1648
1611
1541
1462
1371
1252
1110
940
747
564
368
147
-77
-302
-533
-744
-941
-1140
-1295
-1422
-1548
-1644
-1710
-1754
-1774
-1771
-1755
-1716
-1670
-1609
-1537
-1449
-1354
-1240
-1126
-1016
-901
-780
-662
-522
-380
-249
-103
35
177
319
469
619
756
891
1034
1161
1272
1383
1463
1539
1599
1639
1654
1645
1621
1570
1511
1431
1328
1198
1058
908
749
570
382
198
7
-183
-374
-541
-696
-824
-945
-1045
-1151
-1229
-1283
-1326
-1343
-1363
-1359
-1341
-1314
-1252
-1202
-1133
-1057
-979
-889
-805
-706
-601
-487
-384
-276
-172
-60
62
177
289
396
512
629
747
874
984
1086
1191
1276
1354
1441
1511
1561
1589
1580
1555
1494
1433
1336
1215
1075
912
760
580
403
237
54
-126
-301
-470
-623
-767
-881
-984
-1068
-1143
-1200
-1230
-1245
-1258
-1248
-1226
-1192
-1145
-1097
-1034
-963
-895
-834
-753
-693
-626
-548
-467
-376
-292
-198
-98
10
123
241
366
487
607
717
812
927
1020
1113
1180
1234
1276
1304
1304
1282
1234
1176
1095
996
888
765
650
505
352
207
59
-91
-232
-366
-475
-588
-704
-812
-902
-977
-1044
-1095
-1127
-1150
-1162
-1153
-1158
-1142
-1114
-1073
-1026
-969
-906
-859
-782
-704
-639
-547
-481
-409
-331
-250
-170
-82
14
95
175
262
347
429
522
613
700
778
858
928
985
1042
1073
1094
1093
1049
983
925
830
737
656
539
435
337
242
138
22
-69
-148
-221
-285
-348
-400
-442
-486
-519
-547
-557
-562
-562
-540
-520
-490
-455
-432
-389
-341
-295
-232
-175
-120
-53
0
62
120
174
235
292
350
399
456
492
540
579
610
656
697
732
757
781
798
807
800
784
719
651
566
457
347
235
131
19
-84
-174
-275
-370
-439
-506
-563
-616
-667
-719
-765
-788
-822
-842
-862
-867
-866
-851
-825
-806
-777
-744
-691
-652
-588
-517
-462
-404
-330
-256
-192
-119
-56
4
84
151
206
269
325
370
415
477
531
591
642
691
730
757
772
774
776
755
712
646
575
508
413
320
234
154
59
-42
-114
-187
-260
-339
-398
-440
-497
-551
-577
-605
-623
-639
-658
-662
-664
-670
-663
-640
-608
-568
-525
-463
-400
-341
-288
-219
-145
-73
15
101
186
235
299
350
397
434
452
478
492
504
508
527
554
587
608
623
636
644
642
620
601
559
511
465
418
356
292
226
170
109
51
-2
-69
-123
-188
-227
-274
-313
-349
-385
-428
-468
-498
-518
-530
-559
-584
-596
-600
-574
-545
-484
-427
-350
-279
-212
-126
-71
9
85
147
199
248
270
308
343
376
390
404
431
453
468
489
517
539
569
591
607
609
603
584
563
534
491
436
362
287
217
150
102
57
5
-41
-109
-166
-234
-301
-367
-449
-525
-597
-659
-730
-777
-805
-840
-844
-859
-861
-850
-830
-807
-765
-704
-643
-567
-490
-409
-353
-282
-218
-168
-111
-53
-31
-7
35
60
90
111
163
207
253
300
325
368
405
422
429
444
444
467
469
445
427
404
374
349
320
292
268
239
209
181
150
131
96
44
-4
-57
-107
-159
-204
-262
-302
-329
-371
-387
-384
-370
-336
-293
-237
-188
-123
-43
13
69
123
172
203
232
266
295
301
298
301
301
321
325
341
365
384
395
417
442
458
482
490
486
478
461
436
419
388
366
326
288
252
217
167
100
35
-10
-67
-133
-186
-251
-302
-359
-430
-500
-556
-611
-652
-687
-717
-732
-730
-706
-681
-631
-570
-502
-430
-370
-297
-238
-184
-150
-114
-95
-97
-97
-96
-92
-95
-89
-77
-51
-29
-4
42
89
138
183
210
245
275
290
311
322
343
347
348
342
334
327
301
277
247
224
202
171
137
105
73
38
-7
-59
-111
-172
-221
-283
-327
-353
-370
-377
-384
-351
-304
-260
-222
-181
-131
-86
-31
11
47
79
98
96
85
65
47
47
29
23
34
54
72
93
105
109
139
172
204
232
259
275
291
295
290
271
222
175
138
113
88
56
41
34
20
15
-6
-44
-76
-121
-173
-215
-256
-298
-330
-344
-357
-363
-347
-333
-318
-264
-208
-160
-104
-82
-52
10
56
80
119
130
135
143
129
116
111
89
83
83
81
103
113
125
156
190
215
249
280
290
301
320
324
328
342
353
372
364
359
358
341
322
295
254
224
187
146
104
44
0
-45
-110
-152
-195
-222
-267
-285
-280
-279
-277
-272
-256
-232
-193
-173
-155
-141
-140
-139
-140
-151
-173
-204
-228
-248
-260
-266
-278
-284
-277
-255
-235
-214
-199
-187
-181
-176
-148
-126
-101
-72
-54
-52
-40
-25
-12
-4
-16
-10
-17
-44
-54
-64
-67
-64
-66
-74
-92
-109
-119
-135
-141
-145
-162
-174
-179
-163
-147
-127
-96
-71
-34
6
38
53
78
105
119
162
179
187
200
173
156
159
158
162
176
188
215
263
293
310
349
362
378
383
370
362
345
333
315
312
293
289
272
254
257
249
233
216
190
160
145
101
62
35
-8
-31
-51
-77
-124
-129
-165
-196
-190
-194
-192
-174
-145
-127
-102
-87
-57
-29
-35
-43
-45
-66
-76
-86
-134
-156
-169
-171
-176
-173
-149
-150
-130
-108
-88
-60
-32
-2
12
13
30
39
32
30
17
-4
-25
-12
-7
6
27
23
13
-7
-39
-55
-65
-86
-89
-121
-147
-157
-162
-179
-182
-195
-202
-184
-185
-163
-123
-109
-89
-59
-70
-62
-55
-52
-33
-12
2
4
-2
4
2
-6
-5
0
2
3
19
31
59
77
71
75
88
93
99
102
108
96
86
92
83
73
67
75
88
84
91
97
87
70
59
48
17
-4
-24
-59
-83
-91
-95
-101
-98
-107
-106
-105
-91
-68
-61
-56
-40
-21
0
27
33
54
47
47
52
44
33
31
56
58
84
95
99
130
144
127
133
159
156
157
166
161
163
173
160
156
138
122
105
75
55
68
58
61
60
47
45
53
41
33
33
10
-9
-47
-86
-110
-107
-135
-144
-158
-170
-159
-151
-145
-135
-135
-141
-136
-126
-112
-115
-108
-93
-82
-87
-91
-77
-76
-68
-51
-43
-37
-18
-4
26
74
98
123
156
181
189
195
194
180
164
150
134
129
124
107
89
90
90
90
68
50
39
22
4
-29
-63
-89
-120
-121
-134
-165
-193
-225
-236
-246
-248
-264
-251
-239
-219
-200
-186
-157
-165
-178
-184
-204
-213
-244
-267
-261
-258
-237
-217
-166
-125
-101
-65
-12
31
60
103
107
119
143
157
177
183
203
209
199
222
217
214
226
229
216
215
208
199
204
200
201
189
176
150
137
118
99
58
42
21
1
2
12
24
37
46
34
34
27
28
18
1
-16
-26
-27
-39
-36
-32
-22
-13
-25
-14
4
-9
-12
15
35
48
74
94
112
107
97
79
61
44
12
-5
-10
-5
-13
2
17
17
25
32
49
36
28
20
11
19
18
9
9
-5
-18
-44
-61
-68
-85
-86
-111
-104
-104
-114
-99
-107
-105
-83
-104
-126
-162
-182
-196
-206
-205
-207
-172
-157
-151
-132
-118
-107
-108
-94
-73
-60
-30
-7
11
35
48
56
71
62
54
28
23
28
28
33
42
50
47
61
60
47
44
51
43
32
58
59
54
45
36
38
31
36
32
28
4
-1
-9
-16
-39
-62
-92
-124
-132
-141
-144
-135
-96
-93
-75
-51
-28
-14
-1
6
9
17
36
66
90
107
96
90
98
90
73
84
91
95
92
84
67
60
54
33
49
60
74
97
117
136
148
159
157
150
157
154
133
117
109
100
96
90
75
70
50
31
9
2
-2
-33
-53
-82
-97
-102
-122
-127
-126
-122
-117
-110
-91
-83
-73
-65
-52
-39
-12
-7
-1
16
29
37
38
43
47
51
32
24
8
24
17
-9
-3
1
2
-11
-11
-5
2
14
17
18
34
30
-4
-22
-27
-59
-67
-78
-119
-149
-158
-169
-170
-189
-185
-172
-184
-198
-205
-214
-234
-219
-210
-208
-195
-181
-175
-157
-127
-117
-91
-64
-42
8
27
49
67
74
76
89
87
83
86
82
88
86
83
86
101
113
129
151
159
165
152
141
145
140
126
128
131
137
172
184
183
194
191
165
149
126
88
70
46
26
29
1
-27
-40
-53
-63
-63
-74
-83
-78
-63
-54
-40
-21
14
53
76
82
88
124
134
142
129
112
113
91
67
39
22
4
18
28
37
50
41
49
59
62
54
70
82
68
54
27
12
-4
-27
-41
-48
-56
-74
-76
-102
-123
-151
-173
-195
-218
-238
-262
-268
-261
-260
-260
-238
-228
-219
-206
-201
-186
-180
-148
-144
-131
-97
-90
-70
-64
-45
-32
-12
11
13
20
23
31
22
15
35
51
73
80
100
103
118
139
151
184
191
186
187
185
168
153
157
154
162
154
148
151
129
116
108
87
63
55
17
-21
-56
-87
-118
-135
-155
-178
-172
-162
-164
-158
-142
-135
-121
-105
-108
-73
-58
-52
-19
-9
3
20
30
24
28
35
37
36
29
32
32
31
51
53
56
85
99
93
112
111
94
90
75
79
78
83
79
73
64
53
49
36
34
30
24
9
-2
-13
-30
-44
-49
-86
-113
-133
-133
-137
-136
-125
-120
-122
-110
-77
-52
-30
-8
19
44
43
35
38
37
28
22
16
0
2
10
19
22
11
21
38
63
82
93
117
126
155
160
156
163
145
147
146
135
145
131
120
101
81
66
46
12
-18
-30
-40
-53
-64
-65
-87
-98
-106
-113
-112
-128
-147
-162
-180
-191
-200
-193
-178
-166
-133
-104
-91
-81
-82
-77
-82
-85
-80
-95
-99
-89
-96
-103
-90
-88
-73
-58
-41
-22
-2
14
30
58
51
51
45
38
33
31
28
13
12
16
13
18
19
18
13
1
12
19
17
20
23
9
8
6
-19
-13
-12
-33
-26
-36
-56
-48
-46
-46
-46
-39
-45
-37
-14
-5
35
59
70
78
83
87
94
91
101
107
122
135
145
166
176
181
179
194
195
180
169
180
190
194
205
197
200
186
164
151
132
119
101
91
82
65
65
51
33
8
-5
-17
-30
-38
-54
-69
-82
-89
-99
-113
-121
-131
-134
-137
-129
-118
-109
-90
-85
-82
-86
-114
-127
-154
-155
-150
-161
-153
-156
-144
-138
-138
-126
-118
-115
-103
-113
-105
-110
-116
-112
-110
-98
-89
-62
-52
-48
-34
-30
-28
-21
-22
-28
-33
-38
-23
-14
-26
-24
-25
-11
0
6
5
-4
14
-5
-15
-26
-30
-24
-30
-10
2
18
27
41
53
63
85
84
67
68
63
40
47
48
43
60
78
85
109
107
105
111
108
93
78
63
47
42
47
49
62
65
60
67
63
51
33
20
18
15
25
21
1
-1
-7
-23
-24
-25
-32
-15
-15
-15
-7
3
9
17
13
26
25
31
41
53
80
71
68
66
63
65
49
50
59
69
84
81
92
101
84
85
82
63
36
9
8
11
4
-6
-1
6
-8
-24
-42
-51
-48
-46
-41
-46
-59
-56
-56
-65
-63
-66
-91
-116
-130
-136
-135
-149
-145
-137
-128
-123
-122
-134
-119
-100
-87
-74
-61
-57
-49
-25
-20
-5
3
4
-4
-5
-9
-17
-1
9
20
31
41
53
62
64
67
68
53
43
35
31
21
24
31
25
26
41
28
12
14
3
-21
-17
2
-9
-21
-18
-11
-17
-31
-34
-20
-29
-35
-40
-66
-78
-74
-73
-71
-74
-67
-68
-66
-47
-39
-36
-45
-68
-73
-79
-68
-50
-37
-25
-17
-9
2
14
10
21
28
28
25
31
50
55
58
55
63
60
66
69
56
54
42
35
42
49
43
59
77
90
91
100
116
122
119
112
109
101
86
75
73
66
61
66
72
92
102
107
108
94
84
90
100
96
100
93
82
87
103
98
95
86
82
72
63
41
41
49
31
27
25
21
-1
-8
-31
-45
-57
-61
-57
-74
-87
-108
-114
-131
-150
-156
-151
-144
-153
-143
-147
-171
-178
-181
-173
-173
-174
-166
-172
-169
-166
-156
-144
-145
-147
-129
-106
-96
-78
-60
-58
-45
-20
-24
-10
-12
-11
4
1
-3
-4
-6
-12
-10
-3
-12
-4
-7
-11
4
18
32
38
46
55
64
74
82
69
59
44
26
38
40
35
45
48
49
44
39
44
56
67
46
42
58
45
40
52
63
69
61
50
47
52
53
65
66
52
51
53
47
40
43
42
52
47
40
38
53
53
37
36
16
8
8
15
19
11
7
-3
-10
-23
-22
-17
-21
-20
-38
-57
-67
-72
-68
-82
-90
-83
-63
-52
-36
-33
-23
-22
-12
22
30
39
43
48
53
50
44
49
58
68
64
80
94
101
104
99
100
98
98
91
80
81
83
64
65
69
67
71
71
53
47
51
46
28
18
-4
-30
-49
-68
-86
-109
-127
-144
-139
-122
-118
-127
-125
-137
-150
-161
-172
-167
-168
-173
-157
-159
-166
-153
-161
-158
-157
-143
-145
-139
-120
-104
-82
-80
-66
-53
-61
-46
-13
-7
3
5
12
9
14
15
23
31
21
26
20
17
12
17
23
17
13
19
12
23
30
27
37
46
51
55
69
65
59
54
60
65
76
87
97
100
104
106
89
96
110
128
144
149
152
142
148
166
172
167
156
151
150
144
134
128
128
130
119
111
112
111
112
101
92
86
66
60
44
34
34
25
27
4
-22
-37
-67
-78
-96
-120
-126
-133
-141
-161
-169
-176
-186
-187
-196
-187
-180
-179
-185
-195
-210
-219
-197
-181
-177
-166
-143
-128
-116
-106
-100
-91
-94
-78
-68
-59
-37
-20
1
9
27
43
65
82
92
108
117
121
117
121
125
117
111
110
97
101
113
107
103
101
84
60
53
49
45
37
17
5
-2
-13
-18
-20
-29
-16
-8
-5
-4
-9
-20
-26
-37
-48
-57
-63
-59
-55
-53
-40
-25
-26
-20
-22
-25
-27
-26
-9
-6
8
19
19
28
21
20
20
24
20
16
13
16
22
17
19
19
18
40
45
41
35
29
30
5
4
-9
-18
-18
-22
-22
-23
-28
-36
-47
-54
-61
-81
-84
-75
-77
-86
-94
-88
-73
-71
-52
-41
-37
-38
-33
-27
-30
-29
-16
2
23
45
58
68
60
85
90
94
124
137
144
146
140
147
159
141
125
119
101
104
101
98
81
71
68
55
53
38
29
14
-2
-16
-27
-36
-49
-51
-56
-71
-77
-78
-66
-54
-45
-32
-34
-27
-17
1
3
-3
-15
-4
5
5
20
18
17
-2
-15
-17
-23
-6
-14
-17
-20
-22
-23
-37
-43
-52
-62
-70
-74
-85
-74
-75
-79
-69
-69
-73
-78
-83
-71
-75
-67
-72
-71
-77
-87
-86
-86
-87
-87
-81
-83
-73
-78
-71
-67
-63
-60
-49
-45
-34
-27
-13
-5
-3
2
10
18
24
45
47
61
71
92
123
131
140
156
152
154
155
143
153
134
129
126
109
96
76
62
59
56
35
25
8
2
3
-6
-9
-9
0
-16
-20
-20
-30
-32
-52
-61
-72
-84
-91
-92
-93
-100
-100
-97
-88
-76
-62
-50
-34
-20
-9
9
37
60
71
86
96
111
119
131
143
137
141
140
137
127
136
142
147
153
154
152
147
139
117
98
81
70
42
23
9
-21
-31
-42
-51
-60
-80
-105
-124
-131
-145
-154
-153
-158
-169
-185
-194
-192
-197
-200
-198
-185
-182
-172
-144
-138
-147
-125
-114
-110
-81
-64
-42
-30
-22
-18
-1
4
12
16
11
12
22
33
47
60
69
78
83
83
70
77
77
66
78
80
81
72
58
74
70
73
65
50
48
31
23
16
-7
-24
-31
-39
-45
-66
-67
-71
-67
-54
-51
-47
-42
-26
-22
-26
-28
-28
-29
-31
-28
-17
-5
-1
1
8
25
45
47
67
73
78
89
98
102
94
116
131
143
150
140
140
135
128
128
116
106
98
98
93
88
76
50
35
23
12
3
-3
4
-5
-12
-28
-51
-65
-80
-90
-102
-105
-112
-110
-112
-135
-157
-172
-164
-165
-160
-152
-140
-127
-110
-96
-95
-75
-68
-62
-52
-45
-43
-32
-26
-17
-7
2
11
31
54
69
80
89
112
122
124
125
117
131
122
120
112
110
98
88
87
76
63
41
29
10
-7
-22
-38
-50
-55
-55
-66
-59
-70
-79
-82
-97
-103
-118
-120
-129
-123
-106
-83
-66
-53
-44
-41
-14
-4
-13
-2
9
10
20
18
31
56
67
70
73
82
79
77
73
68
73
82
89
89
93
81
88
85
75
67
45
43
25
15
-6
-32
-44
-47
-65
-74
-86
-99
-109
-118
-125
-134
-122
-125
-132
-144
-148
-145
-145
-142
-135
-116
-104
-99
-101
-90
-79
-70
-58
-58
-36
-19
4
27
45
58
65
81
99
126
126
140
135
126
129
133
142
154
168
174
170
170
159
144
135
123
120
108
101
115
106
106
106
94
88
75
60
25
6
4
-1
-13
-13
-16
-25
-47
-61
-70
-88
-96
-96
-101
-97
-85
-74
-72
-71
-55
-48
-40
-48
-40
-23
-18
0
14
25
30
37
36
39
42
54
53
46
38
34
30
27
23
16
14
2
2
-5
-15
-19
-47
-62
-89
-118
-117
-133
-145
-154
-158
-162
-172
-175
-160
-154
-152
-159
-168
-167
-155
-133
-129
-105
-89
-85
-75
-63
-48
-29
-15
-8
6
23
32
42
62
67
78
84
88
86
87
94
89
96
99
103
95
91
92
80
83
78
66
72
73
64
49
64
68
63
74
73
73
62
55
49
39
29
24
12
0
-6
2
13
12
12
23
26
30
31
17
18
11
-2
11
8
16
23
26
34
41
58
60
65
69
61
70
78
77
62
69
78
70
76
74
71
62
53
48
36
27
19
10
3
10
2
0
-1
-10
-8
-18
-29
-46
-49
-61
-82
-90
-102
-108
-119
-116
-122
-141
-142
-137
-144
-140
-130
-127
-118
-111
-109
-104
-109
-104
-95
-106
-94
-82
-80
-67
-74
-66
-70
-63
-58
-49
-49
-42
-32
-37
-33
-25
-9
-4
3
18
36
46
55
64
68
71
69
65
55
50
54
49
46
39
30
31
26
24
28
32
26
17
16
11
8
7
4
8
14
7
2
-2
2
10
16
30
39
51
66
67
73
90
97
109
116
117
121
120
116
102
95
91
80
71
60
64
58
61
62
52
56
42
42
38
26
11
-3
-22
-37
-37
-38
-50
-55
-56
-54
-58
-83
-74
-62
-73
-67
-74
-81
-80
-81
-81
-81
-78
-67
-59
-41
-39
-35
-36
-26
-21
-9
-7
-6
-4
-9
-2
4
13
20
15
11
4
12
3
-8
-6
-6
-4
-2
1
-8
-7
-3
11
11
19
31
34
32
18
20
15
5
-12
-20
-30
-34
-33
-34
-39
-38
-34
-32
-25
-20
-12
-14
-13
-7
-4
-12
-18
-21
-27
-32
-30
-32
-34
-28
-23
-21
-23
-22
-30
-22
-14
-16
-5
11
15
22
27
31
31
32
39
50
44
44
46
40
44
41
36
33
34
30
23
17
23
17
20
10
4
-5
-19
-25
-34
-42
-50
-42
-52
-55
-52
-64
-56
-57
-63
-62
-47
-41
-29
-12
-5
5
9
15
18
31
33
34
39
25
31
43
17
15
28
26
39
40
43
53
49
36
47
60
64
74
86
91
78
91
102
94
94
89
93
96
80
68
77
66
65
65
58
53
58
55
46
47
38
37
37
35
24
36
32
24
4
-3
-9
-18
-21
-35
-43
-44
-49
-50
-70
-73
-65
-73
-73
-68
-67
-68
-66
-72
-84
-104
-107
-106
-118
-124
-125
-118
-111
-115
-115
-115
-116
-108
-97
-96
-92
-87
-82
-73
-65
-63
-62
-63
-55
-50
-66
-72
-66
-70
-59
-61
-55
-37
-27
-17
-21
-16
-21
-17
-9
0
1
7
8
8
7
14
28
28
29
23
11
4
13
20
27
46
56
66
78
91
94
84
89
94
92
83
86
82
85
72
68
52
52
71
65
54
47
47
52
55
62
57
63
74
63
72
71
61
58
47
40
28
25
19
6
11
12
24
33
33
42
49
47
48
66
70
81
92
85
65
57
56
53
43
41
50
50
39
38
42
38
27
15
19
22
16
16
8
-8
-18
-24
-25
-29
-48
-59
-67
-66
-64
-68
-70
-64
-58
-65
-71
-82
-82
-99
-105
-120
-129
-136
-135
-132
-147
-148
-152
-151
-142
-137
-137
-134
-119
-114
-114
-111
-110
-106
-101
-96
-96
-87
-84
-72
-62
-38
-19
-18
-7
5
19
25
43
57
60
63
71
87
98
94
83
92
81
74
73
74
74
71
64
59
61
60
61
64
71
65
62
54
44
47
37
21
11
10
12
4
-6
-9
-17
-8
2
13
12
6
10
8
-7
-5
-1
-12
-5
0
3
10
19
24
20
24
30
38
48
45
46
49
33
22
12
14
15
14
18
12
17
22
27
34
30
21
32
34
42
36
28
30
20
21
24
13
9
12
2
-4
-5
-12
-20
-16
-8
7
10
24
27
24
28
17
25
15
5
-1
-10
-18
-20
-10
-12
-14
-12
-5
-2
-6
-6
8
20
21
27
32
24
32
27
17
6
11
16
16
15
14
24
20
9
4
-11
-19
-27
-37
-44
-58
-61
-72
-72
-77
-81
-91
-85
-78
-91
-94
-98
-95
-97
-87
-80
-79
-84
-88
-87
-97
-92
-98
-104
-103
-105
-110
-111
-103
-97
-92
-96
-83
-70
-58
-49
-34
-14
-14
-5
0
13
25
29
36
39
50
58
59
58
58
66
81
85
81
94
97
95
103
103
109
115
107
98
95
86
84
90
95
99
98
87
76
68
56
49
37
23
9
7
11
12
13
16
23
21
21
19
25
25
8
16
28
21
27
20
17
26
35
36
38
38
39
33
21
22
16
22
23
36
29
22
33
26
26
12
4
6
5
-15
-24
-21
-37
-42
-43
-51
-53
-45
-37
-27
-15
-13
-14
-10
-4
-9
-16
-17
-34
-54
-73
-74
-71
-86
-79
-79
-96
-92
-93
-97
-91
-90
-79
-90
-89
-79
-73
-63
-70
-59
-60
-66
-72
-60
-64
-67
-58
-52
-42
-30
-21
-8
-2
9
18
21
32
29
34
32
27
23
22
36
43
39
45
42
48
45
42
55
54
46
39
42
51
46
50
56
54
66
61
63
57
47
43
49
43
41
38
32
44
38
29
16
13
24
19
14
17
26
17
19
16
6
3
2
-3
-14
-15
-16
-20
-21
-21
-31
-42
-57
-64
-65
-59
-60
-54
-37
-43
-35
-34
-48
-34
-38
-34
-39
-32
-32
-29
-16
-24
-20
-19
-17
-16
-12
-9
12
17
25
40
52
69
74
92
97
98
97
98
108
114
107
114
125
126
129
131
123
118
116
99
106
101
87
82
69
58
42
24
19
8
-4
-12
-30
-34
-41
-37
-58
-58
-62
-81
-88
-93
-100
-103
-99
-100
-106
-120
-124
-138
-133
-129
-138
-147
-155
-148
-157
-147
-159
-162
-157
-160
-153
-144
-133
-130
-123
-116
-103
-100
-89
-84
-87
-76
-70
-69
-52
-43
-35
-23
-3
16
25
29
36
47
65
72
69
85
99
112
116
125
133
131
150
145
149
153
151
147
145
140
134
138
125
130
125
108
88
85
80
70
69
63
61
61
59
50
47
42
34
27
32
41
47
52
59
66
58
51
36
23
13
-3
-4
8
8
6
0
3
10
9
-2
-7
-16
-20
-25
-23
-19
-23
-18
-29
-34
-42
-56
-66
-70
-69
-70
-75
-72
-75
-85
-82
-92
-91
-92
-102
-112
-123
-130
-128
-127
-123
-111
-111
-105
-90
-76
-62
-62
-50
-54
-53
-40
-43
-43
-46
-38
-32
-20
-19
-12
0
14
23
36
42
52
69
61
65
60
61
56
58
70
78
76
69
63
51
49
38
43
55
48
49
45
51
62
57
44
43
53
50
39
40
43
39
28
17
2
-1
-18
-23
-20
-18
-20
-12
-6
-12
-12
-3
1
0
5
5
16
11
4
10
5
-2
2
4
5
13
14
9
-3
-14
-16
-21
-26
-31
-23
-12
-26
-43
-50
-49
-54
-57
-68
-60
-47
-51
-45
-55
-56
-53
-56
-47
-41
-41
-36
-39
-45
-50
-57
-59
-50
-48
-39
-29
-9
1
4
16
24
25
34
42
44
46
48
69
77
88
102
107
112
119
120
133
142
138
132
133
118
116
113
108
120
119
114
106
108
108
103
99
92
88
91
78
57
39
19
7
-13
-36
-41
-58
-61
-64
-72
-87
-101
-111
-129
-138
-151
-149
-146
-139
-148
-160
-155
-162
-158
-152
-155
-154
-150
-140
-126
-121
-121
-107
-104
-100
-94
-85
-85
-73
-69
-63
-48
-41
-36
-37
-28
-16
-6
4
16
24
26
25
34
39
47
57
65
63
73
77
71
77
84
87
91
92
88
97
95
89
83
74
66
55
46
32
34
29
34
29
10
11
16
10
14
20
23
20
7
6
8
2
9
16
19
44
58
62
61
56
50
34
19
16
21
17
22
34
30
36
33
25
24
26
20
14
11
8
15
15
26
14
0
-1
-3
-1
2
4
1
2
-7
-10
-6
-5
-7
-10
-3
-12
-12
-23
-28
-34
-37
-40
-47
-42
-47
-53
-52
-44
-48
-64
-82
-77
-67
-54
-56
-53
-40
-41
-37
-26
-30
-33
-20
-12
-8
-2
9
16
10
14
4
5
6
10
20
23
32
37
37
27
8
-6
-17
-28
-33
-39
-43
-49
-46
-47
-57
-63
-78
-67
-60
-53
-55
-45
-35
-47
-37
-30
-26
-17
-20
-8
-12
-11
-2
9
12
6
23
30
49
65
84
98
100
91
98
93
92
99
86
88
87
83
79
77
73
61
64
62
56
61
50
55
42
24
22
17
17
8
-2
-16
-23
-25
-34
-35
-38
-46
-43
-51
-59
-63
-71
-68
-78
-80
-75
-83
-77
-83
-82
-68
-51
-44
-49
-55
-54
-59
-54
-38
-39
-28
-18
-3
1
19
36
28
24
25
25
38
40
52
57
57
65
71
79
82
79
67
71
69
76
67
65
72
73
70
61
57
62
60
60
57
47
51
40
34
31
22
16
7
-3
-13
-24
-26
-25
-33
-37
-32
-35
-52
-53
-58
-68
-62
-67
-73
-70
-66
-58
-64
-68
-64
-53
-47
-46
-36
-28
-25
-27
-29
-40
-41
-51
-51
-50
-63
-53
-54
-58
-70
-64
-66
-56
-53
-54
-37
-42
-49
-44
-28
-17
-20
-27
-35
-34
-46
-53
-61
-56
-44
-48
-27
-24
-22
-10
5
4
10
23
34
38
50
49
30
40
37
56
63
54
58
62
65
66
65
61
62
65
71
65
64
72
72
74
77
84
88
78
67
60
55
49
46
47
54
36
29
28
24
28
20
18
27
31
34
31
23
17
9
17
15
15
19
13
18
29
30
34
35
41
42
28
25
23
32
38
36
35
40
39
31
24
19
18
10
3
3
4
-2
7
5
-2
5
0
8
2
-3
-10
-12
-12
-21
-33
-45
-51
-63
-66
-58
-56
-60
-64
-66
-74
-72
-75
-78
-89
-103
-100
-107
-121
-126
-125
-134
-135
-121
-112
-117
-119
-113
-104
-94
-82
-75
-76
-77
-77
-78
-69
-55
-45
-45
-38
-29
-27
-22
-19
-23
-22
-29
-15
-10
7
15
14
13
0
13
13
13
25
31
33
31
27
22
14
21
22
34
43
49
64
77
83
81
77
91
92
78
72
79
80
82
92
85
88
98
90
80
86
90
81
81
82
78
81
81
87
94
94
91
76
65
58
44
36
39
36
42
41
32
36
43
24
16
10
-1
-3
-14
-23
-11
-12
-9
-10
-21
-26
-18
-23
-31
-21
-17
-24
-40
-43
-49
-57
-62
-52
-39
-36
-21
-14
-11
-12
-7
-10
-18
-12
-5
6
-1
10
6
7
3
-15
-9
-9
-7
-5
-2
5
-2
-6
-14
-17
-16
-16
-10
-22
-20
-24
-33
-41
-51
-56
-70
-67
-63
-73
-79
-80
-79
-80
-82
-86
-79
-84
-76
-77
-87
-85
-98
-109
-116
-116
-113
-111
-95
-80
-73
-71
-64
-48
-47
-45
-39
-42
-22
-20
-14
-6
0
14
17
18
8
19
33
34
38
54
65
69
75
85
89
83
93
98
101
100
101
109
114
108
106
99
90
79
78
76
67
68
71
63
51
41
42
41
32
39
30
43
58
53
55
60
63
61
68
67
66
65
54
53
48
44
39
43
45
46
45
40
47
55
56
43
34
39
35
27
19
8
-16
-21
-21
-25
-28
-29
-27
-20
-26
-34
-33
-54
-49
-55
-45
-39
-44
-52
-54
-56
-74
-84
-89
-101
-101
-102
-92
-74
-74
-75
-83
-81
-71
-60
-59
-54
-48
-50
-51
-55
-53
-45
-41
-40
-35
-40
-37
-33
-30
-33
-38
-43
-40
-36
-34
-32
-26
-13
-17
-10
-11
-10
-8
-14
-14
-9
-9
-12
-7
-10
-5
1
4
8
12
12
10
8
9
15
16
11
13
20
17
16
19
14
16
22
24
26
18
21
27
27
31
40
30
20
18
10
15
14
23
24
32
40
54
61
54
52
51
42
43
52
46
46
44
43
33
45
36
21
17
15
15
-1
9
11
0
-6
-4
6
2
-17
-16
-18
-28
-39
-33
-30
-37
-40
-40
-41
-37
-32
-41
-39
-24
-16
-12
-4
2
18
28
30
29
37
30
20
38
46
49
54
57
78
82
73
83
83
91
94
89
88
91
87
76
57
60
65
48
46
37
22
19
12
5
-7
-18
-24
-37
-48
-61
-67
-74
-88
-90
-95
-89
-81
