SAMPLES:	20745
BITSPERSAMPLE:	16
CHANNELS:	1
SAMPLERATE:	16000
NORMALIZED:	FALSE
8
7
0
1
3
7
4
11
17
17
18
23
17
16
22
19
15
17
17
11
9
19
18
23
21
19
22
15
12
13
7
8
3
-3
-3
-9
-4
2
-1
7
14
15
17
15
14
16
11
7
0
-1
1
3
7
2
0
3
-4
-2
0
-5
-5
-4
-3
0
-5
-3
-1
-3
-6
-10
-6
-4
-10
-9
-14
-13
-15
-15
-15
-19
-14
-14
-12
-7
-12
-8
-1
-1
5
-4
0
0
-3
-9
-9
-8
-5
-9
-11
-10
-10
-3
-6
-7
-1
-2
3
9
9
7
0
8
4
5
2
2
-1
-3
1
2
1
1
9
12
12
9
5
5
5
6
-1
3
4
6
8
7
2
5
0
-3
0
-2
2
0
2
2
-1
0
1
3
1
1
5
11
5
7
3
-2
-4
-7
-6
-8
-5
-5
-6
-7
-7
-3
-4
4
6
1
5
2
5
0
-3
0
-4
2
-4
-8
-5
-8
-4
-3
1
-3
-3
-10
-7
-6
-6
-7
-8
-1
0
-9
-5
-2
-1
4
-1
1
3
0
2
1
-2
9
4
2
1
1
2
1
2
1
-1
-2
4
-6
-4
-7
1
-4
-3
-2
-2
8
6
6
8
8
9
8
7
9
8
9
6
9
10
9
5
3
-2
3
6
11
13
16
13
9
10
9
12
14
8
3
6
3
8
6
3
3
-1
1
-3
1
-2
-2
-2
-5
-2
-2
-2
-3
-1
-6
-11
-7
-11
-7
-14
-13
-12
-13
-13
-18
-14
-17
-16
-16
-17
-14
-19
-14
-17
-17
-12
-10
-17
-14
-12
-16
-14
-15
-12
-14
-10
-10
-8
-2
-6
-8
-2
1
0
1
7
6
7
7
11
9
11
14
7
13
10
13
15
15
16
18
15
14
16
12
13
13
17
19
16
19
16
14
12
12
10
5
11
2
5
6
0
3
4
3
3
-1
-2
-5
-5
4
-2
2
1
-6
-5
-9
-10
-9
-6
-7
-6
-10
-8
-8
-8
-10
-7
-3
-9
-3
-5
-5
1
-4
-2
-3
-3
-4
-5
-3
-4
-1
-3
-2
1
0
-4
-6
-1
-5
-10
-5
-8
-7
2
1
-2
1
-2
-5
-6
-5
-5
0
3
0
6
2
-1
3
3
2
4
7
7
9
6
8
13
12
13
12
9
11
8
6
4
2
1
3
0
0
-1
2
0
0
5
8
7
4
5
7
5
0
0
1
-8
-13
-12
-13
-12
-7
-9
-12
-5
-9
-10
-6
-6
-8
-5
-6
-3
-6
-6
-7
-5
-11
-12
-9
-10
-14
-13
-8
-4
2
4
5
1
2
5
1
5
5
6
5
7
10
7
4
4
-2
4
4
4
11
9
12
10
11
8
6
6
7
8
3
7
3
4
3
4
2
-1
2
-2
0
-3
-2
0
-1
3
2
-1
6
5
3
2
1
1
-5
-7
-3
-5
-10
-10
-14
-12
-12
-12
-9
-9
-6
-10
-3
-4
-7
-3
0
-1
0
3
3
10
10
10
8
6
4
4
2
3
8
7
7
10
9
5
3
-2
1
2
-1
1
-1
2
0
0
1
0
1
-2
-5
-2
-4
-2
-1
-9
-9
-10
-11
-14
-15
-13
-12
-11
-12
-11
-7
-7
-6
-5
-2
-7
-2
-1
-1
0
1
4
3
4
4
4
5
5
4
2
2
3
-1
4
5
2
3
3
7
6
2
7
7
6
6
6
4
3
4
5
5
5
8
13
7
7
7
4
3
5
4
3
5
0
2
2
3
2
-2
-3
0
2
6
5
5
-1
-2
-3
0
1
3
4
0
3
1
0
0
-1
-7
-4
-2
-5
-1
-3
-2
-5
-5
-8
-8
-5
-7
-8
-7
-11
-9
-12
-13
-10
-10
-9
-8
-5
-6
-5
-4
-1
-5
-7
-2
-4
-4
0
0
2
1
-4
-2
-2
-2
0
3
2
6
1
3
4
7
7
0
9
6
6
2
3
3
6
6
6
8
3
5
7
6
7
2
3
2
2
0
-1
0
3
4
-1
-2
-2
1
0
-1
4
8
10
6
4
4
4
1
-1
3
2
2
4
-1
-5
-7
-6
-6
-8
-8
-6
-5
-4
-6
-5
-5
-5
-4
-1
-4
0
0
2
2
2
2
-1
0
-3
1
0
-2
0
0
1
0
0
3
2
0
3
1
-3
0
0
1
-1
0
-3
0
-5
-4
-3
-5
0
-4
-1
0
0
0
2
-1
2
4
4
7
2
2
4
2
1
-2
1
-1
-1
0
0
2
3
2
2
2
2
4
1
-1
1
-1
6
0
-2
-2
-6
-3
-5
-4
-4
-3
-2
-2
2
0
-1
1
3
-2
4
2
3
7
2
3
1
2
0
-4
0
-3
0
0
0
0
-2
-2
-1
1
-3
-4
-1
-1
-1
3
2
0
1
0
-2
-1
-4
-4
-2
-4
-4
-3
-1
-1
-2
-2
-1
2
2
4
-1
-1
1
-6
-3
-3
-5
-5
-5
-7
-4
-4
-6
-5
-7
-4
-6
-4
-2
1
2
3
3
-1
0
0
-1
1
6
5
5
6
6
2
2
7
3
2
5
7
6
5
3
6
1
1
8
5
6
9
6
5
1
-1
1
4
7
8
8
8
7
7
8
7
5
3
7
7
3
2
0
0
-2
-3
-7
-7
-5
-3
-2
-2
1
1
2
-2
-5
-6
-5
-1
-4
-5
-2
-3
-7
-10
-7
-6
-9
-8
-9
-9
-10
-7
-6
-7
-7
-5
-9
-6
-7
-7
-5
-5
-6
-4
-5
-4
0
-6
-3
-3
-1
-1
1
0
-3
0
-2
-1
3
2
4
9
4
5
5
5
6
4
2
1
3
2
0
3
6
3
1
2
3
3
2
5
3
5
5
3
4
4
4
6
6
7
8
7
6
3
1
1
2
2
1
2
1
1
-3
-1
-5
-4
-2
-6
-3
-3
-3
-6
-4
-3
-6
-5
-4
-4
-5
-6
-4
-3
1
1
0
4
2
4
2
3
0
0
0
2
1
0
-1
0
0
-3
-1
-1
-2
-3
-2
-3
-1
-3
-2
-2
0
1
4
4
5
6
5
8
9
7
6
9
8
9
5
6
7
6
5
4
2
1
2
3
5
1
2
4
3
1
3
-1
-1
-2
-4
-4
-8
-5
-7
-6
-8
-6
-4
-3
-7
-7
-6
-9
-6
-9
-10
-11
-6
-9
-6
-6
-9
-4
-8
-7
-8
-5
-5
-4
-2
-2
-1
0
1
0
1
0
0
2
-1
1
-1
-3
0
2
2
2
4
4
5
2
3
4
7
6
5
6
6
7
5
3
4
3
1
0
0
-1
0
-2
-1
0
-1
0
0
1
2
6
0
1
1
-1
0
-3
-2
-3
-2
-4
-1
1
2
2
2
5
1
2
4
5
7
5
5
8
8
6
6
6
6
4
2
1
3
1
3
2
0
2
1
3
7
6
2
5
3
2
1
1
0
2
-2
-3
-2
-2
-1
-4
-3
-5
-3
-4
-2
-2
0
1
0
0
3
-1
1
0
1
3
-2
0
1
0
0
-3
0
-1
-5
-2
-3
-5
-4
-4
-6
-8
-9
-8
-9
-9
-13
-13
-11
-11
-11
-10
-10
-9
-9
-9
-7
-9
-4
-7
-6
-2
-3
2
1
1
2
2
2
3
3
4
2
5
4
4
5
2
3
5
6
4
3
3
5
4
6
8
6
8
5
6
5
1
6
2
3
2
2
3
3
8
8
6
10
9
6
8
5
5
5
4
2
-1
2
-1
-1
0
-2
-3
-2
-6
-3
-4
-4
-4
-4
-3
-3
-4
-6
-6
-3
-1
-5
-2
-1
-3
0
0
1
1
2
1
2
3
0
-2
-2
-2
-3
-2
-2
1
0
-1
-1
2
1
-1
3
3
2
4
2
3
3
2
3
4
5
4
7
5
6
6
4
3
3
4
2
3
2
1
4
4
1
1
-3
-1
0
-2
-2
1
-1
-3
-3
-5
-5
-3
-3
-5
-5
-5
-7
-6
-5
-9
-7
-6
-8
-6
-6
-3
-1
0
-1
-1
-1
0
1
0
-3
-1
0
1
0
-1
-1
-2
0
-2
-4
-3
-3
-2
-5
-3
-2
-2
-2
-2
-4
-2
-2
-4
-2
0
-1
-1
0
-1
-1
-3
-3
0
1
-1
3
4
3
4
2
4
4
3
5
3
3
4
4
3
3
2
2
7
7
7
8
8
7
7
7
6
7
2
2
2
1
1
0
-2
-4
-2
-2
2
1
0
1
0
1
1
2
3
3
0
3
1
1
1
2
1
-3
-2
1
0
-1
1
1
2
0
-1
2
0
-2
-2
-3
-2
-4
-7
-7
-8
-7
-7
-7
-4
-2
-7
-4
-1
-1
0
2
2
1
2
0
1
2
0
-1
-1
-2
-2
-2
-3
-3
-3
-3
-2
-2
-2
0
-1
0
3
2
2
1
0
-1
0
-1
2
0
-3
-2
-2
-1
0
-1
1
2
4
3
4
7
7
5
5
7
5
6
5
3
3
2
4
2
2
1
2
3
1
2
2
-1
-1
-1
-3
-4
-5
-5
-5
-5
-6
-7
-4
-4
-5
-5
-2
-2
-5
-3
-4
-6
-6
-4
-4
-3
-4
-2
-1
-3
-3
-4
-6
-3
-2
-1
0
-1
-2
-2
0
1
3
2
0
4
6
6
4
8
4
4
3
1
3
1
2
2
0
-2
1
0
0
1
-2
0
1
0
2
3
4
4
6
6
6
5
5
5
2
3
3
4
3
0
2
0
2
1
0
3
2
2
3
3
2
2
3
3
1
2
3
-2
0
-1
-1
0
0
0
-3
-3
-3
-4
-1
-2
0
0
-2
-2
-3
0
-5
-4
-2
-5
-8
-5
-5
-5
-2
-3
-4
-4
-1
-4
-4
0
1
1
-1
-1
-2
-3
-2
-3
-5
-3
-4
-4
-1
-1
-2
-1
-2
1
0
-1
1
2
3
2
4
2
0
2
0
0
0
0
-2
-1
-1
-1
-2
1
0
0
2
4
6
4
4
5
4
4
6
5
3
4
5
5
1
2
2
3
2
2
5
2
1
1
1
1
0
0
-3
-5
-5
-4
-6
-4
-6
-5
-6
-6
-4
-3
-7
-4
0
-2
-2
-1
-2
-4
-3
-2
-1
1
-1
-1
-2
-4
0
-1
0
-1
-2
-1
0
3
2
3
2
1
4
5
3
4
4
3
4
3
4
5
6
4
2
4
2
4
2
3
2
5
2
2
2
1
1
2
-1
1
2
-1
3
3
5
3
3
5
5
4
4
3
3
2
0
2
1
-2
-1
-1
-1
-2
-2
-5
-3
-6
-4
-3
-2
3
3
1
1
1
-1
0
-4
-1
-4
-5
-4
-4
-6
-4
-4
-7
-7
-6
-5
-6
-4
-2
-2
-3
-5
-1
-1
-4
-3
-2
-1
-2
-3
-4
-2
-4
-5
-1
-4
-2
-2
-2
-2
-1
-1
0
2
1
1
-1
0
0
0
-2
0
1
0
1
-2
0
1
0
1
-1
0
-2
-1
0
-1
1
0
1
2
4
3
5
5
4
4
7
3
3
3
2
4
1
3
2
2
2
2
5
4
2
4
5
7
6
7
7
6
6
5
6
5
4
2
2
1
1
2
0
0
-1
0
0
0
2
-3
-3
-1
-2
-2
0
-2
-2
-1
-4
-3
-2
-3
-3
-4
-3
-3
-1
0
-1
0
-3
-3
-4
-6
-5
-7
-7
-8
-10
-7
-8
-6
-6
-5
-6
-6
-1
-2
-3
-2
0
-1
-1
0
0
2
-3
-3
0
-2
1
1
2
2
3
2
3
5
2
2
5
6
5
5
4
2
5
2
3
5
5
6
4
4
5
4
3
3
4
4
5
6
3
3
3
2
0
0
0
0
1
0
0
-2
1
3
0
0
0
1
1
2
1
1
-1
0
2
2
-2
-1
-3
-1
-2
-3
-4
-4
-3
-5
-3
-4
-3
-3
-3
-4
-3
-3
-3
-3
-5
-7
-4
-4
-5
-5
-5
-5
-3
-3
-3
-4
-5
-4
-4
-4
-3
-2
-1
-1
-1
-1
1
1
-1
-2
0
0
1
2
3
3
2
4
5
5
4
5
4
6
7
5
5
4
2
3
3
1
2
4
5
4
3
2
4
4
3
3
5
7
4
5
3
3
2
2
3
0
2
0
-2
-1
-2
-4
-3
-1
-4
-3
-2
-4
-2
-3
-3
-2
-1
0
2
0
-3
0
1
-3
-3
-3
-2
-1
0
0
0
-1
-1
-1
-2
0
1
-1
0
0
0
-3
-2
-1
-4
-2
-1
-2
-4
-3
-3
-2
-4
-2
-2
-2
0
-2
-2
-2
-3
-1
-3
-1
-2
-3
-2
-2
-1
0
0
-1
0
-1
1
4
2
3
2
3
5
4
7
6
5
4
6
4
3
1
0
1
1
-1
-1
0
-2
0
-2
-3
-1
-1
1
2
1
2
2
-1
-1
-1
-2
-2
-2
0
0
3
1
0
2
2
2
3
3
3
2
2
3
1
1
0
0
0
-2
-4
-2
-3
-5
-5
-6
-4
-3
-2
-2
-1
-1
-2
-2
0
-1
-2
-3
-2
-2
-3
-2
1
-1
-1
1
1
1
3
4
0
3
3
3
2
1
4
3
3
3
2
0
2
1
1
3
3
3
2
3
2
2
4
4
1
2
2
1
-1
-2
-1
-2
-2
-1
-2
-4
-3
-2
2
2
4
3
1
1
4
3
2
2
-1
-2
-1
2
-1
2
3
2
5
3
1
-1
1
3
1
0
0
2
2
1
-3
-3
-3
-5
-6
-8
-6
-5
-7
-9
-5
-7
-7
-8
-8
-10
-9
-6
-8
-8
-7
-4
-5
-5
-3
-3
-2
0
0
1
1
-3
-3
1
2
2
3
5
6
3
4
3
5
5
5
6
8
9
10
9
10
7
10
7
5
5
6
7
7
3
3
1
4
1
0
3
2
2
1
3
-2
1
0
0
-3
-2
-1
-3
-2
-2
0
0
2
1
3
5
4
0
0
1
1
-5
-1
0
-1
-2
-3
-1
-1
-3
-6
-7
-6
-4
-4
-5
-7
-3
-1
-3
0
-6
-5
-5
-4
-7
-7
-6
-7
-4
-5
-7
-5
-4
-4
-2
-5
-3
-1
0
-4
-4
-1
2
-1
1
1
1
2
2
0
1
0
0
5
5
10
9
9
9
9
7
7
8
5
2
1
-4
-1
4
1
3
4
2
4
5
4
6
2
4
5
3
5
3
2
3
-2
2
0
-3
1
-1
-5
-3
-3
-4
-4
-2
0
1
2
4
8
4
-1
1
3
-4
-5
-2
-2
-1
2
1
-1
7
8
2
0
-3
1
2
-3
-3
-6
-4
-1
-10
-6
-8
-10
-10
-8
-7
-7
-9
-11
-12
-8
-5
-8
-4
-7
-6
-8
-8
-8
-7
-4
-5
-5
-1
1
-3
-3
-3
-4
-1
2
0
2
-1
2
7
8
6
6
3
0
14
0
-8
16
20
-1
-18
4
10
-1
1
-11
-19
17
27
-16
-17
9
8
-5
8
5
-8
20
38
11
18
30
22
40
57
56
49
77
55
2
31
103
77
-27
-21
42
49
-3
-44
-77
-56
12
-31
-139
-149
-66
-65
-107
-103
-112
-115
-78
-50
-79
-76
-34
-41
-47
9
41
4
4
33
49
69
87
59
36
82
127
95
66
70
64
73
102
84
41
46
64
53
40
38
11
-14
6
3
-16
-30
-42
-60
-53
-29
-49
-82
-78
-53
-54
-55
-57
-81
-72
-39
-30
-43
-46
-32
-32
-18
7
-3
-15
3
18
21
30
40
20
21
50
57
35
35
44
36
42
56
35
15
18
34
18
18
-13
-48
13
61
-49
-126
-16
12
-58
-66
-68
-67
16
7
-117
-69
53
58
-3
23
31
83
140
116
87
137
173
79
68
124
171
69
-12
37
90
20
-73
-77
-144
-95
-32
-171
-325
-207
-127
-252
-252
-223
-275
-237
-127
-181
-201
-109
-104
-114
-33
21
-1
23
53
92
124
161
150
130
150
235
255
193
193
238
225
244
294
213
152
136
211
276
206
19
8
160
135
-34
-89
-54
-20
13
-128
-272
-142
-48
-172
-241
-162
-147
-114
-98
-149
-98
38
13
-60
26
96
139
80
22
104
194
137
67
44
13
83
113
-55
-169
-14
-23
-175
-159
-195
-273
-213
-182
-359
-346
-240
-295
-324
-252
-266
-267
-174
-160
-153
-66
-39
-61
0
77
125
151
117
138
262
262
246
273
271
279
363
337
283
310
261
292
382
294
135
222
222
181
219
107
16
153
214
35
24
80
26
57
128
55
24
-212
-359
124
371
-273
-682
-193
72
-68
-359
-684
-620
-77
-79
-679
-852
-630
-304
-294
-565
-699
-373
-301
-358
-123
-85
-172
15
189
86
380
519
178
223
555
496
521
620
241
239
666
598
296
366
269
226
499
473
172
89
198
235
324
103
-133
59
140
7
-41
-193
-386
-100
2
-365
-409
-160
-171
-250
-162
-255
-134
167
39
-181
37
331
343
-89
-373
303
779
66
-560
-65
306
108
-242
-655
-694
-62
20
-907
-1173
-686
-379
-564
-832
-954
-715
-408
-430
-442
-387
-267
-110
-3
-24
230
378
201
271
545
543
639
742
390
405
1020
943
524
716
813
724
949
923
318
504
1097
773
194
355
634
515
308
53
160
409
362
-56
-105
52
218
182
-59
-15
-214
-621
-323
530
-121
-1130
-763
-97
-160
-637
-1204
-1597
-779
-198
-1127
-2057
-1625
-1042
-964
-1177
-1510
-1396
-925
-667
-710
-541
-383
-295
-41
150
391
654
544
425
769
949
1000
1107
690
379
1033
1350
816
595
705
599
773
1088
613
224
517
779
557
316
377
363
278
266
420
311
129
175
241
187
181
342
184
276
91
-408
-309
590
463
-727
-808
-134
173
-363
-1100
-1490
-924
-297
-810
-1820
-2068
-1243
-805
-1182
-1692
-1519
-1155
-825
-583
-642
-584
-314
14
124
442
766
651
597
855
1077
1244
1243
893
679
1186
1432
1075
798
840
918
889
1010
797
517
409
647
582
434
492
298
6
192
622
348
84
-127
-108
287
645
258
-351
-541
-340
283
423
-370
-1065
-611
40
-30
-822
-1469
-1304
-637
-526
-1265
-1784
-1844
-1365
-1045
-1276
-1727
-1556
-1277
-1115
-695
-554
-734
-590
-136
81
516
658
338
358
897
1122
1140
1056
666
699
1338
1444
906
690
733
934
1135
1045
546
438
800
1011
818
485
509
763
850
686
642
442
425
706
799
536
535
365
-375
-99
507
364
-635
-825
-343
-175
-619
-1503
-1580
-1207
-840
-1405
-2093
-2244
-1757
-1327
-1764
-2161
-2009
-1426
-1296
-1190
-1174
-931
-533
-355
-123
186
503
516
744
952
1079
1415
1545
1294
1295
1507
1573
1691
1565
1085
1056
1525
1578
1279
762
533
926
1342
787
137
333
658
783
468
-123
-259
301
489
13
-156
43
-139
-487
-449
-187
-185
-647
-996
-841
-652
-873
-1264
-1611
-1634
-1204
-1209
-1953
-2260
-1716
-1463
-1538
-1549
-1596
-1511
-1006
-619
-574
-410
-220
22
443
789
829
864
1018
1205
1488
1631
1440
1208
1289
1555
1662
1399
1019
1085
1246
1163
1105
875
607
745
973
664
381
576
728
570
370
305
266
447
296
151
231
440
-2
-610
-420
55
-69
-736
-887
-840
-708
-906
-1392
-1711
-1658
-1391
-1727
-2145
-2272
-1942
-1954
-2034
-1963
-1812
-1616
-1460
-1194
-980
-611
-343
-145
52
448
807
909
1033
1111
1257
1496
1629
1433
1394
1573
1625
1474
1494
1403
1257
1234
1382
1367
1102
1009
1015
1023
1043
1183
976
711
718
766
847
657
509
348
664
599
-192
-538
-209
59
-472
-856
-1106
-943
-958
-1480
-1920
-1986
-1649
-1789
-2227
-2596
-2316
-1910
-2022
-2311
-2173
-1746
-1470
-1193
-1137
-946
-474
-139
10
405
803
813
1014
1381
1440
1550
1728
1503
1526
1866
1895
1558
1530
1526
1398
1445
1421
1164
982
1053
1023
884
769
754
793
692
667
358
327
582
607
174
202
449
-240
-626
-207
62
-623
-914
-830
-920
-1060
-1310
-1642
-1982
-1601
-1567
-2098
-2567
-2296
-1857
-2013
-2208
-2109
-1824
-1620
-1205
-1051
-991
-617
-143
85
353
752
796
1016
1452
1463
1390
1751
1640
1484
1712
1839
1563
1535
1587
1342
1273
1380
1379
975
862
984
1105
927
826
864
683
764
660
530
435
641
465
333
592
19
-585
-370
286
-301
-964
-1023
-956
-888
-1241
-1735
-2113
-1736
-1605
-2047
-2533
-2557
-2066
-1934
-2150
-2242
-1868
-1619
-1341
-1094
-928
-603
-175
90
287
806
1001
1069
1359
1472
1482
1834
1887
1432
1473
1864
1873
1593
1499
1287
1242
1469
1365
909
754
1022
988
778
677
757
712
644
423
132
413
448
305
-33
280
49
-641
-727
-222
-124
-944
-1158
-1147
-920
-1092
-1589
-2074
-1982
-1441
-1759
-2379
-2622
-2041
-1755
-1846
-2021
-1885
-1467
-1019
-720
-735
-372
142
447
602
1044
1355
1366
1564
1688
1767
1902
2085
1719
1437
1642
1913
1757
1311
981
1001
1318
1399
882
307
546
1038
892
451
258
429
575
422
65
73
299
206
35
272
29
-723
-936
-247
-39
-738
-1415
-1389
-887
-986
-1608
-2243
-2055
-1635
-1692
-2274
-2683
-2215
-1770
-1863
-2184
-1865
-1506
-1233
-996
-752
-437
-25
328
513
992
1282
1407
1588
1763
1740
1957
2227
1964
1625
1688
2036
1951
1588
1225
1144
1382
1540
1141
587
664
1079
1116
713
516
606
796
655
307
337
433
430
168
278
83
-555
-833
-461
-130
-841
-1543
-1487
-1038
-1259
-1917
-2313
-2288
-1922
-1949
-2495
-2983
-2542
-2005
-2103
-2372
-2165
-1744
-1454
-1181
-868
-432
-96
231
572
1031
1417
1627
1730
1861
2069
2329
2383
2191
1980
1872
2206
2336
1829
1333
1267
1331
1574
1498
600
233
906
1212
679
304
182
450
946
385
-229
-8
442
251
188
-26
-809
-785
-445
-364
-751
-1282
-1697
-1279
-899
-1778
-2366
-2190
-1944
-1931
-2056
-2733
-2859
-1972
-1814
-2261
-2121
-1709
-1565
-1058
-755
-643
-180
221
326
866
1443
1395
1573
1843
1829
2053
2424
2150
1837
1848
1980
2227
2121
1470
1012
1360
1803
1579
769
310
804
1313
1041
364
189
543
995
566
-28
117
364
415
301
439
-474
-1082
-461
261
-293
-1568
-1619
-1090
-635
-1443
-2370
-2409
-1882
-1473
-2173
-2907
-2938
-1988
-1842
-2363
-2415
-1987
-1586
-1331
-1044
-907
-380
-12
148
535
1097
1318
1436
1576
1615
1886
2348
2303
1663
1515
2124
2416
1865
1368
1250
1435
1749
1692
820
338
982
1389
930
506
436
515
807
566
220
193
367
327
344
410
-280
-883
-667
8
-136
-1314
-1806
-986
-634
-1700
-2362
-2083
-1975
-1885
-2145
-2751
-2757
-2027
-1937
-2552
-2200
-1636
-1453
-1302
-1026
-667
-74
349
214
609
1225
1538
1619
1706
1706
2062
2423
2143
1873
1830
1948
2133
2017
1312
1249
1615
1295
1101
1134
651
418
854
792
246
423
521
369
202
-13
64
245
230
-160
134
-38
-694
-666
-298
-189
-763
-1081
-1430
-981
-942
-1722
-2151
-1959
-1721
-1916
-2087
-2764
-2556
-1910
-1875
-2259
-2031
-1643
-1499
-846
-618
-542
-149
368
537
1035
1384
1326
1541
1873
1898
1961
2320
1790
1552
2160
2252
1615
1404
1414
1287
1595
1358
672
776
1205
902
672
731
593
753
865
142
77
733
483
11
146
334
-307
-529
-527
-463
-362
-757
-1381
-1347
-913
-1489
-1949
-2106
-2111
-1889
-2067
-2655
-2813
-2172
-2237
-2247
-1993
-1974
-1841
-1120
-818
-879
-259
61
174
668
1237
1219
1414
1788
1924
2069
2185
2154
2006
2127
2104
1999
1915
1738
1567
1476
1428
1303
1190
921
796
848
814
798
618
418
389
289
207
286
156
-183
-38
181
-593
-1214
-766
-376
-797
-1169
-1563
-1752
-1307
-1425
-2184
-2566
-2174
-1907
-2191
-2645
-2737
-2349
-2014
-2028
-2031
-1825
-1591
-1016
-565
-506
-271
258
596
908
1358
1517
1536
1903
2228
2107
2234
2305
2003
2155
2469
2011
1633
1930
1874
1546
1478
1236
1002
1278
1238
691
637
959
889
691
427
28
276
650
372
-211
-18
54
-556
-1163
-1008
-297
-492
-1371
-2213
-1641
-977
-1528
-2559
-2979
-2094
-1531
-2070
-3258
-3039
-2043
-1643
-1917
-2308
-2085
-1414
-571
-602
-722
-260
333
647
1008
1240
1271
1652
1833
1966
2097
2346
2097
1696
2077
2381
2069
1609
1561
1491
1796
1709
951
732
1062
1281
822
602
502
602
857
452
-163
234
474
159
-98
72
-137
-683
-799
-816
-450
-741
-1208
-1730
-1434
-1275
-1799
-2164
-2541
-2020
-1852
-2266
-2881
-2511
-2073
-2077
-1862
-1866
-1758
-1274
-660
-662
-304
137
305
640
1224
1333
1386
1823
2015
1937
2093
2250
1906
2054
2282
1945
1465
1771
1948
1474
1265
1100
1099
1210
1234
632
382
954
1156
796
172
-30
377
766
462
-236
-269
240
-26
-769
-1085
-565
-493
-962
-1568
-1741
-1366
-1488
-2023
-2606
-2304
-1915
-2125
-2864
-2936
-2242
-1991
-2057
-2174
-1919
-1578
-980
-727
-670
-310
273
645
869
1144
1280
1720
2081
2049
1914
2340
2352
1955
2264
2488
1959
1742
2009
1745
1579
1560
1115
909
1298
1169
677
646
622
678
859
154
-322
302
426
-36
-191
-2
-262
-705
-1077
-994
-499
-747
-1587
-1909
-1417
-1476
-1837
-2412
-2819
-2127
-1597
-2425
-3125
-2511
-1956
-1917
-1807
-1916
-1857
-999
-551
-641
-280
267
494
991
1352
1275
1745
2138
2111
2156
2428
2469
2334
2292
2211
2260
2025
1685
1791
1838
1370
1118
1202
881
855
924
458
430
772
590
92
-74
-17
-31
68
-193
-505
-199
-298
-1271
-1345
-628
-779
-1288
-1574
-1883
-1682
-1376
-2023
-2699
-2393
-1868
-2015
-2415
-2674
-2490
-1762
-1667
-1907
-1795
-1325
-964
-575
-246
-177
326
837
1015
1118
1494
1814
2059
2215
2056
2177
2531
2328
2127
2243
2098
1825
1918
1856
1390
1323
1304
1123
1033
909
592
608
794
473
372
123
-45
176
218
-183
-261
-18
-289
-854
-909
-538
-498
-1445
-1780
-1043
-763
-1829
-2639
-2275
-1932
-1719
-2202
-3033
-2793
-1818
-1658
-2551
-2515
-1853
-1255
-1071
-1062
-1043
-499
303
525
669
887
1129
1582
2019
1974
2012
2284
2429
2461
2187
2175
2510
2376
1814
1757
1909
1736
1535
1206
776
852
1270
922
344
351
600
639
169
-188
-32
119
-15
-51
-157
-440
-749
-1027
-978
-873
-1023
-1435
-1877
-1810
-1699
-1951
-2380
-2745
-2528
-1990
-2142
-2640
-2688
-2409
-2070
-1616
-1723
-1926
-1473
-720
-441
-281
-49
229
863
1295
1337
1493
1977
2279
2338
2446
2604
2591
2512
2490
2433
2483
2342
1984
1635
1628
1620
1368
1052
789
811
891
844
483
219
218
221
99
28
-233
-300
-135
-12
-522
-1230
-1339
-938
-643
-1169
-1824
-2111
-1789
-1630
-2099
-2658
-2843
-2161
-1932
-2327
-2752
-2608
-2128
-1883
-1714
-1870
-1651
-1081
-680
-589
-281
189
387
767
1083
1405
1672
1898
2117
2290
2586
2499
2348
2394
2559
2567
2231
1877
1822
2001
1625
1194
1076
1041
1119
995
625
388
684
775
277
-100
72
186
221
-83
-360
-159
-367
-1179
-1339
-629
-901
-1434
-1811
-1970
-1809
-1632
-2175
-2921
-2380
-1945
-2061
-2479
-2608
-2468
-1991
-1559
-1867
-1793
-1410
-962
-584
-257
-231
34
715
986
1102
1452
1743
2036
2234
2281
2460
2546
2365
2329
2510
2232
2114
2017
1639
1499
1532
1259
986
1120
748
574
825
706
487
377
53
-7
444
130
-204
-136
5
-200
-776
-1260
-1157
-536
-989
-1826
-1926
-1766
-1850
-1971
-2347
-2992
-2374
-1789
-2442
-2836
-2495
-2331
-2098
-1637
-1850
-1941
-1171
-681
-585
-244
6
272
987
1280
1166
1648
2169
2331
2389
2460
2504
2684
2656
2321
2289
2277
2164
1940
1715
1468
1432
1368
989
894
922
784
647
670
584
425
161
100
296
151
-148
-184
61
-361
-1018
-1131
-800
-790
-1241
-1668
-1980
-1831
-1834
-2094
-2681
-2811
-2333
-2233
-2547
-2879
-2624
-2369
-2126
-1966
-1979
-1803
-1333
-800
-617
-351
33
445
798
1127
1325
1494
2013
2402
2277
2291
2531
2556
2570
2464
2120
2091
2362
2120
1579
1357
1478
1511
1251
984
739
845
954
949
624
225
204
483
350
23
-113
-59
176
-451
-1266
-1142
-379
-693
-1525
-1900
-1850
-1637
-1702
-2379
-3028
-2401
-1926
-2295
-2835
-2870
-2501
-2002
-1897
-2261
-1955
-1431
-1039
-741
-435
-306
194
790
868
1104
1597
1972
2095
2265
2281
2460
2611
2530
2297
2146
2237
2194
2080
1732
1393
1387
1567
1323
872
695
838
902
802
678
363
66
346
451
-1
-89
-54
100
-144
-847
-1225
-722
-475
-1314
-1749
-1823
-1758
-1815
-2006
-2699
-2828
-2030
-2234
-2698
-2728
-2585
-2453
-1999
-1928
-2205
-1754
-1193
-901
-599
-253
-174
347
1035
1137
1313
1691
2022
2273
2345
2329
2365
2572
2500
2258
2168
2124
2105
1909
1573
1364
1530
1400
1075
1022
898
910
902
903
686
376
304
413
462
201
11
-11
158
-385
-936
-954
-693
-831
-1257
-1554
-1961
-1892
-1855
-2177
-2822
-2603
-2194
-2432
-2687
-2807
-2507
-2337
-2008
-2071
-2049
-1625
-1067
-770
-642
-249
106
638
981
1151
1332
1742
2269
2394
2229
2221
2375
2509
2480
2103
1784
1971
2186
1829
1359
1183
1261
1255
1135
842
596
743
948
853
397
68
397
577
301
24
-3
240
78
-768
-1258
-672
-332
-1123
-1752
-1854
-1745
-1679
-1988
-2728
-2883
-2155
-2027
-2557
-2877
-2649
-2215
-1898
-1833
-2051
-1714
-1095
-653
-503
-366
26
617
1023
1080
1430
1929
2075
2218
2335
2372
2498
2502
2274
2096
2226
2145
1919
1661
1390
1374
1341
1081
716
761
798
707
644
473
452
296
220
247
178
57
33
168
34
-678
-1117
-793
-361
-862
-1603
-1820
-1616
-1611
-1961
-2501
-2857
-2281
-1942
-2408
-2845
-2678
-2290
-2018
-1925
-2083
-1857
-1232
-764
-694
-500
-37
466
883
1011
1244
1803
1947
2111
2397
2378
2354
2487
2384
2124
2294
2066
1778
1846
1706
1224
1161
1266
844
820
853
598
587
775
556
267
315
246
314
218
-6
66
298
-329
-1184
-828
-410
-803
-1315
-1797
-1924
-1556
-1653
-2535
-2732
-2385
-2156
-2206
-2619
-2872
-2477
-1866
-2004
-2134
-1852
-1472
-902
-557
-494
-308
420
812
960
1290
1676
2067
2180
2265
2264
2631
2725
2381
2239
2377
2334
2084
2006
1557
1395
1505
1427
935
711
819
782
729
661
468
175
132
321
242
-38
-69
-88
-31
-298
-861
-1157
-902
-758
-1292
-1658
-2004
-1922
-1950
-2244
-2717
-2757
-2295
-2449
-2609
-2795
-2543
-2282
-2031
-1980
-1994
-1527
-1086
-548
-464
-205
167
733
1098
1283
1772
1957
2223
2417
2603
2480
2651
2727
2494
2430
2335
2173
2009
1910
1522
1324
1330
1106
864
758
588
552
720
558
271
84
129
207
150
-25
-210
-6
-157
-883
-1208
-683
-670
-1416
-1709
-1731
-1774
-1884
-2293
-2779
-2637
-2115
-2242
-2672
-2803
-2517
-2190
-1962
-2047
-2007
-1585
-1048
-629
-479
-397
126
747
955
1092
1529
1903
2250
2467
2368
2282
2677
2902
2549
2305
2304
2316
2333
2077
1466
1232
1462
1406
920
609
648
704
720
594
256
-98
43
475
228
-293
-316
28
-48
-784
-1375
-1288
-488
-916
-1850
-2291
-1871
-1621
-2157
-2747
-3071
-2385
-1995
-2369
-3027
-2873
-2203
-1849
-1819
-2223
-1911
-1212
-451
-483
-486
-46
550
1181
1170
1319
1735
2476
2546
2338
2382
2634
3043
2886
2446
2111
2496
2598
2188
1597
1230
1429
1597
1278
574
457
806
904
563
268
-106
14
354
167
-320
-402
-129
-48
-673
-1483
-1266
-767
-1019
-1707
-2128
-2139
-1968
-1989
-2658
-3109
-2655
-2071
-2293
-2736
-2870
-2470
-1866
-1699
-1939
-1890
-1269
-647
-265
-229
-69
486
1090
1261
1408
1913
2325
2506
2444
2417
2610
3027
2860
2437
2318
2440
2528
2263
1655
1223
1467
1584
1177
702
530
635
827
679
134
-144
-24
276
194
-203
-547
-282
100
-576
-1415
-1501
-897
-972
-1470
-2144
-2358
-1976
-1904
-2540
-3172
-2744
-2222
-2210
-2623
-2957
-2677
-2064
-1692
-2023
-1997
-1500
-803
-366
-317
-158
305
949
1214
1389
1746
2242
2571
2516
2498
2646
3012
2959
2650
2422
2487
2590
2423
1922
1381
1470
1679
1432
827
644
780
838
766
264
-160
-37
407
174
-310
-421
-284
-38
-577
-1482
-1474
-804
-1006
-1782
-1994
-2182
-2154
-2039
-2540
-3145
-2801
-2160
-2342
-2614
-2771
-2678
-2090
-1653
-1858
-1929
-1333
-733
-291
-100
-44
390
1048
1373
1490
1880
2204
2547
2742
2549
2584
2945
2937
2686
2539
2366
2350
2415
1998
1336
1331
1473
1193
877
658
492
638
686
268
-263
-219
108
91
-310
-614
-435
-184
-685
-1501
-1629
-988
-963
-1661
-2324
-2266
-2027
-2075
-2491
-3154
-2981
-2232
-2030
-2539
-2942
-2642
-2106
-1594
-1683
-1868
-1436
-623
-149
-25
39
340
1012
1422
1608
2046
2406
2468
2590
2779
2700
2892
2899
2533
2420
2691
2474
2145
1952
1518
1412
1619
1306
684
676
789
671
559
294
-271
-240
141
31
-379
-511
-396
-250
-831
-1510
-1237
-864
-1262
-1901
-2025
-2120
-1932
-2145
-2871
-3012
-2450
-2096
-2515
-2647
-2794
-2483
-1905
-1704
-1926
-1866
-1134
-522
-110
-171
43
529
1142
1482
1636
1859
2184
2796
2809
2491
2632
3003
2786
2661
2564
2248
2362
2446
1822
1236
1444
1404
1061
782
475
411
658
570
-84
-340
-169
-44
-152
-364
-616
-368
-287
-1194
-1689
-1091
-757
-1400
-1972
-2240
-2041
-1785
-2221
-2952
-2957
-2289
-2098
-2335
-2704
-2721
-2194
-1716
-1695
-1763
-1577
-1124
-373
39
-68
90
730
1179
1391
1932
2189
2266
2579
2795
2675
2833
3027
2587
2470
2596
2590
2312
2110
1671
1352
1547
1397
947
477
535
668
649
275
-223
-418
-114
21
-370
-718
-623
-326
-736
-1458
-1560
-1139
-1074
-1564
-2090
-2303
-2029
-1991
-2437
-2982
-2793
-2257
-2137
-2446
-2765
-2576
-2002
-1650
-1752
-1861
-1414
-722
-183
-71
43
388
945
1426
1682
1895
2173
2688
2833
2706
2775
3078
3011
2673
2617
2518
2567
2512
2071
1498
1450
1616
1238
873
624
502
628
627
173
-377
-224
-32
-205
-497
-710
-558
-414
-1157
-1824
-1450
-1078
-1441
-1861
-2407
-2493
-1929
-2114
-2994
-3138
-2523
-2270
-2258
-2520
-2946
-2458
-1635
-1583
-1882
-1636
-1252
-479
146
60
102
752
1252
1446
1995
2294
2408
2795
2908
2782
3081
3214
2824
2635
2642
2683
2706
2335
1681
1606
1696
1487
1157
714
426
663
781
212
-194
-358
-294
-145
-400
-903
-821
-352
-1003
-1724
-1775
-1232
-1274
-1829
-2378
-2567
-2138
-2144
-2550
-3220
-2972
-2238
-2101
-2590
-2909
-2488
-2146
-1605
-1534
-1742
-1638
-738
17
88
166
413
981
1475
1851
2074
2419
2696
2815
2954
3022
3123
3050
2899
2691
2647
2667
2534
2166
1802
1588
1517
1451
1067
616
567
671
531
254
-268
-540
-163
-105
-549
-983
-674
-624
-1243
-1799
-1665
-1325
-1665
-1977
-2423
-2518
-2352
-2324
-2739
-3174
-2732
-2348
-2399
-2739
-2644
-2380
-2023
-1732
-1695
-1547
-1145
-497
-88
190
442
793
1198
1523
1926
2368
2669
2757
2776
2931
3161
3234
2968
2695
2641
2718
2696
2406
1836
1522
1701
1634
1180
771
525
615
787
487
-143
-490
-267
-16
-300
-818
-870
-607
-930
-1704
-1787
-1366
-1470
-1998
-2363
-2516
-2331
-2467
-2953
-3040
-2836
-2598
-2550
-2658
-2837
-2600
-2114
-1891
-1775
-1578
-1271
-831
-194
106
365
702
973
1529
1986
2112
2397
3027
3059
2881
3124
3243
2995
2984
2951
2504
2609
2772
2115
1595
1659
1551
1273
1100
670
442
696
573
115
-211
-413
-321
-252
-616
-960
-721
-947
-1517
-1731
-1656
-1443
-1659
-2257
-2795
-2432
-2173
-2696
-3113
-3067
-2678
-2489
-2473
-2961
-2820
-2207
-1900
-1795
-1726
-1460
-1028
-279
15
229
607
959
1376
1799
2172
2522
2896
2883
2936
3201
3336
3300
2975
2676
2757
3016
2673
2098
1812
1731
1748
1689
1092
544
670
806
664
311
-131
-555
-267
-74
-470
-763
-841
-923
-1257
-1500
-1787
-1633
-1688
-2129
-2462
-2609
-2548
-2647
-2848
-3347
-2969
-2440
-2639
-3036
-2963
-2625
-2215
-1622
-1888
-1958
-1216
-372
-155
75
401
621
1371
1916
1960
2155
2807
3050
3053
3153
3150
3253
3273
2987
2702
2801
2878
2596
2045
1638
1687
1768
1410
905
641
633
809
695
42
-489
-319
-44
-223
-647
-817
-777
-1129
-1540
-1678
-1597
-1648
-1917
-2331
-2740
-2538
-2490
-2926
-3285
-3127
-2705
-2631
-2799
-3148
-2902
-2320
-1962
-1857
-1865
-1564
-892
-84
164
267
645
1087
1709
2227
2353
2313
2935
3416
3331
3260
3272
3152
3224
3337
2700
2456
2788
2574
1883
1570
1467
1309
1347
961
409
502
663
355
-109
-435
-452
-247
-282
-836
-909
-1078
-1562
-1774
-1549
-1710
-2051
-2199
-2724
-2749
-2591
-2866
-3355
-3154
-2883
-2850
-2688
-3086
-3138
-2588
-1979
-2055
-1850
-1548
-1258
-399
142
200
473
1109
1393
1965
2431
2486
2780
3360
3296
3233
3607
3242
3040
3322
3074
2522
2832
2621
1892
1861
1710
1282
1216
1193
562
651
749
336
30
-212
-362
-298
-173
-786
-765
-923
-1588
-1775
-1403
-1616
-2227
-2206
-2643
-2694
-2557
-3007
-3540
-3144
-2744
-3018
-2980
-3156
-3166
-2615
-2002
-2195
-2180
-1606
-1111
-454
-50
84
457
1078
1398
1782
2350
2670
2844
3125
3334
3487
3622
3317
3037
3223
3314
2989
2686
2423
2255
2130
1816
1493
1242
1027
914
896
639
338
47
-316
-282
-230
-387
-734
-654
-1123
-1675
-1603
-1522
-1847
-2256
-2295
-2547
-2583
-2863
-3268
-3354
-3143
-2989
-3068
-3123
-3334
-3060
-2723
-2431
-2183
-1967
-1835
-1287
-555
-276
4
502
941
1302
1776
2252
2697
3052
3126
3192
3572
3699
3522
3321
3172
3203
3208
2917
2509
2328
1988
1857
1801
1345
922
914
916
656
598
116
-340
-175
-45
-436
-702
-578
-1229
-1588
-1642
-1522
-1811
-2191
-2511
-2841
-2581
-2917
-3268
-3541
-3315
-3078
-2997
-3214
-3508
-3171
-2861
-2401
-2263
-2098
-1883
-1215
-616
-307
152
501
939
1367
1895
2329
2854
3134
3144
3314
3589
3832
3692
3249
3095
3407
3455
3045
2622
2162
2000
2297
2061
1179
818
1081
1095
923
542
-243
-350
43
-13
-474
-734
-841
-1346
-1602
-1671
-1640
-2098
-2546
-2674
-2639
-2781
-3198
-3420
-3665
-3328
-2890
-3207
-3717
-3423
-2956
-2862
-2452
-2271
-2301
-1852
-878
-635
-492
100
550
898
1607
2125
2330
2772
3241
3400
3542
3817
3857
3656
3562
3639
3575
3321
3138
2937
2551
2186
2191
1967
1517
1254
1128
921
807
678
-41
-313
-150
-97
-573
-759
-1048
-1588
-1698
-1714
-1842
-2391
-2554
-2868
-2938
-3002
-3285
-3653
-3749
-3358
-3354
-3304
-3649
-3564
-3245
-2748
-2598
-2518
-2181
-1798
-1051
-592
-263
35
617
977
1497
2302
2655
2739
3030
3542
3670
3941
3759
3441
3595
3827
3605
3223
3055
2830
2717
2374
2086
1857
1630
1363
1254
1104
818
553
117
-125
-92
-73
-565
-637
-856
-1580
-1821
-1464
-1699
-2502
-2529
-2862
-3037
-2968
-3218
-3915
-3835
-3322
-3395
-3455
-3708
-3708
-3351
-2662
-2587
-2607
-2296
-1763
-950
-569
-264
79
672
982
1632
2354
2561
2779
3164
3412
3553
4065
3749
3343
3654
3837
3523
3353
3203
2666
2650
2603
2292
1879
1688
1431
1294
1272
926
505
106
81
-71
-238
-509
-487
-1192
-1952
-1611
-1384
-2014
-2623
-2628
-3041
-2930
-2898
-3564
-4056
-3641
-3215
-3505
-3575
-3800
-3673
-3176
-2661
-2617
-2568
-2218
-1658
-878
-597
-272
190
581
980
1864
2451
2463
2936
3226
3299
3737
4037
3551
3439
3776
3587
3511
3584
3025
2480
2643
2670
2235
1843
1510
1313
1417
1335
873
279
84
212
167
-420
-588
-523
-1198
-1737
-1605
-1675
-2194
-2250
-2877
-3405
-2960
-2856
-3693
-4090
-3572
-3455
-3332
-3566
-3997
-3832
-2900
-2565
-2777
-2574
-2190
-1394
-823
-532
-299
327
773
1298
1951
2136
2583
3293
3343
3103
3740
4060
3799
3734
3548
3274
3670
3883
2917
2305
2536
2748
2452
1984
1397
1352
1591
1403
853
288
213
353
376
-367
-512
-574
-1311
-1787
-1540
-1697
-2395
-2448
-2967
-3348
-3170
-3210
-3824
-3995
-3654
-3676
-3549
-3709
-3916
-3815
-3127
-2693
-2601
-2519
-2231
-1381
-795
-446
-119
280
654
1503
2331
2333
2584
3090
3371
3516
3969
3734
3313
3809
3902
3365
3310
3451
2933
2659
2655
2374
2165
2033
1673
1421
1487
1312
901
475
189
224
230
-268
-513
-794
-1466
-1574
-1332
-1936
-2540
-2448
-2886
-3232
-3080
-3436
-4054
-3760
-3478
-3772
-3741
-3832
-4029
-3516
-2852
-2944
-2814
-2303
-1891
-1229
-681
-512
-90
682
972
1521
2263
2515
2821
3364
3390
3367
3971
3833
3529
3730
3668
3322
3562
3436
2722
2570
2638
2426
2175
1927
1443
1465
1492
1096
675
443
215
311
165
-361
-560
-953
-1533
-1621
-1319
-2048
-2538
-2627
-2984
-3248
-3234
-3687
-4154
-3633
-3590
-3796
-3896
-3820
-3868
-3401
-2928
-2940
-2611
-2214
-1625
-1138
-577
-346
188
621
1003
1910
2451
2442
2705
3266
3366
3855
3965
3324
3376
3932
3726
3431
3377
2845
2819
2978
2589
2056
2044
1784
1726
1809
1257
692
673
665
390
291
-205
-303
-427
-1167
-1533
-1263
-1622
-2414
-2371
-2864
-3249
-3012
-3358
-4162
-3895
-3392
-3854
-3920
-3987
-4086
-3677
-3006
-3094
-3000
-2500
-2120
-1422
-910
-752
-280
443
693
1348
2001
2072
2739
3437
3138
3201
3928
3681
3619
3973
3432
3122
3906
3614
2637
2676
2647
2349
2532
2168
1377
1621
1774
1333
962
600
403
599
265
-196
-102
-875
-1608
-1154
-1112
-2188
-2397
-2504
-3260
-3022
-2923
-3992
-4225
-3408
-3704
-4051
-3870
-4143
-4021
-3238
-3098
-3363
-2753
-2285
-1847
-1279
-1018
-629
139
471
915
1900
2091
2324
3108
3259
3122
3767
3952
3423
3779
3915
3336
3468
3816
3028
2600
2886
2652
2328
2204
1863
1691
1869
1578
998
629
659
720
491
-119
-105
-318
-1211
-1333
-1101
-1678
-2315
-2135
-2876
-3274
-2900
-3297
-4139
-3957
-3438
-3943
-3917
-4032
-4197
-3865
-3068
-3081
-3237
-2645
-2151
-1546
-1136
-698
-344
168
702
1558
2106
2066
2644
3184
3177
3424
3923
3512
3448
4017
3546
3080
3640
3535
2650
2641
2763
2366
2239
2137
1565
1606
1781
1341
672
514
584
672
223
-237
-289
-856
-1318
-1099
-1264
-2110
-2219
-2354
-3026
-2945
-2977
-3797
-4018
-3395
-3619
-3992
-3896
-4087
-4059
-3323
-3020
-3270
-2934
-2349
-1821
-1279
-983
-673
-9
389
929
1879
2109
2190
2979
3321
3153
3770
3949
3430
3642
4007
3476
3387
3620
2977
2692
2960
2714
2167
2155
1879
1661
1732
1508
963
672
702
714
508
0
-51
-470
-1155
-1229
-943
-1633
-2297
-2262
-2684
-3052
-3048
-3430
-4197
-3779
-3411
-3931
-4159
-4057
-4090
-3872
-3240
-3201
-3134
-2753
-2168
-1619
-1149
-836
-401
92
552
1473
2110
2095
2458
3158
3269
3505
3924
3612
3433
3986
3864
3185
3532
3523
2805
2742
2970
2302
2072
2269
1820
1571
1774
1401
700
700
756
648
232
-2
-164
-777
-1284
-1128
-1133
-2049
-2195
-2254
-2933
-3229
-3014
-3631
-4080
-3433
-3611
-4111
-3934
-3753
-4152
-3721
-2996
-3114
-2937
-2385
-1955
-1526
-836
-472
-140
206
847
1736
2073
2160
2751
3096
3156
3741
3766
3176
3562
4118
3406
3153
3535
3037
2618
2911
2546
1913
2207
2047
1497
1554
1508
946
684
691
603
464
102
-10
-517
-1202
-1117
-797
-1623
-2434
-2165
-2441
-2934
-3008
-3436
-4113
-3560
-3204
-3931
-4079
-3865
-3972
-3777
-3117
-3157
-3153
-2592
-2039
-1541
-1090
-788
-356
194
728
1572
2040
1968
2517
3212
3150
3454
3935
3470
3407
3978
3578
3111
3598
3326
2561
2794
2815
2218
2084
1982
1606
1641
1715
1198
677
631
722
712
180
-81
-196
-899
-1206
-860
-1284
-2202
-1960
-2235
-3018
-2904
-2990
-3903
-3903
-3228
-3740
-3970
-3778
-4034
-4021
-3351
-3146
-3208
-2734
-2368
-1893
-1305
-896
-545
-3
295
972
1900
2041
2340
2896
2940
3203
4060
3732
3186
3633
3759
3454
3567
3360
2589
2804
3022
2495
2099
1984
1802
1885
1780
1145
819
760
738
743
400
-96
-73
-545
-1154
-988
-1083
-1873
-1992
-2073
-2827
-2919
-2883
-3474
-3871
-3452
-3625
-3861
-3721
-3929
-4052
-3682
-3183
-3037
-2800
-2702
-2136
-1426
-1031
-726
-309
21
728
1823
1877
1856
2607
3002
3074
3672
3539
3129
3700
3870
3087
3195
3543
2947
2779
2872
2364
2165
2439
1927
1618
1791
1493
1102
990
690
536
614
204
7
-419
-1050
-1134
-857
-1548
-2056
-2046
-2631
-2950
-2740
-3220
-4013
-3562
-3402
-3789
-3732
-3800
-4159
-3738
-3091
-3288
-3046
-2549
-2235
-1737
-1080
-889
-474
174
567
1281
1948
2116
2427
2970
2991
3405
3816
3488
3468
3840
3448
3184
3634
3189
2675
2836
2716
2189
2339
2136
1652
1760
1795
1198
852
872
591
626
387
105
-284
-871
-1219
-873
-1016
-1958
-2234
-2546
-2725
-2608
-2947
-4068
-3989
-3168
-3449
-3776
-3914
-4158
-3957
-3074
-3075
-3299
-2865
-2346
-1729
-1185
-874
-712
-24
389
912
1793
2098
2266
2664
2853
3187
3907
3642
3191
3537
3538
3259
3457
3270
2447
2608
2924
2412
2175
2022
1508
1663
1961
1444
788
683
639
837
737
140
-186
-568
-996
-905
-855
-1788
-2129
-2085
-2654
-2692
-2726
-3567
-4136
-3347
-3349
-3771
-3744
-3944
-4117
-3485
-2948
-3245
-2995
-2510
-2057
-1433
-936
-722
-366
166
724
1661
1942
1950
2480
2977
3061
3522
3603
3202
3562
3860
3206
2936
3453
3012
2456
2681
2502
2028
2286
2043
1434
1607
1659
1199
749
696
555
700
537
158
-389
-1053
-977
-625
-1116
-2189
-2211
-2159
-2453
-2614
-3218
-4029
-3691
-2994
-3583
-3972
-3894
-3959
-3710
-3083
-3221
-3340
-2635
-2146
-1829
-1225
-840
-564
124
545
997
1818
2069
2152
2762
3106
3069
3525
3532
3177
3552
3685
2920
2930
3202
2636
2421
2636
2171
1847
2165
1850
1429
1475
1303
904
809
681
578
505
254
55
-514
-1012
-886
-702
-1607
-2105
-1958
-2369
-2726
-2722
-3275
-3973
-3371
-3245
-3788
-3765
-3648
-3936
-3590
-2907
-3075
-2959
-2428
-1933
-1443
-898
-604
-293
226
800
1599
1895
1910
2477
3025
2933
3251
3536
3257
3495
3771
2983
2725
3419
3047
2245
2290
2337
2026
2196
1879
1243
1438
1729
1230
716
550
513
770
500
180
-211
-865
-1051
-568
-937
-1983
-2085
-2271
-2492
-2491
-2913
-3889
-3852
-3200
-3462
-3677
-3744
-3949
-3737
-3031
-2953
-3018
-2615
-2252
-1740
-1104
-713
-445
-32
330
1092
1924
2006
2072
2652
2938
3225
3552
3176
3062
3751
3705
2782
2852
3106
2744
2493
2233
1794
1906
2229
1626
1243
1262
1393
1192
807
347
393
777
447
190
-547
-995
-731
-389
-1373
-2143
-1918
-2259
-2360
-2567
-3266
-3922
-3308
-3153
-3677
-3738
-3778
-3824
-3483
-2994
-3159
-2899
-2424
-2031
-1534
-1047
-572
-122
230
520
1409
2056
2009
2321
2803
2849
3228
3528
3022
3128
3710
3270
2822
3109
2758
2238
2396
2206
1692
1880
1875
1459
1398
1272
1057
867
609
396
571
524
254
2
-745
-991
-511
-720
-1737
-1864
-1846
-2281
-2364
-2702
-3543
-3601
-3149
-3544
-3684
-3571
-3846
-3774
-3174
-2990
-3024
-2613
-2392
-1848
-1118
-810
-507
66
362
880
1820
1962
1984
2617
2903
2803
3301
3473
3053
3342
3592
2973
2702
3106
2665
2146
2221
2007
1688
1868
1743
1164
1217
1378
1055
576
347
406
645
380
115
-174
-811
-953
-554
-916
-1812
-1858
-2066
-2421
-2380
-2676
-3662
-3743
-3087
-3360
-3702
-3683
-3798
-3711
-2950
-2774
-3021
-2620
-2065
-1605
-1056
-556
-315
78
581
1203
1835
1989
2210
2719
2884
2963
3361
3387
3116
3418
3368
2779
2941
3161
2427
1954
2096
1920
1773
1764
1261
1017
1421
1448
874
389
222
401
699
408
101
-400
-928
-742
-293
-996
-2038
-1973
-1902
-2121
-2400
-3013
-3672
-3430
-3013
-3414
-3769
-3813
-3655
-3405
-2963
-2889
-2844
-2497
-2024
-1475
-1042
-518
-88
181
491
1364
2020
1989
2293
2764
2838
3167
3516
3061
2995
3586
3365
2713
2932
2887
2340
2168
2083
1682
1703
1854
1360
1106
1209
1168
882
584
238
324
468
332
262
-471
-1248
-854
-293
-1263
-2001
-1991
-2399
-2294
-2195
-3204
-4046
-3292
-2969
-3516
-3679
-3814
-3851
-3247
-2696
-2983
-2812
-2295
-1916
-1311
-747
-515
-126
350
722
1538
1998
2001
2513
2895
2836
3229
3635
3041
3097
3647
3106
2839
3240
2718
2043
2344
2140
1569
1810
1636
1146
1319
1358
934
679
446
258
548
356
110
153
-642
-1230
-675
-563
-1601
-1792
-1986
-2565
-2229
-2229
-3522
-3925
-3072
-3226
-3518
-3601
-3964
-3809
-2904
-2704
-3003
-2680
-2386
-1739
-973
-725
-545
76
391
949
1832
1840
1914
2737
2905
2792
3479
3359
2804
3441
3725
2883
2859
3128
2537
2277
2399
1785
1563
1926
1597
1206
1267
1229
982
727
501
402
423
302
396
-60
-932
-898
-481
-964
-1623
-1646
-2225
-2454
-2069
-2725
-3720
-3468
-3058
-3590
-3618
-3594
-3920
-3650
-2886
-2872
-3033
-2503
-2081
-1662
-998
-502
-311
59
628
1301
1736
1880
2289
2664
2740
3099
3572
3154
2947
3478
3383
2817
3057
2965
2193
2250
2380
1623
1386
1853
1392
1102
1372
1128
547
587
560
290
397
225
126
-331
-861
-1034
-693
-1068
-1722
-1928
-2373
-2255
-2231
-2922
-3836
-3315
-3035
-3534
-3591
-3752
-3892
-3261
-2514
-3049
-2955
-2291
-1916
-1383
-731
-573
-368
448
909
1322
1597
1865
2600
3033
2673
2953
3564
3157
3205
3500
2836
2798
3498
2807
1992
2257
2033
1628
2007
1661
814
1298
1593
988
704
527
194
602
699
97
124
-389
-919
-560
-630
-1561
-1485
-1600
-2510
-2208
-2268
-3343
-3517
-2934
-3539
-3638
-3191
-3823
-3869
-3009
-2924
-3149
-2460
-2391
-2136
-1181
-853
-735
-60
302
560
1541
1797
1764
2514
2780
2623
3300
3460
2879
3109
3409
3076
2907
2933
2567
2426
2333
1921
1528
1558
1641
1415
1119
923
1140
930
362
284
433
397
363
210
-601
-911
-621
-523
-1104
-1724
-2137
-2202
-1959
-2399
-3193
-3662
-3330
-2984
-3318
-3824
-3958
-3547
-3043
-2694
-2879
-2887
-2295
-1554
-1160
-816
-403
-137
347
1022
1526
1766
2059
2477
2725
2841
3104
3288
3183
3126
3144
2999
2899
3004
2655
2109
1991
2079
1819
1560
1333
1090
1234
1342
1041
479
316
468
647
463
76
-77
-447
-737
-740
-719
-1310
-1726
-2002
-2282
-2314
-2557
-3166
-3612
-3349
-3239
-3433
-3689
-3854
-3669
-3151
-2768
-2785
-2653
-2326
-1652
-999
-669
-427
-3
395
947
1620
1797
1971
2493
2762
2796
3262
3319
2948
2999
3330
3164
2827
2812
2579
2268
2123
2026
1595
1420
1450
1332
1107
1006
1154
701
379
296
532
381
298
140
-580
-880
-686
-520
-1371
-1733
-1935
-2110
-2166
-2535
-3133
-3605
-3117
-3165
-3501
-3837
-3654
-3468
-3118
-2721
-2800
-2607
-2117
-1486
-1130
-705
-269
123
491
927
1582
1990
2081
2257
2759
2996
3134
3177
2866
2879
3389
3111
2563
2607
2527
2201
2054
1910
1419
1443
1501
1222
995
1049
987
669
514
300
520
403
242
5
-648
-1033
-546
-444
-1556
-1941
-1903
-2107
-2322
-2585
-3414
-3696
-2927
-3057
-3751
-3878
-3629
-3394
-2935
-2757
-2931
-2587
-1966
-1441
-1017
-733
-259
285
561
950
1773
2058
1992
2528
2812
2774
3198
3492
2888
2922
3423
2923
2684
3035
2560
1793
2156
2139
1498
1443
1350
964
1185
1429
852
386
341
398
646
398
51
-167
-582
-837
-480
-691
-1716
-1746
-1771
-2318
-2358
-2426
-3454
-3741
-2920
-3284
-3759
-3726
-3767
-3626
-2792
-2662
-3070
-2514
-1857
-1438
-981
-587
-367
238
642
978
1712
2015
2129
2565
2772
2792
3457
3454
2643
2830
3379
3107
2864
2696
1971
2029
2556
1932
1118
1245
1357
1288
1299
926
536
567
648
524
515
171
176
4
-584
-848
-489
-775
-1558
-1607
-2014
-2268
-2219
-2683
-3652
-3401
-2906
-3439
-3656
-3723
-3771
-3471
-2725
-2837
-2950
-2373
-1839
-1348
-906
-532
-260
285
713
1273
1819
1974
2250
2657
2784
2941
3421
3302
2907
3035
3134
2944
3004
2780
2052
1862
2272
2059
1380
1185
1114
1241
1371
1177
522
244
412
595
493
85
73
-274
-666
-711
-456
-948
-1696
-1721
-1975
-2221
-2409
-2814
-3603
-3470
-3054
-3366
-3640
-3802
-3744
-3480
-2787
-2699
-2776
-2460
-1872
-1289
-816
-398
-205
201
682
1391
1930
2041
2181
2531
2777
3027
3452
3144
2698
3083
3415
2982
2752
2626
2102
2049
2313
1828
1245
1383
1346
1162
1183
1146
591
402
544
481
405
331
266
-400
-852
-669
-391
-979
-1692
-1863
-2098
-2171
-2342
-2982
-3713
-3417
-3044
-3458
-3823
-3780
-3695
-3421
-2834
-2727
-2725
-2335
-1728
-1257
-787
-271
10
203
720
1542
1966
2139
2410
2553
2731
3335
3564
3011
2921
3198
3112
3039
2977
2390
2014
2206
2157
1774
1389
1254
1206
1315
1208
1024
696
333
409
663
439
167
177
-566
-907
-467
-532
-1307
-1677
-1947
-2279
-2071
-2411
-3346
-3720
-3253
-3212
-3433
-3737
-4067
-3683
-3077
-2870
-2866
-2643
-2386
-1636
-1039
-840
-381
142
337
831
1705
1923
2096
2581
2639
2778
3495
3509
2859
2957
3344
3197
3006
2826
2271
2199
2442
2086
1557
1417
1418
1337
1232
1042
974
667
464
548
552
215
344
179
-677
-874
-452
-708
-1440
-1614
-2109
-2434
-2238
-2593
-3488
-3634
-3310
-3501
-3574
-3797
-3968
-3748
-3105
-2840
-2751
-2594
-2202
-1520
-990
-611
-182
203
454
1169
1820
2022
2329
2646
2668
2951
3518
3316
3059
3138
3188
2926
3012
2889
2334
2050
2044
1978
1718
1470
1094
993
1124
1264
1010
394
205
453
659
360
223
-321
-873
-740
-367
-868
-1587
-1866
-2212
-2210
-2228
-2860
-3634
-3553
-3209
-3375
-3631
-3869
-3816
-3453
-2924
-2808
-2665
-2416
-1921
-1341
-875
-456
19
305
524
1302
1896
2108
2360
2625
2632
3027
3532
3215
2898
3065
3208
3003
2964
2626
2192
2168
2218
1950
1560
1424
1301
1249
1028
1056
951
481
336
577
514
242
274
-365
-973
-713
-452
-1035
-1747
-1937
-2234
-2270
-2411
-3003
-3693
-3564
-3181
-3381
-3724
-3961
-3737
-3405
-2913
-2668
-2693
-2498
-1794
-1087
-850
-435
68
379
672
1478
1983
2065
2469
2718
2696
3037
3565
3273
2995
3138
3089
2934
2993
2757
2140
1978
2105
1990
1662
1341
1125
1138
1194
1174
806
325
342
598
419
251
156
-544
-1076
-771
-497
-1090
-1735
-2182
-2360
-2134
-2237
-3162
-3890
-3488
-3082
-3292
-3805
-4028
-3759
-3155
-2788
-2752
-2711
-2357
-1584
-1042
-756
-339
186
458
833
1573
1905
2187
2589
2710
2709
3200
3478
3085
2970
3105
3090
2981
2963
2500
2105
2166
2121
1866
1568
1351
1231
1248
1120
1064
783
439
350
525
353
345
93
-866
-1182
-456
-424
-1501
-1884
-2145
-2324
-2160
-2412
-3544
-3895
-3200
-3135
-3478
-3937
-4021
-3718
-2945
-2713
-2824
-2708
-2240
-1403
-875
-642
-315
260
554
1064
1765
1975
2313
2716
2708
2753
3440
3538
3132
3002
2957
2947
3193
3043
2322
1900
2036
2261
2024
1345
948
1048
1329
1315
990
253
18
567
748
287
-83
-200
-702
-772
-572
-925
-1430
-1723
-2019
-2318
-2138
-2579
-3257
-3614
-3368
-3125
-3397
-3783
-3998
-3532
-3074
-2686
-2661
-2671
-2287
-1423
-808
-624
-168
135
491
1110
1729
1900
2220
2646
2602
2805
3371
3470
2921
2843
3044
3154
3030
2642
2274
2134
2239
2113
1687
1259
1284
1314
1137
1023
996
677
424
491
349
180
365
224
-705
-1184
-759
-518
-994
-1788
-2322
-2309
-1941
-2248
-3252
-3840
-3398
-2901
-3224
-3826
-4026
-3614
-2945
-2548
-2723
-2792
-2182
-1411
-856
-641
-267
133
632
1038
1407
1940
2325
2514
2601
2833
3115
3454
3261
2847
2932
3075
3070
2831
2548
1999
1924
2147
1997
1442
1106
1054
1098
1281
1093
479
92
332
448
375
87
-172
-677
-1004
-915
-723
-1186
-2045
-2250
-2240
-2180
-2539
-3179
-3815
-3559
-3022
-3260
-3816
-3975
-3561
-3098
-2591
-2582
-2658
-2266
-1430
-797
-525
-130
162
553
1104
1582
1914
2330
2674
2593
2847
3292
3650
3351
2960
2852
3056
3296
3042
2391
1847
1957
2246
2124
1336
832
962
1265
1345
999
417
33
312
629
387
-4
-123
-638
-1012
-754
-596
-1199
-1859
-2193
-2293
-1983
-2255
-3171
-3816
-3420
-3063
-3156
-3647
-4027
-3705
-3025
-2559
-2612
-2621
-2365
-1569
-815
-477
-247
147
535
960
1649
1884
2176
2625
2734
2736
3185
3477
3187
2935
2887
2982
3065
3052
2466
1919
1922
2175
2008
1472
1020
986
1212
1272
1134
578
116
252
576
373
138
44
-747
-1061
-642
-538
-1295
-1883
-2185
-2351
-2127
-2393
-3321
-3865
-3381
-3112
-3303
-3764
-3918
-3579
-2984
-2600
-2646
-2602
-2205
-1399
-890
-599
-238
237
512
1040
1562
1721
2258
2761
2601
2574
3295
3536
3235
2989
2853
2926
3224
3052
2230
1888
2015
2130
1906
1344
878
923
1184
1207
987
448
109
242
461
280
55
-167
-788
-1021
-827
-759
-1379
-1922
-2160
-2126
-2086
-2516
-3180
-3608
-3275
-3056
-3220
-3659
-3787
-3470
-3012
-2592
-2562
-2458
-2148
-1426
-890
-488
-139
269
711
1056
1497
1925
2429
2672
2596
2690
3188
3552
3270
2812
2801
3179
3178
2811
2350
2027
1998
2142
1912
1326
1091
1155
1127
1070
999
587
276
301
304
241
295
-107
-942
-1009
-684
-766
-1337
-1858
-2294
-2255
-2072
-2536
-3258
-3617
-3360
-3109
-3225
-3711
-3762
-3466
-3073
-2639
-2525
-2523
-2121
-1310
-954
-644
-118
219
497
1036
1516
1875
2453
2534
2384
2798
3432
3432
3180
2965
2805
3074
3276
2850
2264
2074
2049
2126
1932
1300
928
1013
1178
1227
964
360
149
309
388
187
110
-175
-867
-1040
-771
-737
-1312
-1950
-2368
-2302
-2055
-2432
-3289
-3837
-3367
-2946
-3159
-3667
-3863
-3600
-2939
-2387
-2426
-2478
-2094
-1333
-723
-283
-57
134
566
1185
1734
2061
2370
2497
2559
2904
3458
3389
2877
2841
3146
3121
2878
2719
2235
2023
2153
1973
1503
1361
1231
885
952
1089
881
418
204
91
182
305
197
-248
-980
-1108
-750
-629
-1318
-2065
-2382
-2194
-1926
-2484
-3446
-3779
-3200
-2983
-3258
-3655
-3875
-3505
-2782
-2499
-2604
-2425
-1955
-1337
-767
-390
-89
229
662
1109
1698
2153
2434
2486
2470
2889
3517
3531
2994
2841
2962
3214
3249
2737
2178
2120
2262
2049
1788
1340
999
1097
1206
1097
864
513
59
200
438
193
18
-225
-855
-1133
-702
-743
-1431
-2071
-2298
-2157
-2074
-2534
-3419
-3676
-3314
-2973
-3208
-3750
-3926
-3431
-2878
-2615
-2493
-2494
-2122
-1261
-716
-529
-142
269
488
1063
1801
2098
2247
2435
2558
2916
3438
3419
2948
2758
3001
3232
3050
2614
2134
1991
2156
2167
1684
1155
1108
1232
1238
1002
774
426
347
332
309
127
88
-142
-934
-1110
-774
-796
-1514
-2033
-2355
-2267
-2061
-2593
-3462
-3755
-3162
-2993
-3223
-3770
-3882
-3354
-2665
-2527
-2587
-2377
-1981
-1208
-664
-415
-74
348
668
1168
1907
2195
2333
2520
2652
2982
3610
3463
2867
2859
3197
3244
3043
2541
2046
2102
2235
1959
1463
1140
1117
1197
1150
864
747
532
308
189
240
86
168
-168
-1088
-1217
-652
-732
-1664
-2089
-2356
-2285
-2043
-2611
-3553
-3742
-3091
-3023
-3283
-3804
-3835
-3296
-2694
-2546
-2562
-2411
-1966
-1106
-676
-476
-10
421
672
1246
1816
1976
2341
2726
2739
2831
3352
3375
3147
2997
2875
2930
3154
2827
2177
1864
1924
2146
1890
1263
936
1072
1164
1089
917
336
84
372
463
194
84
-521
-1198
-903
-482
-1049
-1882
-2139
-2255
-2087
-2223
-3050
-3668
-3442
-3060
-3179
-3558
-3904
-3610
-3113
-2751
-2650
-2482
-2275
-1697
-1007
-676
-387
183
512
723
1364
2009
2342
2488
2516
2609
3208
3630
3235
2853
2869
3127
3306
3094
2325
1924
2151
2303
1971
1393
981
1025
1386
1192
738
516
330
258
352
164
-161
-91
-452
-1104
-1103
-747
-1220
-1875
-2126
-2323
-2331
-2377
-2936
-3577
-3481
-3132
-3138
-3423
-3783
-3650
-3125
-2626
-2511
-2392
-2281
-1725
-873
-475
-354
112
526
807
1549
2090
2179
2444
2671
2738
3177
3573
3219
2926
2967
3108
3232
3085
2335
2020
2181
2218
1932
1491
1009
1059
1458
1157
776
647
365
312
498
197
-140
47
-500
-1134
-896
-692
-1312
-1784
-2107
-2432
-2195
-2385
-3154
-3668
-3388
-3150
-3191
-3557
-3961
-3567
-2980
-2674
-2562
-2432
-2316
-1576
-777
-621
-353
280
492
780
1569
1971
2177
2530
2550
2580
3256
3543
3120
2732
2816
3081
3241
2896
2136
1944
2153
2238
1851
1240
866
1176
1419
1025
754
545
351
351
427
118
25
58
-610
-1177
-842
-617
-1230
-1845
-2210
-2236
-1996
-2276
-3127
-3692
-3297
-2867
-2995
-3577
-3885
-3462
-2810
-2483
-2470
-2467
-2178
-1351
-603
-481
-259
215
585
1004
1737
1947
2048
2489
2670
2694
3223
3396
2985
2937
2977
2839
2992
2874
2179
1933
2073
1922
1749
1439
931
960
1298
1071
728
589
235
170
409
189
-37
-166
-905
-1211
-586
-774
-1574
-1901
-2227
-2387
-2039
-2433
-3551
-3590
-3095
-3155
-3244
-3544
-3963
-3456
-2624
-2666
-2631
-2312
-2079
-1337
-539
-495
-318
441
665
1040
1823
2022
2157
2700
2711
2713
3435
3411
2927
3068
3099
2934
3131
2864
2128
2124
2243
1921
1714
1427
1022
1072
1252
934
848
763
289
153
364
242
111
-178
-1064
-1142
-573
-759
-1567
-2042
-2331
-2249
-1981
-2637
-3510
-3539
-3098
-3084
-3199
-3649
-3826
-3283
-2648
-2524
-2573
-2398
-1976
-1165
-651
-414
-161
322
663
1157
1737
1947
2258
2496
2537
2799
3403
3277
2867
2802
2870
2947
2969
2595
1936
1963
2146
1896
1507
1287
1026
1064
1224
950
697
567
344
179
384
319
73
-336
-960
-1028
-574
-815
-1679
-2050
-2115
-2045
-2061
-2737
-3557
-3393
-2865
-3008
-3393
-3660
-3675
-3058
-2511
-2592
-2637
-2279
-1749
-1102
-568
-494
-167
561
885
1140
1686
2034
2313
2666
2621
2725
3342
3340
2846
2801
2980
2848
2824
2558
2022
1969
2088
1825
1466
1314
1058
1058
1073
870
741
641
226
122
394
251
8
-442
-1031
-1073
-537
-898
-1838
-2187
-2163
-2070
-2194
-2831
-3647
-3368
-2831
-3056
-3496
-3730
-3570
-2925
-2482
-2695
-2610
-2147
-1550
-1014
-600
-450
-25
646
850
1183
1695
2105
2349
2572
2515
2799
3399
3225
2810
2812
3026
2939
2875
2512
1995
2016
2156
1826
1445
1303
1058
1088
1187
901
721
554
200
227
499
268
-175
-534
-963
-834
-517
-1097
-1936
-2058
-1953
-2050
-2260
-3023
-3534
-3159
-2808
-3188
-3581
-3670
-3430
-2842
-2553
-2703
-2503
-1991
-1518
-984
-555
-440
16
658
824
1238
1812
2073
2293
2578
2588
2830
3295
3057
2764
2802
2875
2854
2824
2378
1864
1974
1937
1760
1545
1171
889
1087
1097
811
777
329
31
319
542
78
-226
-695
-1143
-690
-577
-1336
-2004
-1998
-2121
-2038
-2347
-3279
-3484
-2975
-2871
-3280
-3440
-3668
-3277
-2654
-2578
-2666
-2297
-1904
-1467
-761
-525
-251
381
705
845
1512
2018
2162
2513
2524
2499
3165
3473
2937
2741
2794
2906
2990
2783
2158
1917
2090
1999
1751
1403
1156
1121
1213
1089
929
749
271
215
443
437
126
-477
-1108
-978
-426
-855
-1717
-2200
-2183
-1941
-2095
-2867
-3534
-3308
-2893
-2867
-3382
-3792
-3529
-2953
-2655
-2686
-2574
-2313
-1656
-1032
-772
-524
-17
536
699
1152
1556
1963
2386
2513
2408
2651
3175
3122
2940
2693
2627
2883
2940
2389
1949
1971
1910
1883
1681
1203
997
1215
1107
854
842
581
200
338
403
152
-56
-629
-1120
-734
-504
-1282
-1846
-2052
-2133
-1993
-2252
-3121
-3471
-2947
-2881
-3106
-3458
-3693
-3320
-2622
-2596
-2742
-2337
-1951
-1389
-758
-539
-435
278
819
876
1369
1757
2050
2516
2638
2395
2833
3307
3058
2749
2670
2767
3018
2897
2142
1838
2107
2096
1783
1422
999
1118
1442
1050
682
717
477
264
492
373
3
-386
-887
-899
-459
-906
-1762
-1995
-2032
-1936
-2126
-2875
-3500
-3099
-2783
-3141
-3387
-3626
-3565
-2981
-2515
-2804
-2707
-2199
-1721
-1186
-717
-532
-171
560
796
1061
1530
1842
2227
2534
2460
2566
3087
3035
2782
2772
2709
2726
2768
2436
1965
2026
2003
1694
1528
1395
1205
1190
1106
860
853
815
399
292
355
389
73
-594
-1007
-643
-477
-1271
-1772
-1953
-1933
-1955
-2343
-3085
-3336
-2828
-2858
-3182
-3567
-3528
-3224
-2721
-2608
-2721
-2386
-1953
-1316
-930
-673
-375
227
768
911
1229
1472
2026
2463
2597
2342
2579
2954
3051
2986
2554
2447
2636
2839
2336
1846
1734
1772
1778
1541
1202
958
1151
1090
955
772
428
234
398
487
166
-394
-842
-765
-458
-853
-1619
-1923
-1831
-1812
-2160
-2769
-3242
-3029
-2727
-3000
-3417
-3553
-3325
-2973
-2669
-2722
-2612
-2218
-1663
-1157
-891
-610
-158
484
795
1095
1396
1816
2367
2587
2431
2457
2995
3165
3003
2653
2568
2831
2921
2559
2083
1966
1918
1928
1637
1259
1170
1273
1147
943
920
590
253
347
480
371
-46
-627
-953
-533
-417
-1258
-1925
-2028
-1873
-1926
-2364
-3219
-3361
-2833
-2843
-3213
-3665
-3723
-3260
-2658
-2717
-2864
-2517
-2067
-1486
-1033
-806
-589
130
721
836
1081
1459
2031
2461
2555
2329
2605
3073
3088
2766
2385
2572
2954
2909
2240
1872
1936
2038
1983
1514
1051
1171
1503
1221
893
727
410
491
798
573
7
-423
-646
-506
-211
-857
-1724
-1875
-1650
-1730
-2263
-2903
-3364
-3033
-2779
-3002
-3470
-3681
-3436
-2950
-2638
-2783
-2572
-2322
-1790
-1173
-765
-690
-234
417
645
948
1406
1848
2097
2358
2283
2514
3012
3029
2740
2518
2696
2750
2757
2340
2042
1938
2069
1968
1557
1246
1185
1389
1269
1096
834
494
403
632
598
249
-138
-647
-705
-391
-512
-1382
-1792
-1812
-1818
-1996
-2476
-3138
-3276
-2802
-2822
-3175
-3572
-3581
-3278
-2720
-2612
-2690
-2507
-2068
-1377
-958
-702
-440
128
486
815
1315
1730
2068
2322
2344
2406
2920
3097
2836
2475
2607
2947
3015
2593
2040
1896
2069
2190
1722
1224
1143
1473
1456
1087
877
648
476
637
662
331
22
-393
-701
-537
-375
-1005
-1632
-1925
-1882
-1821
-2243
-3004
-3398
-3012
-2880
-3015
-3469
-3713
-3395
-2787
-2629
-2752
-2589
-2344
-1782
-1153
-837
-679
-198
292
568
992
1529
1922
2096
2184
2300
2742
2899
2701
2625
2649
2677
2722
2517
2195
2235
2076
1740
1734
1745
1384
1307
1360
1183
1231
1197
578
263
669
707
501
-56
-767
-717
-130
-424
-1378
-1817
-1846
-1674
-1849
-2609
-3302
-3102
-2783
-2981
-3239
-3634
-3592
-3057
-2742
-2887
-2658
-2361
-2139
-1461
-1007
-886
-399
293
304
716
1553
1796
1903
2264
2438
2509
3023
2927
2570
2671
2902
2757
2576
2413
2129
2101
2053
1712
1491
1473
1385
1410
1237
1002
1028
936
560
514
617
443
234
-276
-848
-605
-132
-898
-1789
-1938
-1772
-1764
-2192
-3043
-3509
-2882
-2656
-3147
-3685
-3736
-3386
-2721
-2574
-2884
-2705
-2171
-1559
-1133
-891
-778
-76
524
637
1021
1545
1874
2095
2411
2290
2626
3013
2750
2480
2677
2815
2643
2592
2198
1911
2088
2069
1625
1400
1407
1362
1436
1317
996
848
771
643
576
465
235
-143
-531
-598
-374
-728
-1405
-1719
-1792
-1905
-2155
-2594
-3177
-3107
-2767
-2894
-3346
-3485
-3384
-3176
-2743
-2709
-2778
-2450
-1827
-1383
-1019
-657
-302
173
495
857
1366
1869
2008
2086
2367
2584
2873
2911
2613
2527
2850
2925
2600
2312
2018
1973
2108
1854
1318
1283
1483
1411
1290
1006
791
802
751
571
407
430
156
-399
-584
-457
-478
-1008
-1721
-1958
-1717
-1804
-2403
-2930
-3201
-2927
-2658
-3059
-3715
-3615
-3163
-2868
-2658
-2688
-2698
-2222
-1465
-1157
-947
-544
-50
353
659
1163
1562
1883
2050
2261
2455
2740
2917
2711
2469
2582
2959
2718
2317
2273
2129
1983
2034
1729
1208
1394
1651
1233
990
1111
811
542
666
599
420
418
-83
-654
-470
-245
-716
-1347
-1742
-1905
-1664
-1923
-2680
-3169
-3079
-2740
-2676
-3205
-3785
-3384
-2894
-2719
-2609
-2634
-2596
-1803
-1047
-1056
-769
-157
161
427
1047
1350
1624
2132
2134
2147
2584
2872
2634
2626
2645
2727
2838
2543
2093
2012
2063
1845
1657
1399
1293
1472
1407
1084
1000
996
731
571
578
385
365
234
-491
-874
-404
-323
-1070
-1659
-1987
-1815
-1718
-2237
-3112
-3293
-2855
-2703
-2952
-3525
-3648
-3261
-2654
-2593
-2704
-2618
-2245
-1484
-994
-861
-620
33
336
647
1223
1513
1785
2115
2261
2372
2895
2926
2540
2581
2816
2822
2761
2612
2096
1950
2157
1956
1543
1422
1371
1380
1494
1241
967
841
720
688
757
584
175
-303
-573
-379
-264
-913
-1610
-1658
-1534
-1684
-2088
-2720
-3110
-2778
-2591
-2992
-3373
-3475
-3352
-2981
-2636
-2747
-2712
-2293
-1814
-1408
-1012
-731
-324
157
336
745
1395
1787
1892
1994
2206
2592
2935
2717
2367
2465
2769
2702
2383
1990
1859
2057
1984
1561
1284
1367
1508
1522
1214
961
1020
917
578
508
656
464
-11
-491
-472
-244
-506
-1149
-1669
-1732
-1672
-1768
-2466
-3099
-3035
-2733
-2766
-3105
-3454
-3528
-3015
-2625
-2671
-2702
-2441
-1969
-1416
-992
-877
-471
24
300
715
1276
1595
1780
2037
2238
2523
2772
2682
2520
2593
2677
2637
2569
2257
1967
2023
2066
1767
1494
1402
1427
1476
1404
1090
920
762
638
709
678
427
-60
-437
-466
-182
-460
-1221
-1711
-1743
-1552
-1882
-2447
-3117
-3084
-2685
-2673
-3128
-3536
-3378
-3051
-2733
-2763
-2767
-2560
-2018
-1452
-1167
-909
-585
-47
308
689
1176
1530
1719
2016
2225
2422
2778
2664
2375
2572
2851
2711
2429
2248
2107
2127
2172
1754
1359
1493
1602
1493
1337
1087
910
945
830
727
631
581
280
-214
-466
-233
-268
-1116
-1645
-1715
-1666
-1819
-2173
-2841
-3238
-2706
-2538
-3013
-3446
-3380
-3175
-2784
-2569
-2831
-2810
-2199
-1506
-1198
-1011
-720
-233
186
604
1117
1355
1575
1978
2147
2140
2635
2774
2445
2467
2724
2585
2461
2501
2042
1812
2052
2029
1545
1435
1472
1449
1442
1298
1062
716
668
887
963
630
184
-338
-526
-22
-121
-1133
-1721
-1535
-1606
-1818
-2161
-2893
-3150
-2664
-2674
-3224
-3371
-3291
-3214
-2925
-2746
-2810
-2679
-2212
-1718
-1342
-998
-641
-248
7
369
1105
1449
1488
1854
2115
2239
2721
2777
2310
2405
2905
2767
2472
2360
2057
1972
2212
1965
1368
1379
1582
1625
1526
1192
974
931
878
882
872
656
166
-253
-424
-140
-152
-956
-1642
-1599
-1371
-1678
-2241
-2840
-2970
-2558
-2524
-3053
-3490
-3365
-3049
-2643
-2674
-2871
-2685
-2147
-1634
-1301
-1101
-856
-338
66
430
901
1235
1444
1847
2157
2172
2482
2654
2550
2575
2698
2447
2401
2451
2023
1707
1891
1910
1591
1527
1346
1287
1527
1490
1040
719
627
895
1056
769
94
-458
-316
92
-79
-1155
-1621
-1408
-1364
-1778
-2282
-2898
-3079
-2419
-2541
-3231
-3461
-3027
-2942
-2760
-2622
-2834
-2604
-1995
-1553
-1496
-1103
-697
-286
0
361
977
1289
1617
1921
2151
2153
2725
2741
2249
2556
2941
2522
2215
2343
1935
1951
2223
1732
1175
1584
1726
1377
1345
1187
956
921
904
635
677
770
376
-276
-445
-73
-192
-981
-1490
-1448
-1559
-1823
-2129
-2812
-3099
-2492
-2489
-3255
-3378
-3169
-3127
-2830
-2599
-2948
-2815
-2090
-1684
-1475
-1093
-796
-446
61
420
827
1153
1499
1883
2157
2229
2434
2594
2459
2670
2750
2457
2351
2496
2137
1874
1970
1772
1574
1644
1508
1269
1422
1350
1082
1008
714
631
927
1039
386
-270
-361
-19
96
-753
-1582
-1666
-1243
-1406
-2030
-2686
-2986
-2387
-2264
-2933
-3469
-3237
-2911
-2615
-2625
-2954
-2807
-2184
-1628
-1470
-1249
-989
-501
72
292
700
1084
1272
1641
2163
2144
2250
2553
2450
2392
2684
2644
2283
2267
2147
1818
1914
1933
1400
1212
1509
1477
1374
1280
1011
786
797
835
770
606
366
-104
-353
-179
-43
-692
-1446
-1512
-1293
-1498
-2011
-2438
-2838
-2612
-2281
-2730
-3302
-3216
-2859
-2757
-2636
-2621
-2734
-2403
-1726
-1479
-1314
-857
-466
-195
135
613
1109
1360
1570
1903
2145
2372
2539
2335
2284
2697
2743
2280
2128
2309
2072
1919
1829
1441
1387
1686
1535
1046
1191
1216
1096
877
683
560
730
968
144
-561
-482
136
-216
-1050
-1594
-1602
-1360
-1555
-2050
-2954
-2848
-2300
-2326
-3036
-3263
-3008
-2852
-2436
-2445
-2704
-2587
-1771
-1407
-1356
-977
-674
-335
78
569
844
1084
1420
1851
1966
2098
2470
2437
2287
2519
2630
2281
2126
2240
1913
1689
1851
1524
1178
1461
1503
1108
1173
1182
884
838
733
502
529
884
390
-364
-488
-118
20
-746
-1438
-1560
-1336
-1449
-1779
-2466
-2928
-2398
-2164
-2712
-3190
-2959
-2810
-2544
-2294
-2566
-2693
-2026
-1420
-1361
-1080
-733
-445
38
410
709
1200
1473
1661
2011
2232
2375
2454
2404
2404
2713
2519
2101
2106
2199
1831
1759
1647
1199
1320
1515
1197
991
1123
924
894
771
450
404
720
596
-192
-575
-533
-84
-340
-1204
-1741
-1523
-1363
-1593
-2069
-2885
-2807
-2202
-2210
-2914
-3092
-2958
-2753
-2313
-2386
-2698
-2406
-1685
-1429
-1174
-873
-639
-145
284
512
1051
1468
1438
1796
2163
2241
2438
2615
2264
2273
2606
2478
2126
2042
1847
1669
1862
1616
1169
1178
1406
1303
1167
1016
861
866
695
533
465
713
391
-438
-661
-118
6
-850
-1508
-1601
-1308
-1304
-1731
-2545
-2917
-2351
-2082
-2497
-3061
-3022
-2772
-2452
-2314
-2433
-2561
-2120
-1355
-1180
-1106
-728
-339
-72
284
841
1121
1343
1702
1924
1970
2421
2530
2098
2243
2586
2355
2111
2158
1873
1623
1834
1636
1141
1225
1454
1230
1160
1095
812
846
864
481
426
647
640
-34
-542
-449
-70
-320
-1114
-1439
-1553
-1444
-1495
-1944
-2806
-2727
-2070
-2297
-2673
-2872
-2959
-2769
-2122
-2312
-2674
-2212
-1691
-1421
-1086
-770
-727
-172
244
321
951
1432
1365
1691
2138
2060
2304
2592
2310
2261
2572
2372
2116
2206
1932
1515
1705
1558
1249
1330
1280
1034
1090
1108
805
801
539
329
494
659
206
-364
-547
-434
2
-596
-1459
-1540
-1189
-1424
-1724
-2144
-2903
-2461
-1912
-2403
-3077
-2796
-2700
-2608
-2046
-2269
-2623
-2023
-1231
-1324
-1092
-618
-409
-14
317
692
1171
1501
1544
1888
2040
2214
2577
2460
2096
2229
2511
2277
2166
1909
1398
1575
1930
1407
939
1132
1177
1190
1076
724
533
749
617
437
401
480
152
-379
-598
-264
-117
-909
-1451
-1434
-1287
-1344
-1711
-2496
-2668
-2049
-2042
-2515
-2914
-2908
-2743
-2196
-2192
-2508
-2382
-1876
-1452
-1136
-943
-801
-251
52
264
904
1287
1250
1641
2028
1974
2328
2577
2205
2182
2575
2371
2122
2150
1875
1498
1662
1582
1300
1277
1156
991
1057
1105
837
794
495
302
569
690
350
-286
-615
-497
81
-407
-1449
-1578
-1216
-1277
-1555
-2017
-2809
-2497
-1862
-2212
-2860
-2880
-2768
-2554
-2102
-2250
-2523
-2116
-1484
-1309
-1084
-754
-506
-82
158
508
1038
1359
1496
1837
1977
2118
2610
2537
2122
2198
2426
2342
2315
2082
1447
1477
1866
1644
1181
1113
1034
1087
1211
932
631
600
593
459
459
498
268
-312
-655
-293
-18
-687
-1394
-1376
-1413
-1346
-1412
-2151
-2839
-2325
-1888
-2318
-2644
-2885
-2947
-2471
-1931
-2259
-2464
-2098
-1578
-1209
-916
-733
-521
-87
202
812
1274
1294
1473
1860
1975
2290
2589
2148
2007
2482
2486
2102
2174
1855
1371
1667
1779
1193
1063
1220
999
1019
1087
780
641
728
405
288
494
566
172
-396
-668
-235
115
-746
-1455
-1505
-1270
-1165
-1500
-2509
-2891
-2060
-1933
-2405
-2813
-2994
-2896
-2135
-1902
-2477
-2465
-1909
-1409
-1085
-755
-734
-423
113
371
874
1328
1324
1460
2009
2172
2330
2504
2218
2007
2402
2440
2113
2009
1795
1464
1610
1722
1244
975
1042
1056
970
978
845
542
512
441
399
363
444
34
-520
-543
-126
-186
-1046
-1302
-1305
-1279
-1283
-1596
-2425
-2692
-1983
-1995
-2469
-2827
-2816
-2712
-2182
-1948
-2402
-2425
-1831
-1250
-1109
-755
-585
-360
90
544
954
1182
1312
1529
1993
2250
2368
2300
2074
2200
2614
2411
1947
1968
1890
1581
1600
1556
1091
1057
1241
989
785
1011
885
618
617
309
188
527
609
-119
-575
-440
-80
-227
-1023
-1368
-1328
-1179
-1313
-1764
-2525
-2572
-1887
-2044
-2661
-2825
-2711
-2664
-2137
-1964
-2449
-2283
-1541
-1308
-1141
-612
-519
-342
256
558
760
1293
1468
1482
1901
2176
2220
2319
2231
2111
2378
2318
2030
1988
1830
1440
1551
1595
1100
1010
1070
837
860
1060
702
436
594
354
206
392
316
-42
-344
-649
-354
-19
-875
-1444
-1265
-1265
-1416
-1562
-2312
-2779
-1983
-1927
-2658
-2879
-2684
-2782
-2171
-1849
-2476
-2366
-1622
-1241
-1061
-679
-587
-279
332
576
791
1263
1444
1500
1993
2094
2233
2381
2183
2140
2450
2247
1905
2072
1949
1521
1460
1499
1176
1173
1134
723
724
968
907
608
438
250
214
425
480
207
-356
-607
-345
17
-465
-1260
-1392
-1298
-1124
-1334
-1992
-2590
-2249
-1806
-2179
-2565
-2763
-2678
-2325
-1876
-2124
-2293
-1886
-1387
-1074
-804
-536
-422
70
401
638
1146
1384
1351
1621
1977
2051
2214
2219
1914
2012
2321
2094
1881
1893
1523
1333
1588
1299
905
991
877
703
912
854
514
529
427
118
334
554
293
-267
-617
-390
123
-315
-1283
-1369
-1215
-1185
-1270
-1960
-2757
-2280
-1707
-2332
-2770
-2680
-2672
-2367
-1798
-2126
-2432
-1750
-1268
-1128
-770
-465
-374
151
485
662
1171
1438
1497
1731
1993
2156
2386
2266
1954
2217
2385
2105
2046
1997
1455
1426
1651
1223
974
1061
820
634
895
867
478
408
330
94
191
435
283
-194
-659
-558
-107
-300
-1115
-1447
-1445
-1248
-1164
-1803
-2661
-2533
-1885
-2117
-2531
-2735
-2809
-2467
-1902
-2008
-2409
-2016
-1479
-1142
-793
-526
-404
-32
385
691
1097
1335
1487
1609
1956
2190
2402
2275
2086
2209
2229
2220
2243
2110
1442
1346
1649
1545
1165
843
581
607
1111
907
357
201
472
430
294
188
127
163
-272
-544
-368
-225
-758
-1142
-1291
-1423
-1201
-1498
-2231
-2583
-2128
-2027
-2264
-2474
-2788
-2627
-2069
-1809
-2045
-1956
-1671
-1238
-700
-487
-437
-249
225
602
1078
1236
1279
1502
1782
2075
2339
2230
1829
2051
2333
2269
2050
1855
1547
1440
1574
1365
992
813
815
696
789
735
587
426
478
370
186
292
383
276
-383
-574
-274
-49
-687
-1267
-1332
-1287
-1172
-1575
-2187
-2643
-2174
-1982
-2327
-2636
-2739
-2634
-2296
-1888
-2069
-2133
-1791
-1243
-917
-647
-476
-326
103
531
909
1125
1313
1476
1774
2083
2287
2227
2075
2147
2295
2321
2205
1967
1625
1520
1637
1576
1286
974
701
820
969
843
576
431
496
617
477
129
88
353
168
-438
-601
-246
-325
-933
-1253
-1323
-1334
-1425
-1761
-2407
-2517
-2021
-1997
-2444
-2759
-2636
-2441
-2054
-1815
-2016
-2069
-1495
-889
-750
-546
-360
-115
327
872
1076
1110
1353
1646
1964
2197
2216
1985
1990
2226
2333
2095
1810
1694
1610
1547
1507
1254
871
820
862
734
688
669
516
441
579
473
180
77
248
250
-299
-727
-576
-274
-648
-1217
-1511
-1539
-1317
-1461
-2239
-2736
-2223
-1953
-2248
-2535
-2703
-2612
-2037
-1629
-1958
-1999
-1556
-1042
-666
-437
-385
-152
406
784
1053
1241
1426
1700
1993
2134
2216
2333
2235
2194
2256
2228
2123
1981
1620
1388
1499
1490
1120
767
674
749
838
728
468
326
451
535
292
-5
-36
242
42
-647
-853
-516
-547
-1078
-1357
-1646
-1704
-1500
-1806
-2532
-2643
-2081
-2177
-2426
-2642
-2674
-2467
-1851
-1704
-1987
-1781
-1285
-807
-561
-306
-286
62
640
1034
1132
1215
1551
1835
2064
2111
2263
2162
2204
2267
2100
1989
2091
1917
1465
1389
1408
1315
1047
805
597
687
849
716
476
349
458
443
278
49
65
117
-279
-710
-620
-476
-781
-1280
-1526
-1560
-1413
-1563
-2165
-2562
-2286
-1899
-2135
-2522
-2613
-2385
-1970
-1630
-1782
-1899
-1448
-923
-625
-453
-303
-77
347
803
989
1112
1397
1657
1884
2088
2155
2175
2157
2117
2175
2180
2043
1909
1624
1423
1505
1514
1043
721
759
769
786
733
329
166
535
624
140
-177
-145
93
177
-528
-1157
-834
-439
-820
-1438
-1799
-1786
-1407
-1587
-2387
-2713
-2200
-2015
-2198
-2461
-2636
-2286
-1651
-1575
-1796
-1644
-1298
-746
-319
-348
-323
187
648
868
1155
1244
1391
1930
2209
1989
2105
2257
2171
2219
2205
1918
1891
1975
1642
1410
1469
1320
1055
961
768
676
758
620
361
347
424
333
116
-113
-145
80
-180
-853
-983
-646
-703
-1165
-1527
-1861
-1653
-1487
-1906
-2466
-2373
-2071
-2099
-2150
-2382
-2398
-2069
-1637
-1633
-1609
-1445
-1127
-629
-358
-223
-44
298
605
1019
1202
1216
1614
2018
1998
2041
2318
2183
2132
2276
2110
1955
2061
1823
1401
1438
1420
1144
915
759
650
702
683
383
231
322
360
181
-164
-325
-124
14
-546
-1120
-1027
-729
-812
-1336
-1837
-1924
-1512
-1534
-2134
-2572
-2339
-1928
-1881
-2136
-2420
-2260
-1780
-1452
-1481
-1573
-1385
-749
-282
-214
-89
137
501
907
1359
1323
1414
2011
2159
2044
2294
2337
2068
2262
2369
1995
1894
1965
1707
1490
1473
1207
988
1055
911
603
479
496
432
342
203
100
-87
-272
-160
-89
-584
-1093
-1020
-839
-905
-1312
-1800
-1936
-1572
-1562
-2092
-2470
-2366
-2003
-1973
-2105
-2352
-2286
-1946
-1619
-1484
-1520
-1370
-993
-569
-328
-86
94
318
720
1131
1352
1448
1766
1997
2067
2169
2372
2272
2147
2244
2253
2025
1966
1887
1581
1487
1485
1182
956
967
771
529
504
408
244
250
169
-144
-333
-285
-222
-301
-845
-1314
-1121
-734
-999
-1672
-1934
-1838
-1453
-1636
-2235
-2556
-2187
-1839
-1882
-2139
-2408
-2157
-1619
-1314
-1509
-1497
-1198
-717
-312
-175
-102
139
665
984
1282
1391
1601
1918
2137
2120
2245
2361
2288
2282
2246
2150
2039
1984
1766
1532
1386
1272
1097
956
747
526
490
391
233
81
97
-2
-193
-393
-440
-331
-437
-1055
-1395
-1019
-774
-1258
-1755
-1914
-1796
-1508
-1698
-2288
-2571
-1985
-1732
-1982
-2154
-2165
-1986
-1515
-1160
-1419
-1381
-939
-448
-179
-4
113
358
833
1245
1416
1407
1735
2048
2118
2157
2322
2259
2177
2316
2259
1890
1879
1975
1649
1423
1354
1051
885
1008
746
354
304
280
160
208
95
-320
-484
-369
-315
-342
-884
-1498
-1236
-726
-995
-1700
-1964
-1914
-1565
-1516
-2084
-2513
-2191
-1744
-1801
-1986
-2202
-2040
-1643
-1300
-1272
-1247
-1044
-662
-285
-69
204
456
631
924
1409
1494
1574
1957
2070
2022
2336
2425
2132
2220
2326
2007
1867
2031
1675
1356
1437
1259
874
902
780
344
324
307
109
-8
-14
-237
-406
-459
-559
-475
-619
-1224
-1492
-1045
-896
-1364
-1747
-1929
-1724
-1394
-1694
-2316
-2358
-1843
-1626
-1724
-2051
-2107
-1764
-1280
-1174
-1259
-1154
-866
-339
-10
75
195
507
850
1260
1497
1440
1724
2127
2169
2172
2380
2212
2114
2332
2250
1828
1870
1865
1505
1431
1353
949
749
868
593
303
275
175
43
22
-108
-355
-446
-514
-487
-486
-956
-1465
-1218
-873
-1194
-1646
-1838
-1780
-1456
-1491
-2041
-2342
-1927
-1623
-1714
-1868
-2001
-1806
-1402
-1200
-1255
-1170
-885
-544
-157
84
195
387
755
1084
1381
1516
1626
1882
2059
2180
2309
2236
2015
2125
2267
2001
1775
1713
1492
1360
1412
1077
670
647
634
395
248
95
-107
-101
-56
-283
-500
-632
-745
-524
-622
-1322
-1500
-1019
-975
-1459
-1665
-1758
-1680
-1418
-1619
-2138
-2095
-1633
-1571
-1725
-1889
-1851
-1540
-1196
-1127
-1150
-1006
-639
-178
4
100
384
695
951
1348
1573
1504
1804
2167
2169
2271
2406
2112
2052
2364
2170
1807
1761
1603
1405
1455
1224
752
625
682
525
314
78
-178
-140
-69
-237
-513
-757
-822
-566
-486
-1166
-1588
-1239
-933
-1184
-1548
-1779
-1759
-1389
-1416
-1888
-2148
-1806
-1500
-1565
-1771
-1877
-1672
-1312
-1083
-1127
-1114
-807
-329
-113
-2
258
458
731
1169
1419
1390
1632
2053
2066
2076
2280
2142
1996
2323
2272
1787
1742
1776
1474
1337
1291
876
691
787
571
327
222
-28
-203
-107
-143
-420
-618
-752
-677
-450
-854
-1502
-1388
-860
-988
-1492
-1677
-1679
-1401
-1297
-1663
-2118
-1938
-1479
-1421
-1672
-1870
-1619
-1306
-1107
-1045
-996
-850
-398
-20
3
253
603
704
947
1455
1476
1490
1936
2100
1962
2193
2283
1915
2053
2212
1841
1617
1755
1548
1260
1189
905
613
627
528
212
29
-91
-150
-124
-307
-534
-644
-726
-703
-582
-847
-1494
-1434
-963
-898
-1404
-1715
-1683
-1436
-1221
-1571
-1972
-2025
-1523
-1300
-1493
-1843
-1736
-1377
-1076
-880
-983
-917
-565
-44
120
276
490
637
981
1428
1535
1465
1790
2030
2065
2137
2194
2001
2035
2207
1945
1647
1664
1604
1385
1180
918
732
735
579
267
74
-50
-78
-41
-273
-506
-541
-598
-690
-654
-698
-1161
-1418
-1026
-768
-1217
-1655
-1591
-1435
-1279
-1392
-1786
-2081
-1687
-1256
-1430
-1751
-1694
-1419
-1197
-869
-868
-951
-710
-194
26
196
456
527
723
1260
1606
1430
1568
1941
2041
2015
2177
2117
1942
2046
2013
1716
1597
1587
1349
1116
1002
845
618
449
318
126
-75
-167
-185
-337
-492
-546
-662
-800
-699
-628
-1096
-1484
-1150
-835
-1180
-1568
-1563
-1503
-1323
-1347
-1734
-1996
-1702
-1300
-1426
-1603
-1635
-1475
-1185
-841
-833
-967
-690
-190
111
158
343
590
887
1202
1463
1441
1549
1950
2077
1955
2043
2195
2064
2006
1983
1775
1613
1688
1498
1139
1022
928
738
539
339
128
-1
-150
-240
-280
-477
-646
-673
-720
-798
-700
-1046
-1487
-1188
-750
-1096
-1591
-1560
-1483
-1257
-1213
-1699
-2058
-1586
-1170
-1432
-1606
-1623
-1445
-1093
-842
-1008
-966
-601
-184
-10
9
272
659
915
1061
1264
1379
1651
2024
1944
1707
1978
2294
2084
1892
1756
1621
1699
1730
1298
900
961
1009
778
497
196
22
90
63
-194
-343
-412
-521
-571
-649
-697
-688
-935
-1284
-1189
-836
-1017
-1456
-1576
-1416
-1265
-1325
-1583
-1860
-1685
-1342
-1324
-1559
-1572
-1390
-1180
-930
-819
-816
-658
-202
35
94
330
728
896
994
1248
1548
1712
1845
1908
1775
1968
2305
2132
1713
1720
1747
1717
1602
1352
968
880
1069
810
404
205
153
23
-7
-156
-418
-538
-587
-600
-683
-705
-840
-1210
-1325
-992
-913
-1341
-1643
-1576
-1424
-1326
-1470
-1855
-1981
-1476
-1284
-1605
-1712
-1506
-1289
-1093
-868
-975
-862
-438
-112
-126
103
491
709
881
1062
1318
1562
1878
1908
1756
1805
2231
2340
1967
1762
1755
1767
1757
1583
1166
942
1036
1060
784
496
313
179
157
148
-84
-379
-416
-448
-568
-616
-565
-891
-1241
-1145
-877
-1042
-1398
-1454
-1517
-1454
-1350
-1538
-1921
-1780
-1475
-1508
-1637
-1542
-1457
-1375
-1107
-952
-941
-805
-442
-287
-126
288
558
638
836
1222
1357
1532
1840
1838
1672
1917
2202
2014
1856
1814
1705
1652
1726
1482
1099
1053
1097
923
671
549
256
75
139
111
-216
-424
-486
-573
-511
-557
-786
-1193
-1197
-995
-904
-1245
-1526
-1480
-1374
-1261
-1454
-1712
-1884
-1498
-1343
-1525
-1644
-1518
-1360
-1161
-951
-1041
-912
-604
-245
-178
33
299
504
797
986
1145
1338
1632
1734
1727
1767
1927
2044
1981
1846
1706
1645
1661
1618
1419
1138
1042
992
864
756
483
189
156
209
61
-179
-422
-556
-472
-392
-617
-1042
-1184
-1065
-934
-1066
-1471
-1688
-1517
-1324
-1442
-1784
-1915
-1721
-1465
-1482
-1634
-1701
-1467
-1162
-1017
-1052
-965
-649
-369
-174
-35
172
471
821
965
1009
1263
1600
1710
1742
1808
1839
1988
2062
1956
1772
1677
1675
1625
1533
1343
1129
1046
950
840
658
423
269
213
103
-89
-282
-465
-521
-529
-659
-837
-1032
-1175
-1131
-1009
-1287
-1616
-1517
-1395
-1460
-1573
-1766
-1850
-1607
-1387
-1582
-1728
-1531
-1329
-1180
-982
-937
-899
-609
-231
-64
48
272
549
751
983
1216
1293
1417
1687
1788
1716
1828
1922
1777
1775
1795
1598
1476
1557
1386
1126
1080
982
793
691
602
425
321
181
-4
-165
-235
-257
-407
-630
-699
-759
-988
-1091
-1114
-1191
-1343
-1376
-1436
-1531
-1468
-1576
-1733
-1709
-1540
-1577
-1558
-1475
-1417
-1268
-1084
-892
-841
-663
-389
-150
41
211
378
575
905
1112
1176
1253
1528
1734
1722
1736
1810
1808
1763
1771
1681
1517
1491
1446
1269
1107
988
837
732
655
486
354
259
48
-128
-195
-315
-432
-520
-652
-707
-761
-923
-1094
-1093
-1134
-1269
-1319
-1385
-1444
-1455
-1520
-1589
-1571
-1465
-1448
-1465
-1414
-1251
-1090
-979
-882
-748
-556
-331
-78
28
203
459
654
867
1022
1066
1192
1454
1628
1581
1585
1653
1697
1727
1653
1502
1432
1450
1349
1246
1074
926
862
825
657
425
341
201
-2
-56
-132
-346
-462
-510
-613
-751
-832
-1036
-1158
-1097
-1118
-1349
-1401
-1349
-1447
-1455
-1476
-1515
-1544
-1363
-1372
-1390
-1292
-1140
-1041
-893
-692
-644
-448
-213
0
89
284
490
691
838
976
1112
1199
1406
1521
1440
1446
1641
1621
1503
1442
1387
1328
1359
1270
1020
946
897
800
717
631
384
281
198
53
-47
-131
-308
-447
-480
-583
-705
-795
-930
-1061
-1085
-1098
-1242
-1314
-1367
-1392
-1360
-1356
-1403
-1415
-1311
-1257
-1199
-1164
-1059
-967
-823
-652
-501
-393
-239
25
160
298
490
667
766
924
1073
1193
1295
1372
1425
1449
1488
1508
1502
1414
1353
1372
1305
1164
1119
1014
841
768
718
546
322
240
159
51
-69
-211
-381
-432
-454
-579
-755
-871
-909
-1002
-1125
-1185
-1179
-1236
-1265
-1319
-1388
-1316
-1263
-1277
-1310
-1211
-1109
-1002
-867
-832
-792
-571
-350
-294
-187
24
208
348
479
578
651
880
1075
1077
1107
1218
1314
1360
1358
1294
1260
1322
1353
1201
1089
1030
967
896
845
671
506
454
370
221
129
43
-115
-207
-266
-378
-481
-572
-678
-748
-817
-891
-1003
-1097
-1108
-1109
-1224
-1300
-1258
-1272
-1258
-1142
-1131
-1182
-1062
-945
-893
-768
-654
-584
-393
-158
-106
23
192
257
356
587
702
760
914
1027
1066
1159
1277
1259
1282
1311
1317
1320
1283
1225
1194
1092
997
935
838
683
557
473
367
261
80
-62
-139
-185
-313
-410
-516
-632
-684
-729
-848
-989
-1029
-1077
-1061
-1075
-1192
-1238
-1156
-1097
-1127
-1123
-1093
-1008
-934
-825
-752
-688
-607
-484
-310
-172
-93
32
197
294
420
547
635
703
851
996
1023
1058
1130
1172
1220
1256
1218
1186
1227
1241
1117
1023
945
836
772
674
502
365
313
232
60
-97
-148
-247
-363
-438
-559
-666
-703
-772
-907
-1005
-970
-1005
-1057
-1083
-1156
-1182
-1106
-1026
-1085
-1130
-1007
-889
-859
-797
-693
-601
-482
-307
-214
-154
-28
137
223
307
421
503
634
710
779
864
1013
1073
1057
1138
1194
1243
1240
1210
1147
1109
1106
1033
874
743
685
610
487
320
178
92
-6
-121
-285
-422
-496
-585
-658
-718
-833
-917
-928
-965
-1030
-1058
-1072
-1081
-1046
-1023
-1008
-948
-900
-871
-813
-745
-663
-576
-486
-396
-325
-203
-77
24
102
184
272
405
502
540
609
665
752
846
921
919
901
977
1033
1041
1047
1030
981
981
965
894
749
674
646
532
419
303
192
122
90
-43
-196
-281
-352
-451
-556
-629
-693
-738
-783
-830
-844
-872
-889
-906
-903
-886
-834
-801
-799
-748
-696
-635
-574
-457
-375
-310
-219
-151
-64
42
100
114
197
329
387
394
433
515
576
618
685
650
626
732
812
775
766
736
693
700
706
603
491
491
470
384
294
209
87
36
-2
-130
-221
-283
-347
-428
-487
-542
-589
-652
-675
-686
-712
-747
-758
-762
-761
-702
-684
-675
-633
-537
-505
-463
-397
-317
-253
-178
-105
-75
-3
105
166
167
207
310
364
384
410
467
511
569
608
613
615
661
719
726
712
702
690
654
647
612
536
484
460
372
306
226
142
88
45
-39
-124
-175
-231
-284
-331
-422
-464
-486
-520
-563
-597
-618
-639
-607
-622
-627
-579
-578
-549
-475
-445
-452
-377
-320
-291
-215
-176
-156
-71
-7
16
68
138
166
210
270
280
320
342
375
405
444
443
452
498
471
477
490
443
407
406
367
305
300
244
188
162
106
10
-2
-28
-101
-138
-199
-262
-268
-268
-317
-360
-388
-427
-416
-417
-440
-432
-408
-408
-352
-350
-387
-349
-285
-271
-252
-192
-173
-113
-14
20
5
90
120
151
216
239
217
277
306
285
342
362
363
404
451
411
436
461
427
441
464
421
378
390
370
330
271
228
166
126
55
-14
-51
-76
-126
-184
-228
-272
-294
-302
-331
-389
-406
-404
-377
-416
-449
-449
-411
-405
-395
-383
-392
-333
-288
-242
-236
-237
-234
-191
-134
-101
-86
-60
-6
31
78
110
131
164
172
193
213
231
252
277
306
314
319
308
294
285
285
293
278
282
258
231
241
200
152
140
125
66
18
5
-15
-56
-64
-110
-156
-131
-138
-174
-202
-202
-201
-180
-183
-214
-207
-195
-197
-188
-199
-206
-184
-153
-124
-136
-132
-84
-45
-42
-43
-20
12
47
64
45
56
80
105
143
146
141
178
211
237
231
235
239
253
274
270
257
255
253
233
189
158
124
98
99
55
24
-7
-19
-48
-76
-97
-122
-149
-163
-183
-232
-255
-291
-288
-283
-291
-302
-300
-282
-280
-269
-286
-277
-248
-210
-220
-212
-178
-157
-121
-103
-86
-70
-34
-9
5
25
55
77
108
146
160
185
214
223
218
239
259
291
286
289
301
304
286
276
246
228
226
202
183
165
162
139
114
87
59
32
28
26
-14
-51
-60
-74
-134
-146
-142
-171
-169
-188
-217
-239
-219
-210
-230
-240
-235
-222
-199
-193
-200
-193
-177
-152
-149
-135
-101
-77
-28
16
13
19
28
53
73
83
104
132
151
158
191
211
208
212
236
231
219
182
158
176
184
158
135
117
103
90
72
50
-1
-5
7
-26
-77
-106
-105
-106
-123
-131
-160
-163
-133
-160
-191
-202
-191
-179
-156
-173
-195
-191
-139
-138
-160
-153
-139
-87
-83
-83
-59
-29
14
38
25
58
83
93
124
115
108
117
157
199
184
193
209
216
224
211
207
192
179
175
167
145
143
136
119
123
107
79
71
62
20
-4
-45
-55
-83
-83
-52
-99
-149
-146
-135
-156
-166
-199
-206
-223
-199
-219
-264
-264
-220
-205
-236
-233
-203
-165
-147
-137
-116
-81
-50
-34
-25
1
40
59
101
111
101
118
148
156
165
186
204
223
221
246
217
192
200
205
175
145
148
143
120
124
106
90
84
73
60
28
12
-16
-20
-33
-49
-78
-122
-130
-124
-133
-160
-183
-192
-188
-178
-186
-220
-229
-213
-169
-195
-181
-155
-150
-118
-111
-96
-95
-65
-33
-19
-33
-4
9
32
65
62
95
130
136
167
166
191
215
210
212
214
200
214
226
199
204
195
212
178
150
153
121
111
121
89
33
-1
17
-4
-26
-62
-91
-126
-143
-118
-144
-176
-182
-171
-186
-184
-196
-219
-226
-195
-172
-191
-191
-175
-149
-129
-108
-107
-111
-100
-74
-65
-71
-39
-33
-26
2
19
21
51
91
104
93
138
172
166
177
175
175
178
195
179
168
165
186
166
138
126
109
115
95
88
34
20
24
1
-30
-64
-69
-81
-87
-85
-94
-121
-148
-142
-151
-166
-175
-165
-174
-174
-150
-170
-163
-145
-127
-100
-95
-84
-73
-59
-27
-39
-20
15
28
48
52
72
81
105
128
134
132
165
189
198
189
191
215
216
234
233
207
202
212
176
142
123
104
107
89
68
26
5
-7
-23
-63
-99
-123
-134
-153
-169
-179
-190
-212
-207
-216
-231
-212
-229
-245
-259
-226
-208
-211
-202
-183
-165
-143
-100
-88
-76
-55
-41
-34
-9
-1
-5
14
41
66
83
98
97
117
143
164
187
190
190
187
203
223
213
196
191
206
205
185
167
133
125
162
142
85
60
47
36
22
-20
-41
-38
-70
-82
-108
-137
-138
-159
-179
-190
-179
-189
-181
-168
-156
-165
-155
-138
-131
-122
-92
-73
-55
-45
-29
-17
-20
14
29
23
40
60
76
81
77
90
111
123
139
140
136
139
142
153
150
141
139
144
140
135
103
85
72
60
57
28
0
-17
-34
-34
-59
-85
-103
-115
-120
-141
-167
-200
-195
-201
-197
-183
-197
-203
-186
-181
-176
-161
-146
-134
-123
-90
-75
-54
-48
-36
-17
2
8
12
27
45
63
83
112
121
131
147
184
193
191
187
199
223
227
231
213
229
220
204
201
172
153
135
116
94
78
57
36
14
1
-28
-51
-84
-116
-111
-126
-144
-171
-197
-193
-192
-198
-214
-200
-202
-180
-178
-181
-173
-151
-129
-141
-120
-116
-112
-95
-89
-71
-57
-41
-23
-16
4
53
53
63
88
101
106
122
147
133
126
143
158
166
171
162
190
210
200
180
152
139
121
115
94
69
43
30
1
-8
-19
-48
-59
-89
-91
-93
-113
-126
-135
-145
-137
-154
-152
-146
-135
-127
-122
-110
-109
-100
-92
-61
-42
-46
-48
-40
-20
-28
-27
-9
23
29
18
29
41
64
77
91
104
113
117
111
119
132
138
157
146
138
155
163
143
137
146
139
124
106
76
34
20
14
-20
-49
-65
-93
-112
-125
-151
-153
-169
-180
-182
-187
-185
-198
-203
-211
-180
-186
-176
-166
-153
-149
-148
-140
-131
-98
-85
-63
-45
-24
-30
-2
25
31
63
78
88
100
102
125
148
162
163
178
190
195
212
225
230
220
234
256
230
205
206
183
166
145
110
69
45
32
7
-8
-33
-48
-68
-82
-86
-110
-123
-129
-127
-139
-152
-142
-156
-136
-116
-99
-92
-100
-97
-87
-80
-62
-76
-92
-72
-83
-58
-46
-54
-52
-36
-24
-14
4
18
31
34
44
39
38
52
73
92
103
116
97
111
106
89
92
76
66
66
63
46
29
13
-4
-26
-39
-51
-63
-79
-93
-105
-130
-136
-141
-161
-154
-170
-187
-171
-149
-152
-139
-125
-123
-99
-83
-70
-54
-49
-19
-11
2
30
39
57
77
86
83
98
122
142
144
162
165
172
186
192
186
184
197
209
222
187
185
184
173
148
140
130
115
105
92
70
44
37
2
-15
-20
-39
-73
-86
-108
-138
-147
-150
-169
-187
-189
-189
-187
-186
-177
-185
-194
-180
-160
-145
-137
-141
-138
-129
-107
-96
-99
-95
-82
-45
-39
-33
-27
5
37
45
48
60
71
101
119
107
113
134
144
159
163
148
157
167
174
146
146
152
127
112
118
97
78
68
58
31
13
12
-12
-7
-34
-57
-66
-75
-97
-112
-110
-117
-109
-105
-114
-110
-112
-107
-110
-104
-97
-85
-79
-73
-52
-28
-33
-14
-6
4
13
15
29
34
35
46
61
46
59
57
60
48
52
48
57
61
56
62
54
61
46
50
56
41
48
42
35
23
2
12
-17
-43
-56
-56
-76
-73
-80
-101
-110
-122
-118
-122
-131
-140
-137
-135
-113
-111
-112
-81
-74
-65
-58
-50
-44
-27
-21
-20
-2
8
7
31
36
38
69
79
90
106
112
131
141
141
144
159
155
142
163
175
166
146
148
140
140
125
109
107
118
99
81
71
52
36
23
-7
-22
-48
-70
-60
-79
-110
-115
-122
-131
-130
-146
-138
-133
-124
-107
-108
-112
-103
-103
-95
-94
-87
-69
-59
-52
-45
-39
-21
-16
-13
4
12
20
27
32
52
45
54
52
55
50
45
68
58
64
80
76
63
59
64
61
51
33
28
31
25
16
6
12
16
-3
-41
-42
-52
-71
-64
-75
-81
-95
-75
-75
-83
-96
-92
-91
-83
-81
-97
-92
-86
-69
-61
-54
-46
-28
-15
3
-11
1
20
20
39
43
59
77
78
86
90
95
109
112
114
104
102
98
107
106
108
110
98
95
85
79
71
64
57
38
36
15
-1
2
-13
-14
-39
-42
-47
-62
-72
-79
-79
-95
-103
-101
-100
-107
-112
-105
-116
-113
-110
-105
-105
-92
-78
-74
-63
-55
-44
-41
-28
-11
3
2
-2
15
30
51
68
86
86
95
109
121
127
127
142
133
117
111
107
110
112
93
94
92
90
74
70
74
53
40
21
21
18
4
-22
-34
-42
-50
-52
-68
-80
-67
-80
-95
-106
-102
-84
-93
-93
-105
-97
-86
-99
-110
-97
-80
-81
-60
-47
-49
-39
-33
-19
-12
-18
5
16
4
12
0
-1
15
13
14
12
6
25
41
45
39
25
34
41
40
42
35
38
40
15
6
0
-1
-9
-26
-17
-34
-37
-37
-39
-43
-41
-49
-61
-49
-52
-56
-51
-43
-48
-41
-50
-55
-28
-20
-12
-12
-1
15
19
21
32
28
46
66
80
86
90
105
107
113
100
106
111
110
113
110
120
111
101
101
95
86
69
80
68
66
51
39
40
31
25
3
-10
2
-7
-27
-23
-33
-38
-56
-54
-64
-70
-70
-70
-83
-95
-91
-93
-82
-90
-108
-111
-107
-99
-94
-84
-103
-94
-80
-73
-76
-55
-52
-37
-31
-15
5
-4
11
20
17
13
14
19
41
39
31
38
35
33
33
31
28
37
46
39
39
26
21
27
40
25
12
12
5
8
14
0
-3
-2
-7
-10
-22
-26
-19
-16
-16
-29
-27
-30
-43
-38
-36
-27
-19
-16
-1
0
-9
4
5
7
11
11
21
22
22
44
45
33
44
51
60
59
54
47
55
42
36
42
37
40
37
19
4
-1
2
5
9
12
10
0
-2
-15
-16
-21
-21
-5
-18
-30
-23
-34
-32
-34
-26
-40
-48
-36
-39
-47
-48
-59
-45
-34
-56
-57
-59
-55
-35
-37
-37
-32
-21
-12
-3
4
-4
-1
15
18
17
28
41
40
53
54
61
72
67
67
50
44
47
43
52
42
31
37
28
33
38
26
38
26
21
3
3
-10
-21
-1
-6
0
3
4
-9
-10
-7
-16
-9
-6
-10
-23
-28
-30
-31
-32
-24
-23
-31
-19
-25
-35
-30
-41
-35
-19
-27
-12
-8
5
8
9
0
4
-1
-6
-15
-22
-22
-25
-18
-17
-12
-24
-10
-7
-15
-8
-9
-2
1
-6
4
5
1
-6
-7
-9
-15
-17
-16
-13
-2
-9
-9
6
-4
4
14
7
2
4
1
7
4
5
-1
0
2
19
15
5
15
20
25
19
21
9
22
28
33
26
22
15
36
54
46
43
42
38
36
34
24
21
24
23
7
14
8
19
15
3
13
-3
-2
-6
-11
-18
-21
-23
-22
-33
-25
-21
-10
-18
-25
-27
-34
-27
-24
-9
-4
9
-3
-6
-14
-18
-23
-22
-16
-19
-25
-22
-24
-17
-12
-24
-21
-31
-11
-9
0
11
4
13
13
19
15
29
26
29
32
37
42
-11
-16
62
31
-24
12
22
-10
-16
34
-27
-47
43
-52
-41
18
-3
-38
-12
-9
-57
-9
-11
-46
-29
-6
-44
-60
56
-50
-38
43
-58
-14
27
-38
-7
-11
-42
8
-11
-50
-12
-27
-29
5
-32
20
22
-35
23
0
0
46
45
23
44
37
35
55
28
37
29
19
44
34
32
48
22
32
23
1
17
29
8
21
24
14
36
43
33
30
37
19
18
15
12
6
3
-3
-9
-3
-9
-23
-18
-15
-24
-18
-24
-18
-14
-28
-36
-26
-33
-35
-28
-26
-30
-37
-22
-31
-30
-17
-18
-11
-13
-5
9
6
5
2
4
10
16
7
25
22
23
20
5
10
2
-3
0
12
8
20
18
16
5
4
11
19
15
7
21
13
7
1
-6
5
-10
-14
-5
-26
-8
-7
-5
-3
-35
-38
-44
-50
-59
-56
-63
-48
-49
-44
-35
-27
-19
-28
-22
-4
-1
-6
-1
-3
1
0
5
18
14
36
41
27
14
49
48
34
29
38
35
5
48
25
10
74
9
25
39
34
35
7
59
14
31
31
12
7
26
27
-23
37
-24
-31
-1
-54
-13
-33
-36
-15
-37
-33
-21
-24
-27
-26
-23
-14
-1
-25
-9
-39
-43
5
-16
-15
9
-1
6
2
19
12
-13
6
10
17
15
17
13
-1
-2
-14
-12
-16
-1
-2
-8
2
-11
3
11
8
12
14
11
11
-4
-5
9
-4
7
8
2
8
3
5
9
-1
1
3
-16
-13
-18
-29
-31
-36
-23
-12
-18
-25
-12
-7
-18
-17
-21
-16
-1
-3
5
10
13
10
16
24
29
38
60
44
38
38
27
40
35
35
44
34
38
43
26
27
18
13
-1
-4
-11
-14
-7
6
0
-6
4
1
-13
-12
-7
-14
-10
-16
-27
-21
-18
-34
-41
-37
-48
-33
-32
-20
-23
-21
-18
-19
-15
-28
-28
-18
-37
-35
-24
-27
-27
-28
-20
-23
-24
-11
-6
14
22
25
30
19
21
17
5
9
11
6
18
12
7
14
9
22
27
31
29
18
26
34
32
32
32
24
16
7
12
10
-2
2
4
11
5
0
-8
5
-8
-1
3
-4
-1
-1
-2
-3
3
-9
-21
-7
-19
-31
-10
-12
-16
-27
-11
-18
-20
3
-7
8
12
3
8
11
6
14
1
10
5
3
1
-25
-20
-27
-8
-14
-3
9
5
-2
-3
5
-3
-10
2
-6
-13
-9
-12
-15
-13
-29
-24
-19
-20
-5
-3
-15
-14
-5
2
3
2
18
10
23
13
5
13
15
15
19
17
23
45
28
30
31
23
27
25
24
25
27
34
30
33
25
27
8
12
8
-14
0
-8
-20
-18
-16
-35
-16
-26
-24
-14
-4
2
-7
-20
-3
-11
-19
-8
-8
-11
-11
-4
-20
-16
-19
-31
-37
-36
-29
-37
-40
-39
-32
-34
-24
-7
-10
-12
2
1
-14
-7
1
1
3
2
5
9
11
21
13
6
27
42
34
31
39
37
26
38
29
27
26
19
22
23
33
32
40
29
19
13
23
13
4
4
2
-2
4
4
12
9
-7
15
-10
-17
-17
-25
-25
-28
-31
-30
-29
-60
-53
-49
-51
-46
-44
-41
-34
-14
-27
-25
-5
5
-19
-14
-2
-15
-10
-1
-3
0
16
28
30
22
27
35
34
46
52
47
49
45
47
34
35
22
9
13
7
7
14
3
4
5
0
-10
-1
-3
-17
-23
-25
-14
-20
-27
-18
-21
-30
-24
-30
-17
-19
-28
-22
-22
-26
-36
-27
-30
-30
-37
-35
-16
-21
-11
-8
2
-2
6
9
8
6
15
35
26
21
19
36
30
32
25
24
38
25
26
28
20
15
18
17
23
12
6
8
5
-4
-7
-4
-14
-12
-10
-18
-12
-14
-8
-10
1
-8
-10
-13
-25
-14
-24
-28
-13
-5
-16
-16
-20
-4
-14
-10
-14
-21
-3
-2
8
-1
0
17
20
23
11
19
19
19
26
21
22
26
36
39
33
32
26
17
23
19
-3
13
10
8
19
10
4
3
5
-5
-24
-28
-20
-30
-29
-37
-28
-20
-15
-12
-14
-16
-12
-14
-20
-16
-22
-37
-42
-50
-41
-40
-38
-27
-23
-14
-23
-18
-20
-13
-1
1
-1
2
13
10
12
15
11
10
6
28
22
13
5
15
18
5
11
14
20
23
18
30
34
19
18
33
26
30
29
25
40
44
44
39
37
31
27
21
14
4
12
7
-8
-12
-8
-8
-17
-27
-21
-23
-17
-22
-22
-18
-10
-5
-15
-11
-13
0
-9
-14
-9
-15
-11
-4
-3
-2
5
2
18
1
-15
-7
-3
-15
-10
-6
-7
0
-6
3
-10
-12
-11
-19
-23
-16
-24
-14
-3
-13
-6
0
-6
-4
-13
1
-1
2
13
3
8
-1
2
-5
-17
-15
-12
-4
-5
-12
1
7
-1
4
7
12
7
8
8
4
8
9
9
16
9
8
14
4
5
-6
3
-3
5
10
5
4
4
12
0
-4
-2
-6
-4
13
15
15
17
23
9
5
-1
7
19
9
13
6
7
9
-9
-5
-2
-10
-11
-5
-15
-17
-22
-22
-9
-5
2
-16
2
13
3
6
-5
1
-9
-16
4
-12
-18
-15
-10
-3
-13
-13
-5
-14
-13
-10
-11
-7
-11
-6
-2
-5
-3
-2
-1
2
8
10
3
9
8
-7
-1
-4
-3
7
6
8
11
19
24
22
20
18
21
16
7
9
13
2
16
6
-13
-6
-3
4
1
4
1
-3
-6
-2
-1
-11
17
9
-7
-8
-5
-13
-12
-5
-27
-21
-12
-21
-12
-1
-9
3
-3
0
4
6
7
13
7
10
13
27
15
19
29
12
15
11
25
29
41
19
11
28
25
20
11
14
5
10
6
10
12
9
7
2
4
-5
0
-9
-16
-22
-17
-25
-29
-22
-41
-41
-48
-46
-41
-56
-56
-45
-47
-48
-48
-50
-44
-45
-36
-38
-35
-19
-14
-11
-20
-19
-16
-19
-13
-14
-19
-8
0
8
14
21
19
31
35
40
41
38
37
46
47
46
66
63
64
58
51
48
45
36
42
29
26
25
37
23
20
-6
0
13
7
-3
-1
-1
-14
-14
-20
-31
-30
-36
-27
-21
-18
1
-5
-10
-20
-13
-9
-5
2
-2
2
5
8
17
12
14
6
1
-4
-2
4
-18
-24
-21
-24
-15
-6
-9
-11
-13
-10
-10
-7
6
4
-1
-6
5
17
6
6
-6
-2
-12
-19
-22
-28
-24
-34
-26
-40
-39
-25
-32
-31
-25
-27
-20
-25
-20
-26
-22
-6
3
7
14
10
22
32
35
37
38
40
34
22
25
26
17
31
33
41
33
36
52
32
21
23
28
25
23
26
11
18
26
20
32
20
10
26
6
14
5
5
-2
-9
-12
-22
-32
-30
-21
-25
-25
-35
-21
-35
-32
-40
-39
-34
-35
-29
-31
-34
-23
-13
-25
-20
-19
-4
5
-1
2
8
1
4
5
-1
6
-10
-1
-1
-8
3
1
-3
-4
15
6
12
13
5
1
6
2
-1
-3
-10
-2
-5
6
-12
-6
0
-14
-9
-10
-9
-14
-5
-10
-27
-21
-25
-30
-11
-8
-8
-6
-7
1
7
17
19
17
21
29
30
32
36
38
20
32
29
16
16
27
17
11
14
17
18
11
24
24
32
13
33
41
34
29
30
43
25
30
35
16
1
1
-7
-13
-24
-21
-33
-26
-18
-28
-6
-24
-16
-32
-38
-26
-32
-25
-27
-34
-31
-33
-43
-40
-44
-38
-33
-33
-35
-39
-33
-36
-32
-25
-20
-10
-10
0
2
2
6
17
6
3
5
4
6
7
-4
4
6
6
13
14
18
16
19
20
32
32
19
32
21
14
19
17
22
17
15
17
10
10
14
3
10
1
7
10
-1
2
6
-4
-2
-2
0
0
-8
-2
-1
0
-8
-3
-1
-7
4
16
10
17
2
1
1
-5
-9
1
7
3
11
11
11
22
17
8
6
-3
1
2
-1
8
0
2
7
-9
-13
-3
-16
-21
-30
-29
-18
-29
-16
-22
-39
-39
-26
-21
-25
-23
-16
-15
-10
2
-4
-4
-3
5
11
7
9
19
21
25
20
21
22
21
20
22
18
22
21
14
6
6
19
12
23
12
15
2
4
5
3
-6
-2
9
8
1
0
-1
-5
-3
-6
-1
-9
-15
-13
-20
-34
-13
-16
-13
-5
-2
2
2
5
-8
-8
-5
-6
-9
9
15
-6
3
2
-1
-1
-21
-2
-9
-13
-4
-18
-13
-12
-24
-6
2
-18
-15
-12
-7
-7
-4
5
10
9
16
18
19
10
9
12
-1
-5
15
9
3
14
8
13
13
6
6
1
7
16
10
1
16
3
7
16
8
-3
-9
0
-4
-13
-16
-18
-14
-10
-18
-29
-24
-22
-25
-27
-27
-15
-8
-10
-12
-1
-10
-13
-7
-9
-1
7
8
11
7
-2
14
12
1
1
-4
11
5
10
16
22
15
13
24
21
22
18
31
29
24
9
20
25
12
10
7
12
3
11
10
6
10
1
-1
8
6
1
3
-6
2
-1
1
3
6
-4
-18
-10
-15
-27
-22
-15
-20
-16
-17
-26
-23
-22
-11
-13
-6
-2
-8
4
-4
-8
-5
1
8
6
14
17
3
2
9
5
21
5
0
4
1
5
-9
-5
-7
-8
-15
-8
-18
-7
-13
-12
-13
-19
-7
-18
-8
-15
-17
-24
-11
-9
-5
-15
-13
-1
-12
1
-1
7
3
14
11
1
17
15
18
19
28
21
18
14
15
3
-10
3
4
15
5
-6
10
4
4
4
-6
7
1
7
5
-2
-1
-2
4
7
-3
15
14
8
4
-5
-4
-1
0
3
9
-3
6
16
15
15
1
-6
-11
-8
-9
-19
-8
-11
-9
-24
-25
-18
-14
-12
-10
-7
-8
7
-3
-4
-4
-4
4
7
-1
-10
-3
-13
-5
-4
3
14
5
4
14
7
-2
10
8
3
11
8
4
4
-18
-1
-14
-16
-4
-7
0
7
8
14
23
15
11
8
6
15
18
16
11
16
21
9
9
15
10
15
11
21
18
8
12
15
-1
3
1
2
-1
-9
-12
-11
-12
-2
4
-6
12
3
-1
-4
-6
-17
-20
-12
-20
-15
-18
-15
-3
-3
2
-1
-15
-1
0
-10
-7
1
-10
1
-3
-4
-5
-3
11
-4
13
7
1
-2
-24
-26
-34
-34
-27
-30
-37
-32
-33
-32
-33
-34
-26
-19
-29
-24
-14
-18
-15
-11
3
2
16
23
23
25
15
13
16
17
16
16
20
29
21
28
30
34
33
24
21
24
20
18
19
20
21
26
22
24
25
12
20
24
17
23
20
14
22
19
11
17
12
13
7
9
15
-8
-4
-5
-12
-16
-13
-15
-23
-30
-16
-13
-13
-5
-11
-3
-5
-13
-3
-8
-8
-14
-17
-14
-23
-9
-18
-29
-20
-15
-18
-17
-14
-22
-14
-9
-13
-13
-15
-14
-22
-28
-38
-21
-21
-23
-23
-10
-8
-10
-15
0
-11
-16
-4
-1
5
6
9
10
18
14
19
16
14
17
16
12
4
9
19
7
1
14
17
19
29
22
23
11
13
19
3
9
9
9
11
-1
9
-5
2
-5
4
-1
-3
3
-8
-2
-7
-8
-6
4
3
16
3
4
10
5
3
3
9
-2
5
2
-1
-8
-6
3
-1
9
5
4
0
0
4
7
10
2
10
7
-4
1
3
-4
-6
-10
-3
-5
-5
5
-6
-6
-4
-3
-4
-2
-6
-11
-9
-4
-7
-21
-12
-17
-20
-12
-24
-13
-12
-11
-13
-8
1
-9
6
7
8
10
9
11
9
0
1
9
9
3
11
7
3
5
2
0
-5
-4
-7
-2
-2
3
8
12
5
0
5
10
11
5
7
11
12
8
7
12
1
1
4
9
10
-1
-3
-5
-13
-11
-6
-10
-5
-3
-3
-12
-8
-7
-6
-12
-13
-3
-6
9
5
4
7
2
6
6
8
7
9
6
8
2
15
9
6
8
7
5
-3
4
5
0
-9
-5
-7
-6
-14
-12
-12
-16
-12
-20
-11
-7
-8
-7
-11
-16
-3
-9
-7
-7
-15
-16
-12
-15
-15
-17
-13
-7
-7
-3
-8
-1
-8
6
14
1
6
10
2
4
11
11
16
12
16
17
13
14
22
16
15
16
22
24
25
27
22
21
22
16
12
9
5
8
4
4
8
3
-1
-4
-4
-8
-9
-8
-2
-2
-1
3
-4
-4
-6
-8
-6
2
-5
-1
-8
-11
-8
-11
-7
-10
-11
-10
-7
-9
-6
-14
-9
-4
-13
-13
-19
-20
-19
-23
-15
-12
-12
1
-1
-2
-2
-8
-8
-5
2
1
6
8
6
10
13
20
13
15
23
16
17
15
14
13
7
8
3
-8
-4
0
2
-6
-3
-3
-6
-9
-4
-5
-5
-15
-9
-11
-16
-13
-17
-16
-16
-15
-17
-10
-9
-5
-10
-6
1
-1
1
5
4
4
5
3
0
7
8
7
10
10
6
3
10
6
6
8
9
4
-1
-1
-4
-8
2
-4
-8
2
5
7
7
13
8
16
22
20
18
21
18
15
17
5
6
10
7
2
2
0
-3
-1
-3
-8
-4
-3
6
1
2
5
-4
4
0
-2
-2
7
0
2
1
-1
0
-3
-7
-7
-4
-9
-5
-10
-6
-6
-12
-8
-14
-16
-16
-14
-11
-12
-18
-15
-15
-14
-17
-13
-12
-14
-9
-11
-14
-14
-4
-2
-1
-1
-5
-1
0
3
0
6
13
10
11
18
16
14
15
18
19
14
21
16
13
8
7
12
15
12
15
10
10
10
5
8
7
3
7
10
10
10
7
6
-1
2
-4
-8
-2
-2
-5
1
3
-1
-2
-3
-4
1
-2
-1
-6
-4
-5
-13
-10
-12
-14
-17
-19
-14
-18
-22
-20
-17
-15
-11
-12
-13
-13
-14
-12
-7
-7
-11
-13
-13
-9
-12
-11
-13
-9
-6
-2
-1
-3
1
-2
4
-1
3
2
2
2
-1
0
5
6
2
6
7
6
9
7
1
7
7
16
9
14
4
5
7
2
9
8
16
16
17
14
17
18
21
22
22
29
26
25
21
24
23
18
22
14
14
17
14
6
8
6
3
3
7
7
9
6
0
3
2
1
-3
-6
-3
-9
-8
-9
-13
-13
-14
-13
-13
-19
-20
-17
-19
-20
-22
-18
-20
-17
-16
-18
-23
-23
-18
-23
-25
-24
-19
-15
-14
-16
-15
-13
-12
-8
-15
-23
-21
-23
-18
-17
-20
-13
-15
-14
