SAMPLES:	18576
BITSPERSAMPLE:	16
CHANNELS:	1
SAMPLERATE:	16000
NORMALIZED:	FALSE
25
25
24
17
18
14
9
4
2
5
4
9
8
10
9
13
13
9
13
12
15
16
17
13
18
25
24
23
24
28
30
33
30
28
26
24
23
24
23
20
24
18
22
21
20
18
16
14
11
12
4
-1
-8
-11
-14
-19
-22
-23
-22
-29
-30
-33
-35
-37
-42
-45
-47
-46
-54
-52
-58
-52
-56
-52
-45
-43
-37
-37
-32
-34
-27
-25
-24
-23
-23
-19
-23
-14
-9
-1
-4
-2
-1
2
5
4
11
14
18
18
22
24
32
27
31
30
23
28
25
24
19
21
21
20
17
17
20
13
19
12
17
18
23
18
13
19
20
21
13
12
9
14
10
14
13
12
18
11
14
8
12
9
7
5
3
6
-4
-2
-5
-5
-11
-11
-13
-16
-13
-18
-14
-19
-13
-16
-18
-16
-19
-15
-20
-16
-22
-16
-19
-19
-20
-17
-10
-18
-18
-17
-13
-17
-20
-15
-15
-17
-12
-15
-18
-18
-19
-11
-18
-17
-12
-8
-4
0
3
2
5
-2
5
6
4
8
8
13
13
17
14
15
18
21
19
17
26
25
31
30
29
28
29
28
22
24
18
23
23
22
19
23
21
16
19
13
12
9
13
5
5
7
2
2
2
3
-1
7
2
0
4
1
1
-2
6
1
2
2
6
2
2
5
-1
-4
-9
-9
-16
-15
-15
-11
-15
-8
-7
-10
-9
-7
-11
-14
-12
-17
-16
-16
-15
-12
-10
-14
-18
-12
-13
-12
-10
-10
-5
-6
-3
-7
-4
-7
-10
-10
-12
-10
-10
-4
-7
-6
-3
-8
-11
-7
-7
-12
-6
-6
-8
-5
-4
-7
-6
-7
-9
-11
-7
-7
-9
-7
-16
-14
-13
-11
-16
-20
-12
-10
-9
-9
-2
-3
-4
-3
-2
5
8
11
10
12
13
12
14
13
19
22
22
20
24
26
28
27
24
28
30
33
30
30
30
31
34
27
23
22
25
19
16
14
14
11
6
1
-4
-3
-5
-6
-6
-5
-6
-6
-9
-11
-11
-7
-7
-8
-9
-12
-11
-10
-14
-17
-13
-20
-27
-21
-26
-20
-27
-28
-28
-23
-22
-29
-24
-23
-22
-26
-22
-25
-22
-20
-23
-23
-23
-17
-17
-11
-15
-10
-6
-5
-5
-3
6
2
9
7
11
14
22
23
23
27
26
33
28
31
32
33
29
33
35
34
36
29
36
28
39
33
28
33
30
28
18
19
14
15
4
4
1
0
1
-7
-3
-8
-6
-13
-13
-15
-12
-11
-19
-15
-22
-15
-22
-18
-24
-20
-15
-21
-14
-22
-13
-17
-17
-18
-15
-8
-11
-12
-13
-6
-7
-8
-19
-12
-4
-7
-11
-13
-5
-3
-2
-9
-4
0
3
5
-1
4
1
4
-1
2
7
5
3
5
6
4
12
7
11
7
11
10
0
6
2
9
0
-3
-5
-2
3
-3
0
-2
8
2
2
-1
7
6
-2
0
-2
6
-1
2
-2
0
4
1
3
2
8
4
2
-2
4
6
6
0
-2
8
1
2
-4
5
3
0
-2
-3
2
-3
0
-8
-1
2
8
3
-2
2
2
1
-8
0
-4
0
-10
-17
-12
-15
-10
-18
-15
-16
-9
-12
-13
-9
-10
-7
-16
-12
-13
-3
-10
-20
-17
-13
-9
-13
-14
-18
-5
-7
-3
0
2
6
5
7
4
15
11
12
13
17
19
16
15
12
21
19
29
26
28
31
29
34
23
30
27
33
29
33
31
32
29
20
29
21
24
16
17
18
20
15
6
11
8
11
0
9
7
6
3
-1
-3
-3
6
-12
-10
-14
-12
-14
-22
-23
-26
-19
-29
-28
-29
-24
-24
-22
-20
-26
-25
-35
-34
-37
-31
-35
-33
-34
-38
-32
-31
-29
-34
-29
-30
-30
-35
-32
-28
-28
-25
-32
-28
-30
-29
-32
-32
-27
-24
-19
-26
-11
-14
-9
-12
-14
-10
-5
1
3
10
5
21
16
17
16
24
27
21
28
24
33
29
26
32
36
38
39
43
43
51
46
42
43
41
44
38
35
41
47
37
36
32
36
36
29
29
32
41
38
41
35
37
31
28
29
22
20
16
17
9
11
6
4
0
-8
-8
-10
-3
-7
-10
-12
-16
-20
-22
-22
-24
-26
-33
-38
-37
-37
-47
-46
-49
-49
-48
-47
-42
-39
-31
-33
-34
-34
-29
-30
-31
-32
-30
-27
-30
-27
-29
-28
-24
-23
-21
-24
-20
-20
-13
-14
-4
-2
-5
-2
-3
2
-2
4
-1
4
-1
0
1
-1
2
-5
0
2
7
5
6
6
8
13
12
16
12
19
15
19
21
13
16
20
25
22
23
20
24
18
23
22
22
26
18
27
15
21
19
18
17
15
19
17
18
8
11
4
5
3
2
4
0
5
7
13
10
8
6
10
5
7
10
-1
3
-4
4
-2
-1
2
-3
1
-4
-2
-8
-3
-3
-4
-8
-6
-7
-8
-7
-16
-6
-12
-7
-9
-10
-7
-9
-5
-12
-9
-12
-6
-11
-8
-10
-8
1
-10
-3
-8
3
-1
-6
-5
-1
-3
-5
5
0
10
0
10
7
6
7
3
15
7
14
10
13
8
11
15
7
9
2
10
5
8
-1
4
1
1
0
-10
0
-7
-1
-8
1
-5
-5
-5
-12
-4
-12
-5
-11
-8
-12
-13
-11
-11
-7
-18
-7
-15
-8
-9
-12
-13
-11
-5
-15
-5
-17
-12
-18
-18
-21
-25
-19
-24
-16
-21
-10
-20
-20
-21
-22
-22
-26
-18
-28
-20
-29
-24
-20
-18
-13
-15
-8
-9
-5
-12
-1
2
6
2
2
17
12
26
19
28
28
28
30
29
34
29
36
31
37
30
35
34
32
29
24
34
19
28
22
30
28
25
29
26
31
22
30
22
25
21
22
19
13
16
5
9
6
14
5
3
2
3
2
-3
1
-8
0
-9
-8
-12
-13
-12
-17
-13
-25
-16
-18
-18
-26
-28
-27
-32
-30
-38
-24
-23
-21
-27
-25
-23
-23
-20
-21
-16
-22
-13
-21
-14
-12
-11
-6
-11
-5
-6
2
-2
4
4
1
9
10
16
15
19
13
17
14
17
16
9
17
10
20
10
18
12
14
17
12
19
11
22
14
16
9
12
11
13
15
8
15
7
12
4
8
4
3
4
-1
4
-2
1
-9
-7
-16
-15
-16
-18
-15
-22
-14
-23
-18
-21
-12
-15
-21
-18
-22
-16
-21
-12
-15
-9
-11
-14
-9
-12
-3
-8
-7
-12
-4
-3
-3
0
-4
2
-1
7
-5
-6
3
-1
3
-2
6
4
7
1
3
5
3
3
5
8
5
13
1
9
4
5
1
-3
2
0
2
-6
-5
-6
4
1
4
4
2
7
-5
-4
-6
1
-3
-5
-3
-4
1
-2
0
-4
3
2
1
1
-3
5
5
3
1
5
4
2
-2
1
10
9
13
11
17
14
17
16
16
25
23
26
18
23
25
25
19
22
28
24
19
11
16
15
18
8
10
10
9
9
-1
6
-1
5
-2
-8
-8
-8
-8
-17
-14
-20
-16
-23
-21
-24
-20
-19
-28
-21
-27
-20
-22
-24
-19
-20
-16
-20
-18
-20
-17
-18
-16
-21
-21
-16
-18
-22
-22
-16
-13
-15
-17
-11
-10
-7
-5
-11
-7
-6
-3
-6
-3
0
-2
-5
-5
-7
-1
0
-2
3
2
5
8
10
13
17
16
19
22
23
23
26
27
23
25
28
24
22
20
25
21
22
23
20
18
13
14
12
14
7
6
3
-1
-4
-5
-7
-15
-14
-23
-26
-28
-29
-29
-25
-22
-20
-14
-12
-6
-7
-2
5
7
10
17
18
15
20
18
20
21
25
25
27
23
21
23
16
15
11
9
7
3
0
1
-3
-15
-22
-26
-31
-37
-39
-44
-51
-47
-43
-39
-42
-32
-22
-21
-17
-10
-2
0
7
10
9
9
18
17
14
16
21
22
16
20
13
13
15
12
10
10
13
11
18
19
19
23
26
25
30
29
29
26
19
18
16
10
6
10
8
6
4
3
-2
-5
-2
-11
-15
-17
-17
-23
-29
-24
-28
-33
-30
-25
-26
-16
-14
-15
-10
-9
-11
-14
-10
-10
-10
-8
-9
-6
-4
-2
-7
-3
-3
0
-6
-8
-11
-16
-14
-18
-13
-19
-14
-12
-11
-9
-3
5
5
6
2
10
11
14
10
10
19
17
17
12
15
12
16
14
13
10
9
6
-1
2
-3
-2
-3
-3
-4
-5
-2
-5
0
-2
-2
-6
-1
-2
4
12
2
4
1
9
5
2
3
6
5
2
7
4
7
5
6
1
1
1
0
3
4
10
7
7
3
6
6
5
7
7
9
8
10
5
12
9
9
6
8
14
7
10
1
3
8
7
3
4
5
1
4
-4
0
0
2
-1
-4
1
0
6
-4
0
-1
0
-3
-6
-6
-9
-3
-14
-9
-10
-6
-11
-13
-11
-19
-13
-20
-17
-22
-21
-18
-20
-19
-18
-12
-17
-10
-15
-10
-11
-9
-12
-14
-8
-11
-6
-5
3
-1
1
-1
1
2
3
12
5
8
4
7
0
3
10
9
18
10
11
5
7
3
2
4
1
6
-4
7
3
6
2
4
9
2
7
8
12
5
8
1
-1
-2
-2
0
-4
1
-10
-3
-7
-8
-9
-8
0
3
3
-5
2
-1
0
0
-6
-4
-11
-7
-6
-2
-1
-1
-1
-4
-5
-4
-1
-8
0
-4
5
0
4
7
0
6
2
-1
-11
-2
0
2
1
2
5
0
6
-2
2
-2
1
0
4
11
8
6
7
19
16
22
19
22
24
17
19
9
14
11
11
6
7
12
12
13
5
5
-5
0
-1
-1
0
-3
-4
-2
5
-1
4
-1
1
0
1
1
-2
5
1
4
-2
0
-4
-10
-8
-9
-7
-11
-13
-11
-15
-18
-16
-19
-19
-15
-17
-4
-5
-1
0
5
3
0
5
1
-4
-7
-4
-10
-9
-12
-7
0
-4
-1
-3
2
1
1
0
1
3
3
1
-3
1
-6
-3
-4
-6
0
-4
-8
-10
-4
-8
-5
-11
-11
-8
-6
2
2
7
3
3
-1
4
5
4
6
-1
2
-4
-2
-3
-7
-6
-1
6
6
8
10
11
10
11
8
9
10
6
7
-1
3
-2
1
-5
-7
-9
-11
-2
-5
5
7
16
25
27
25
19
20
17
16
13
8
3
-1
-1
-3
0
-4
4
8
17
18
24
27
29
27
16
22
13
8
-3
-4
-17
-28
-26
-38
-46
-53
-58
-63
-62
-64
-61
-58
-57
-60
-78
-78
-78
-84
-84
-79
-83
-84
-66
-48
-40
-34
2
24
29
38
64
83
79
104
119
116
116
141
155
143
145
158
154
133
125
113
98
90
77
61
43
42
35
32
31
35
44
51
54
55
69
75
70
52
59
33
-40
-91
-133
-186
-255
-284
-310
-342
-361
-333
-312
-312
-266
-191
-156
-147
-80
-20
0
15
64
109
115
139
181
197
195
215
233
208
183
170
133
63
14
-35
-93
-140
-184
-197
-204
-192
-186
-140
-92
-68
-33
6
41
51
66
71
78
69
79
106
98
99
121
152
139
138
137
120
85
50
32
-8
-32
-58
-77
-90
-100
-93
-77
-65
-59
-35
-18
-16
-7
21
46
42
55
61
68
69
80
82
85
99
99
79
52
43
20
-25
-77
-98
-123
-157
-183
-191
-173
-158
-138
-125
-96
-61
-43
-15
13
39
50
61
67
81
94
96
97
98
114
121
128
112
108
89
62
46
10
-9
-37
-58
-90
-111
-99
-78
-52
-33
-13
11
49
72
76
77
100
112
87
98
106
111
95
87
112
123
103
108
107
62
1
-72
-125
-219
-336
-409
-466
-551
-615
-558
-521
-523
-470
-318
-211
-187
-85
56
120
117
244
316
300
321
419
446
392
438
483
451
386
395
348
253
149
69
-6
-113
-165
-215
-240
-257
-231
-177
-112
-31
31
135
184
209
255
297
288
249
273
267
243
191
208
201
160
135
142
138
65
54
14
-30
-110
-142
-166
-221
-247
-256
-211
-212
-189
-157
-120
-120
-146
-206
-304
-377
-506
-637
-760
-826
-927
-990
-914
-877
-869
-773
-561
-456
-400
-235
-37
2
48
247
317
307
390
556
595
606
729
849
842
821
905
873
799
723
656
518
372
269
179
121
45
76
121
196
201
246
349
386
441
462
529
479
451
416
348
249
207
221
111
73
51
34
-51
-56
-64
-163
-234
-274
-274
-353
-397
-426
-438
-403
-452
-602
-748
-775
-915
-1098
-1193
-1300
-1465
-1527
-1383
-1374
-1342
-1129
-760
-631
-501
-161
158
208
335
651
655
659
805
974
895
855
1006
1033
890
844
854
684
554
452
335
148
-6
-84
-155
-128
-106
-40
95
303
403
536
772
884
947
958
951
794
679
673
552
354
271
285
195
159
135
200
141
79
75
-48
-197
-309
-376
-643
-1026
-1332
-1451
-1678
-1942
-2020
-2047
-2096
-2079
-1761
-1551
-1462
-1144
-682
-460
-327
96
426
523
663
1038
1163
1142
1350
1578
1512
1380
1477
1394
1169
1005
839
575
318
162
-49
-246
-380
-405
-384
-307
-241
-137
123
342
458
622
834
941
925
924
952
879
786
788
732
600
521
529
516
371
348
281
110
-109
-270
-475
-762
-979
-1270
-1636
-1974
-2162
-2409
-2586
-2637
-2609
-2595
-2432
-2050
-1791
-1542
-1155
-655
-349
-31
417
762
923
1201
1541
1628
1704
1871
1989
1873
1802
1792
1612
1368
1197
956
642
385
128
-91
-276
-343
-350
-372
-258
-112
47
315
559
739
934
1113
1172
1151
1194
1234
1086
988
969
850
715
676
710
594
495
442
275
23
-127
-294
-605
-900
-1279
-1718
-2112
-2377
-2696
-2969
-3029
-3076
-3151
-3036
-2611
-2366
-2143
-1646
-1069
-712
-362
200
658
844
1164
1564
1637
1708
1901
2016
1869
1763
1762
1616
1325
1119
907
569
297
66
-192
-409
-519
-568
-558
-474
-344
-144
179
475
629
879
1151
1223
1271
1355
1389
1230
1091
1099
1002
802
770
796
610
434
359
236
-16
-215
-331
-608
-1069
-1529
-1802
-2154
-2595
-2851
-2902
-2980
-3109
-2955
-2549
-2305
-2081
-1527
-953
-676
-311
328
752
861
1206
1710
1809
1819
2099
2307
2162
2087
2198
2040
1684
1491
1264
842
428
165
-101
-408
-583
-660
-632
-605
-517
-292
35
246
425
760
1058
1130
1188
1376
1431
1344
1290
1359
1180
981
996
938
633
355
263
23
-363
-576
-698
-1040
-1501
-1874
-2138
-2535
-2917
-3120
-3205
-3304
-3348
-3107
-2750
-2543
-2223
-1602
-1008
-736
-295
384
786
930
1319
1789
1888
1897
2128
2292
2061
1962
2034
1830
1432
1244
1061
628
216
-1
-143
-437
-655
-654
-578
-566
-501
-232
93
317
555
891
1169
1356
1486
1694
1754
1647
1667
1654
1452
1229
1177
1032
643
343
224
-45
-445
-679
-849
-1146
-1609
-1985
-2278
-2721
-3042
-3156
-3240
-3440
-3496
-3200
-2840
-2672
-2305
-1551
-903
-504
29
747
1179
1403
1774
2144
2182
2194
2360
2372
2172
2023
2070
1852
1523
1335
1100
736
359
101
-139
-396
-670
-727
-721
-735
-678
-467
-84
129
416
846
1187
1326
1519
1755
1762
1636
1572
1598
1333
1093
974
766
429
132
-57
-324
-598
-813
-950
-1332
-1784
-2120
-2396
-2776
-3170
-3333
-3429
-3594
-3608
-3284
-2912
-2638
-2120
-1398
-805
-349
248
901
1265
1518
1957
2228
2185
2248
2424
2393
2143
2104
2085
1828
1609
1434
1213
945
672
429
208
-70
-276
-346
-385
-366
-318
-72
216
429
746
1141
1391
1538
1739
1874
1855
1695
1660
1527
1235
993
794
474
123
-92
-335
-646
-943
-1060
-1279
-1663
-2110
-2458
-2790
-3193
-3521
-3704
-3844
-3987
-3883
-3557
-3223
-2878
-2328
-1596
-1070
-590
82
720
1040
1362
1846
2093
2131
2277
2463
2332
2167
2170
2039
1743
1576
1437
1126
814
605
430
154
-9
-30
-77
-70
-9
178
438
723
987
1285
1626
1904
2081
2162
2286
2200
2054
1990
1783
1478
1226
990
612
225
-70
-325
-757
-1033
-1255
-1585
-2028
-2415
-2718
-3102
-3485
-3727
-3853
-4093
-4117
-3920
-3639
-3380
-2951
-2297
-1675
-1189
-558
137
646
1015
1458
1829
1962
2088
2320
2350
2172
2141
2090
1841
1596
1486
1207
890
683
550
274
92
26
-47
-50
88
276
456
774
1067
1404
1708
2009
2258
2451
2605
2642
2551
2478
2388
2119
1834
1513
1137
718
290
-94
-543
-959
-1269
-1643
-2110
-2570
-2968
-3417
-3792
-4089
-4290
-4460
-4490
-4370
-4110
-3726
-3313
-2773
-2125
-1441
-822
-133
521
1024
1446
1869
2145
2278
2450
2561
2480
2284
2172
2008
1695
1393
1137
825
496
224
-35
-264
-442
-494
-452
-374
-222
46
459
838
1179
1583
2026
2353
2560
2789
2940
2942
2879
2827
2644
2343
2040
1676
1256
745
313
-129
-622
-1065
-1422
-1837
-2404
-2888
-3268
-3660
-4084
-4291
-4382
-4506
-4566
-4279
-3873
-3589
-3116
-2344
-1658
-1183
-498
289
817
1148
1654
2053
2142
2220
2419
2403
2169
2022
1906
1591
1222
955
695
368
29
-182
-393
-575
-694
-691
-585
-467
-272
147
618
993
1432
2009
2496
2773
3055
3325
3409
3330
3282
3204
2908
2492
2113
1682
1120
605
148
-312
-851
-1295
-1677
-2271
-2855
-3258
-3595
-4038
-4371
-4459
-4542
-4639
-4364
-3920
-3592
-3127
-2305
-1507
-982
-321
569
1124
1424
1941
2379
2468
2489
2667
2577
2266
2082
1920
1525
1086
784
459
75
-317
-592
-829
-1103
-1283
-1292
-1174
-1017
-771
-358
169
678
1164
1809
2343
2753
3117
3438
3553
3493
3449
3317
3002
2531
2099
1546
983
410
-66
-551
-1098
-1532
-1974
-2549
-3040
-3386
-3746
-4166
-4439
-4459
-4549
-4647
-4261
-3765
-3508
-2960
-2109
-1350
-865
-173
646
1070
1380
1976
2284
2263
2353
2552
2432
2098
2015
1885
1530
1180
937
570
293
10
-300
-590
-812
-953
-1076
-978
-834
-663
-247
273
694
1175
1820
2353
2683
3035
3430
3545
3456
3457
3369
3060
2661
2297
1816
1285
806
354
-165
-654
-1033
-1498
-2101
-2680
-3122
-3597
-4034
-4348
-4538
-4673
-4648
-4343
-4027
-3664
-3035
-2222
-1615
-1007
-176
593
1045
1441
2006
2233
2315
2503
2612
2433
2281
2195
1925
1488
1218
1011
512
109
-164
-440
-812
-1064
-1236
-1359
-1377
-1308
-1103
-824
-373
105
633
1231
1767
2294
2782
3168
3341
3447
3568
3475
3075
2672
2328
1750
1142
630
187
-380
-848
-1149
-1669
-2311
-2732
-3103
-3730
-4190
-4336
-4476
-4769
-4653
-4206
-4003
-3627
-2801
-1988
-1432
-670
254
866
1278
1930
2437
2502
2667
2951
2905
2646
2495
2361
1943
1611
1339
966
539
306
-16
-434
-719
-888
-1074
-1228
-1200
-1147
-955
-640
-246
146
740
1390
1967
2504
3039
3472
3636
3813
3860
3543
3144
2740
2215
1487
944
477
-141
-750
-1130
-1681
-2352
-2839
-3264
-3751
-4252
-4518
-4738
-4955
-4914
-4572
-4357
-3962
-3185
-2378
-1731
-969
-39
705
1250
1881
2344
2592
2805
3053
2987
2819
2650
2478
2159
1758
1493
1115
758
413
94
-286
-583
-807
-1000
-1169
-1254
-1206
-1074
-807
-521
-112
430
985
1582
2192
2724
3108
3497
3747
3789
3533
3241
2866
2289
1629
1018
448
-152
-664
-1127
-1690
-2332
-2805
-3220
-3708
-4124
-4446
-4657
-4832
-4751
-4534
-4271
-3783
-3055
-2293
-1632
-803
65
769
1310
1893
2286
2508
2713
2793
2718
2543
2380
2129
1802
1532
1244
878
560
298
-11
-344
-594
-791
-974
-1101
-1154
-1140
-990
-768
-392
47
516
1063
1723
2359
2801
3191
3591
3900
3809
3542
3268
2836
2237
1592
1080
436
-197
-750
-1317
-1982
-2599
-3071
-3495
-3921
-4387
-4592
-4628
-4600
-4509
-4220
-3690
-3133
-2502
-1690
-790
-78
620
1381
1958
2232
2499
2792
2769
2581
2484
2379
1961
1678
1540
1256
854
609
481
38
-412
-618
-812
-1141
-1383
-1483
-1461
-1382
-1210
-798
-411
53
641
1321
1922
2358
2800
3302
3574
3488
3382
3255
2896
2323
1866
1464
853
290
-190
-754
-1469
-2033
-2476
-3025
-3553
-3959
-4218
-4447
-4488
-4397
-4146
-3735
-3083
-2454
-1771
-883
-91
567
1248
1926
2282
2495
2760
2795
2560
2348
2221
1862
1550
1425
1221
867
587
513
172
-267
-540
-780
-1194
-1487
-1601
-1642
-1638
-1432
-1038
-673
-218
419
1080
1650
2125
2575
2993
3135
3094
3004
2831
2466
1975
1611
1224
711
250
-244
-797
-1413
-1858
-2322
-2831
-3306
-3642
-3875
-4049
-4087
-3961
-3598
-3162
-2573
-1861
-1053
-292
426
1174
1817
2249
2557
2859
2896
2722
2587
2405
2015
1618
1414
1080
711
519
395
86
-232
-411
-604
-928
-1155
-1312
-1498
-1567
-1473
-1253
-1015
-679
-171
379
863
1352
1823
2173
2439
2535
2426
2273
2048
1705
1277
954
567
175
-166
-549
-1014
-1433
-1800
-2221
-2600
-2950
-3266
-3476
-3554
-3502
-3428
-3165
-2625
-2111
-1567
-789
-11
555
1195
1814
2244
2456
2688
2807
2621
2403
2247
1996
1667
1433
1202
988
775
660
458
222
58
-145
-476
-648
-767
-929
-918
-789
-624
-447
-86
375
716
1035
1463
1744
1904
1933
1944
1787
1425
1088
793
373
-4
-314
-730
-1133
-1515
-1853
-2167
-2515
-2749
-2975
-3174
-3208
-3205
-3118
-2937
-2611
-2157
-1683
-1146
-525
86
626
1131
1625
2021
2196
2372
2455
2347
2205
2008
1809
1572
1321
1100
900
671
476
262
13
-177
-334
-514
-642
-640
-633
-564
-387
-134
106
415
859
1186
1417
1619
1854
1966
1892
1724
1503
1152
755
382
-22
-388
-717
-1066
-1523
-1889
-2184
-2508
-2809
-2936
-3096
-3304
-3279
-3105
-2928
-2728
-2243
-1636
-1151
-613
51
665
1003
1486
2005
2163
2220
2395
2462
2207
1990
1867
1598
1221
1062
873
560
374
321
168
-112
-312
-437
-614
-746
-769
-813
-679
-424
-118
192
609
1098
1568
1933
2232
2407
2494
2431
2125
1729
1325
889
354
-143
-511
-834
-1279
-1643
-2032
-2419
-2793
-3075
-3246
-3488
-3632
-3602
-3435
-3227
-2914
-2332
-1624
-990
-399
410
1177
1693
2044
2522
2814
2766
2750
2737
2410
2011
1785
1473
1070
763
634
398
131
23
-76
-306
-519
-638
-792
-906
-938
-920
-836
-591
-201
142
660
1192
1708
2187
2587
2788
2904
2871
2568
2078
1490
991
331
-278
-744
-1153
-1622
-2032
-2308
-2654
-3055
-3297
-3422
-3688
-3905
-3870
-3736
-3585
-3312
-2705
-2006
-1349
-561
285
1103
1729
2326
2858
3135
3142
3152
3015
2591
2171
1849
1416
912
626
402
162
-105
-207
-334
-468
-612
-722
-854
-1025
-1018
-1029
-929
-775
-437
0
505
1116
1703
2275
2742
3091
3234
3201
3003
2558
1990
1387
764
84
-505
-1002
-1546
-2045
-2423
-2760
-3161
-3402
-3576
-3765
-4007
-3976
-3796
-3678
-3447
-2882
-2107
-1461
-681
284
1222
1908
2586
3214
3575
3651
3745
3685
3194
2700
2354
1869
1248
833
586
206
-114
-288
-466
-741
-962
-1067
-1246
-1378
-1391
-1292
-1203
-948
-558
-90
472
1113
1740
2298
2820
3162
3361
3302
3163
2776
2230
1648
999
312
-349
-941
-1607
-2191
-2723
-3258
-3746
-4033
-4217
-4548
-4674
-4526
-4334
-4169
-3780
-3111
-2442
-1729
-817
151
904
1706
2492
3080
3384
3638
3842
3682
3330
3042
2677
2106
1605
1220
783
328
10
-253
-607
-876
-1118
-1330
-1510
-1635
-1639
-1545
-1332
-1023
-564
-43
587
1214
1864
2505
2960
3342
3544
3523
3368
3068
2643
2110
1654
1109
477
-185
-800
-1478
-2174
-2801
-3355
-3787
-4278
-4574
-4757
-4747
-4655
-4392
-3909
-3269
-2584
-1804
-905
-13
770
1568
2310
2814
3145
3459
3608
3388
3175
2985
2600
2121
1810
1471
1021
639
354
-72
-509
-831
-1110
-1466
-1709
-1788
-1810
-1764
-1557
-1161
-721
-134
553
1229
1852
2479
2971
3255
3313
3285
3100
2730
2313
1874
1369
897
363
-277
-798
-1357
-1979
-2621
-3103
-3555
-4157
-4490
-4580
-4656
-4694
-4360
-3744
-3195
-2573
-1580
-589
107
948
1905
2498
2793
3202
3540
3349
3083
3008
2709
2268
1950
1761
1374
1015
809
494
62
-294
-608
-980
-1334
-1657
-1835
-1897
-1838
-1742
-1383
-776
-191
409
1152
1895
2424
2867
3171
3227
3011
2837
2517
1992
1480
1109
627
-49
-508
-938
-1522
-2088
-2409
-2857
-3428
-3701
-3843
-4079
-4177
-3934
-3561
-3150
-2582
-1881
-1043
-248
557
1350
2054
2594
2938
3228
3257
3137
2945
2698
2361
1936
1616
1311
914
539
316
55
-367
-730
-982
-1279
-1626
-1835
-1934
-2006
-1921
-1676
-1300
-853
-275
410
1006
1582
2107
2427
2585
2561
2413
2096
1832
1477
1045
604
128
-346
-838
-1236
-1744
-2109
-2464
-2853
-3153
-3310
-3371
-3482
-3453
-3074
-2664
-2224
-1610
-907
-209
549
1323
1949
2363
2831
3226
3218
3143
3094
2946
2627
2302
2068
1710
1351
1112
758
416
85
-201
-546
-889
-1197
-1468
-1633
-1684
-1704
-1589
-1256
-868
-450
92
635
1109
1469
1753
1868
1857
1747
1518
1258
913
651
257
-216
-610
-1002
-1475
-1884
-2160
-2537
-2935
-3123
-3202
-3371
-3387
-3125
-2767
-2463
-2022
-1312
-692
-158
597
1316
1817
2190
2644
2863
2763
2778
2736
2468
2235
2091
1853
1593
1381
1237
974
688
461
165
-195
-477
-743
-1059
-1259
-1258
-1296
-1263
-1004
-680
-359
73
572
1019
1316
1529
1627
1512
1373
1208
1023
698
417
60
-308
-671
-1101
-1451
-1770
-2004
-2403
-2688
-2791
-2906
-3034
-2936
-2672
-2516
-2159
-1643
-1110
-566
70
686
1153
1661
2081
2415
2537
2542
2559
2400
2168
1958
1758
1409
1199
1070
871
665
512
345
123
-59
-243
-403
-566
-714
-813
-909
-904
-809
-592
-359
-75
269
582
770
887
942
874
731
537
407
168
-155
-566
-818
-1116
-1449
-1674
-1882
-2068
-2323
-2392
-2428
-2483
-2452
-2263
-1977
-1743
-1342
-861
-360
62
623
1179
1608
2011
2334
2563
2543
2538
2534
2332
2068
1902
1664
1323
1116
991
748
526
415
299
104
22
-3
-56
-166
-168
-116
-110
-56
25
101
200
362
517
649
592
559
471
275
-6
-231
-408
-635
-898
-1175
-1377
-1690
-1980
-2162
-2275
-2461
-2632
-2583
-2497
-2463
-2331
-1980
-1608
-1281
-799
-280
185
553
1003
1434
1692
1904
2181
2337
2254
2200
2160
1984
1771
1616
1376
1119
926
729
504
237
43
-109
-273
-383
-396
-338
-268
-82
110
302
478
662
815
877
956
1040
916
760
607
260
-59
-359
-621
-862
-1136
-1464
-1759
-1997
-2307
-2604
-2722
-2775
-2928
-2881
-2685
-2468
-2245
-1911
-1417
-974
-607
-76
538
922
1268
1713
2046
2167
2255
2427
2366
2233
2167
2084
1824
1559
1489
1303
1074
865
732
477
211
24
-118
-241
-328
-222
-140
35
245
540
873
1111
1286
1461
1577
1523
1321
1128
883
403
-34
-344
-709
-1146
-1488
-1908
-2313
-2601
-2885
-3164
-3350
-3436
-3529
-3529
-3341
-3059
-2811
-2361
-1759
-1197
-645
42
756
1293
1702
2244
2540
2604
2667
2703
2516
2237
2113
1874
1577
1335
1169
936
741
566
349
176
-29
-149
-321
-432
-406
-405
-247
-6
303
616
1039
1445
1786
2009
2161
2239
2084
1867
1517
1072
555
102
-372
-818
-1187
-1643
-2107
-2549
-2885
-3281
-3566
-3737
-3919
-3991
-3844
-3576
-3389
-2981
-2378
-1711
-1085
-325
464
1148
1745
2293
2689
2889
3064
3108
2872
2488
2190
1839
1431
1079
798
560
381
207
-53
-226
-413
-624
-805
-872
-919
-854
-616
-293
90
494
1059
1627
2053
2463
2864
3009
2902
2663
2353
1845
1255
741
207
-353
-843
-1351
-1888
-2330
-2702
-3152
-3573
-3787
-3984
-4183
-4123
-3874
-3609
-3257
-2623
-1920
-1345
-619
250
1006
1564
2204
2808
3078
3197
3354
3322
2994
2675
2379
1929
1402
1064
678
220
-60
-280
-606
-934
-1113
-1319
-1503
-1525
-1438
-1312
-1000
-526
-37
504
1167
1798
2307
2736
3034
3090
2980
2756
2319
1768
1267
811
242
-276
-716
-1282
-1844
-2296
-2822
-3281
-3533
-3754
-3970
-4016
-3770
-3545
-3318
-2781
-2061
-1422
-764
101
858
1413
2047
2699
2977
3143
3371
3350
3016
2736
2593
2167
1671
1315
938
473
108
-219
-642
-1093
-1353
-1607
-1905
-2052
-2008
-1900
-1720
-1297
-821
-280
356
1043
1599
2143
2647
2858
2847
2692
2414
1958
1471
996
515
82
-448
-1050
-1567
-1994
-2536
-3027
-3293
-3644
-3954
-4022
-3825
-3720
-3452
-2823
-2079
-1497
-796
215
988
1531
2162
2871
3196
3331
3561
3620
3351
3117
2943
2525
2005
1628
1317
864
396
14
-399
-846
-1284
-1617
-1893
-2144
-2273
-2209
-1989
-1722
-1261
-653
-30
543
1168
1835
2232
2390
2457
2471
2205
1808
1479
1095
604
209
-235
-809
-1294
-1758
-2226
-2772
-3107
-3486
-3798
-3903
-3793
-3667
-3355
-2713
-2076
-1417
-663
262
1021
1736
2479
3083
3369
3561
3800
3742
3567
3411
3189
2820
2368
1974
1477
1020
572
121
-433
-923
-1348
-1826
-2175
-2436
-2516
-2508
-2279
-1966
-1637
-1158
-550
23
517
1085
1570
1894
2008
2015
1839
1590
1335
989
589
183
-157
-726
-1230
-1665
-2137
-2694
-3063
-3318
-3720
-3849
-3698
-3413
-3223
-2731
-1993
-1306
-643
136
999
1624
2243
2883
3324
3573
3799
4018
3917
3752
3631
3361
2913
2490
2105
1546
1047
530
-3
-622
-1120
-1572
-2017
-2317
-2481
-2495
-2423
-2133
-1795
-1307
-801
-261
265
735
1183
1415
1564
1599
1537
1329
1078
785
456
205
-203
-728
-1218
-1629
-2152
-2716
-3056
-3435
-3880
-4028
-3804
-3625
-3511
-2907
-2076
-1461
-828
124
979
1538
2195
2954
3340
3486
3795
3988
3793
3611
3675
3498
3121
2860
2607
2115
1648
1182
645
-47
-644
-1187
-1717
-2134
-2469
-2555
-2522
-2348
-2047
-1559
-951
-426
141
647
1062
1288
1366
1404
1190
935
710
554
282
46
-225
-649
-1036
-1405
-1908
-2471
-2835
-3283
-3796
-4004
-3875
-3848
-3747
-3147
-2372
-1751
-992
97
1007
1582
2309
3100
3431
3566
3876
3982
3750
3675
3741
3459
3098
3000
2808
2343
1962
1652
1107
427
-163
-700
-1365
-1913
-2213
-2428
-2493
-2355
-2025
-1608
-1132
-591
-101
379
751
933
961
958
788
559
357
161
-72
-255
-481
-791
-1125
-1492
-1904
-2398
-2743
-3169
-3645
-3907
-3929
-3951
-3826
-3325
-2671
-1959
-1165
-181
671
1414
2220
2892
3282
3582
3997
4043
3883
3877
3838
3553
3340
3277
2993
2624
2377
2061
1449
832
328
-345
-1026
-1502
-1913
-2280
-2418
-2298
-2099
-1796
-1315
-826
-402
31
442
677
686
663
528
332
60
-145
-311
-470
-680
-972
-1141
-1365
-1697
-2100
-2388
-2732
-3190
-3384
-3394
-3443
-3414
-2985
-2425
-1945
-1316
-438
387
1062
1819
2537
3039
3370
3724
3863
3766
3670
3623
3457
3204
3006
2757
2497
2208
1894
1499
1021
547
27
-517
-1051
-1490
-1772
-1919
-1983
-1932
-1709
-1340
-997
-669
-203
145
342
446
464
293
-18
-219
-383
-576
-750
-962
-1223
-1467
-1717
-1964
-2249
-2518
-2732
-3051
-3201
-3164
-3159
-3078
-2718
-2163
-1654
-1059
-308
416
1057
1689
2317
2791
3111
3400
3578
3522
3499
3470
3396
3230
3066
2892
2672
2419
2118
1775
1335
920
406
-87
-568
-927
-1170
-1359
-1381
-1341
-1197
-936
-588
-304
-41
182
377
335
197
38
-233
-499
-752
-855
-954
-1168
-1367
-1508
-1748
-2059
-2369
-2555
-2826
-3211
-3252
-3199
-3240
-3177
-2673
-2075
-1679
-1075
-269
433
932
1558
2147
2439
2650
3020
3186
2978
3010
3149
3043
2784
2764
2739
2436
2231
2074
1727
1208
839
527
-1
-462
-722
-892
-1132
-1125
-964
-778
-503
-230
61
269
483
546
468
323
32
-252
-524
-800
-1021
-1095
-1261
-1515
-1724
-1897
-2133
-2487
-2632
-2821
-3153
-3294
-3166
-3055
-2994
-2517
-1903
-1390
-832
-22
649
1118
1686
2296
2592
2672
2961
3119
2949
2859
2952
2796
2560
2562
2530
2260
2032
1923
1619
1179
815
528
58
-396
-589
-769
-944
-955
-723
-556
-320
-8
306
482
550
631
586
357
31
-202
-525
-892
-1144
-1223
-1374
-1651
-1816
-1995
-2280
-2640
-2855
-3009
-3335
-3476
-3391
-3223
-3129
-2759
-2123
-1467
-842
-127
600
1127
1657
2187
2569
2743
2931
3064
2991
2857
2808
2807
2643
2506
2389
2252
2051
1810
1579
1172
758
367
5
-477
-791
-881
-968
-990
-817
-469
-205
64
386
737
831
856
922
730
409
94
-169
-614
-975
-1099
-1193
-1532
-1852
-1923
-2196
-2657
-2972
-3030
-3345
-3692
-3603
-3385
-3272
-2984
-2250
-1518
-952
-244
694
1338
1771
2386
2924
3134
3186
3409
3416
3201
3058
3003
2840
2597
2562
2442
2166
1894
1673
1297
799
326
-42
-490
-964
-1183
-1250
-1286
-1265
-927
-554
-285
46
399
670
757
875
812
524
131
-137
-478
-948
-1209
-1326
-1496
-1869
-2084
-2258
-2607
-2988
-3207
-3392
-3713
-3833
-3732
-3571
-3369
-2920
-2166
-1428
-725
53
904
1588
2150
2699
3097
3296
3426
3576
3476
3303
3194
3143
2935
2682
2568
2345
2065
1741
1483
1018
507
88
-225
-667
-1041
-1116
-1120
-1098
-911
-521
-209
127
505
845
980
1021
1119
1033
682
318
97
-263
-654
-873
-1001
-1262
-1639
-1860
-2114
-2563
-3024
-3249
-3459
-3896
-4034
-3866
-3661
-3501
-3001
-2217
-1555
-879
-47
852
1438
1973
2628
3065
3202
3409
3626
3529
3321
3260
3197
2909
2654
2555
2343
1960
1602
1333
888
378
-27
-379
-834
-1202
-1247
-1212
-1218
-1034
-597
-231
32
405
758
893
953
1045
988
667
344
113
-222
-634
-819
-903
-1193
-1671
-1883
-2141
-2690
-3200
-3413
-3614
-4100
-4160
-3960
-3797
-3639
-2965
-2189
-1649
-942
-13
824
1295
1960
2632
2999
3169
3479
3672
3502
3430
3440
3297
2993
2873
2731
2352
2032
1793
1462
889
426
34
-386
-847
-1076
-1055
-1098
-1016
-737
-327
-29
294
676
963
1098
1156
1321
1241
956
737
591
215
-206
-380
-555
-983
-1531
-1839
-2299
-2902
-3358
-3561
-3881
-4304
-4286
-4076
-3960
-3755
-3081
-2381
-1830
-1138
-237
493
1050
1727
2329
2744
2989
3339
3560
3443
3374
3408
3310
2966
2713
2525
2198
1687
1336
996
419
-136
-508
-786
-1217
-1390
-1317
-1304
-1254
-909
-476
-230
98
581
930
1043
1210
1429
1379
1170
1039
879
483
178
23
-209
-642
-1152
-1502
-1985
-2606
-3087
-3359
-3684
-4105
-4186
-3968
-3779
-3637
-3070
-2356
-1736
-1061
-98
723
1269
1944
2647
3088
3276
3673
3931
3796
3607
3619
3443
3025
2778
2557
2132
1645
1341
886
222
-288
-654
-1065
-1532
-1695
-1716
-1679
-1572
-1248
-869
-555
-160
275
645
862
1119
1345
1399
1200
1033
878
619
307
41
-136
-549
-1113
-1557
-1977
-2565
-3120
-3398
-3731
-4142
-4196
-3943
-3820
-3625
-3046
-2338
-1777
-1141
-160
609
1171
1830
2540
2990
3239
3659
3869
3768
3680
3758
3497
3021
2726
2526
2050
1528
1186
738
206
-356
-661
-971
-1351
-1528
-1516
-1504
-1469
-1198
-852
-567
-283
178
599
817
1033
1334
1517
1320
1217
1174
889
441
187
-28
-554
-1131
-1567
-2022
-2728
-3179
-3385
-3700
-4107
-4118
-3850
-3770
-3620
-3114
-2401
-1847
-1220
-310
458
1060
1774
2530
2994
3310
3717
3966
3837
3707
3699
3425
3024
2713
2428
1953
1465
1106
717
151
-296
-525
-822
-1200
-1436
-1412
-1454
-1458
-1196
-890
-599
-320
153
575
857
1127
1488
1618
1449
1409
1310
994
525
301
29
-512
-1147
-1549
-1959
-2643
-3159
-3385
-3589
-4052
-4101
-3858
-3775
-3747
-3263
-2501
-2038
-1499
-566
319
830
1484
2362
2876
3088
3460
3868
3709
3438
3496
3357
2803
2435
2293
1834
1270
908
736
164
-372
-542
-753
-1186
-1408
-1287
-1333
-1331
-1101
-692
-433
-149
329
773
1037
1300
1746
1847
1705
1616
1536
1244
740
424
92
-412
-1057
-1466
-1954
-2596
-3063
-3280
-3537
-3987
-3993
-3813
-3691
-3610
-3099
-2439
-1951
-1350
-521
289
839
1583
2314
2820
3085
3490
3765
3630
3499
3349
3114
2660
2284
1942
1552
1081
676
338
-130
-497
-779
-951
-1252
-1442
-1371
-1330
-1309
-1173
-806
-482
-196
246
721
1053
1275
1625
1751
1636
1507
1438
1123
664
376
62
-461
-1137
-1518
-2008
-2605
-3040
-3251
-3491
-3814
-3823
-3685
-3534
-3367
-2823
-2222
-1692
-1024
-194
557
1145
1887
2569
3050
3334
3698
3887
3734
3568
3381
3050
2537
2217
1872
1343
847
509
161
-384
-765
-975
-1192
-1527
-1626
-1550
-1537
-1457
-1168
-792
-557
-168
339
770
1002
1316
1695
1752
1620
1507
1349
951
532
200
-101
-637
-1240
-1614
-2048
-2616
-3086
-3255
-3559
-3918
-3930
-3673
-3561
-3412
-2812
-2090
-1510
-906
58
843
1395
2081
2819
3270
3477
3844
4015
3825
3561
3473
3176
2655
2292
1961
1491
912
560
226
-290
-761
-914
-1142
-1524
-1562
-1409
-1403
-1361
-1008
-625
-354
-78
470
928
1124
1367
1722
1748
1510
1397
1202
737
241
17
-343
-970
-1581
-1927
-2406
-3090
-3442
-3543
-3832
-4170
-4085
-3796
-3673
-3477
-2840
-2120
-1598
-865
143
870
1399
2172
2942
3254
3498
3881
4031
3753
3561
3481
3091
2555
2222
1910
1359
841
536
187
-370
-812
-960
-1178
-1502
-1600
-1404
-1315
-1268
-926
-493
-169
105
656
1177
1384
1580
1962
2020
1690
1500
1406
972
362
103
-162
-862
-1558
-1811
-2236
-2947
-3341
-3396
-3711
-4109
-3976
-3728
-3707
-3527
-2792
-2095
-1641
-897
171
917
1403
2155
2872
3200
3391
3756
3870
3556
3372
3275
2944
2344
1973
1684
1185
656
328
60
-429
-896
-1065
-1211
-1535
-1645
-1462
-1353
-1299
-945
-399
-33
221
749
1239
1427
1590
1924
1997
1642
1469
1350
903
354
128
-166
-829
-1410
-1718
-2167
-2864
-3183
-3266
-3633
-3959
-3827
-3555
-3557
-3344
-2633
-1984
-1483
-736
231
893
1426
2180
2855
3143
3380
3708
3747
3479
3262
3110
2739
2225
1896
1568
1107
595
289
1
-497
-883
-1024
-1199
-1468
-1540
-1363
-1253
-1215
-889
-375
-57
185
700
1181
1355
1525
1866
1889
1521
1320
1179
688
134
-123
-363
-1074
-1653
-1899
-2323
-2927
-3208
-3202
-3516
-3820
-3683
-3346
-3342
-3063
-2335
-1723
-1293
-573
451
1068
1574
2307
2988
3240
3438
3769
3728
3399
3192
3002
2505
1989
1667
1310
821
377
97
-237
-632
-1005
-1138
-1346
-1529
-1516
-1428
-1266
-1079
-725
-266
113
399
862
1313
1511
1620
1837
1848
1518
1312
1077
642
101
-178
-467
-1146
-1699
-1957
-2337
-2967
-3209
-3289
-3583
-3799
-3560
-3293
-3259
-2869
-2122
-1477
-982
-144
778
1386
1994
2724
3233
3410
3607
3813
3653
3286
3072
2772
2231
1726
1378
975
500
143
-202
-521
-850
-1149
-1283
-1463
-1588
-1573
-1366
-1198
-954
-545
-76
306
593
1102
1471
1632
1722
1915
1800
1458
1193
915
439
-74
-267
-639
-1301
-1800
-2009
-2495
-3127
-3329
-3304
-3577
-3798
-3478
-3116
-3014
-2573
-1735
-1073
-606
290
1253
1767
2209
2948
3476
3516
3598
3796
3602
3064
2831
2580
2016
1421
1121
752
136
-271
-518
-876
-1316
-1522
-1584
-1740
-1829
-1718
-1430
-1197
-905
-469
80
450
816
1281
1600
1771
1854
2023
1807
1447
1169
879
396
-171
-442
-834
-1459
-1977
-2192
-2609
-3131
-3323
-3389
-3624
-3748
-3356
-3072
-2878
-2422
-1653
-978
-408
481
1353
1940
2505
3175
3569
3724
3801
3812
3540
3124
2809
2333
1785
1290
872
429
-29
-399
-716
-1025
-1327
-1555
-1664
-1694
-1732
-1647
-1391
-1070
-756
-320
224
651
1012
1439
1834
1994
2065
2193
2060
1672
1302
1011
484
-83
-423
-825
-1474
-2028
-2252
-2710
-3291
-3473
-3469
-3744
-3838
-3417
-3063
-2879
-2361
-1512
-854
-305
603
1511
2034
2549
3253
3629
3675
3789
3914
3523
3074
2822
2356
1688
1156
825
323
-190
-597
-886
-1266
-1554
-1775
-1914
-1962
-1995
-1845
-1573
-1217
-879
-404
177
623
980
1425
1859
1959
2008
2079
1933
1536
1173
878
341
-204
-518
-939
-1664
-2132
-2389
-2848
-3308
-3423
-3415
-3636
-3585
-3239
-2934
-2688
-2113
-1310
-658
22
879
1709
2268
2903
3508
3829
3952
4042
4017
3675
3274
2890
2389
1785
1281
781
297
-125
-505
-878
-1235
-1475
-1761
-1885
-1950
-1965
-1831
-1543
-1177
-882
-453
82
571
945
1368
1718
1839
1941
2001
1830
1443
1174
809
283
-269
-575
-994
-1663
-2074
-2357
-2844
-3322
-3411
-3506
-3764
-3728
-3300
-3072
-2890
-2211
-1406
-820
-183
796
1680
2170
2783
3464
3806
3844
4031
4020
3553
3103
2832
2358
1666
1195
811
331
-191
-515
-827
-1205
-1478
-1697
-1815
-1931
-1942
-1810
-1577
-1288
-942
-446
80
492
876
1362
1728
1837
1916
2043
1901
1475
1189
914
387
-181
-444
-820
-1556
-2009
-2246
-2711
-3249
-3301
-3290
-3584
-3611
-3172
-2859
-2762
-2196
-1329
-725
-160
819
1706
2182
2769
3444
3761
3772
3913
3951
3538
3074
2766
2310
1674
1195
776
268
-198
-495
-831
-1182
-1461
-1668
-1798
-1866
-1884
-1812
-1542
-1231
-919
-470
93
494
815
1250
1624
1768
1835
1951
1825
1420
1121
839
312
-230
-470
-823
-1495
-1952
-2143
-2588
-3108
-3227
-3231
-3507
-3583
-3199
-2909
-2770
-2191
-1358
-793
-225
701
1546
2006
2550
3233
3551
3574
3714
3750
3377
2927
2671
2250
1643
1197
828
341
-200
-532
-825
-1136
-1436
-1608
-1663
-1742
-1733
-1614
-1360
-1083
-751
-338
166
546
880
1267
1594
1716
1800
1899
1723
1369
1086
807
338
-131
-382
-744
-1366
-1772
-2005
-2508
-3003
-3067
-3156
-3442
-3396
-3025
-2816
-2633
-1986
-1250
-733
-120
864
1609
2011
2649
3229
3463
3517
3710
3678
3241
2876
2616
2136
1511
1116
754
227
-249
-532
-861
-1200
-1410
-1582
-1723
-1802
-1736
-1613
-1383
-1075
-746
-353
106
457
770
1171
1460
1507
1532
1668
1477
1128
920
676
179
-319
-492
-851
-1491
-1866
-2071
-2557
-3029
-3036
-3076
-3388
-3340
-2925
-2715
-2568
-1925
-1153
-675
-84
859
1572
1966
2555
3170
3389
3447
3614
3571
3192
2875
2631
2140
1588
1243
863
350
-83
-326
-634
-963
-1182
-1376
-1489
-1564
-1548
-1425
-1194
-925
-588
-190
271
568
856
1229
1508
1588
1653
1728
1495
1153
924
662
179
-210
-361
-838
-1496
-1784
-2017
-2537
-2964
-2950
-3074
-3333
-3243
-2771
-2632
-2523
-1855
-1073
-630
-116
881
1547
1882
2445
3085
3234
3199
3427
3393
2945
2573
2408
1950
1307
927
642
185
-294
-494
-731
-1076
-1383
-1403
-1474
-1617
-1557
-1330
-1111
-928
-562
-86
274
519
948
1359
1533
1560
1695
1746
1393
1119
932
552
30
-208
-429
-1043
-1610
-1870
-2193
-2849
-3152
-3120
-3285
-3512
-3244
-2818
-2732
-2408
-1622
-949
-550
190
1109
1614
2017
2677
3186
3216
3309
3498
3314
2859
2614
2375
1829
1337
1023
680
157
-253
-460
-763
-1153
-1349
-1385
-1512
-1632
-1549
-1273
-1107
-889
-465
0
276
553
1052
1350
1467
1615
1838
1699
1371
1230
1011
521
79
-73
-495
-1173
-1611
-1829
-2354
-2873
-2935
-3007
-3290
-3313
-2897
-2679
-2593
-2036
-1227
-752
-291
578
1354
1760
2279
2982
3281
3312
3533
3649
3292
2892
2769
2390
1752
1297
1002
522
-35
-321
-566
-956
-1326
-1440
-1529
-1723
-1761
-1580
-1410
-1283
-964
-579
-217
52
446
873
1101
1229
1412
1525
1345
1154
1014
763
297
-41
-253
-750
-1354
-1719
-2015
-2590
-3017
-3061
-3166
-3393
-3284
-2912
-2730
-2523
-1933
-1240
-757
-175
697
1367
1822
2404
3002
3290
3399
3610
3643
3332
3046
2857
2425
1875
1474
1182
702
184
-102
-400
-831
-1214
-1337
-1485
-1664
-1711
-1508
-1330
-1204
-834
-421
-101
140
567
932
1068
1188
1428
1418
1160
1040
885
535
73
-99
-337
-928
-1428
-1738
-2133
-2699
-2946
-2947
-3259
-3400
-3146
-2818
-2747
-2380
-1684
-1106
-652
66
875
1375
1842
2482
2998
3119
3334
3581
3474
3131
2950
2750
2278
1770
1494
1178
619
257
-42
-425
-818
-1090
-1197
-1344
-1511
-1461
-1277
-1183
-1007
-688
-280
-44
205
610
936
1076
1204
1370
1283
1056
900
728
345
-55
-212
-552
-1162
-1600
-1839
-2296
-2859
-2976
-3005
-3266
-3313
-2930
-2655
-2561
-2090
-1367
-884
-437
363
1111
1534
1986
2640
3026
3124
3333
3525
3310
2967
2888
2655
2110
1691
1463
1032
528
236
-58
-473
-833
-1004
-1106
-1328
-1430
-1301
-1138
-1097
-874
-486
-164
8
332
723
934
1027
1163
1289
1043
803
681
447
-27
-328
-441
-932
-1511
-1797
-2081
-2605
-2982
-2948
-3113
-3388
-3240
-2840
-2727
-2565
-1898
-1226
-816
-225
641
1222
1586
2191
2783
3010
3167
3444
3458
3162
2961
2801
2409
1913
1563
1250
805
405
118
-203
-577
-890
-1055
-1200
-1349
-1410
-1324
-1187
-1037
-821
-485
-156
60
379
712
939
944
1094
1170
909
717
565
313
-121
-315
-485
-1008
-1508
-1734
-2051
-2581
-2877
-2869
-3025
-3211
-2937
-2534
-2394
-2070
-1350
-709
-332
315
1106
1553
1936
2499
2977
3107
3265
3454
3405
3143
2979
2809
2385
1956
1662
1309
840
442
88
-279
-666
-969
-1122
-1286
-1434
-1432
-1287
-1149
-970
-675
-299
-26
195
517
782
864
884
1017
878
608
447
303
17
-379
-559
-850
-1391
-1835
-2084
-2466
-2925
-3061
-3135
-3369
-3402
-3027
-2748
-2577
-2064
-1332
-750
-267
496
1221
1612
2095
2639
2962
3064
3300
3468
3329
3095
3007
2779
2312
1941
1639
1248
769
437
95
-307
-682
-886
-1106
-1296
-1386
-1301
-1148
-1069
-811
-468
-158
47
371
683
900
980
1051
1065
855
619
387
121
-258
-480
-682
-1138
-1586
-1897
-2230
-2696
-3000
-3107
-3253
-3389
-3269
-2915
-2688
-2304
-1670
-1023
-543
90
858
1382
1833
2351
2873
3057
3239
3431
3376
3199
3017
2837
2460
2073
1722
1401
970
601
267
-104
-505
-776
-921
-1130
-1269
-1247
-1111
-1014
-805
-519
-175
77
332
690
915
1041
1163
1237
1048
788
634
374
-42
-317
-481
-883
-1428
-1749
-2080
-2563
-2966
-3043
-3201
-3475
-3429
-3067
-2815
-2681
-2070
-1411
-939
-417
444
1075
1456
1986
2598
2883
2975
3243
3381
3178
2993
2971
2710
2272
1951
1693
1294
835
519
230
-240
-619
-756
-952
-1172
-1202
-1072
-984
-863
-581
-219
50
255
594
863
959
997
1090
981
723
535
331
-20
-363
-520
-825
-1346
-1703
-1962
-2379
-2909
-3113
-3181
-3446
-3573
-3293
-2976
-2870
-2401
-1657
-1105
-661
78
884
1309
1724
2403
2823
2869
3077
3364
3242
2967
2953
2837
2386
1991
1827
1480
910
545
329
-130
-664
-846
-942
-1262
-1426
-1260
-1108
-1073
-843
-389
-5
154
492
894
1022
1033
1208
1325
1056
744
669
461
-18
-243
-343
-796
-1390
-1618
-1877
-2474
-2893
-2902
-3112
-3482
-3360
-2961
-2814
-2570
-1840
-1142
-761
-173
736
1293
1559
2157
2749
2847
2904
3294
3293
2971
2880
2879
2551
2059
1859
1646
1153
677
436
80
-414
-798
-931
-1194
-1432
-1430
-1320
-1217
-1098
-746
-376
-133
140
514
833
951
1029
1154
1038
697
523
387
-12
-375
-486
-746
-1306
-1675
-1892
-2360
-2877
-3023
-3049
-3371
-3496
-3191
-2917
-2774
-2239
-1443
-920
-406
445
1221
1605
2048
2683
3054
3108
3317
3547
3379
3162
3120
2938
2502
2129
1923
1524
1011
687
384
-49
-552
-821
-1018
-1299
-1547
-1461
-1307
-1214
-1036
-650
-288
-94
254
583
773
784
907
949
709
402
307
122
-302
-508
-602
-1052
-1609
-1863
-2122
-2705
-3086
-3119
-3303
-3613
-3472
-3055
-2941
-2615
-1882
-1171
-728
-72
796
1329
1733
2320
2818
2985
3145
3446
3438
3215
3160
3098
2803
2434
2149
1901
1454
1011
629
248
-217
-589
-843
-1059
-1274
-1311
-1129
-1032
-907
-683
-262
-11
210
522
800
883
916
999
914
644
443
355
3
-287
-429
-760
-1309
-1666
-1932
-2456
-2942
-3107
-3263
-3568
-3600
-3313
-3086
-2828
-2231
-1532
-1039
-503
358
998
1390
1923
2519
2776
2904
3179
3310
3212
3074
3060
2853
2509
2185
1995
1609
1124
796
452
29
-422
-630
-895
-1122
-1295
-1205
-1115
-1023
-788
-494
-188
-6
324
624
769
817
889
821
580
344
199
-28
-340
-479
-683
-1142
-1483
-1746
-2115
-2625
-2878
-3009
-3284
-3439
-3197
-2930
-2814
-2333
-1630
-1097
-665
114
873
1285
1739
2360
2715
2798
3027
3255
3168
2992
3041
2930
2566
2306
2066
1757
1333
1004
650
261
-169
-495
-714
-1046
-1208
-1258
-1129
-1098
-963
-656
-318
-67
168
529
720
725
762
829
616
323
209
66
-242
-482
-586
-961
-1470
-1720
-1987
-2490
-2840
-2871
-3090
-3377
-3262
-2937
-2803
-2548
-1864
-1214
-799
-191
690
1218
1548
2127
2632
2768
2903
3197
3193
3004
2972
2957
2653
2324
2133
1871
1436
1041
797
403
-44
-411
-613
-910
-1170
-1256
-1175
-1101
-984
-717
-433
-199
-26
311
569
609
650
768
656
368
209
64
-186
-500
-588
-857
-1329
-1640
-1885
-2283
-2736
-2852
-2981
-3204
-3252
-2964
-2760
-2555
-2003
-1320
-847
-378
417
1020
1387
1892
2450
2735
2882
3139
3283
3132
3038
3017
2778
2432
2197
1936
1591
1236
885
478
75
-274
-557
-798
-1073
-1224
-1209
-1101
-1014
-820
-539
-264
-49
203
451
613
700
754
714
501
288
147
-80
-387
-497
-659
-1108
-1515
-1720
-2098
-2585
-2868
-2962
-3200
-3370
-3183
-2895
-2722
-2391
-1686
-1135
-700
-53
721
1221
1596
2119
2549
2765
2938
3177
3192
3059
3021
2960
2684
2317
2061
1806
1410
1021
663
316
-66
-471
-666
-886
-1095
-1198
-1066
-949
-872
-601
-312
-44
126
424
688
786
809
897
821
541
370
219
-64
-378
-511
-796
-1317
-1598
-1842
-2335
-2811
-2947
-3134
-3451
-3469
-3169
-2986
-2846
-2255
-1586
-1141
-604
205
828
1211
1735
2290
2575
2701
3014
3194
3015
2959
2988
2814
2498
2297
2039
1684
1346
1063
661
250
-113
-450
-677
-960
-1095
-1081
-1021
-925
-741
-443
-122
46
293
613
781
829
878
934
742
497
381
178
-175
-383
-508
-1001
-1488
-1719
-2036
-2572
-2873
-2919
-3199
-3371
-3204
-2948
-2829
-2537
-1898
-1359
-946
-348
429
885
1318
1861
2298
2502
2713
2974
2944
2865
2867
2782
2500
2257
2030
1689
1320
1000
674
286
-33
-370
-643
-836
-1036
-1119
-1092
-1001
-846
-632
-336
-62
148
406
689
819
871
1003
956
717
504
377
110
-216
-380
-649
-1151
-1521
-1790
-2262
-2705
-2869
-2977
-3276
-3337
-3036
-2845
-2689
-2174
-1535
-1063
-573
154
793
1179
1686
2257
2545
2700
3043
3233
3089
3016
3067
2895
2591
2387
2087
1715
1357
993
569
190
-123
-497
-708
-934
-1106
-1157
-1037
-897
-810
-562
-230
23
117
397
632
626
627
688
550
260
126
5
-327
-608
-656
-1022
-1550
-1818
-2059
-2607
-2990
-3015
-3196
-3467
-3337
-2973
-2829
-2545
-1851
-1216
-832
-249
599
1110
1438
2019
2570
2743
2913
3250
3273
3098
3082
3076
2744
2416
2204
1889
1500
1140
788
331
-53
-426
-721
-940
-1147
-1208
-1207
-1068
-884
-676
-377
-50
171
333
593
757
771
832
845
575
355
227
21
-319
-492
-656
-1165
-1595
-1827
-2152
-2733
-2929
-2939
-3185
-3378
-3068
-2767
-2706
-2319
-1608
-1049
-726
-7
792
1214
1594
2266
2705
2796
3028
3298
3212
3002
3045
2941
2555
2237
1968
1617
1189
815
447
16
-368
-681
-888
-1056
-1202
-1221
-1069
-916
-773
-523
-178
73
214
472
726
780
799
956
856
548
386
332
18
-413
-468
-737
-1340
-1747
-1924
-2375
-2923
-2983
-3052
-3370
-3455
-3025
-2803
-2687
-2140
-1386
-1000
-593
238
909
1176
1671
2337
2590
2694
3041
3285
3053
2913
3018
2842
2374
2124
1918
1507
978
705
385
-96
-501
-655
-796
-1098
-1142
-1011
-889
-869
-639
-273
9
168
435
799
917
926
1012
1079
823
599
527
336
-50
-235
-366
-892
-1432
-1640
-1985
-2614
-2910
-2984
-3244
-3492
-3270
-2937
-2852
-2535
-1867
-1316
-993
-343
495
941
1289
1926
2411
2508
2729
3102
3101
2925
2930
2925
2584
2231
2027
1664
1214
813
496
104
-275
-620
-878
-1042
-1190
-1258
-1166
-956
-862
-618
-240
31
181
412
757
908
893
960
992
745
515
434
235
-168
-352
-561
-1109
-1623
-1830
-2236
-2770
-3010
-3083
-3272
-3412
-3060
-2810
-2626
-2221
-1483
-987
-599
150
840
1258
1637
2273
2649
2802
3068
3285
3198
3062
3049
2884
2531
2228
1950
1601
1142
757
420
20
-399
-686
-809
-1034
-1108
-1009
-866
-771
-615
-283
-20
141
332
627
795
810
908
1047
844
554
450
297
-106
-371
-519
-1009
-1613
-1917
-2218
-2813
-3154
-3198
-3357
-3582
-3389
-3051
-2843
-2529
-1866
-1299
-942
-295
461
942
1293
1866
2341
2522
2779
3091
3092
2962
2957
2897
2547
2236
2000
1604
1165
791
460
43
-276
-579
-828
-1005
-1134
-1152
-1048
-860
-749
-497
-142
147
301
533
863
1017
1051
1182
1178
895
702
610
359
-66
-248
-548
-1113
-1638
-1922
-2361
-2888
-3053
-3174
-3386
-3404
-3024
-2814
-2554
-2029
-1409
-939
-485
327
923
1289
1756
2338
2629
2783
3080
3211
3123
3000
3013
2731
2376
2095
1761
1379
917
591
198
-173
-524
-793
-983
-1156
-1269
-1262
-1135
-1006
-822
-493
-178
43
245
577
824
871
996
1080
875
599
540
330
-133
-376
-541
-1135
-1670
-1891
-2280
-2925
-3168
-3135
-3380
-3543
-3227
-2815
-2685
-2306
-1591
-985
-675
-56
753
1157
1493
2106
2585
2700
2948
3282
3259
3100
3136
3021
2608
2307
2059
1704
1230
839
520
114
-276
-628
-801
-1018
-1215
-1220
-1049
-940
-797
-517
-185
67
240
587
897
964
989
1130
1043
712
527
452
103
-302
-492
-873
-1473
-1927
-2178
-2677
-3151
-3270
-3347
-3540
-3484
-3114
-2849
-2585
-2006
-1333
-914
-394
347
920
1281
1792
2328
2591
2792
3100
3188
3117
3103
3055
2821
2524
2229
1882
1479
1067
644
279
-66
-428
-751
-886
-978
-1153
-1136
-941
-779
-692
-387
-24
150
334
627
880
921
1022
1090
869
652
530
285
-119
-371
-690
-1249
-1757
-2033
-2460
-2983
-3156
-3254
-3514
-3586
-3202
-2910
-2722
-2157
-1442
-992
-563
177
808
1165
1642
2204
2529
2716
3010
3202
3095
3058
3088
2844
2527
2328
2002
1554
1189
891
465
36
-283
-504
-799
-1022
-1040
-1037
-1011
-908
-657
-457
-198
60
336
614
839
939
995
1094
925
695
542
368
28
-278
-534
-1053
-1566
-1921
-2267
-2818
-3130
-3259
-3438
-3562
-3370
-3007
-2817
-2411
-1757
-1158
-815
-141
647
1034
1387
2011
2515
2599
2836
3169
3177
3031
3037
3016
2697
2346
2076
1760
1307
927
598
180
-230
-509
-729
-963
-1133
-1173
-1128
-1009
-834
-684
-381
-70
182
396
675
880
987
1045
944
737
552
375
35
-266
-477
-913
-1427
-1795
-2111
-2638
-3044
-3145
-3251
-3446
-3440
-3012
-2780
-2576
-1987
-1259
-890
-442
376
960
1291
1749
2315
2608
2776
3054
3192
3093
3017
3042
2798
2398
2160
1863
1452
1050
718
293
-105
-418
-673
-913
-1085
-1152
-1132
-1018
-885
-722
-452
-185
34
249
564
812
870
996
1047
861
606
476
327
-63
-384
-645
-1115
-1719
-2047
-2379
-2903
-3145
-3245
-3353
-3424
-3177
-2811
-2558
-2105
-1484
-956
-471
217
860
1232
1711
2282
2617
2751
3069
3275
3139
3043
3142
3013
2587
2372
2142
1699
1206
913
554
99
-281
-564
-766
-995
-1159
-1185
-1052
-942
-812
-547
-259
-1
216
521
796
869
939
1001
875
610
441
324
-17
-314
-527
-952
-1515
-1866
-2165
-2701
-3113
-3241
-3441
-3618
-3466
-3104
-2890
-2553
-1915
-1282
-834
-255
542
1015
1392
1937
2431
2637
2888
3183
3177
3077
3099
3035
2706
2399
2143
1737
1361
984
579
139
-214
-500
-829
-1074
-1200
-1237
-1295
-1144
-949
-827
-535
-175
94
305
599
857
940
995
996
801
543
408
213
-102
-369
-682
-1154
-1642
-1957
-2385
-2837
-3069
-3212
-3411
-3465
-3185
-2927
-2687
-2187
-1541
-1045
-537
219
826
1242
1740
2331
2628
2729
3051
3239
3095
2992
3089
2941
2548
2351
2118
1677
1291
986
653
194
-218
-464
-699
-954
-1068
-1056
-941
-780
-627
-371
-82
210
449
687
941
1018
1069
1097
972
737
523
352
-6
-311
-591
-1036
-1574
-1888
-2215
-2791
-3102
-3223
-3458
-3667
-3482
-3189
-3057
-2704
-1993
-1399
-1014
-356
488
901
1234
1886
2386
2503
2735
3105
3077
2907
2934
2965
2613
2307
2142
1776
1359
1068
778
265
-136
-326
-634
-959
-1102
-1076
-1070
-1009
-788
-515
-268
-20
283
544
781
946
1100
1152
1043
860
615
447
153
-142
-371
-772
-1272
-1674
-1953
-2441
-2861
-3021
-3221
-3415
-3343
-3066
-2875
-2566
-2000
-1416
-998
-446
297
823
1168
1736
2297
2527
2694
3010
3086
2917
2904
2919
2659
2299
2104
1824
1414
977
699
298
-147
-496
-737
-965
-1237
-1321
-1287
-1184
-1091
-821
-518
-229
51
312
652
871
911
1005
1023
832
602
500
287
-105
-312
-635
-1127
-1609
-1905
-2306
-2805
-3008
-3145
-3328
-3414
-3136
-2878
-2695
-2206
-1524
-1010
-582
180
839
1219
1700
2254
2566
2681
3016
3193
3049
3016
3048
2923
2566
2364
2101
1723
1320
991
621
161
-163
-476
-747
-1026
-1128
-1145
-1091
-946
-780
-523
-251
38
314
556
806
944
1085
1168
1007
780
609
464
123
-202
-448
-912
-1459
-1795
-2157
-2707
-3012
-3148
-3398
-3584
-3437
-3147
-2945
-2549
-1928
-1387
-894
-250
433
876
1338
1923
2314
2494
2780
3050
2973
2889
2969
2861
2477
2256
2095
1705
1317
1032
697
231
-116
-360
-677
-989
-1098
-1133
-1134
-1035
-873
-631
-349
-79
171
437
745
926
983
1074
1026
801
560
449
193
-176
-439
-835
-1323
-1777
-2106
-2574
-2988
-3185
-3368
-3474
-3434
-3156
-2954
-2638
-2101
-1526
-1109
-529
220
716
1134
1672
2217
2504
2742
3009
3132
3083
3089
3065
2862
2597
2368
2029
1663
1321
953
506
159
-116
-418
-682
-847
-941
-992
-916
-734
-574
-353
-83
214
405
608
862
977
1060
1016
859
657
476
197
-99
-338
-721
-1224
-1647
-1966
-2423
-2854
-3019
-3223
-3433
-3439
-3157
-2958
-2743
-2227
-1631
-1183
-739
-3
551
938
1457
2018
2283
2493
2883
3020
2870
2859
2932
2728
2394
2204
1991
1532
1117
869
478
20
-281
-519
-782
-1037
-1114
-1093
-1067
-961
-752
-507
-275
-61
207
493
738
878
980
1064
969
758
573
425
145
-146
-422
-848
-1314
-1695
-2008
-2467
-2746
-2903
-3085
-3206
-3047
-2814
-2630
-2191
-1631
-1126
-741
-66
584
942
1340
1957
2367
2495
2771
3041
3023
2917
2943
2880
2524
2259
2066
1719
1279
944
656
202
-194
-440
-704
-964
-1154
-1194
-1209
-1139
-966
-777
-570
-308
1
194
454
611
706
741
660
554
400
205
-53
-259
-569
-1025
-1455
-1776
-2100
-2569
-2856
-3005
-3144
-3273
-3135
-2874
-2675
-2252
-1722
-1169
-697
-100
540
1017
1487
2007
2392
2584
2837
3049
3077
3050
3079
3000
2683
2436
2242
1885
1462
1127
830
360
-48
-293
-564
-908
-1082
-1079
-1142
-1129
-936
-729
-560
-354
-73
187
423
646
812
871
835
711
573
353
53
-144
-448
-900
-1317
-1661
-2088
-2511
-2769
-2934
-3159
-3233
-3024
-2865
-2682
-2245
-1637
-1184
-787
-103
532
876
1297
1897
2325
2506
2772
3075
3041
2961
3028
2926
2630
2367
2179
1815
1359
1048
755
301
-82
-312
-605
-890
-1047
-1105
-1180
-1120
-881
-731
-572
-313
-30
204
392
611
767
873
744
648
551
378
128
-103
-402
-901
-1309
-1669
-2056
-2558
-2836
-2998
-3233
-3397
-3259
-2980
-2828
-2428
-1860
-1313
-937
-336
323
779
1203
1742
2181
2353
2660
2918
2898
2821
2927
2876
2564
2361
2216
1881
1487
1218
907
457
91
-103
-356
-684
-872
-882
-912
-955
-802
-573
-383
-222
55
346
545
685
851
935
856
705
593
441
121
-109
-397
-815
-1279
-1651
-1989
-2462
-2740
-2956
-3196
-3343
-3257
-3050
-2868
-2501
-1898
-1330
-927
-326
342
784
1152
1678
2137
2280
2496
2751
2759
2701
2745
2730
2488
2290
2135
1899
1521
1140
866
510
142
-153
-434
-646
-814
-885
-931
-887
-752
-629
-437
-235
-15
238
518
679
747
822
805
647
458
355
95
-152
-404
-828
-1265
-1683
-2027
-2452
-2794
-3038
-3155
-3244
-3175
-2922
-2639
-2263
-1777
-1168
-714
-228
424
898
1242
1668
2105
2311
2506
2737
2800
2796
2802
2779
2611
2408
2201
1950
1613
1269
958
590
262
-11
-258
-531
-712
-825
-849
-799
-774
-634
-416
-195
-17
194
455
578
615
671
609
504
306
173
9
-285
-635
-992
-1360
-1785
-2222
-2550
-2789
-3068
-3217
-3250
-3125
-2926
-2628
-2208
-1699
-1191
-669
-86
456
892
1313
1782
2123
2285
2514
2654
2618
2625
2665
2571
2350
2251
2051
1777
1458
1204
873
465
207
-84
-367
-626
-744
-856
-925
-890
-801
-651
-478
-233
-88
70
270
497
591
555
506
415
293
115
-107
-329
-647
-983
-1364
-1731
-2068
-2372
-2616
-2879
-2991
-2973
-2828
-2706
-2404
-1954
-1469
-1020
-476
143
609
1013
1470
1916
2147
2386
2648
2755
2683
2718
2806
2577
2360
2269
2072
1749
1461
1222
868
474
189
-23
-362
-569
-654
-727
-796
-748
-595
-498
-337
-130
32
159
350
479
517
433
396
347
134
12
-131
-400
-839
-1131
-1425
-1824
-2220
-2492
-2736
-3056
-3152
-3142
-2996
-2871
-2470
-1954
-1531
-1088
-435
235
603
979
1489
1902
2063
2306
2567
2597
2608
2689
2682
2427
2299
2240
1990
1668
1424
1221
844
490
278
76
-268
-471
-520
-639
-721
-660
-534
-457
-327
-109
41
197
350
511
522
436
329
232
129
-75
-198
-488
-800
-1135
-1444
-1792
-2193
-2415
-2722
-2960
-3087
-2976
-2863
-2683
-2347
-1880
-1390
-1002
-426
122
539
912
1419
1784
1947
2183
2412
2417
2372
2444
2444
2286
2137
2036
1878
1607
1373
1188
862
512
311
97
-185
-379
-447
-513
-610
-560
-443
-312
-220
-51
113
239
370
461
493
342
277
204
102
-125
-318
-542
-942
-1253
-1549
-1886
-2205
-2385
-2654
-2835
-2866
-2763
-2666
-2551
-2169
-1711
-1301
-872
-287
218
574
968
1422
1740
1864
2196
2348
2343
2393
2497
2452
2256
2196
2103
1898
1613
1476
1231
902
620
396
146
-161
-259
-346
-420
-466
-405
-295
-212
-90
60
198
286
413
416
360
260
99
-43
-218
-356
-560
-848
-1149
-1373
-1683
-1995
-2244
-2457
-2698
-2832
-2741
-2669
-2511
-2216
-1830
-1447
-1069
-592
-95
305
655
1086
1451
1677
1874
2083
2153
2152
2209
2221
2122
2024
2012
1848
1598
1408
1293
1003
679
473
260
-2
-247
-312
-392
-502
-499
-402
-346
-310
-135
4
121
187
342
395
274
183
60
-37
-270
-373
-557
-885
-1145
-1378
-1627
-1972
-2137
-2267
-2463
-2570
-2482
-2329
-2197
-1887
-1511
-1141
-788
-254
246
539
884
1304
1614
1728
1924
2108
2149
2147
2221
2249
2131
2089
2037
1890
1624
1484
1325
1001
738
512
275
-7
-157
-252
-411
-414
-376
-340
-310
-186
-66
-3
79
170
203
122
18
-121
-231
-384
-513
-683
-972
-1231
-1436
-1704
-1995
-2161
-2305
-2493
-2613
-2581
-2495
-2381
-2117
-1786
-1418
-1041
-571
-151
218
583
998
1302
1480
1710
1919
2047
2043
2154
2214
2171
2099
2028
1931
1781
1631
1455
1229
988
759
515
289
117
-16
-127
-217
-245
-251
-168
-140
-23
89
164
252
245
219
56
-68
-220
-359
-527
-667
-850
-1146
-1370
-1600
-1805
-2042
-2144
-2318
-2461
-2456
-2366
-2268
-2118
-1732
-1372
-1029
-687
-197
224
518
885
1223
1448
1579
1773
1880
1857
1932
1998
1955
1889
1886
1827
1703
1570
1450
1285
1075
845
625
391
197
34
-87
-227
-277
-259
-258
-230
-162
-66
-7
102
146
153
65
-54
-198
-354
-511
-662
-854
-1155
-1367
-1576
-1800
-2029
-2174
-2252
-2369
-2440
-2399
-2244
-2125
-1892
-1503
-1129
-837
-453
65
413
668
1038
1402
1555
1641
1816
1886
1846
1885
1941
1861
1792
1793
1774
1687
1532
1440
1314
1101
907
760
599
410
295
239
153
106
88
128
171
244
320
391
443
399
334
181
-2
-212
-400
-595
-820
-1082
-1305
-1574
-1839
-2049
-2247
-2362
-2475
-2541
-2552
-2453
-2296
-2102
-1786
-1439
-1070
-689
-278
121
464
801
1119
1354
1483
1585
1689
1680
1655
1702
1701
1628
1562
1538
1464
1357
1228
1123
992
820
608
438
275
122
50
-13
-75
-93
-48
-27
15
87
171
232
257
239
141
9
-153
-340
-555
-729
-879
-1173
-1477
-1658
-1833
-2058
-2200
-2229
-2278
-2321
-2196
-1986
-1887
-1638
-1239
-839
-582
-173
309
638
875
1217
1539
1622
1692
1828
1871
1742
1782
1825
1731
1642
1635
1614
1432
1315
1261
1117
928
811
689
487
364
255
197
82
45
54
61
54
102
173
125
188
192
151
-3
-163
-361
-560
-729
-916
-1104
-1439
-1657
-1802
-2011
-2252
-2345
-2365
-2453
-2454
-2291
-2088
-1960
-1651
-1201
-848
-509
-52
398
678
956
1317
1542
1587
1669
1840
1775
1680
1707
1715
1566
1475
1509
1403
1262
1164
1115
918
798
733
583
390
265
271
176
82
66
111
70
74
153
164
142
183
192
67
-78
-234
-373
-601
-819
-964
-1178
-1457
-1713
-1878
-2052
-2246
-2316
-2327
-2410
-2345
-2135
-1939
-1748
-1452
-1005
-665
-372
79
484
731
974
1307
1513
1544
1658
1788
1717
1682
1741
1706
1550
1477
1482
1381
1225
1127
1104
932
748
689
585
407
324
318
258
198
238
288
257
248
327
379
349
309
302
173
-31
-229
-431
-632
-874
-1005
-1265
-1572
-1785
-1938
-2147
-2283
-2328
-2425
-2422
-2329
-2086
-1899
-1650
-1264
-904
-592
-239
190
470
705
1031
1317
1409
1430
1603
1610
1522
1510
1544
1486
1393
1425
1375
1261
1163
1150
1017
847
741
664
517
355
373
331
277
272
344
383
383
429
445
459
450
467
396
257
66
-165
-380
-605
-822
-1069
-1329
-1627
-1850
-2057
-2235
-2319
-2362
-2392
-2391
-2190
-1969
-1769
-1511
-1137
-785
-483
-153
219
527
744
1017
1208
1310
1331
1421
1411
1298
1331
1353
1312
1192
1169
1148
1048
941
825
724
635
581
447
351
297
321
314
285
316
371
403
395
422
433
464
438
359
303
191
3
-235
-420
-652
-836
-1084
-1401
-1686
-1870
-2060
-2252
-2286
-2324
-2309
-2252
-2034
-1822
-1519
-1174
-798
-470
-165
218
548
806
980
1229
1410
1431
1513
1583
1587
1559
1619
1581
1434
1398
1384
1280
1085
1020
930
786
608
487
381
271
224
220
233
247
315
384
410
461
498
519
471
462
392
283
51
-173
-362
-603
-826
-1087
-1346
-1645
-1900
-2139
-2314
-2433
-2440
-2440
-2430
-2245
-1981
-1725
-1449
-1025
-648
-317
32
396
693
904
1184
1387
1473
1471
1586
1625
1545
1513
1557
1491
1318
1261
1194
1061
880
776
695
522
388
338
211
67
87
134
122
125
204
272
310
352
409
408
387
350
287
152
-41
-183
-411
-689
-895
-1095
-1432
-1773
-1990
-2147
-2350
-2385
-2382
-2377
-2302
-2039
-1737
-1470
-1169
-766
-322
-58
281
642
917
1089
1297
1468
1523
1571
1617
1640
1574
1544
1518
1384
1213
1127
1076
873
734
667
590
426
299
258
171
101
109
161
192
222
318
411
424
445
508
553
498
445
413
237
-36
-250
-479
-733
-947
-1222
-1549
-1856
-2060
-2236
-2369
-2420
-2447
-2373
-2263
-2003
-1727
-1413
-1050
-651
-234
93
466
747
976
1146
1330
1450
1453
1516
1562
1535
1484
1489
1439
1310
1221
1151
1000
854
748
661
534
413
336
232
134
144
183
221
274
363
454
482
600
681
687
693
680
584
411
199
-32
-289
-529
-739
-1018
-1369
-1655
-1907
-2181
-2418
-2498
-2528
-2590
-2489
-2244
-1970
-1710
-1304
-850
-452
-101
288
656
891
1088
1286
1414
1432
1451
1496
1458
1365
1350
1357
1245
1138
1066
990
825
669
582
429
303
211
143
24
-30
35
94
127
200
330
405
449
507
576
572
544
531
465
322
128
-77
-285
-542
-793
-1077
-1429
-1757
-2012
-2249
-2452
-2525
-2576
-2537
-2417
-2136
-1817
-1488
-1058
-591
-165
222
620
950
1180
1352
1515
1579
1567
1574
1600
1520
1447
1429
1370
1243
1139
1078
930
768
630
510
370
217
127
96
10
-12
81
141
168
260
378
449
561
634
663
676
638
604
502
312
52
-177
-420
-709
-974
-1312
-1628
-1941
-2208
-2431
-2545
-2584
-2611
-2554
-2345
-2038
-1708
-1318
-862
-375
30
428
795
1113
1331
1502
1659
1737
1728
1738
1716
1637
1545
1508
1430
1245
1126
1017
870
674
531
405
265
129
42
2
-72
-62
35
145
198
298
411
457
529
578
628
612
568
524
405
200
-38
-269
-527
-777
-1045
-1354
-1725
-2031
-2257
-2504
-2636
-2708
-2701
-2574
-2349
-2066
-1716
-1312
-874
-423
1
397
768
1086
1294
1494
1645
1689
1687
1699
1630
1483
1414
1338
1197
1047
949
783
596
428
273
190
53
-13
-73
-112
-110
-63
21
104
216
321
405
480
590
633
656
679
646
576
451
275
23
-223
-477
-712
-963
-1321
-1636
-1919
-2151
-2415
-2523
-2574
-2552
-2422
-2155
-1826
-1486
-1043
-606
-142
251
636
962
1205
1430
1617
1745
1763
1798
1820
1766
1681
1601
1567
1393
1251
1143
966
751
575
422
193
41
-51
-100
-186
-177
-77
-1
75
196
340
426
515
615
652
622
620
580
484
341
164
-45
-287
-522
-748
-961
-1308
-1633
-1920
-2151
-2354
-2472
-2477
-2519
-2423
-2185
-1844
-1552
-1173
-715
-251
97
423
802
1075
1222
1361
1495
1510
1504
1560
1541
1434
1391
1395
1287
1090
967
826
598
368
254
131
-15
-127
-185
-195
-228
-158
-34
49
134
267
368
438
488
534
560
535
512
461
387
261
93
-135
-344
-549
-777
-1131
-1469
-1740
-1996
-2218
-2392
-2395
-2412
-2300
-2070
-1724
-1416
-1055
-601
-194
117
430
781
1021
1149
1295
1420
1414
1418
1500
1530
1443
1442
1452
1332
1183
1088
914
652
452
345
166
-21
-90
-99
-133
-118
-1
117
189
270
356
443
497
554
573
504
490
473
405
301
151
21
-163
-363
-556
-745
-996
-1290
-1563
-1844
-2058
-2234
-2261
-2308
-2251
-2037
-1701
-1390
-1094
-637
-215
124
386
742
1004
1103
1222
1377
1440
1390
1513
1554
1489
1480
1498
1450
1270
1138
999
770
516
365
211
13
-96
-113
-113
-132
-63
76
123
197
306
380
381
375
389
371
278
219
181
82
-12
-116
-263
-432
-587
-755
-999
-1325
-1583
-1831
-2047
-2267
-2310
-2299
-2282
-2123
-1813
-1475
-1174
-744
-342
-34
227
524
788
901
1007
1156
1265
1313
1376
1489
1499
1438
1448
1455
1309
1138
1012
816
585
367
227
41
-107
-142
-139
-145
-109
21
127
196
271
374
390
374
358
344
307
225
230
171
73
16
-42
-157
-365
-518
-642
-901
-1198
-1395
-1605
-1830
-1930
-1917
-1918
-1840
-1585
-1268
-1040
-777
-373
10
204
415
694
833
885
1040
1198
1223
1257
1408
1480
1408
1415
1462
1386
1163
1012
867
617
346
192
19
-193
-279
-259
-249
-252
-145
-25
62
118
220
274
223
189
185
179
87
25
28
-29
-119
-141
-225
-371
-469
-578
-762
-1051
-1236
-1415
-1650
-1834
-1860
-1847
-1823
-1662
-1352
-1085
-868
-554
-205
27
204
447
615
701
790
957
1060
1148
1287
1435
1463
1485
1549
1525
1363
1197
1054
828
609
408
254
68
-59
-70
-53
-42
-7
93
154
203
238
262
219
176
141
65
-12
-79
-119
-171
-214
-259
-284
-340
-418
-506
-596
-741
-980
-1171
-1307
-1456
-1640
-1671
-1602
-1588
-1481
-1255
-1006
-835
-577
-283
-78
42
216
442
520
622
780
921
994
1093
1273
1337
1319
1348
1388
1260
1072
948
798
560
371
288
183
75
78
125
113
107
152
213
221
201
215
203
127
46
2
-80
-162
-196
-206
-240
-272
-275
-261
-312
-381
-412
-510
-677
-888
-999
-1142
-1266
-1313
-1249
-1239
-1209
-1025
-826
-710
-615
-403
-241
-145
-52
128
272
343
512
745
816
901
1085
1200
1165
1174
1229
1156
997
879
787
624
451
376
316
201
131
176
201
161
181
286
278
203
211
176
79
-18
-72
-157
-224
-237
-228
-248
-239
-208
-195
-172
-216
-258
-293
-373
-507
-660
-786
-895
-988
-1022
-1037
-1078
-1065
-974
-836
-790
-680
-509
-375
-313
-194
-8
134
243
434
664
751
845
975
1074
1031
1022
1055
982
830
724
613
464
348
289
219
106
83
121
107
66
55
68
9
-13
-26
-70
-143
-199
-225
-302
-353
-343
-306
-312
-253
-166
-98
-36
1
32
-10
-70
-160
-292
-388
-507
-625
-722
-780
-843
-838
-800
-749
-704
-619
-500
-379
-272
-92
83
203
349
516
644
725
813
926
984
961
965
955
893
773
712
627
491
373
314
229
109
69
51
-5
-74
-87
-109
-189
-244
-274
-309
-370
-375
-353
-363
-360
-328
-284
-266
-225
-129
-50
19
81
123
108
77
39
-77
-227
-348
-449
-590
-739
-801
-841
-884
-876
-773
-661
-548
-412
-251
-108
32
207
357
470
565
685
777
811
860
922
938
951
954
919
841
758
710
598
464
353
246
135
4
-80
-144
-214
-275
-309
-309
-352
-384
-356
-334
-355
-357
-334
-296
-268
-231
-137
-64
-1
90
172
180
150
129
48
-114
-297
-453
-644
-836
-978
-1061
-1140
-1181
-1085
-932
-813
-640
-415
-200
-49
109
288
417
546
663
777
823
852
928
979
960
965
971
947
888
815
721
582
434
306
190
41
-97
-190
-239
-324
-350
-324
-339
-318
-299
-277
-270
-248
-214
-188
-174
-141
-68
-13
57
147
249
323
354
365
292
191
53
-120
-330
-544
-697
-867
-966
-1026
-989
-940
-832
-660
-505
-322
-181
-53
56
175
254
348
402
461
513
599
679
710
753
781
810
743
677
580
464
324
153
-10
-162
-288
-365
-395
-437
-463
-413
-364
-331
-273
-195
-148
-138
-85
-43
1
36
121
190
265
372
429
445
443
445
367
234
55
-107
-318
-558
-753
-880
-966
-1006
-971
-904
-766
-625
-477
-315
-181
-51
75
192
268
370
448
546
648
714
811
881
921
934
915
839
737
577
400
227
59
-107
-273
-394
-481
-527
-552
-534
-496
-433
-362
-313
-239
-173
-123
-98
-64
-27
3
76
124
185
237
294
314
333
306
283
217
106
-35
-195
-302
-429
-543
-629
-673
-672
-642
-576
-486
-365
-255
-141
-36
33
109
195
257
299
387
471
540
607
667
709
676
652
593
512
389
270
116
-49
-191
-308
-384
-492
-508
-484
-457
-413
-314
-199
-105
-18
68
151
199
263
302
332
334
344
371
355
325
294
240
143
56
-28
-124
-274
-412
-508
-638
-749
-841
-841
-840
-817
-735
-645
-517
-403
-244
-81
42
140
267
368
434
528
602
671
719
747
738
712
660
581
473
318
161
16
-97
-202
-301
-350
-379
-376
-357
-317
-293
-239
-164
-101
-63
-26
37
102
131
153
169
182
211
246
274
249
224
206
175
141
46
-48
-157
-258
-355
-453
-499
-560
-555
-559
-539
-474
-415
-328
-256
-179
-93
10
72
160
238
322
445
513
572
598
621
602
576
504
425
311
172
37
-91
-205
-309
-377
-380
-357
-328
-278
-225
-160
-73
0
86
142
190
246
279
300
297
289
275
261
193
124
79
-8
-77
-143
-188
-242
-281
-319
-359
-424
-487
-529
-559
-579
-611
-585
-565
-501
-422
-338
-220
-61
87
223
358
443
540
608
685
703
715
717
681
648
557
463
338
215
96
-40
-142
-223
-307
-360
-369
-367
-334
-303
-238
-158
-73
22
72
137
188
227
253
272
275
268
231
150
81
0
-75
-169
-230
-284
-322
-322
-361
-367
-380
-358
-376
-409
-409
-377
-351
-320
-254
-183
-100
-25
63
141
223
288
369
473
512
499
485
461
416
361
258
161
53
-75
-167
-251
-315
-355
-370
-360
-341
-294
-227
-166
-110
-49
-11
55
133
209
264
311
371
389
390
372
318
276
208
145
63
-48
-122
-186
-267
-307
-320
-301
-265
-255
-227
-212
-195
-210
-204
-194
-180
-154
-106
-39
21
115
195
277
348
422
471
488
493
475
456
387
299
195
99
3
-104
-194
-263
-304
-370
-406
-418
-388
-314
-249
-174
-102
-9
55
104
170
221
259
298
309
317
297
239
175
70
-26
-121
-224
-292
-356
-384
-402
-424
-413
-386
-362
-326
-314
-272
-217
-182
-157
-127
-78
-21
46
122
185
248
322
393
432
441
451
467
437
396
340
285
212
135
52
-55
-140
-198
-257
-293
-303
-313
-281
-248
-214
-150
-86
-23
41
92
135
169
203
223
224
212
222
195
142
93
29
-61
-152
-203
-263
-313
-335
-348
-366
-359
-315
-269
-194
-151
-95
-23
41
84
144
211
235
283
326
362
379
406
417
428
419
384
346
285
229
153
57
-65
-168
-263
-344
-428
-480
-493
-503
-509
-477
-424
-376
-317
-230
-118
-28
54
121
161
207
220
224
236
214
217
216
201
174
147
103
40
-14
-73
-127
-169
-189
-199
-188
-187
-155
-106
-63
8
67
98
151
218
271
311
350
381
426
439
428
435
417
390
337
270
189
96
-3
-111
-235
-342
-433
-500
-566
-607
-613
-618
-626
-599
-540
-472
-416
-321
-209
-129
-76
-2
59
102
147
168
168
180
177
156
132
81
65
35
-7
-57
-77
-94
-121
-116
-103
-54
-33
4
73
119
158
207
266
318
368
433
491
539
582
585
579
569
524
469
414
348
253
148
64
-35
-127
-214
-311
-386
-448
-512
-564
-602
-613
-613
-614
-574
-512
-450
-368
-292
-233
-164
-86
-38
-5
36
67
85
98
88
86
65
25
5
-20
-43
-59
-89
-115
-132
-123
-122
-114
-87
-30
29
81
165
259
342
410
475
550
625
674
680
669
663
644
584
506
418
339
261
171
73
-26
-107
-192
-275
-349
-422
-467
-502
-549
-592
-606
-606
-578
-540
-481
-420
-339
-250
-181
-113
-74
-16
13
30
32
35
30
12
-7
-29
-32
-59
-103
-105
-106
-134
-142
-134
-122
-82
-59
-35
17
88
173
245
324
392
461
547
588
618
649
659
658
625
565
492
419
325
230
123
7
-83
-175
-258
-325
-384
-423
-463
-488
-510
-499
-502
-479
-442
-415
-387
-366
-307
-241
-185
-137
-108
-87
-47
-19
-4
5
22
25
14
2
10
8
1
-8
-8
4
4
-10
-19
-23
-20
4
17
47
111
182
252
340
418
468
525
558
564
539
529
489
439
366
287
210
102
20
-81
-147
-216
-277
-334
-384
-412
-421
-429
-448
-426
-401
-378
-365
-335
-294
-256
-223
-192
-134
-87
-40
-4
23
51
65
74
72
80
76
71
69
65
53
43
50
18
15
10
-9
-6
-13
23
68
109
149
216
302
369
405
454
494
505
496
468
460
419
364
277
191
108
25
-60
-163
-246
-302
-338
-363
-383
-416
-399
-405
-426
-428
-456
-436
-443
-420
-398
-380
-357
-337
-300
-264
-198
-144
-112
-84
-46
-31
-3
4
-3
31
38
44
45
52
56
56
61
63
81
98
111
139
173
228
273
313
337
368
407
429
422
423
433
438
408
378
341
295
247
175
108
39
-6
-75
-128
-170
-193
-224
-237
-241
-248
-245
-251
-244
-233
-211
-211
-206
-216
-211
-195
-170
-169
-154
-114
-73
-19
11
34
37
36
35
20
11
21
3
-24
-57
-55
-48
-39
-34
-7
21
38
59
70
104
133
179
202
230
257
270
274
276
274
242
223
179
126
92
70
21
-27
-53
-72
-88
-115
-127
-150
-135
-112
-90
-85
-98
-109
-127
-159
-179
-191
-199
-208
-224
-225
-201
-171
-156
-131
-92
-63
-51
-37
-39
-35
-47
-46
-53
-61
-58
-38
-13
-6
19
44
74
92
104
139
156
156
154
170
190
201
185
168
169
170
153
141
138
105
97
73
34
-13
-51
-70
-95
-99
-101
-94
-82
-63
-44
-32
-30
-32
-36
-66
-87
-98
-124
-141
-155
-159
-161
-148
-131
-87
-54
-32
2
30
44
38
39
25
15
18
18
12
19
36
50
77
96
119
137
160
162
174
171
165
170
148
144
113
112
97
81
79
51
23
-2
-7
-42
-66
-90
-98
-122
-132
-126
-127
-121
-129
-122
-110
-79
-55
-38
-20
-25
-30
-43
-77
-103
-126
-149
-162
-149
-143
-112
-71
-46
-11
22
47
72
99
111
129
129
150
138
143
149
162
179
184
221
227
238
222
212
173
129
113
81
51
46
30
16
19
-14
-29
-45
-72
-87
-109
-133
-142
-160
-186
-181
-180
-162
-156
-154
-149
-150
-117
-105
-106
-122
-133
-139
-176
-185
-195
-194
-195
-218
-219
-188
-162
-131
-111
-104
-84
-70
-42
-49
-26
2
32
39
30
50
71
101
134
165
201
245
263
281
287
281
262
245
211
173
164
152
132
103
89
90
76
71
65
66
38
18
24
11
11
2
-15
-8
0
-3
-20
-29
-31
-51
-72
-95
-115
-131
-142
-160
-166
-170
-173
-193
-200
-177
-151
-140
-129
-99
-63
-50
-40
-21
-12
11
24
54
76
94
150
205
236
245
266
275
271
249
242
244
230
216
177
149
114
72
40
15
-6
-23
-45
-82
-83
-86
-78
-75
-83
-86
-83
-64
-70
-47
-52
-56
-41
-42
-54
-62
-58
-85
-96
-120
-121
-138
-169
-192
-189
-185
-221
-215
-224
-232
-236
-242
-230
-220
-177
-147
-107
-65
-24
38
69
108
138
157
164
155
152
146
158
161
153
146
147
140
132
99
85
59
41
27
9
22
22
23
13
35
67
78
92
80
76
74
67
56
33
38
48
40
45
39
40
25
7
10
-5
0
-29
-73
-100
-128
-148
-188
-219
-231
-216
-192
-169
-133
-96
-47
-23
29
44
75
122
120
127
127
125
114
94
97
109
92
79
70
61
80
73
47
31
37
28
8
4
-1
7
12
16
-3
3
10
21
29
25
48
29
22
-12
-22
-8
-10
-15
-24
1
10
18
-9
-25
-55
-82
-134
-166
-161
-191
-198
-216
-199
-184
-130
-77
-50
-1
46
79
106
131
153
182
181
173
189
190
184
170
173
173
176
148
122
102
67
47
10
-27
-57
-63
-70
-91
-112
-101
-57
-42
-23
-36
-12
-4
-5
-17
-25
-11
-31
-37
-55
-45
-61
-72
-81
-118
-119
-133
-139
-167
-196
-215
-245
-270
-285
-291
-297
-289
-294
-255
-217
-167
-111
-71
-28
-2
37
53
78
95
123
132
120
114
126
140
137
149
143
150
162
163
149
142
154
133
132
119
127
135
116
120
109
138
129
131
137
160
175
164
153
146
146
141
107
80
63
51
30
-9
-27
-49
-86
-120
-164
-179
-190
-228
-250
-260
-253
-243
-207
-179
-147
-104
-46
0
31
57
67
80
70
73
79
100
106
94
77
61
54
28
19
7
24
23
12
6
11
13
15
14
9
14
10
17
18
35
43
47
45
59
58
52
61
49
56
76
75
68
48
40
27
-11
-36
-69
-80
-113
-153
-197
-218
-228
-249
-243
-239
-216
-182
-155
-130
-88
-46
-12
17
43
67
80
85
95
83
82
87
67
60
45
42
51
37
35
43
51
46
37
40
38
37
41
37
36
37
43
51
67
70
81
102
101
120
128
129
116
109
83
76
68
37
17
-17
-38
-52
-87
-109
-134
-168
-181
-200
-208
-211
-207
-195
-182
-174
-145
-102
-79
-55
-31
-19
-11
-6
11
17
17
26
9
2
-8
-15
-25
-22
-8
-4
-11
-18
-19
-4
2
1
-2
16
19
7
16
25
35
51
72
61
84
107
144
165
186
202
199
183
181
180
146
110
77
55
35
6
-25
-55
-75
-78
-87
-95
-93
-87
-77
-51
-33
-15
11
38
49
55
60
76
84
75
73
68
69
68
58
46
37
24
8
-2
6
19
7
-2
-11
-11
-23
-31
-47
-55
-67
-68
-80
-85
-76
-54
-40
-41
-30
-5
22
25
28
18
9
0
-14
-47
-70
-92
-96
-109
-132
-148
-133
-129
-131
-133
-127
-122
-116
-91
-92
-77
-72
-68
-55
-44
-28
3
20
20
40
49
53
46
49
40
28
41
34
36
35
31
20
10
1
23
36
30
40
50
62
48
59
80
93
116
132
141
150
164
145
132
137
140
125
103
71
51
33
-1
-46
-73
-87
-108
-111
-117
-130
-131
-111
-124
-138
-127
-107
-91
-97
-72
-54
-51
-36
-33
-17
0
6
22
28
44
45
36
27
24
41
48
48
49
51
60
56
39
32
34
35
19
13
11
23
23
18
18
30
52
49
51
51
58
49
37
26
8
-14
-48
-73
-101
-125
-145
-152
-166
-162
-142
-130
-133
-134
-117
-93
-81
-68
-64
-55
-37
-34
-25
-10
10
22
40
54
71
79
89
88
78
86
103
108
99
87
84
82
72
55
54
54
62
51
45
53
65
66
63
71
84
88
77
88
99
100
86
87
90
92
92
93
75
63
57
20
-14
-41
-64
-82
-100
-99
-113
-115
-115
-119
-116
-108
-91
-88
-94
-98
-86
-81
-77
-79
-66
-51
-42
-45
-27
-12
-3
3
2
4
-17
-40
-57
-74
-83
-94
-81
-72
-75
-43
-20
-13
-14
-1
11
29
42
50
54
63
66
47
55
66
71
76
73
85
75
53
35
22
25
23
15
-2
-5
-6
-12
-11
-19
-10
6
11
-2
4
20
20
23
7
13
25
21
27
35
51
52
54
61
53
59
45
40
22
10
16
1
-22
-37
-22
-33
-39
-34
-22
2
15
35
47
73
72
68
56
46
41
50
44
24
31
27
14
-9
-8
-16
-41
-61
-82
-97
-114
-130
-145
-162
-153
-150
-145
-146
-126
-114
-94
-81
-74
-68
-51
-30
-16
-4
-12
6
8
21
30
35
28
19
17
18
14
12
-12
-25
-36
-26
-27
-29
-24
-27
-18
-3
9
14
29
44
62
65
70
79
98
95
97
105
110
118
107
108
107
99
93
79
76
65
59
30
15
5
-2
12
3
8
10
8
-8
-17
-6
-9
-5
9
6
11
7
3
2
-3
-17
-22
-27
-52
-77
-81
-91
-103
-117
-133
-139
-152
-155
-150
-131
-131
-109
-98
-69
-53
-36
-10
0
33
28
49
72
83
85
72
72
77
78
68
78
82
86
74
73
72
72
63
42
34
12
-9
-37
-48
-48
-59
-58
-46
-48
-47
-46
-53
-39
-26
-16
-17
-22
-18
-20
-10
-10
3
-11
-17
-24
-48
-37
-47
-42
-62
-72
-75
-83
-75
-58
-31
-29
1
22
65
79
97
108
115
135
132
141
133
131
133
134
128
117
107
100
97
87
84
65
49
43
40
29
6
-4
-12
-24
-51
-51
-43
-40
-34
-46
-35
-34
-28
-28
-27
-35
-24
-32
-28
-15
-39
-43
-52
-55
-74
-94
-95
-93
-95
-97
-98
-103
-102
-101
-81
-76
-68
-65
-60
-22
-5
-4
10
39
56
65
63
74
95
83
81
61
60
43
56
64
52
52
31
35
16
9
7
-4
-19
-31
-19
-12
-3
7
17
16
12
10
10
22
18
41
42
47
43
41
35
37
34
12
4
-22
-26
-26
-36
-53
-47
-48
-49
-45
-61
-61
-49
-55
-62
-51
-45
-38
-18
-14
0
3
22
17
20
23
17
23
17
25
18
22
12
6
-12
-44
-46
-46
-51
-53
-38
-31
-51
-53
-55
-39
-38
-44
-31
-13
2
4
13
19
40
37
45
40
57
58
50
47
38
30
6
8
-5
-13
-20
-26
-29
-22
-25
-35
-29
-29
-24
-32
-21
-6
1
30
41
53
69
82
79
87
85
87
78
77
69
51
41
45
39
21
4
-6
-5
-14
-3
-14
-8
0
2
21
19
22
28
38
37
41
45
33
32
38
38
29
34
26
10
6
-2
-8
-6
-21
-43
-50
-61
-65
-63
-78
-90
-102
-98
-96
-101
-100
-96
-86
-78
-63
-57
-46
-28
-31
-18
-25
-25
-17
0
8
1
-5
2
2
-9
-24
-36
-28
-30
-35
-44
-39
-34
-31
-23
-21
-8
-2
2
8
24
47
47
66
73
89
100
100
98
91
86
73
60
50
40
33
24
23
5
5
5
-9
-24
-50
-53
-58
-56
-71
-78
-57
-49
-43
-38
-29
-10
0
7
5
9
9
6
9
3
-5
-6
-4
0
-17
-19
-27
-13
-23
-26
-28
-30
-25
-23
-20
-17
-15
-12
-8
-11
0
18
30
43
36
43
56
65
68
64
81
78
79
81
61
60
50
39
22
15
14
2
-4
1
-12
-15
5
3
7
12
14
23
34
45
60
49
56
62
62
53
32
43
38
25
14
5
5
5
-11
-16
-2
-13
-16
-24
-24
-19
-29
-26
-27
-28
-27
-13
-15
-22
-14
-5
-16
-18
-22
-37
-30
-34
-36
-26
-16
-27
-30
-31
-38
-41
-53
-77
-85
-82
-84
-105
-118
-121
-108
-102
-93
-69
-64
-59
-62
-39
-36
-16
6
18
30
37
45
44
57
48
54
51
49
53
47
45
38
36
28
34
43
44
37
32
31
21
14
10
14
11
5
-7
7
15
18
13
-2
2
8
26
26
33
31
39
40
43
43
24
22
1
2
2
-7
-7
-14
-8
-15
-8
-11
3
11
22
26
20
28
28
46
31
42
53
43
50
32
39
29
20
3
-9
-16
-7
-4
-21
-17
-23
-14
-29
-30
-27
-11
-11
-6
1
-6
-8
-23
-8
-22
-35
-27
-41
-47
-50
-54
-55
-47
-52
-52
-49
-37
-39
-50
-48
-65
-67
-77
-73
-69
-69
-58
-57
-53
-45
-30
-22
-5
14
29
39
37
37
43
46
40
53
47
53
52
38
31
27
28
1
3
0
-14
-20
-15
-6
-12
-14
-23
-17
-12
25
23
12
12
13
21
19
10
-10
10
9
9
11
18
38
30
37
36
47
36
40
27
22
20
22
38
24
34
30
33
33
41
29
27
30
14
17
3
15
5
-8
-3
-12
-14
-13
-5
-16
-16
-26
-46
-56
-69
-73
-76
-66
-68
-59
-47
-43
-25
-20
-1
-2
20
17
32
27
21
24
26
36
13
29
16
23
20
19
22
5
9
4
4
4
11
12
3
2
-9
-13
-20
-10
-16
7
12
13
19
2
17
19
25
29
35
46
55
45
35
24
31
34
26
33
22
27
10
-4
5
9
6
-3
-11
-19
-10
-4
2
0
6
5
-7
-9
-7
0
-5
-2
-9
-4
-6
-35
-31
-46
-42
-65
-68
-75
-81
-67
-75
-78
-75
-57
-38
-35
-49
-34
-30
-20
-14
-22
-1
-4
6
-6
-11
3
-1
15
1
9
3
9
4
6
4
-7
-12
-25
-6
-13
-3
-3
9
11
5
19
25
37
45
57
65
72
65
49
44
32
32
27
30
26
16
21
25
34
34
25
14
13
-7
-4
-8
-25
-20
-23
-21
-35
-33
-35
-32
-37
-28
-18
-10
3
3
16
5
-1
-8
8
10
1
-5
-10
1
-18
-3
2
6
8
-3
-11
-25
-15
-16
-4
6
14
20
23
39
53
61
57
58
51
46
38
25
40
36
29
22
19
18
7
2
-3
-4
-3
14
7
-3
-6
-16
-33
-37
-49
-49
-42
-42
-36
-37
-26
-31
-27
-19
-13
-11
-9
-7
-14
-25
-22
-25
-37
-40
-37
-40
-43
-40
-37
-42
-40
-39
-50
-46
-51
-56
-55
-33
-27
-35
-25
-10
10
29
39
55
67
68
70
53
49
48
39
37
35
40
31
23
14
10
1
-4
-9
-17
-4
3
1
1
3
9
12
14
13
9
22
30
33
34
39
44
31
24
23
24
33
17
10
6
-9
-23
-39
-36
-45
-45
-43
-51
-46
-33
-31
-32
-26
-15
-10
-2
3
6
10
7
-11
-7
-8
-9
-13
-22
-17
-8
-2
-16
-2
-2
5
2
5
7
-2
12
23
9
7
16
10
20
11
27
44
53
51
48
61
66
57
50
51
49
46
29
33
39
17
13
-4
-2
-10
-13
-8
-23
-18
-23
-22
-26
-24
-18
-17
-6
-10
-21
-10
-20
-29
-33
-31
-28
-33
-48
-55
-52
-41
-44
-51
-51
-56
-54
-67
-69
-72
-54
-54
-60
-53
-36
-25
-17
-1
0
16
15
24
20
24
42
45
43
50
65
68
61
57
64
65
64
50
46
37
17
2
-15
-27
-27
-21
-10
-15
-21
-10
-6
-6
-2
3
10
2
-3
11
17
14
15
26
25
33
35
38
43
30
21
7
9
10
14
21
20
18
20
23
7
0
-6
4
7
-6
4
10
10
16
7
0
4
7
-9
-11
-15
-5
-11
-24
-34
-26
-29
-38
-35
-46
-41
-48
-37
-40
-17
-6
-10
-15
-18
-7
-4
-3
0
19
26
26
33
41
47
40
40
44
35
34
41
24
11
20
1
-7
-25
-31
-28
-41
-44
-46
-33
-32
-31
-48
-39
-37
-44
-41
-36
-26
-20
-8
-3
8
5
13
21
23
25
29
24
11
4
-23
-24
-42
-52
-50
-53
-48
-60
-62
-50
-45
-43
-43
-42
-39
-32
-28
-22
-26
-16
-14
-11
-6
12
27
31
30
3
26
15
13
16
25
19
8
19
9
23
35
31
26
38
34
41
51
53
73
63
70
41
44
35
29
40
37
43
36
41
10
17
14
4
-4
3
5
-8
-4
-30
-21
-5
-1
-4
-25
-10
-13
-10
-3
0
-15
-18
-3
-6
-1
19
39
35
57
65
37
30
28
18
8
1
-18
-27
-24
-32
-36
-43
-30
-31
-14
-7
-2
15
16
29
17
18
15
23
19
18
29
39
48
35
38
10
13
11
11
12
19
36
12
10
7
5
-4
-7
-14
-16
-19
-21
-11
-21
-22
-20
-26
-22
-24
-39
-45
-36
-29
-26
-9
-1
-9
-16
-15
-21
-29
-36
-29
-48
-54
-74
-92
-91
-107
-104
-111
-100
-97
-88
-73
-58
-48
-49
-40
-32
-8
-16
-16
-8
0
2
-7
-11
-13
6
0
12
-7
2
1
-2
-6
1
20
11
37
35
33
15
8
14
14
11
12
45
41
37
47
56
58
74
78
80
90
81
79
77
73
70
73
63
58
65
51
53
61
61
71
66
60
53
53
46
49
34
37
57
72
49
37
46
35
25
2
14
13
-5
-16
-1
-27
-41
-40
-50
-46
-45
-52
-38
-43
-41
-42
-31
-32
-23
-7
2
2
-10
-7
-12
-10
-15
-11
-19
-9
2
3
23
25
12
-2
3
-9
4
-16
-24
-14
-26
-35
-54
-53
-48
-49
-64
-77
-78
-72
-80
-94
-84
-86
-84
-83
-75
-71
-76
-67
-77
-81
-84
-91
-75
-71
-75
-56
-51
-48
-48
-45
-24
-28
-28
-14
-4
7
-2
-4
-5
18
16
7
7
24
31
45
59
50
45
56
56
49
52
73
72
61
55
53
64
98
52
-19
61
130
25
-59
55
173
19
-128
153
233
-66
-106
248
229
-102
-23
295
104
-126
96
219
28
-78
69
131
1
-25
69
61
34
17
11
22
25
-3
-6
13
18
-4
-30
-5
1
-20
-14
-18
-7
4
-14
-21
-49
-60
-40
-71
-61
-42
-45
-46
-45
-31
-43
-49
-38
-52
-51
-60
-45
-45
-56
-71
-75
-44
-49
-38
-32
-8
-13
-11
3
4
-10
-7
5
13
21
22
27
11
12
37
28
4
7
23
18
4
27
28
26
21
31
35
33
44
45
31
25
14
6
21
14
4
21
37
-24
-45
-37
-19
-40
-57
-51
-55
-57
-75
-46
-42
-69
-63
-56
-63
-43
-43
-62
-55
-54
-58
-65
-36
-39
-45
-33
-41
-27
-24
-25
-36
-17
5
9
2
1
6
-9
2
9
-8
-7
-1
-9
-2
-3
-2
23
31
33
19
46
49
22
37
26
34
39
30
45
50
37
47
62
52
52
58
69
66
72
66
44
66
51
46
43
48
65
35
21
48
34
8
15
29
21
0
2
-1
4
1
-7
0
6
-1
1
-14
-24
-14
-6
-17
-29
-32
-11
-13
-40
-53
-41
-24
-37
-17
-5
9
3
12
9
18
17
10
5
-13
-9
-25
-7
-23
-15
1
-15
-24
-1
7
11
21
3
3
17
26
12
-4
9
8
8
-29
-30
-17
-38
-29
-45
-37
-33
-38
-35
-19
-24
-29
-13
-29
-28
-28
-5
-8
-18
-30
-32
-31
-37
-19
-22
-10
-7
-5
-7
3
-6
-18
-4
-11
-23
-26
-18
-35
-22
-1
2
-11
-21
6
-11
-5
-9
3
30
20
15
3
30
28
21
20
30
27
30
34
29
41
42
35
22
45
29
27
33
31
34
26
34
23
31
57
73
60
44
36
38
37
32
46
31
26
15
10
4
16
43
29
19
18
13
-16
-19
-28
-27
-20
-25
-23
-18
-28
-38
-29
-49
-54
-38
-32
-36
-25
6
-12
-22
-19
-26
-35
-25
-24
-36
-30
-31
-29
-52
-47
-38
-35
-51
-58
-42
-48
-55
-60
-63
-74
-61
-61
-73
-69
-64
-51
-43
-32
-22
-1
18
13
15
39
51
37
31
37
51
45
67
80
56
67
78
77
71
77
94
80
68
81
103
87
75
79
82
46
28
45
36
37
26
30
22
23
19
26
11
20
21
12
14
-1
12
-18
-17
-28
-42
-19
-39
-53
-61
-60
-64
-61
-59
-58
-73
-64
-35
-51
-60
-49
-44
-43
-27
-30
-30
-25
-14
-8
-15
-1
-3
3
6
5
9
21
19
20
24
13
6
3
2
-1
11
0
-8
-8
-10
-10
-9
4
6
9
12
7
1
-1
-7
-18
-23
-34
-28
-41
-52
-36
-41
-34
-20
-20
-35
-45
-47
-46
-38
-32
-27
-23
5
7
11
13
18
23
6
-1
6
17
11
25
30
29
21
16
15
8
17
15
40
55
30
29
21
14
6
23
18
2
5
-2
4
8
1
-1
20
14
-1
-5
-5
5
-6
-11
-6
-3
-16
-10
-2
-1
-14
-7
0
-15
-13
-15
7
2
-2
6
6
-8
-6
3
-4
2
0
-8
-7
2
9
5
10
15
24
33
29
32
33
27
19
23
16
16
6
3
14
12
14
-1
0
7
2
3
13
18
25
23
27
31
29
35
42
33
43
46
33
40
30
20
37
32
10
2
6
4
-4
-7
-15
-4
10
9
-4
-3
14
18
1
-7
1
-14
-22
-30
-32
-39
-38
-34
-47
-53
-55
-46
-43
-39
-29
-25
-29
-31
-34
-39
-56
-56
-65
-73
-70
-64
-72
-71
-62
-55
-44
-57
-52
-40
-32
-26
-10
-1
-16
-16
-5
-13
-5
-1
-9
-13
-9
-2
-7
0
5
13
15
28
43
42
55
51
51
52
51
66
74
85
87
81
83
78
67
69
74
74
70
75
86
72
58
57
49
60
49
39
45
33
47
32
20
24
22
9
-3
-14
-10
-16
-26
-26
-35
-38
-30
-39
-35
-27
-31
-25
-26
-26
-34
-29
-21
-38
-59
-68
-64
-71
-63
-60
-60
-46
-46
-52
-51
-36
-37
-21
-27
-20
-16
-23
-6
-10
-6
-10
-21
-18
-20
-3
-11
-16
-16
-15
-20
-24
-19
-7
-14
-12
-9
-30
-24
-19
-16
-22
-29
-20
-7
-10
-11
-11
-6
6
7
14
21
32
35
20
24
29
27
30
28
21
28
26
20
15
26
32
11
-1
7
9
15
15
14
16
17
17
6
-1
2
-5
-7
-12
-21
-4
-7
-10
-20
-28
-9
-15
-24
-35
-19
-2
-3
-8
-4
7
4
1
-6
13
11
-2
-7
10
4
3
26
17
14
10
26
21
15
30
39
28
21
32
38
39
30
31
43
37
34
29
27
26
29
19
2
-2
6
13
13
10
4
15
16
7
-10
-13
-10
-17
-23
-28
-35
-41
-33
-45
-37
-31
-32
-36
-25
-18
-22
-16
-20
-16
-19
-13
-3
-22
-29
-20
-15
-15
-12
1
7
13
10
10
13
19
15
18
17
16
17
18
18
27
37
30
37
27
42
45
44
42
34
44
24
25
19
6
7
7
5
1
3
4
13
8
7
0
-1
0
-9
-7
-5
-4
-14
-13
-11
-17
-23
-27
-29
-26
-20
-20
-16
-17
-11
-13
-25
-24
-24
-19
-28
-23
-23
-23
-31
-29
-29
-36
-20
-27
-22
-28
-28
-13
-15
-16
-26
-22
-17
-11
-14
-6
-3
-7
-1
-4
5
6
8
4
9
3
0
8
5
1
0
3
-1
14
13
9
4
10
16
15
27
22
24
27
31
35
22
22
23
25
25
31
22
20
23
21
17
2
7
6
4
-7
-2
-1
-1
-9
-16
-12
-14
-17
-20
-20
-28
-15
-15
-22
-15
-20
-19
-27
-30
-32
-26
-21
-18
-12
-13
-11
-9
-7
-17
-11
2
-1
-6
-4
-3
-9
-7
1
3
-4
7
11
7
11
16
29
34
43
37
41
38
29
26
30
38
20
18
17
13
13
12
18
17
31
27
35
24
20
18
15
19
-5
5
-1
-15
-17
-18
-17
-14
-9
-12
-8
-7
-4
-4
-4
4
-1
-2
-6
-8
-12
-23
-28
-31
-41
-39
-36
-47
-43
-44
-39
-39
-35
-33
-26
-30
-29
-29
-28
-20
-18
-14
-18
-11
-9
-7
-9
-16
-16
-9
-2
2
18
19
18
16
13
15
20
19
23
31
28
27
34
32
26
25
33
20
23
34
29
28
22
23
15
15
10
8
14
19
15
11
12
6
4
-2
1
-6
-9
-2
-10
-13
-13
-7
-6
-8
-13
1
4
-2
-9
-13
-4
-10
-13
-17
-12
-7
-8
-7
-12
-4
1
4
-7
-9
-10
-3
2
-10
-5
-4
-5
-13
-11
-5
-5
-4
-6
-1
5
8
6
0
4
16
17
9
10
19
20
13
10
9
10
18
16
17
15
23
26
18
15
10
16
20
22
10
14
13
7
2
2
6
2
-2
-4
-3
-2
-1
-9
-9
0
-6
0
3
4
3
-9
-17
-16
-10
-19
-23
-21
-15
-19
-20
-22
-23
-13
-23
-23
-27
-27
-27
-19
-20
-30
-25
-22
-11
-19
-18
-12
-12
-7
-13
-8
-14
-15
-16
-7
-8
-5
3
-4
-8
-14
-9
-16
-12
-5
1
0
5
8
12
7
6
9
4
10
8
4
1
6
8
8
10
5
15
16
17
12
9
17
16
27
26
28
32
33
32
26
30
21
24
17
18
15
13
8
11
16
11
18
8
10
5
6
5
5
6
3
0
-3
-2
-7
-6
-10
-10
-9
-15
-6
-7
-7
-10
-6
2
3
0
-1
5
2
13
11
10
7
11
8
-1
-12
-13
-1
-7
-9
-13
-6
-9
-10
-10
-18
-12
-16
-13
-13
-5
-5
-8
-6
-13
-3
-14
-13
-21
-14
-11
-12
-6
-12
0
-10
-7
-11
-7
0
5
2
-4
2
-2
0
-9
-11
-6
-2
-4
-5
7
3
3
-4
-5
-5
4
2
-4
-4
-3
3
3
0
-6
1
0
-7
-7
-4
3
-3
-1
2
3
0
-1
-1
-1
2
-4
-2
-4
-1
1
0
0
5
11
11
12
7
9
9
9
5
3
9
10
9
-1
1
7
3
0
-7
4
7
9
2
3
11
17
13
5
11
17
20
20
20
12
12
9
2
-1
-4
-1
-5
-7
-14
-11
-12
-15
-16
-9
-4
-11
-7
-10
0
2
-4
-1
0
5
-2
-2
-7
-8
-3
3
1
-5
0
9
9
2
9
11
10
8
10
17
18
16
12
12
8
8
6
4
0
-3
7
2
-2
-6
3
4
-6
-5
-8
-4
-7
-4
-11
-13
-9
-12
-17
-17
-19
-21
-13
-21
-27
-25
-27
-26
-32
-27
-25
-26
-27
-24
-20
-17
-14
-16
-8
-6
2
-1
-6
1
6
8
-1
5
3
17
17
15
22
27
29
26
31
31
28
28
32
28
24
29
27
17
17
19
18
14
15
16
13
9
5
2
2
3
1
-6
2
3
-6
-6
-10
-8
-8
-1
-4
-8
-3
-10
-9
-9
-1
3
2
-3
-4
-2
-3
-2
-2
-2
-3
-2
-1
0
1
4
11
8
0
1
2
1
-2
-2
2
-1
3
1
2
3
0
5
-4
-7
-10
-13
-12
-11
-10
-14
-10
-9
-12
-9
-14
-15
-18
-14
-15
-16
-12
-17
-11
-6
-5
-5
1
6
7
2
-1
-3
-2
2
4
-1
0
-2
-8
-6
-2
-4
-3
4
2
-4
-3
-8
-15
-11
-8
-5
-10
-12
-9
-13
-11
-7
-7
-6
0
1
1
4
0
1
3
-1
-3
1
5
1
1
6
8
9
7
6
11
12
16
11
15
17
14
16
9
14
16
16
13
16
20
23
24
24
24
23
25
22
21
22
23
24
25
13
11
21
20
15
12
13
