SAMPLES:	19652
BITSPERSAMPLE:	16
CHANNELS:	1
SAMPLERATE:	16000
NORMALIZED:	FALSE
-25
-28
-29
-26
-29
-28
-30
-27
-25
-26
-24
-23
-19
-18
-16
-12
-11
-8
-10
-12
-13
-6
-7
-5
-9
-8
-3
-6
-2
-1
4
8
10
10
9
12
13
10
9
8
7
7
8
13
15
18
18
19
21
20
24
23
29
31
32
26
26
22
21
24
20
20
23
25
24
20
15
14
10
7
5
3
1
2
-1
-1
-4
-5
-3
-5
-4
-5
-1
-8
-9
-11
-11
-12
-14
-15
-16
-17
-20
-17
-17
-17
-14
-15
-13
-13
-12
-11
-10
-11
-14
-11
-5
-10
-12
-10
-9
-10
-11
-6
-9
-7
-7
-6
2
4
7
8
8
4
3
1
0
4
6
4
4
5
2
8
11
8
7
8
8
4
0
2
5
4
9
4
6
5
5
5
1
1
-1
-3
-2
3
2
1
-1
-6
-4
-8
-6
-7
-11
-14
-10
-9
-10
-6
-4
-3
-8
-5
-4
-4
-1
-4
-2
-1
-4
-5
-8
-8
-8
-7
-8
-5
-3
-2
2
1
2
1
2
1
3
3
1
1
1
-1
-2
0
0
2
0
3
3
6
10
10
11
6
6
4
8
7
6
5
6
9
4
5
4
7
3
5
7
5
5
3
4
2
4
8
9
8
10
11
10
7
9
12
10
8
5
6
10
10
6
4
4
3
2
3
2
4
0
2
-3
-6
-5
-4
-5
-5
-3
-3
-2
-4
-2
-4
-4
-2
-5
-8
-7
-2
-2
-3
-2
3
1
1
3
4
3
3
3
3
4
0
0
0
3
3
4
5
1
2
-1
-5
-9
-10
-11
-13
-15
-15
-15
-13
-16
-19
-19
-19
-18
-17
-20
-22
-24
-23
-22
-22
-20
-19
-17
-18
-15
-12
-10
-11
-5
-5
-6
-6
-6
-2
-5
1
3
5
10
10
7
8
9
14
16
12
17
18
15
10
10
13
12
18
17
15
16
17
17
16
20
16
17
14
11
13
10
12
10
11
8
9
10
8
7
9
7
5
10
4
4
1
-2
-2
2
-2
-1
3
-3
-2
-1
0
-4
-3
-1
-5
-5
-6
-7
-8
-5
-8
-8
-7
-3
-5
-8
-5
-9
-9
-8
-4
-7
-3
-3
-3
0
-4
-6
-7
-5
-7
-6
-2
-5
-9
-10
-7
-9
-9
-7
-3
-4
-3
1
4
4
3
1
0
1
-1
-1
2
5
5
4
1
4
4
1
2
2
2
0
-4
-1
-4
-6
-6
-2
-3
-5
-2
-7
-5
-6
-4
-4
-6
-8
-8
-6
-7
-7
-7
-5
-5
-4
-3
0
3
7
11
12
13
7
8
5
3
7
3
2
1
1
0
0
-2
-1
-2
-3
-1
2
3
4
8
9
8
8
11
12
10
10
10
9
6
10
11
12
13
12
9
7
7
7
8
7
6
3
1
0
-3
-4
-3
-3
-7
-8
-8
-5
-5
-2
0
2
4
2
-2
-6
-5
-1
-3
-5
-4
-2
-2
-5
-7
-9
-11
-9
-6
-7
-9
-10
-8
-7
-7
-6
-6
-6
-2
4
5
6
9
5
6
10
7
10
11
9
8
3
0
-3
0
1
0
2
2
1
-2
-1
-1
-4
-2
-3
-7
-6
-5
-2
-3
-3
-3
-3
-3
-6
-8
-4
-4
-5
-2
-2
-4
-8
-9
-8
-5
-6
-11
-10
-10
-9
-9
-6
-8
-5
-4
-9
-5
-7
-7
-4
-3
-4
-1
-1
-3
-3
0
0
3
6
8
6
10
10
9
6
4
5
4
3
3
3
7
7
6
7
11
11
9
11
8
7
10
12
11
15
15
13
14
13
12
11
11
12
16
17
16
15
15
14
16
13
14
17
13
12
11
7
3
0
-4
-7
-9
-8
-8
-10
-13
-14
-11
-9
-12
-12
-11
-13
-14
-17
-18
-20
-22
-24
-25
-28
-30
-31
-30
-29
-28
-29
-25
-25
-24
-22
-21
-21
-21
-19
-20
-21
-15
-13
-11
-8
-7
-1
2
1
4
2
2
3
6
10
11
15
20
18
16
18
17
18
19
21
23
26
26
25
21
22
20
21
21
19
19
16
13
14
13
10
10
9
8
8
11
13
12
6
6
6
4
6
6
6
9
5
2
5
7
6
4
6
6
6
5
4
4
5
3
3
3
-2
-3
-5
-10
-14
-17
-17
-20
-16
-17
-18
-19
-21
-22
-22
-21
-21
-21
-21
-20
-22
-20
-18
-19
-19
-20
-19
-18
-16
-12
-11
-10
-4
0
3
2
3
5
8
8
4
3
10
10
6
7
9
9
8
8
7
4
4
4
2
4
2
0
0
-3
-6
-8
-5
-5
-3
-3
-3
-1
-1
0
1
2
2
4
8
6
4
6
5
5
10
10
11
9
11
10
10
7
9
12
9
7
10
11
9
7
7
9
8
7
5
6
6
7
7
6
7
3
3
8
5
5
3
5
4
4
4
2
0
0
0
-2
-2
-5
-3
-7
-4
-4
-8
-8
-9
-11
-14
-11
-8
-8
-7
-5
-4
-7
-4
-5
-3
-3
-1
-1
-4
1
-1
-4
-2
-2
-1
2
1
3
3
3
1
2
-1
-1
0
-2
-3
-3
-3
-4
-4
-3
-1
-1
-2
-5
-4
-3
-2
-4
-4
0
0
0
1
3
2
4
3
5
2
2
1
2
1
2
5
6
5
5
6
5
6
8
5
3
3
0
2
1
0
-2
-2
-4
-6
-5
-4
-4
-3
-4
-4
-4
-7
-10
-9
-10
-11
-9
-9
-9
-10
-12
-12
-13
-12
-11
-9
-9
-9
-12
-12
-11
-9
-8
-9
-4
-3
-4
-3
-1
1
0
-1
-1
-1
-2
-2
1
2
0
-1
0
4
6
5
7
11
11
13
13
17
18
20
22
21
18
18
18
17
14
14
13
15
13
12
11
9
11
9
9
8
7
6
2
1
3
0
0
-1
-2
-7
-7
-8
-9
-10
-10
-10
-11
-7
-10
-8
-9
-7
-3
-2
0
-2
-2
-3
-3
-4
-7
-6
-7
-5
-6
-2
-1
1
-1
-2
0
0
2
3
0
1
1
1
2
2
4
4
4
2
3
4
3
3
4
3
2
-1
-3
-3
-1
-4
-4
-4
-1
1
-1
-1
0
-1
-1
-1
0
-2
-1
0
1
0
3
2
2
0
1
0
1
1
-2
0
0
0
-1
-2
-1
-4
-1
1
1
1
3
1
1
0
1
2
0
3
1
-2
-3
-1
-1
0
0
-1
-5
-5
-3
-8
-6
-7
-6
-8
-11
-12
-12
-10
-12
-13
-11
-11
-10
-8
-9
-7
-6
-3
-4
-3
-2
-1
-1
0
-1
-1
0
3
3
-2
1
1
2
5
7
8
7
6
7
6
6
5
5
5
8
8
10
8
11
12
14
16
16
16
14
13
13
11
12
11
7
9
5
4
4
4
2
1
4
2
3
1
4
2
1
1
-1
3
1
-1
-1
-1
1
2
1
0
1
1
0
-3
-3
-1
-1
0
-1
0
-2
0
2
3
0
1
-3
-4
-3
-2
-1
0
-1
-4
-4
-4
-2
-3
-1
-4
-5
-8
-7
-6
-7
-8
-7
-5
-5
-8
-10
-11
-11
-11
-13
-16
-14
-14
-12
-14
-12
-10
-11
-10
-11
-9
-13
-11
-10
-11
-8
-9
-10
-9
-8
-7
-9
-10
-8
-5
-5
-5
-4
-1
-1
0
1
0
2
3
5
7
7
7
9
7
5
8
8
10
10
13
15
18
19
19
19
18
18
16
17
21
21
21
21
22
21
21
21
18
18
18
14
13
13
11
13
10
9
9
9
8
6
3
1
2
1
-1
0
1
0
-2
0
-2
-2
-6
-9
-8
-10
-11
-12
-13
-15
-14
-14
-14
-15
-15
-13
-14
-13
-14
-15
-16
-17
-19
-17
-18
-14
-14
-15
-12
-13
-11
-12
-10
-8
-6
-7
-3
-3
-1
1
2
5
4
8
5
9
8
9
8
9
8
6
5
3
4
1
3
3
2
3
4
5
7
9
8
10
8
6
4
5
5
2
3
-2
-3
-2
-2
-4
-4
-5
-4
-4
-4
-2
-6
-7
-10
-9
-11
-10
-9
-10
-11
-13
-12
-14
-13
-14
-13
-10
-9
-8
-7
-7
-5
-4
-2
0
-1
2
6
6
11
9
11
8
9
11
10
12
13
13
10
11
11
11
12
14
12
11
13
12
11
12
10
10
10
8
9
6
4
4
1
0
-1
-1
-1
0
-1
-3
0
-2
-2
-3
-4
-1
-3
-2
-4
-8
-7
-8
-11
-9
-12
-10
-11
-11
-10
-10
-11
-10
-8
-8
-7
-4
-5
-4
-4
0
0
5
9
13
15
15
17
15
17
16
18
14
16
16
15
14
11
12
13
11
10
10
9
7
9
9
9
9
10
13
10
9
7
6
8
6
3
3
2
3
2
0
-1
-5
-5
-9
-10
-10
-11
-11
-12
-16
-19
-20
-26
-29
-30
-31
-31
-27
-25
-25
-24
-23
-23
-23
-23
-21
-19
-19
-20
-17
-17
-15
-15
-15
-14
-14
-15
-16
-15
-12
-11
-11
-10
-11
-9
-10
-8
-7
-3
-1
3
5
6
9
11
10
9
11
14
17
16
17
16
16
18
18
17
17
16
14
15
14
14
16
15
16
17
16
17
17
17
18
18
19
21
21
23
23
22
26
27
28
26
26
22
21
19
14
15
14
12
11
8
5
1
0
-2
-3
-4
-7
-7
-8
-13
-10
-10
-12
-12
-11
-14
-13
-14
-16
-14
-13
-14
-14
-11
-11
-10
-10
-12
-10
-13
-13
-13
-11
-13
-12
-15
-15
-15
-17
-14
-12
-13
-11
-10
-11
-9
-9
-7
-8
-12
-13
-12
-11
-10
-9
-7
-6
-7
-4
-6
-6
-7
-7
-6
-5
-7
-6
-4
-2
0
0
5
6
6
7
7
10
10
11
12
12
13
14
15
17
17
18
19
18
19
18
17
16
13
14
15
11
12
11
12
7
4
4
5
3
0
1
0
-2
-5
-5
-9
-12
-10
-10
-11
-12
-8
-6
-9
-6
-6
-4
-4
-5
-5
-5
-6
-5
-6
-3
-4
-5
-6
-6
-4
-6
-5
-5
-6
-4
-7
-6
-5
-5
-3
-2
-4
-3
-1
1
-1
-2
-1
-2
-1
-2
-1
0
1
1
3
1
6
9
8
10
12
10
12
13
13
13
12
14
14
17
15
13
15
15
14
13
12
9
8
5
3
4
4
5
3
4
4
5
5
4
5
3
0
1
-3
-3
-2
-1
-1
0
1
4
5
-1
-1
0
-2
-2
-2
-1
-5
-3
-6
-12
-12
-12
-12
-11
-15
-17
-14
-13
-16
-17
-18
-18
-17
-23
-25
-25
-24
-24
-24
-21
-19
-17
-15
-17
-17
-17
-18
-16
-16
-14
-10
-9
-5
-1
-1
1
2
6
9
7
8
9
9
10
11
9
8
7
8
10
11
9
8
9
11
10
10
14
12
11
11
10
14
13
11
9
12
13
11
11
9
11
10
10
10
11
15
14
12
12
14
16
16
16
12
13
13
9
9
8
6
5
3
3
3
4
5
4
3
2
1
-1
-2
-4
-5
-6
-8
-10
-14
-16
-16
-18
-21
-23
-21
-21
-23
-22
-23
-26
-23
-24
-25
-20
-18
-18
-13
-13
-14
-9
-10
-9
-7
-5
-7
-6
-7
-4
-3
-3
0
0
3
2
2
6
9
9
11
17
15
17
15
18
19
18
21
21
25
26
23
26
24
26
26
26
29
28
29
30
29
25
21
22
19
15
16
10
7
1
0
0
-1
-2
-6
-6
-7
-6
-9
-13
-14
-12
-14
-19
-17
-16
-16
-19
-19
-16
-19
-21
-22
-22
-22
-19
-19
-23
-33
-30
-33
-41
-44
-43
-49
-52
-46
-39
-41
-44
-30
-22
-25
-17
-3
5
-1
11
25
22
22
34
40
32
34
45
43
31
35
32
19
14
14
7
-4
-8
-10
-17
-20
-18
-19
-14
-7
-3
3
10
9
8
13
11
12
10
20
17
14
18
23
19
11
16
18
14
19
18
8
0
-2
1
-5
-8
-4
-3
-4
1
5
7
3
10
15
19
14
16
20
19
20
21
23
19
17
19
20
19
10
11
10
3
-2
-6
-9
-15
-17
-20
-22
-25
-25
-26
-26
-25
-21
-19
-17
-17
-10
-7
-14
-12
-9
-11
-15
-15
-17
-19
-18
-16
-18
-22
-20
-18
-17
-15
-17
-16
-19
-20
-24
-19
-18
-18
-12
-8
-1
2
12
12
17
18
16
20
17
19
26
27
25
24
29
28
26
28
30
30
31
27
28
32
29
27
26
22
20
19
12
7
8
11
9
5
3
-1
-7
-4
-6
-7
-7
-14
-19
-24
-26
-31
-36
-40
-39
-38
-38
-34
-39
-32
-26
-29
-24
-17
-8
-3
1
-5
-6
-5
-5
-3
-6
-7
-11
-11
-7
-9
-8
3
6
1
-2
6
15
7
11
31
30
17
26
43
29
20
35
34
19
26
44
37
28
43
59
47
43
62
63
23
-5
-16
-44
-92
-115
-125
-160
-181
-171
-154
-159
-154
-107
-60
-49
-30
25
50
54
88
124
124
121
155
168
156
159
180
176
152
151
146
114
73
48
22
-23
-64
-87
-104
-117
-131
-129
-111
-97
-81
-57
-25
-16
-11
10
21
15
7
20
11
0
2
20
22
9
19
22
12
-9
-11
-18
-41
-57
-77
-91
-107
-104
-103
-108
-101
-72
-49
-38
-9
11
28
36
39
56
58
56
52
51
51
53
53
51
44
36
31
25
3
-12
-31
-56
-74
-101
-105
-111
-120
-110
-95
-87
-67
-47
-22
17
33
49
69
81
97
102
102
96
90
79
79
71
64
60
51
48
37
28
16
7
-13
-21
-30
-41
-44
-50
-47
-36
-24
-23
-12
-6
5
15
27
32
40
52
59
62
56
49
49
61
69
67
71
77
79
74
76
78
62
52
57
33
1
11
6
-27
-49
-36
-49
-69
-47
-9
-10
-11
43
74
56
69
98
80
52
60
8
-117
-188
-230
-342
-452
-489
-524
-599
-601
-532
-537
-514
-394
-275
-239
-172
-23
52
68
176
295
311
347
454
495
470
495
558
528
482
483
434
330
241
191
98
-18
-71
-110
-178
-190
-177
-164
-115
-52
0
18
86
151
159
177
190
179
174
189
200
166
155
187
163
144
133
123
68
14
-1
-86
-172
-222
-260
-314
-367
-387
-397
-419
-402
-348
-344
-320
-246
-198
-160
-98
-40
20
82
136
166
170
196
211
211
211
206
196
186
179
133
80
43
1
-41
-55
-61
-86
-86
-44
-14
6
49
103
122
108
32
-72
-186
-297
-444
-589
-666
-748
-861
-851
-743
-706
-637
-421
-205
-136
-4
255
358
360
501
631
602
581
720
777
682
698
798
741
656
673
646
487
348
270
132
-78
-213
-281
-402
-467
-453
-400
-329
-213
-77
61
196
288
347
383
426
402
350
352
324
245
195
224
220
182
200
230
159
112
107
50
-73
-153
-153
-263
-383
-410
-435
-487
-495
-435
-397
-325
-173
-28
38
102
182
155
12
-209
-390
-605
-882
-1139
-1291
-1455
-1653
-1680
-1555
-1536
-1512
-1223
-932
-854
-715
-402
-171
-150
96
418
549
642
974
1271
1335
1478
1729
1861
1794
1862
1838
1637
1333
1146
905
501
168
-30
-183
-402
-452
-385
-303
-214
-86
141
271
359
502
593
624
608
616
679
649
626
668
713
724
696
722
732
647
555
502
323
62
-109
-251
-466
-719
-981
-1255
-1547
-1793
-2022
-2216
-2283
-2367
-2460
-2334
-2073
-1967
-1806
-1411
-996
-805
-509
5
292
393
772
1134
1205
1282
1546
1673
1513
1514
1590
1424
1113
998
817
442
133
-74
-295
-567
-717
-742
-760
-723
-568
-350
-115
162
469
806
1019
1174
1388
1552
1558
1500
1527
1489
1313
1188
1114
985
818
718
625
422
176
13
-182
-439
-649
-805
-1057
-1513
-1911
-2259
-2525
-2751
-2839
-2870
-2900
-2837
-2594
-2269
-1917
-1524
-1064
-584
-202
177
529
853
1089
1279
1458
1635
1656
1693
1763
1741
1611
1532
1466
1285
1000
770
537
203
-66
-247
-412
-588
-627
-563
-474
-350
-98
193
467
791
1103
1346
1510
1693
1796
1843
1856
1847
1757
1638
1547
1401
1258
1091
956
754
504
247
-66
-375
-699
-986
-1389
-1949
-2411
-2801
-3239
-3661
-3834
-3901
-4036
-3984
-3605
-3246
-2934
-2344
-1624
-1055
-546
156
813
1118
1430
1935
2128
2104
2266
2466
2343
2210
2248
2136
1827
1575
1404
1004
556
223
-81
-502
-874
-1107
-1277
-1351
-1287
-1073
-784
-385
23
488
1045
1446
1742
2106
2332
2338
2288
2316
2181
1876
1685
1562
1301
1023
912
774
527
332
190
-77
-437
-728
-994
-1359
-1755
-2263
-2690
-3067
-3503
-3803
-3840
-3796
-3800
-3582
-3048
-2626
-2319
-1661
-826
-437
-108
624
1154
1170
1407
1949
2027
1827
2020
2295
2029
1822
1982
1887
1409
1192
1167
752
228
17
-143
-541
-776
-714
-681
-669
-419
-2
318
644
1051
1456
1695
1870
2066
2180
2155
2030
1913
1792
1597
1385
1230
1144
986
792
715
590
248
-73
-286
-630
-1093
-1434
-1783
-2396
-2849
-3056
-3401
-3813
-3839
-3759
-3847
-3755
-3300
-2905
-2675
-2067
-1361
-974
-545
153
699
938
1320
1837
2003
2075
2367
2482
2320
2233
2251
2047
1691
1456
1205
783
408
143
-118
-357
-468
-496
-449
-412
-241
-8
244
441
665
1002
1248
1437
1656
1862
1963
1966
1996
2033
1894
1757
1703
1552
1242
939
706
408
2
-322
-606
-1018
-1455
-1889
-2305
-2748
-3213
-3497
-3730
-3948
-4085
-4052
-3843
-3613
-3355
-2847
-2267
-1684
-1082
-407
261
745
1263
1872
2194
2320
2587
2758
2677
2486
2406
2209
1829
1506
1271
950
561
304
108
-168
-407
-512
-543
-557
-517
-373
-125
105
287
583
954
1192
1400
1730
1974
2021
2081
2176
2171
1973
1851
1763
1515
1189
923
688
282
-116
-364
-617
-989
-1353
-1734
-2153
-2606
-3030
-3390
-3682
-3897
-4092
-4137
-3992
-3715
-3424
-2992
-2377
-1732
-1170
-496
222
742
1186
1790
2204
2374
2599
2856
2836
2649
2602
2469
2126
1817
1554
1150
757
498
252
-97
-379
-531
-624
-680
-620
-510
-381
-105
205
501
820
1189
1493
1742
2028
2210
2258
2334
2359
2191
1967
1778
1452
1021
614
252
-161
-640
-954
-1261
-1605
-2038
-2414
-2741
-3088
-3476
-3748
-3910
-4070
-4159
-4078
-3784
-3544
-3165
-2534
-1846
-1341
-700
117
763
1172
1767
2353
2517
2647
2921
3030
2827
2750
2730
2425
2052
1853
1605
1167
820
620
351
-48
-209
-216
-361
-421
-321
-166
-30
169
503
800
1063
1332
1649
1872
1976
2100
2208
2213
2044
1887
1626
1294
854
424
-5
-469
-869
-1234
-1511
-1853
-2205
-2582
-2888
-3221
-3556
-3856
-4038
-4211
-4365
-4280
-4050
-3823
-3535
-2921
-2206
-1622
-964
-117
620
1140
1708
2330
2602
2758
3007
3105
2932
2794
2782
2593
2215
2030
1912
1560
1282
1103
899
571
360
237
65
-90
-76
35
98
247
493
827
1058
1318
1666
1909
2006
2120
2217
2203
2074
1909
1681
1253
841
463
28
-479
-887
-1134
-1448
-1734
-1937
-2258
-2699
-3043
-3264
-3659
-4031
-4166
-4307
-4556
-4485
-4138
-3883
-3479
-2781
-1975
-1355
-656
247
974
1457
2032
2539
2730
2832
2960
2915
2724
2638
2540
2317
2137
1961
1714
1482
1314
1039
752
550
403
237
67
41
42
174
340
595
894
1256
1588
1865
2147
2395
2514
2547
2521
2361
2124
1793
1380
873
385
-105
-583
-1034
-1419
-1717
-1995
-2223
-2500
-2889
-3177
-3460
-3775
-4113
-4301
-4422
-4564
-4545
-4274
-4028
-3691
-3078
-2379
-1736
-1062
-222
545
1033
1616
2197
2460
2605
2778
2864
2685
2535
2491
2400
2133
2007
1919
1727
1557
1533
1459
1166
1012
990
924
681
610
643
672
765
973
1226
1478
1802
2100
2362
2499
2653
2680
2617
2439
2052
1627
1149
588
-1
-545
-991
-1450
-1869
-2166
-2554
-2967
-3276
-3509
-3900
-4159
-4326
-4528
-4749
-4678
-4462
-4403
-4092
-3441
-2785
-2264
-1492
-604
105
663
1469
2009
2234
2523
2847
2806
2560
2481
2380
2080
1768
1623
1428
1193
1039
947
785
664
599
567
489
439
402
470
604
731
899
1254
1674
1994
2392
2800
3105
3250
3367
3414
3193
2768
2394
1921
1239
561
-13
-574
-1246
-1753
-2124
-2674
-3153
-3361
-3644
-4014
-4268
-4418
-4588
-4737
-4612
-4452
-4319
-3886
-3257
-2706
-2061
-1268
-422
232
897
1600
2010
2304
2585
2651
2514
2394
2235
1937
1592
1394
1139
879
761
636
481
366
334
270
195
232
277
267
378
653
832
1091
1501
1957
2307
2718
3146
3422
3566
3716
3701
3309
2894
2463
1822
1036
343
-272
-966
-1637
-2135
-2761
-3333
-3696
-4004
-4360
-4615
-4733
-4829
-4902
-4799
-4534
-4343
-3924
-3287
-2651
-2039
-1207
-345
381
1118
1891
2449
2744
3102
3282
3198
2984
2771
2382
1912
1494
1095
634
327
132
-147
-379
-462
-522
-654
-646
-619
-603
-451
-116
109
346
821
1355
1813
2305
2891
3283
3510
3756
3955
3755
3435
3122
2634
1895
1234
668
-27
-747
-1253
-1703
-2429
-2952
-3287
-3638
-4155
-4411
-4531
-4734
-4910
-4690
-4438
-4307
-3794
-3067
-2414
-1818
-895
6
704
1388
2187
2593
2915
3258
3391
3238
3043
2830
2427
1935
1565
1190
735
484
175
-161
-416
-580
-822
-1016
-1066
-1047
-1068
-894
-588
-261
118
696
1325
1890
2535
3162
3653
3901
4151
4117
3833
3407
2941
2321
1567
885
243
-429
-1177
-1781
-2375
-2960
-3495
-3910
-4307
-4708
-5015
-5110
-5080
-5060
-4892
-4436
-3814
-3255
-2522
-1575
-649
118
1013
1901
2505
2957
3454
3793
3727
3582
3479
3108
2583
2123
1740
1258
685
334
-2
-411
-773
-950
-1114
-1331
-1498
-1569
-1493
-1437
-1207
-807
-305
233
930
1748
2410
3007
3593
4122
4295
4222
4081
3757
3171
2506
1859
1146
289
-437
-1044
-1817
-2518
-3057
-3518
-3999
-4426
-4738
-4994
-5176
-5157
-5039
-4837
-4367
-3784
-3150
-2350
-1437
-538
309
1242
2065
2630
3137
3624
3793
3765
3734
3510
3091
2628
2269
1761
1196
788
411
-12
-408
-693
-961
-1164
-1334
-1413
-1460
-1419
-1293
-1059
-703
-307
264
936
1651
2298
2905
3491
3889
4040
4034
3870
3503
2934
2380
1709
948
163
-580
-1341
-2084
-2690
-3248
-3704
-4098
-4379
-4640
-4740
-4759
-4738
-4496
-4061
-3611
-3086
-2360
-1547
-832
-76
871
1608
2161
2729
3239
3390
3403
3434
3327
2956
2617
2332
1853
1329
983
672
219
-234
-511
-733
-1059
-1262
-1374
-1400
-1403
-1325
-1110
-798
-514
-27
552
1076
1576
2180
2813
3202
3381
3513
3524
3240
2831
2437
2000
1311
718
121
-579
-1384
-1958
-2468
-3085
-3633
-3980
-4247
-4562
-4616
-4560
-4437
-4223
-3734
-3219
-2663
-1990
-1188
-437
331
1100
1745
2273
2782
3082
3195
3219
3066
2896
2662
2368
1937
1557
1259
906
437
164
-134
-529
-843
-1033
-1306
-1570
-1555
-1461
-1401
-1207
-734
-321
169
743
1343
1857
2357
2800
2999
3066
3093
2887
2567
2267
1841
1284
742
221
-456
-1139
-1656
-2193
-2812
-3199
-3540
-3987
-4245
-4214
-4267
-4295
-3965
-3424
-3060
-2563
-1703
-923
-340
502
1395
1902
2331
2920
3293
3270
3240
3277
3047
2676
2406
2095
1691
1277
958
664
304
-35
-266
-492
-802
-1105
-1184
-1196
-1264
-1207
-865
-548
-286
206
865
1322
1717
2327
2711
2732
2747
2803
2561
2093
1768
1417
839
218
-360
-966
-1591
-2195
-2664
-3072
-3519
-3865
-4013
-3983
-4027
-4011
-3617
-3187
-2881
-2391
-1618
-956
-486
274
1087
1552
1949
2567
2937
2915
2908
2991
2824
2397
2156
1895
1394
933
637
315
-143
-519
-715
-914
-1217
-1343
-1315
-1316
-1286
-1106
-781
-511
-208
309
815
1174
1598
2084
2454
2513
2614
2664
2394
2001
1759
1397
798
275
-193
-747
-1412
-1891
-2290
-2751
-3151
-3432
-3661
-3760
-3708
-3589
-3371
-2984
-2476
-2034
-1459
-718
-88
496
1210
1822
2167
2519
2896
2974
2860
2878
2828
2524
2246
2000
1614
1162
786
535
123
-290
-544
-787
-1063
-1270
-1322
-1312
-1259
-1091
-765
-469
-127
299
743
1143
1488
1822
2068
2149
2126
2026
1794
1479
1135
779
339
-113
-607
-1083
-1574
-2046
-2486
-2874
-3123
-3369
-3625
-3647
-3472
-3342
-3144
-2654
-2052
-1683
-1145
-340
252
667
1388
1980
2268
2526
2939
3065
2812
2773
2748
2372
1972
1819
1522
1077
759
572
217
-179
-366
-588
-872
-1071
-1120
-1128
-1119
-947
-616
-246
140
612
1121
1531
1869
2135
2255
2204
2039
1780
1405
1001
576
168
-227
-703
-1167
-1552
-1982
-2403
-2784
-3072
-3378
-3670
-3814
-3763
-3644
-3562
-3163
-2617
-2063
-1515
-732
80
625
1200
1954
2424
2595
2830
3108
3026
2716
2638
2448
1993
1655
1510
1177
797
603
474
163
-145
-286
-480
-825
-1024
-1087
-1136
-1188
-994
-622
-249
218
826
1420
1889
2302
2690
2855
2726
2531
2199
1682
1045
441
-70
-655
-1348
-1878
-2285
-2776
-3229
-3449
-3621
-3908
-4103
-4023
-3920
-3881
-3625
-3096
-2554
-2073
-1278
-343
367
1016
1903
2665
3085
3472
3841
3924
3674
3453
3202
2720
2139
1804
1379
800
375
169
-132
-538
-693
-752
-935
-1187
-1242
-1172
-1187
-1189
-917
-509
-202
272
998
1606
2070
2595
3155
3333
3208
3128
2916
2321
1645
1112
501
-352
-1185
-1740
-2422
-3162
-3655
-3952
-4297
-4687
-4733
-4577
-4527
-4391
-3912
-3328
-2792
-2140
-1231
-330
368
1192
2131
2766
3226
3674
4108
4107
3907
3776
3499
2916
2385
1981
1416
762
297
-7
-507
-970
-1219
-1395
-1698
-1860
-1802
-1707
-1643
-1378
-950
-539
-75
574
1290
1886
2420
2955
3325
3421
3400
3284
2952
2413
1883
1319
600
-246
-969
-1711
-2529
-3240
-3726
-4224
-4736
-4966
-5018
-5036
-4942
-4618
-4202
-3661
-2963
-2149
-1332
-409
546
1446
2252
3005
3596
3954
4258
4304
4133
3936
3631
3116
2551
2111
1564
916
432
47
-509
-989
-1203
-1447
-1818
-2000
-1912
-1939
-1907
-1513
-1053
-680
-90
776
1449
1931
2634
3228
3405
3460
3551
3332
2875
2436
1995
1328
582
-126
-858
-1594
-2325
-2974
-3548
-3983
-4449
-4796
-4938
-4895
-4869
-4649
-4128
-3565
-2977
-2159
-1174
-370
470
1503
2357
2936
3490
4073
4221
4111
4118
3969
3478
2995
2643
2123
1514
1051
634
97
-415
-838
-1233
-1662
-2030
-2242
-2341
-2404
-2361
-2038
-1612
-1108
-464
365
1182
1848
2559
3130
3455
3567
3615
3443
3015
2569
2106
1492
704
34
-631
-1395
-2139
-2683
-3181
-3794
-4211
-4426
-4660
-4888
-4787
-4494
-4202
-3767
-3047
-2226
-1507
-656
414
1285
1999
2743
3501
3839
3964
4182
4152
3809
3461
3194
2692
2133
1703
1295
706
194
-160
-625
-1137
-1520
-1825
-2111
-2341
-2383
-2286
-2146
-1779
-1244
-613
70
794
1561
2165
2584
2890
3067
3049
2860
2662
2334
1878
1226
661
91
-634
-1327
-1866
-2362
-2980
-3488
-3717
-3933
-4236
-4245
-4012
-3761
-3569
-3018
-2253
-1677
-1068
-103
775
1398
2020
2851
3303
3400
3637
3831
3636
3286
3204
2901
2323
1911
1731
1219
612
242
-59
-573
-1093
-1353
-1568
-1910
-2063
-1963
-1873
-1730
-1332
-754
-275
213
875
1437
1715
1964
2200
2245
2067
1869
1713
1350
750
302
-115
-718
-1335
-1712
-2079
-2686
-3047
-3151
-3361
-3676
-3693
-3442
-3270
-3115
-2634
-1958
-1516
-982
-155
571
1063
1622
2329
2689
2782
2989
3233
3091
2861
2778
2577
2150
1803
1617
1235
774
463
213
-213
-656
-929
-1123
-1388
-1563
-1539
-1485
-1376
-1030
-549
-179
259
839
1288
1554
1708
1875
1892
1763
1598
1396
1043
587
225
-177
-653
-1199
-1528
-1862
-2327
-2666
-2783
-2904
-3081
-3050
-2841
-2609
-2408
-1954
-1458
-1038
-563
73
716
1130
1576
2046
2248
2308
2380
2419
2286
2122
2031
1878
1595
1346
1167
897
589
344
125
-197
-502
-685
-869
-1053
-1132
-1130
-1072
-897
-642
-293
61
467
811
1071
1257
1334
1338
1233
1064
853
603
196
-160
-541
-891
-1321
-1650
-1843
-2158
-2383
-2448
-2450
-2510
-2512
-2292
-2016
-1856
-1518
-992
-586
-240
318
907
1290
1607
2157
2428
2458
2501
2611
2457
2147
1973
1804
1466
1132
1023
802
463
245
194
25
-279
-398
-385
-588
-715
-652
-638
-698
-604
-308
-110
7
335
619
640
645
718
688
493
380
288
-62
-500
-739
-1020
-1481
-1860
-1987
-2203
-2491
-2549
-2434
-2441
-2439
-2149
-1779
-1508
-1214
-687
-205
108
554
1072
1408
1640
1968
2254
2256
2272
2331
2296
2044
1886
1793
1549
1256
1023
821
465
181
-2
-182
-464
-583
-523
-525
-533
-404
-211
-108
57
279
449
529
662
732
632
523
403
208
-36
-256
-430
-710
-1091
-1330
-1584
-1911
-2208
-2283
-2404
-2644
-2685
-2496
-2436
-2390
-2054
-1565
-1176
-861
-228
403
784
1203
1810
2192
2305
2545
2854
2714
2483
2493
2391
1931
1654
1598
1307
939
796
716
365
64
13
-138
-432
-540
-435
-484
-529
-266
-12
148
383
778
1048
1170
1361
1455
1234
980
705
308
-184
-604
-973
-1477
-2006
-2337
-2680
-3057
-3329
-3447
-3498
-3592
-3522
-3292
-3077
-2842
-2438
-1922
-1427
-934
-243
430
1019
1599
2164
2611
2905
3152
3312
3208
2991
2895
2619
2186
1866
1573
1214
848
635
366
51
-166
-290
-454
-655
-715
-660
-537
-431
-152
160
532
927
1337
1676
1941
2197
2277
2151
1904
1571
1137
659
169
-317
-910
-1577
-2060
-2574
-3128
-3612
-3830
-3989
-4230
-4247
-4000
-3795
-3618
-3115
-2488
-1945
-1408
-584
182
731
1394
2132
2612
2870
3225
3549
3396
3185
3122
2883
2342
1964
1662
1197
719
471
191
-254
-526
-667
-828
-1130
-1169
-1081
-1035
-873
-515
-111
279
806
1382
1819
2175
2554
2729
2632
2454
2155
1731
1175
642
149
-474
-1206
-1806
-2286
-2885
-3410
-3725
-3951
-4259
-4336
-4119
-3994
-3898
-3458
-2805
-2329
-1783
-914
-43
575
1286
2169
2711
3062
3511
3871
3758
3524
3463
3125
2522
2085
1770
1196
654
362
40
-445
-746
-873
-1109
-1374
-1440
-1360
-1303
-1185
-845
-407
38
582
1188
1737
2194
2560
2782
2839
2698
2414
2009
1587
1036
487
-63
-787
-1463
-1953
-2468
-3097
-3557
-3770
-4073
-4379
-4280
-4031
-3945
-3655
-3009
-2361
-1883
-1177
-252
412
986
1791
2511
2879
3195
3634
3718
3459
3333
3159
2634
2071
1691
1182
554
95
-219
-651
-1098
-1337
-1511
-1791
-1966
-1901
-1778
-1669
-1349
-902
-377
176
872
1547
2108
2632
2997
3139
3053
2834
2492
2097
1596
1063
509
-150
-835
-1457
-2039
-2711
-3187
-3503
-3880
-4192
-4168
-3985
-3921
-3659
-3043
-2386
-1899
-1148
-193
549
1177
1989
2749
3142
3509
3988
4099
3880
3762
3631
3150
2555
2188
1684
983
438
21
-579
-1118
-1447
-1764
-2156
-2435
-2489
-2535
-2496
-2248
-1810
-1296
-700
-8
705
1423
2078
2565
2805
2935
2842
2562
2215
1800
1307
764
183
-419
-1035
-1672
-2244
-2709
-3148
-3592
-3878
-3948
-3995
-3993
-3752
-3276
-2770
-2232
-1474
-656
65
817
1654
2333
2848
3359
3808
3927
3896
3924
3727
3324
2930
2579
1986
1366
905
411
-246
-791
-1139
-1579
-2037
-2385
-2498
-2634
-2671
-2450
-2101
-1745
-1315
-615
77
651
1263
1901
2286
2405
2466
2430
2225
1847
1546
1195
542
-68
-518
-1068
-1768
-2313
-2662
-3146
-3594
-3676
-3647
-3687
-3516
-3065
-2551
-2072
-1374
-528
129
782
1568
2289
2790
3247
3738
3937
3934
3962
3897
3600
3259
2923
2436
1856
1338
818
163
-511
-1041
-1542
-2071
-2572
-2801
-2880
-2967
-2824
-2495
-2118
-1688
-1084
-420
82
586
1141
1491
1623
1690
1714
1538
1278
1066
886
428
-115
-455
-856
-1510
-2048
-2304
-2782
-3314
-3500
-3445
-3494
-3455
-2998
-2397
-1959
-1373
-462
356
953
1676
2500
3035
3387
3839
4145
4112
4032
4030
3844
3480
3177
2868
2383
1864
1404
818
151
-474
-989
-1560
-2150
-2562
-2786
-2923
-2942
-2712
-2317
-1906
-1350
-666
-63
429
906
1242
1363
1349
1282
1155
928
701
472
86
-376
-692
-1075
-1571
-2079
-2397
-2821
-3295
-3488
-3527
-3607
-3574
-3214
-2724
-2218
-1589
-718
66
753
1590
2355
2919
3404
3878
4143
4156
4227
4199
4020
3733
3481
3180
2748
2350
1925
1367
726
129
-468
-1144
-1793
-2287
-2608
-2894
-2992
-2857
-2635
-2275
-1721
-1085
-556
8
559
881
980
1035
1023
801
532
361
162
-245
-630
-859
-1210
-1705
-2085
-2285
-2726
-3237
-3361
-3385
-3612
-3624
-3237
-2813
-2487
-1852
-899
-180
488
1443
2349
2884
3393
4069
4375
4285
4347
4479
4204
3806
3668
3438
2898
2485
2252
1757
1137
670
189
-496
-1194
-1633
-2010
-2452
-2707
-2662
-2508
-2312
-1894
-1264
-754
-325
232
640
775
756
783
694
398
153
-4
-296
-739
-1033
-1277
-1676
-2066
-2295
-2571
-2966
-3178
-3236
-3374
-3446
-3222
-2897
-2543
-2025
-1306
-589
82
882
1733
2424
3033
3608
4020
4190
4272
4295
4122
3869
3664
3363
2995
2670
2271
1823
1389
941
436
-127
-661
-1124
-1594
-1982
-2162
-2229
-2227
-2034
-1716
-1370
-1001
-557
-73
175
291
383
365
183
23
-69
-282
-614
-899
-1100
-1404
-1770
-2046
-2235
-2545
-2874
-2987
-3022
-3101
-3110
-2900
-2611
-2305
-1861
-1222
-556
14
746
1567
2212
2697
3285
3776
3910
4027
4181
4141
3836
3694
3537
3166
2790
2536
2192
1622
1183
853
299
-384
-730
-1062
-1563
-1896
-1911
-1923
-1988
-1724
-1288
-1056
-765
-248
67
73
55
121
-31
-315
-444
-535
-746
-1060
-1249
-1394
-1745
-2080
-2235
-2383
-2689
-2912
-2866
-2796
-2912
-2812
-2406
-2118
-1876
-1335
-619
-190
310
1149
1815
2165
2683
3325
3493
3468
3711
3857
3597
3395
3400
3134
2711
2535
2325
1794
1369
1154
703
52
-292
-516
-876
-1191
-1196
-1197
-1236
-1064
-741
-520
-322
-4
197
164
96
16
-166
-393
-564
-710
-876
-1154
-1394
-1608
-1879
-2188
-2489
-2601
-2865
-3092
-3098
-2982
-2972
-2830
-2398
-1924
-1590
-1106
-338
222
656
1318
1951
2253
2520
2980
3135
3087
3229
3308
3141
2957
2938
2762
2428
2217
2035
1628
1222
904
503
26
-379
-632
-868
-1036
-1021
-990
-896
-651
-350
-103
120
353
437
358
215
-15
-351
-661
-892
-1151
-1366
-1621
-1885
-2067
-2274
-2541
-2726
-2807
-2981
-3171
-3121
-2968
-2921
-2745
-2240
-1746
-1324
-677
62
590
1105
1845
2438
2713
3021
3433
3464
3309
3363
3363
3075
2841
2780
2524
2126
1947
1744
1300
866
615
264
-237
-576
-721
-934
-1061
-1002
-861
-694
-473
-72
263
494
738
891
826
624
375
50
-297
-675
-968
-1225
-1616
-1978
-2200
-2451
-2826
-3071
-3135
-3383
-3593
-3511
-3356
-3311
-3060
-2464
-1905
-1470
-785
90
719
1261
2015
2668
2974
3269
3674
3717
3509
3481
3488
3153
2810
2744
2481
2067
1831
1663
1217
775
518
179
-392
-787
-984
-1223
-1420
-1346
-1109
-935
-629
-147
266
533
845
1086
1004
782
581
248
-210
-595
-867
-1207
-1595
-1923
-2148
-2498
-2836
-3055
-3214
-3480
-3697
-3641
-3563
-3479
-3249
-2679
-2161
-1645
-846
33
703
1327
2142
2818
3160
3519
3967
4053
3824
3794
3759
3396
3046
2896
2601
2168
1903
1716
1272
772
530
187
-375
-863
-1057
-1251
-1463
-1402
-1194
-997
-743
-270
151
425
741
1038
1065
863
662
384
-5
-406
-762
-1124
-1554
-1992
-2289
-2632
-3057
-3374
-3516
-3744
-4035
-4032
-3855
-3804
-3639
-3106
-2531
-2032
-1301
-404
341
985
1818
2592
3043
3446
3942
4213
4071
4032
4059
3792
3442
3242
3016
2588
2231
2015
1628
1114
739
405
-83
-570
-882
-1075
-1289
-1359
-1222
-1028
-774
-428
50
428
691
1005
1211
1117
855
663
377
-68
-429
-673
-1074
-1598
-1953
-2255
-2752
-3243
-3435
-3678
-4076
-4218
-4080
-4021
-3970
-3558
-2951
-2477
-1895
-1019
-194
482
1268
2150
2785
3213
3675
4023
4027
3959
3958
3850
3532
3272
3101
2797
2417
2129
1862
1409
941
616
227
-356
-770
-954
-1134
-1316
-1231
-983
-801
-457
40
445
700
1030
1347
1332
1065
896
708
235
-184
-464
-762
-1234
-1682
-1958
-2424
-2924
-3295
-3544
-3917
-4250
-4295
-4260
-4260
-4023
-3521
-3012
-2446
-1722
-837
-81
650
1484
2228
2797
3291
3726
3972
3978
3975
3951
3731
3452
3224
2985
2646
2311
2049
1705
1242
861
439
-124
-645
-961
-1191
-1450
-1472
-1294
-1071
-800
-350
134
478
821
1206
1357
1255
1121
984
613
221
-41
-332
-709
-1114
-1465
-1873
-2364
-2863
-3241
-3551
-3930
-4195
-4268
-4197
-4144
-3861
-3355
-2798
-2215
-1464
-570
176
868
1673
2434
2945
3361
3784
4049
3987
3983
3997
3740
3423
3237
3023
2608
2213
1954
1528
927
526
165
-379
-956
-1194
-1328
-1565
-1584
-1344
-1066
-858
-399
142
473
730
1094
1339
1206
1082
999
738
291
-59
-224
-578
-1072
-1437
-1701
-2237
-2783
-3071
-3330
-3785
-4133
-4122
-4050
-4082
-3841
-3262
-2747
-2218
-1414
-483
227
931
1809
2565
3022
3434
3941
4175
4068
4063
4057
3802
3420
3195
2938
2459
2033
1764
1336
731
290
-83
-574
-1109
-1372
-1493
-1705
-1760
-1534
-1277
-1079
-696
-92
332
587
1004
1354
1329
1197
1150
967
546
207
18
-331
-863
-1274
-1637
-2238
-2781
-3153
-3397
-3834
-4141
-4213
-4192
-4169
-3961
-3495
-2988
-2389
-1682
-825
-71
676
1478
2249
2833
3283
3793
4086
4110
4119
4159
3978
3625
3423
3138
2623
2131
1826
1407
761
291
-30
-549
-1104
-1305
-1435
-1673
-1726
-1465
-1261
-1129
-701
-122
200
474
998
1348
1352
1368
1454
1254
893
712
491
70
-417
-866
-1331
-1947
-2490
-2899
-3281
-3728
-4003
-4081
-4086
-4065
-3868
-3475
-3002
-2445
-1812
-1013
-272
430
1166
1938
2554
3043
3546
3889
3973
3993
4064
3919
3592
3334
3103
2654
2085
1748
1333
683
144
-186
-585
-1133
-1399
-1451
-1604
-1717
-1518
-1258
-1115
-790
-259
138
369
852
1320
1419
1368
1488
1472
1167
889
734
419
-160
-651
-1048
-1657
-2372
-2820
-3129
-3591
-4053
-4085
-3983
-4089
-4013
-3557
-3027
-2650
-2080
-1174
-443
105
921
1806
2288
2695
3336
3764
3694
3725
3945
3809
3371
3147
2966
2418
1825
1556
1180
500
-33
-208
-593
-1191
-1410
-1381
-1552
-1735
-1503
-1210
-1114
-856
-243
180
410
869
1434
1566
1472
1605
1661
1321
989
905
633
-15
-586
-900
-1469
-2202
-2649
-2887
-3309
-3804
-3909
-3841
-3962
-3888
-3405
-2860
-2416
-1829
-959
-182
391
1150
2047
2668
3035
3540
3995
3979
3837
3911
3824
3364
3006
2827
2359
1676
1289
995
369
-264
-547
-848
-1423
-1833
-1827
-1886
-2084
-1963
-1541
-1380
-1195
-603
6
283
667
1333
1638
1596
1665
1776
1486
1096
899
626
16
-619
-940
-1438
-2172
-2692
-2884
-3251
-3769
-3881
-3792
-3842
-3846
-3439
-2881
-2517
-1918
-1024
-210
400
1137
2095
2772
3137
3608
4123
4159
3968
3996
3913
3419
2947
2731
2300
1572
1089
822
241
-409
-674
-893
-1426
-1850
-1862
-1851
-2064
-1980
-1598
-1357
-1198
-638
86
432
848
1544
1945
1930
1956
2042
1785
1277
994
709
114
-632
-1046
-1484
-2209
-2823
-3031
-3274
-3793
-3954
-3864
-3841
-3927
-3559
-2939
-2547
-2101
-1234
-308
284
1036
2046
2774
3188
3719
4248
4344
4160
4160
4048
3524
3009
2749
2243
1502
994
706
177
-458
-742
-935
-1368
-1743
-1801
-1806
-1953
-1962
-1630
-1373
-1198
-729
-63
386
730
1333
1872
1898
1850
1954
1797
1282
918
730
114
-744
-1171
-1550
-2322
-2981
-3120
-3366
-3955
-4104
-3876
-3910
-4068
-3646
-2944
-2591
-2144
-1158
-241
257
1037
2068
2746
3152
3752
4307
4297
4145
4184
4050
3509
3044
2752
2256
1538
1040
740
189
-374
-661
-883
-1304
-1667
-1695
-1654
-1798
-1744
-1410
-1120
-917
-466
203
622
936
1533
2023
2007
1943
2041
1856
1290
945
691
78
-730
-1183
-1581
-2345
-2960
-3121
-3326
-3866
-4075
-3910
-3893
-3975
-3580
-2994
-2601
-2155
-1233
-319
242
1016
2017
2733
3112
3607
4088
4160
3955
3919
3804
3327
2801
2465
1982
1311
798
500
38
-535
-810
-1009
-1393
-1754
-1764
-1707
-1827
-1733
-1401
-1128
-897
-414
257
706
1019
1602
2073
2057
2020
2095
1862
1296
943
677
52
-735
-1141
-1485
-2232
-2838
-3014
-3234
-3773
-3930
-3727
-3721
-3763
-3334
-2746
-2378
-1909
-992
-144
397
1169
2150
2786
3151
3691
4097
4072
3910
3853
3609
3125
2635
2279
1788
1138
658
339
-96
-600
-907
-1072
-1330
-1659
-1766
-1687
-1661
-1617
-1341
-933
-666
-274
338
867
1163
1567
2061
2108
1923
1866
1701
1208
657
334
-119
-921
-1451
-1766
-2345
-2987
-3170
-3276
-3740
-3974
-3719
-3613
-3686
-3345
-2691
-2182
-1738
-873
52
712
1384
2277
2956
3351
3747
4139
4191
3935
3737
3503
3040
2466
1984
1530
969
412
40
-308
-730
-1078
-1231
-1372
-1666
-1804
-1638
-1556
-1475
-1196
-735
-408
-60
514
1034
1323
1656
2083
2149
1980
1856
1678
1184
670
326
-174
-930
-1506
-1856
-2438
-3021
-3222
-3278
-3631
-3833
-3638
-3493
-3455
-3159
-2542
-2046
-1509
-656
208
871
1565
2418
3097
3465
3779
4076
4108
3878
3591
3264
2796
2228
1724
1216
688
130
-297
-635
-1026
-1382
-1551
-1681
-1868
-1926
-1759
-1550
-1406
-1112
-652
-284
99
644
1162
1457
1744
2119
2170
1952
1789
1578
1050
488
107
-336
-1106
-1668
-1969
-2461
-3060
-3304
-3329
-3676
-3915
-3727
-3497
-3476
-3105
-2376
-1788
-1261
-466
523
1170
1812
2682
3342
3660
3925
4261
4267
3953
3667
3380
2863
2215
1765
1300
686
108
-230
-556
-1049
-1389
-1477
-1630
-1869
-1884
-1653
-1491
-1375
-994
-489
-142
260
917
1431
1648
1950
2374
2361
2024
1882
1675
1070
484
189
-244
-1047
-1613
-1827
-2382
-3093
-3294
-3273
-3674
-4007
-3770
-3531
-3566
-3280
-2576
-1944
-1486
-671
397
1074
1649
2554
3332
3565
3748
4086
4085
3678
3296
3026
2480
1787
1317
892
285
-298
-574
-834
-1325
-1682
-1696
-1794
-2042
-2093
-1813
-1640
-1516
-1074
-523
-151
221
871
1456
1639
1883
2366
2453
2081
1913
1800
1207
502
164
-182
-929
-1593
-1811
-2205
-2913
-3248
-3186
-3410
-3785
-3663
-3350
-3279
-3093
-2395
-1716
-1228
-519
523
1356
1889
2657
3478
3865
3996
4213
4315
3937
3479
3122
2671
1993
1419
1014
474
-103
-497
-714
-1088
-1447
-1539
-1549
-1779
-1916
-1727
-1462
-1343
-1087
-556
-120
208
726
1324
1628
1823
2266
2516
2232
1896
1749
1326
578
36
-269
-905
-1722
-2084
-2373
-2980
-3447
-3394
-3461
-3828
-3840
-3446
-3248
-3179
-2631
-1871
-1293
-759
240
1193
1703
2361
3222
3758
3836
4024
4276
4008
3485
3147
2760
2013
1294
890
424
-269
-718
-865
-1245
-1645
-1763
-1726
-1891
-2052
-1850
-1587
-1482
-1248
-724
-295
9
539
1195
1538
1755
2205
2503
2331
2041
1913
1562
885
347
-12
-546
-1365
-1856
-2113
-2684
-3244
-3333
-3310
-3642
-3750
-3432
-3182
-3113
-2657
-1897
-1347
-844
44
1032
1589
2199
3069
3672
3818
3976
4182
3980
3497
3118
2753
2080
1381
945
445
-185
-661
-867
-1163
-1550
-1703
-1721
-1836
-1977
-1870
-1633
-1453
-1233
-801
-333
10
461
1019
1492
1740
2046
2386
2344
2057
1883
1625
990
399
28
-443
-1184
-1735
-2007
-2506
-3083
-3249
-3260
-3525
-3712
-3457
-3176
-3085
-2715
-1982
-1357
-865
-44
960
1614
2164
2943
3577
3783
3911
4125
4010
3555
3148
2804
2266
1580
1071
664
119
-431
-716
-944
-1298
-1596
-1602
-1597
-1836
-1884
-1662
-1418
-1295
-979
-448
-59
251
832
1392
1600
1846
2300
2380
2007
1775
1583
1045
400
51
-272
-1008
-1636
-1839
-2249
-2912
-3134
-3037
-3312
-3638
-3440
-3099
-3130
-2914
-2165
-1522
-1115
-391
622
1296
1775
2558
3272
3468
3575
3859
3845
3381
2987
2723
2208
1517
1057
705
168
-404
-660
-835
-1232
-1493
-1484
-1518
-1715
-1744
-1517
-1359
-1272
-945
-473
-131
194
741
1300
1556
1813
2213
2339
2034
1791
1624
1117
440
41
-260
-996
-1678
-1880
-2197
-2823
-3121
-2965
-3133
-3510
-3334
-2910
-2918
-2791
-2094
-1430
-1092
-430
636
1307
1682
2455
3242
3365
3427
3803
3807
3297
2923
2732
2204
1488
1119
781
164
-333
-479
-635
-1056
-1267
-1200
-1273
-1479
-1506
-1286
-1170
-1096
-798
-381
-127
163
668
1133
1393
1603
2007
2139
1850
1635
1485
1051
399
38
-257
-995
-1671
-1881
-2188
-2835
-3115
-2902
-3041
-3334
-3083
-2677
-2686
-2517
-1793
-1184
-943
-326
711
1268
1594
2331
3071
3235
3308
3676
3681
3152
2823
2654
2106
1385
964
639
40
-544
-772
-960
-1347
-1524
-1462
-1473
-1645
-1622
-1344
-1213
-1094
-809
-386
-114
111
610
1071
1286
1508
1933
2017
1766
1632
1495
1017
431
156
-215
-982
-1576
-1786
-2215
-2806
-2956
-2812
-3061
-3202
-2870
-2574
-2593
-2267
-1554
-1067
-733
-13
862
1292
1731
2474
3026
3180
3385
3683
3534
3118
2879
2609
2028
1417
1011
533
-2
-475
-723
-924
-1250
-1407
-1398
-1446
-1592
-1525
-1278
-1157
-1003
-655
-233
7
287
742
1137
1298
1553
1885
1829
1578
1424
1224
705
194
-91
-618
-1367
-1782
-2033
-2517
-3035
-3029
-3002
-3272
-3240
-2863
-2635
-2564
-2027
-1374
-939
-488
332
1088
1494
2060
2757
3172
3310
3570
3716
3476
3167
2919
2547
1904
1389
986
474
-89
-456
-732
-1062
-1317
-1437
-1446
-1572
-1637
-1469
-1306
-1181
-955
-543
-216
24
401
834
1145
1310
1580
1773
1647
1479
1382
1055
518
188
-163
-863
-1509
-1843
-2191
-2812
-3047
-3026
-3204
-3369
-3089
-2693
-2631
-2303
-1573
-1005
-669
25
881
1337
1754
2474
3057
3199
3449
3798
3670
3333
3168
2989
2396
1822
1504
1021
337
-154
-441
-858
-1264
-1435
-1501
-1708
-1853
-1721
-1546
-1499
-1249
-801
-459
-225
167
655
941
1128
1416
1710
1649
1467
1372
1155
696
298
71
-496
-1231
-1655
-1985
-2617
-3091
-3112
-3281
-3569
-3435
-3008
-2842
-2689
-2044
-1373
-998
-479
401
1048
1461
2117
2791
3115
3301
3684
3825
3537
3290
3165
2768
2169
1748
1379
833
297
-42
-426
-895
-1217
-1354
-1533
-1795
-1809
-1618
-1519
-1419
-1065
-617
-307
-7
465
870
1096
1298
1590
1620
1355
1264
1128
737
289
80
-283
-960
-1415
-1751
-2275
-2842
-2968
-3092
-3394
-3404
-3076
-2834
-2748
-2244
-1595
-1149
-690
101
807
1214
1822
2527
2937
3130
3478
3704
3502
3270
3185
2902
2367
1959
1647
1160
612
249
-69
-521
-931
-1085
-1318
-1633
-1749
-1648
-1618
-1522
-1226
-886
-547
-256
235
663
904
1122
1429
1460
1214
1124
1011
661
249
72
-204
-811
-1250
-1529
-2043
-2637
-2847
-2886
-3235
-3389
-3112
-2830
-2753
-2385
-1706
-1189
-776
-65
790
1251
1748
2460
2974
3133
3347
3703
3653
3380
3264
3110
2615
2114
1829
1442
876
456
181
-227
-687
-958
-1131
-1414
-1693
-1721
-1610
-1614
-1480
-1117
-730
-448
6
495
799
971
1193
1369
1191
982
858
622
182
-120
-330
-849
-1372
-1665
-2030
-2619
-2984
-3061
-3247
-3477
-3372
-3054
-2905
-2654
-2014
-1398
-1010
-375
524
1117
1558
2231
2870
3144
3341
3648
3726
3499
3324
3231
2830
2305
1958
1626
1095
635
311
-17
-500
-865
-1005
-1281
-1637
-1731
-1607
-1615
-1527
-1214
-789
-482
-120
396
797
1027
1267
1541
1447
1204
1090
878
454
69
-129
-554
-1136
-1503
-1816
-2369
-2866
-2972
-3183
-3508
-3553
-3230
-3039
-2862
-2286
-1630
-1119
-605
239
958
1426
1989
2685
3102
3329
3652
3816
3687
3500
3386
3068
2560
2165
1869
1436
927
550
201
-227
-668
-968
-1253
-1572
-1788
-1759
-1736
-1689
-1449
-1085
-693
-379
101
552
852
1074
1353
1365
1148
1014
817
470
50
-178
-488
-1022
-1463
-1777
-2213
-2811
-3054
-3165
-3493
-3652
-3412
-3177
-3099
-2631
-1902
-1354
-943
-109
753
1234
1819
2566
3109
3284
3612
3972
3875
3680
3659
3480
2980
2570
2291
1851
1274
902
618
118
-377
-629
-922
-1327
-1570
-1538
-1582
-1627
-1422
-1109
-835
-554
-63
358
612
873
1157
1204
986
826
648
298
-97
-342
-610
-1172
-1643
-1922
-2323
-2904
-3222
-3311
-3601
-3822
-3677
-3379
-3320
-2977
-2273
-1655
-1227
-520
370
960
1460
2197
2833
3088
3402
3810
3860
3692
3642
3594
3213
2801
2550
2213
1665
1188
910
455
-60
-360
-596
-1005
-1289
-1357
-1335
-1387
-1312
-1021
-711
-441
-48
409
704
915
1152
1294
1210
991
790
551
156
-174
-427
-852
-1341
-1721
-2051
-2518
-2998
-3192
-3407
-3693
-3746
-3503
-3330
-3137
-2587
-1888
-1370
-783
74
814
1313
1931
2674
3062
3323
3634
3849
3738
3594
3566
3302
2824
2466
2213
1746
1217
870
485
-61
-455
-694
-1039
-1413
-1607
-1608
-1646
-1601
-1339
-1058
-760
-375
67
416
645
897
1118
1075
931
830
621
347
24
-150
-486
-1011
-1362
-1735
-2179
-2675
-2875
-3108
-3426
-3520
-3401
-3317
-3170
-2705
-2127
-1632
-1044
-210
540
1117
1762
2455
2878
3152
3536
3763
3685
3613
3615
3370
2957
2680
2375
1906
1425
1069
682
154
-272
-559
-943
-1335
-1574
-1602
-1704
-1713
-1479
-1219
-955
-645
-163
194
450
736
980
1001
868
787
639
334
40
-86
-410
-932
-1229
-1492
-1975
-2533
-2724
-2877
-3296
-3449
-3279
-3193
-3170
-2757
-2088
-1606
-1139
-260
524
981
1606
2365
2849
3079
3480
3861
3775
3656
3741
3571
3131
2843
2643
2237
1717
1367
1013
451
-80
-427
-773
-1280
-1590
-1652
-1743
-1815
-1677
-1419
-1137
-839
-454
-41
242
496
749
883
749
601
498
258
-49
-218
-380
-849
-1266
-1445
-1801
-2337
-2658
-2785
-3137
-3443
-3392
-3242
-3232
-3003
-2345
-1791
-1376
-670
262
852
1317
2056
2740
3014
3273
3683
3774
3621
3620
3713
3386
2996
2840
2594
2088
1621
1350
895
299
-68
-393
-909
-1335
-1518
-1585
-1727
-1701
-1450
-1179
-980
-621
-170
147
343
635
821
670
472
368
168
-209
-398
-495
-879
-1309
-1493
-1752
-2252
-2587
-2697
-2960
-3337
-3376
-3208
-3237
-3176
-2676
-2079
-1732
-1171
-236
459
929
1652
2426
2797
3017
3480
3750
3602
3529
3611
3417
3033
2788
2614
2229
1761
1505
1175
666
222
-92
-451
-929
-1205
-1301
-1414
-1452
-1284
-1003
-770
-508
-124
250
444
644
868
863
651
502
370
69
-252
-379
-606
-1069
-1383
-1571
-1936
-2428
-2648
-2794
-3085
-3311
-3197
-3104
-3108
-2802
-2198
-1735
-1361
-586
207
679
1171
1917
2444
2636
2947
3315
3345
3211
3249
3235
2944
2651
2493
2265
1828
1465
1187
764
302
-8
-296
-761
-1104
-1212
-1324
-1418
-1352
-1118
-896
-651
-289
87
336
511
710
796
643
464
321
113
-175
-349
-516
-922
-1319
-1519
-1763
-2243
-2537
-2623
-2818
-3111
-3053
-2837
-2836
-2667
-2141
-1610
-1279
-671
159
714
1166
1814
2431
2697
2931
3340
3450
3298
3310
3365
3100
2743
2599
2378
1896
1478
1236
836
319
-8
-259
-691
-1123
-1276
-1354
-1500
-1489
-1278
-1066
-902
-570
-187
120
321
504
668
596
382
211
19
-261
-538
-662
-931
-1373
-1645
-1834
-2202
-2606
-2717
-2831
-3077
-3162
-2935
-2785
-2682
-2228
-1639
-1217
-783
-23
636
1060
1605
2275
2672
2908
3280
3551
3516
3426
3468
3320
2958
2679
2446
2083
1645
1351
1006
552
161
-141
-452
-816
-1074
-1188
-1229
-1251
-1137
-952
-731
-499
-192
114
317
495
615
672
557
353
186
-42
-356
-538
-747
-1177
-1605
-1847
-2118
-2627
-2918
-2990
-3183
-3394
-3286
-3024
-2896
-2622
-2071
-1527
-1175
-568
234
766
1198
1847
2436
2738
2999
3375
3495
3370
3378
3378
3070
2706
2481
2208
1786
1373
1086
743
316
13
-209
-555
-910
-1025
-1037
-1095
-1102
-916
-649
-493
-260
63
321
445
567
749
698
493
390
251
14
-277
-431
-747
-1302
-1631
-1868
-2315
-2810
-2925
-3077
-3365
-3474
-3217
-3015
-2917
-2386
-1784
-1331
-919
-143
544
909
1478
2115
2537
2750
3152
3466
3395
3346
3433
3322
2933
2693
2489
2085
1618
1276
973
463
48
-202
-522
-915
-1087
-1081
-1102
-1137
-992
-758
-601
-391
-89
224
387
533
765
800
627
485
380
144
-180
-329
-540
-1028
-1440
-1691
-2077
-2584
-2865
-2961
-3252
-3466
-3310
-3078
-2987
-2705
-2095
-1565
-1169
-531
292
791
1207
1860
2431
2689
2917
3305
3397
3228
3253
3240
2948
2589
2391
2130
1628
1176
924
578
79
-210
-377
-715
-1043
-1120
-1112
-1178
-1145
-861
-619
-452
-174
240
491
590
814
948
823
621
534
341
-27
-327
-438
-838
-1362
-1646
-1961
-2443
-2867
-2941
-3132
-3456
-3443
-3172
-3053
-2904
-2392
-1811
-1426
-935
-125
499
948
1557
2211
2571
2822
3225
3483
3378
3325
3361
3147
2816
2576
2342
1901
1469
1175
813
360
46
-216
-527
-849
-1036
-1057
-1160
-1132
-954
-743
-510
-228
101
359
594
780
910
918
786
646
467
213
-92
-303
-555
-1021
-1447
-1780
-2126
-2625
-2900
-3042
-3293
-3478
-3363
-3098
-2991
-2672
-2080
-1576
-1182
-519
273
790
1228
1914
2499
2758
3052
3447
3533
3392
3389
3368
3037
2657
2486
2180
1670
1289
1029
599
86
-190
-397
-802
-1093
-1126
-1155
-1218
-1126
-890
-667
-491
-198
146
361
550
729
881
803
635
509
298
-34
-297
-482
-872
-1401
-1752
-2064
-2566
-3006
-3127
-3351
-3633
-3615
-3377
-3219
-3031
-2485
-1897
-1444
-905
-118
529
956
1582
2252
2627
2912
3335
3555
3443
3430
3479
3262
2862
2634
2393
1901
1474
1227
859
336
16
-206
-566
-919
-1091
-1120
-1192
-1179
-950
-719
-500
-204
200
476
667
913
1112
1135
959
848
660
380
54
-170
-441
-972
-1432
-1792
-2213
-2751
-3056
-3185
-3465
-3680
-3606
-3353
-3257
-2978
-2387
-1841
-1385
-759
74
631
1110
1773
2380
2738
3061
3488
3587
3511
3528
3496
3220
2874
2627
2285
1853
1399
1052
640
170
-166
-423
-753
-1084
-1194
-1194
-1239
-1200
-979
-712
-488
-221
156
466
655
863
1077
1048
867
781
613
322
17
-149
-542
-1101
-1498
-1860
-2367
-2898
-3077
-3334
-3656
-3759
-3550
-3402
-3252
-2741
-2192
-1736
-1243
-430
267
698
1325
2055
2542
2799
3220
3553
3485
3440
3548
3351
2950
2681
2454
2009
1532
1213
868
364
-30
-306
-590
-966
-1197
-1171
-1252
-1253
-1070
-785
-587
-317
107
415
652
915
1163
1249
1125
971
890
662
282
12
-240
-752
-1274
-1611
-2009
-2603
-2995
-3140
-3486
-3761
-3705
-3470
-3408
-3168
-2600
-2083
-1678
-1050
-258
309
840
1536
2184
2542
2861
3311
3480
3410
3461
3483
3201
2829
2634
2308
1861
1472
1148
727
255
-96
-369
-660
-989
-1116
-1146
-1178
-1138
-960
-686
-488
-214
163
480
716
926
1174
1266
1099
997
880
594
220
-8
-319
-950
-1434
-1743
-2222
-2821
-3069
-3182
-3533
-3713
-3489
-3245
-3240
-2866
-2193
-1725
-1363
-633
206
652
1142
1936
2492
2743
3165
3622
3631
3500
3635
3598
3178
2801
2646
2247
1650
1264
999
487
-37
-306
-562
-985
-1319
-1304
-1354
-1459
-1325
-1012
-785
-611
-228
165
407
606
921
1130
1059
897
825
693
303
30
-148
-597
-1201
-1579
-1926
-2507
-3002
-3169
-3387
-3723
-3771
-3511
-3352
-3171
-2692
-2099
-1649
-1137
-321
327
812
1394
2106
2561
2810
3216
3528
3516
3445
3487
3346
3009
2689
2433
2004
1508
1081
719
268
-186
-479
-751
-1115
-1328
-1298
-1313
-1325
-1155
-795
-534
-298
143
548
794
973
1254
1356
1171
1065
1005
758
356
118
-190
-729
-1278
-1621
-2045
-2657
-2992
-3179
-3500
-3749
-3564
-3324
-3253
-2951
-2357
-1851
-1449
-747
74
628
1104
1829
2446
2777
3116
3541
3653
3569
3606
3601
3254
2892
2657
2335
1814
1315
981
509
-39
-469
-722
-1099
-1439
-1496
-1466
-1509
-1459
-1145
-847
-655
-358
99
415
610
848
1130
1112
953
923
806
445
125
-18
-470
-1083
-1433
-1743
-2381
-2970
-3114
-3328
-3742
-3759
-3435
-3312
-3235
-2710
-2052
-1642
-1131
-257
466
834
1435
2247
2691
2856
3316
3700
3646
3582
3673
3540
3097
2802
2596
2157
1577
1210
850
286
-202
-468
-748
-1173
-1418
-1320
-1297
-1352
-1122
-747
-523
-344
72
438
624
819
1120
1209
1007
933
913
654
225
33
-212
-823
-1345
-1668
-2112
-2741
-3083
-3242
-3606
-3867
-3671
-3440
-3434
-3133
-2484
-1963
-1572
-830
-11
494
972
1730
2324
2584
2935
3345
3423
3333
3409
3418
3076
2717
2541
2191
1617
1154
838
403
-114
-440
-689
-1049
-1345
-1362
-1340
-1339
-1226
-881
-563
-376
-28
398
756
948
1176
1379
1340
1199
1095
922
589
271
82
-385
-960
-1345
-1698
-2299
-2802
-2968
-3177
-3500
-3599
-3337
-3218
-3042
-2529
-1919
-1483
-959
-115
530
975
1581
2277
2683
2925
3352
3619
3531
3477
3552
3352
2937
2663
2373
1905
1347
955
569
-27
-473
-735
-1009
-1400
-1566
-1483
-1465
-1441
-1230
-861
-614
-359
8
443
688
870
1159
1210
1019
889
850
568
182
-44
-369
-959
-1475
-1781
-2238
-2827
-3123
-3282
-3587
-3776
-3570
-3363
-3294
-2912
-2256
-1739
-1335
-544
258
761
1256
1987
2550
2805
3168
3543
3564
3460
3552
3457
3083
2706
2506
2124
1549
1086
762
276
-271
-554
-836
-1187
-1471
-1420
-1394
-1454
-1288
-927
-607
-387
24
495
776
965
1238
1408
1262
1109
1018
864
457
170
-53
-578
-1095
-1496
-1882
-2510
-2904
-3062
-3333
-3601
-3560
-3292
-3164
-2883
-2359
-1806
-1375
-750
75
664
1167
1838
2447
2762
3047
3478
3658
3567
3539
3500
3199
2808
2542
2209
1687
1141
764
267
-246
-676
-938
-1256
-1635
-1722
-1692
-1670
-1593
-1350
-1016
-745
-423
-10
370
653
878
1133
1160
1007
931
829
522
159
-64
-441
-1036
-1439
-1759
-2206
-2771
-3009
-3201
-3475
-3567
-3374
-3242
-3128
-2618
-1983
-1495
-1049
-223
535
1037
1607
2294
2799
3086
3468
3805
3798
3783
3811
3640
3215
2894
2627
2184
1623
1178
834
305
-158
-511
-795
-1181
-1441
-1475
-1475
-1471
-1343
-1027
-795
-552
-223
223
533
746
989
1118
1072
937
844
658
310
-35
-322
-847
-1397
-1788
-2161
-2718
-3139
-3253
-3541
-3776
-3731
-3492
-3370
-3100
-2550
-1993
-1567
-972
-124
447
937
1617
2261
2653
2955
3411
3633
3565
3539
3560
3293
2874
2623
2317
1800
1275
927
503
-6
-411
-709
-1003
-1337
-1446
-1396
-1360
-1281
-1088
-722
-490
-218
179
580
835
1052
1310
1342
1216
1073
974
720
347
109
-218
-768
-1279
-1646
-2105
-2659
-2966
-3189
-3442
-3598
-3416
-3217
-3069
-2642
-2057
-1504
-1028
-353
382
911
1438
2086
2630
2930
3293
3603
3644
3597
3562
3454
3124
2777
2474
2059
1546
1085
689
184
-320
-686
-991
-1325
-1569
-1575
-1570
-1545
-1389
-1080
-797
-534
-149
268
595
805
1033
1199
1098
944
820
641
311
28
-244
-782
-1332
-1721
-2129
-2743
-3105
-3283
-3567
-3787
-3712
-3453
-3367
-3099
-2493
-1906
-1471
-831
25
636
1149
1830
2475
2811
3087
3492
3664
3575
3571
3584
3295
2879
2544
2217
1741
1208
836
426
-75
-507
-751
-1063
-1424
-1513
-1478
-1490
-1459
-1210
-855
-580
-304
111
530
790
1025
1322
1363
1175
1109
1032
722
363
192
-174
-793
-1255
-1604
-2101
-2650
-2879
-3035
-3312
-3439
-3193
-3020
-2882
-2472
-1859
-1380
-928
-160
567
1062
1583
2292
2767
3003
3334
3640
3603
3488
3480
3320
2880
2504
2234
1768
1137
680
297
-245
-733
-1023
-1278
-1632
-1840
-1772
-1719
-1710
-1528
-1189
-919
-693
-261
195
501
769
1096
1298
1174
1061
1044
842
428
143
-115
-680
-1254
-1602
-2024
-2618
-2952
-3086
-3379
-3630
-3516
-3264
-3127
-2831
-2250
-1671
-1243
-631
158
733
1232
1940
2588
2914
3218
3598
3750
3694
3689
3691
3396
3003
2669
2303
1781
1249
876
418
-111
-535
-821
-1156
-1465
-1574
-1537
-1526
-1446
-1172
-814
-544
-269
119
481
729
970
1251
1281
1155
1065
967
658
295
50
-466
-1050
-1538
-1959
-2500
-3008
-3243
-3481
-3760
-3825
-3592
-3462
-3247
-2737
-2119
-1647
-1102
-279
386
843
1454
2164
2603
2905
3347
3575
3576
3579
3643
3388
3010
2768
2470
2047
1491
1068
613
105
-340
-681
-995
-1310
-1468
-1506
-1535
-1436
-1227
-914
-588
-318
56
446
772
1033
1252
1386
1331
1218
1104
921
594
289
-88
-590
-1091
-1557
-2062
-2612
-2947
-3215
-3455
-3609
-3493
-3297
-3122
-2769
-2217
-1696
-1229
-539
199
748
1273
1935
2432
2711
3033
3347
3450
3439
3443
3360
3053
2700
2381
1998
1501
1010
599
161
-335
-726
-1012
-1338
-1611
-1631
-1610
-1579
-1446
-1155
-819
-603
-268
196
534
783
1038
1220
1208
1136
1036
859
566
257
-29
-489
-1000
-1412
-1778
-2331
-2712
-2965
-3255
-3480
-3483
-3276
-3180
-2930
-2453
-1856
-1400
-811
-36
547
1058
1703
2290
2595
2935
3276
3414
3381
3348
3341
3089
2740
2449
2130
1680
1244
884
409
-96
-520
-840
-1141
-1468
-1574
-1562
-1566
-1487
-1278
-992
-734
-383
28
379
674
925
1174
1205
1109
1001
891
669
372
135
-321
-843
-1295
-1637
-2100
-2582
-2858
-3088
-3305
-3341
-3148
-2993
-2755
-2249
-1665
-1242
-708
46
691
1194
1733
2301
2724
3021
3346
3560
3590
3564
3560
3402
3056
2708
2370
1953
1431
975
485
-3
-417
-769
-1099
-1419
-1642
-1697
-1644
-1583
-1434
-1199
-905
-617
-293
85
390
676
872
976
950
783
670
524
219
-105
-412
-870
-1327
-1765
-2183
-2654
-2971
-3160
-3412
-3524
-3424
-3214
-3011
-2628
-2081
-1553
-1047
-387
319
904
1479
2089
2646
3000
3295
3541
3642
3590
3505
3427
3118
2756
2493
2123
1658
1231
800
364
-45
-438
-773
-1141
-1396
-1506
-1543
-1530
-1410
-1184
-970
-601
-290
84
417
729
942
1068
1127
982
856
675
404
81
-211
-650
-1137
-1597
-1971
-2413
-2856
-3083
-3329
-3544
-3602
-3398
-3235
-3030
-2538
-2007
-1514
-965
-162
489
970
1537
2157
2593
2852
3233
3453
3455
3421
3408
3221
2871
2596
2288
1883
1402
1014
600
116
-263
-541
-800
-1127
-1269
-1316
-1287
-1250
-1065
-851
-545
-209
57
440
757
1028
1222
1309
1244
1074
885
717
451
163
-210
-670
-1144
-1591
-2045
-2548
-2909
-3169
-3375
-3488
-3400
-3269
-3045
-2664
-2152
-1612
-1069
-398
268
808
1389
2018
2450
2766
3088
3278
3279
3253
3271
3156
2873
2571
2308
1928
1494
1121
723
243
-146
-441
-839
-1181
-1409
-1483
-1531
-1404
-1254
-1028
-768
-469
-123
198
546
849
1054
1072
1110
988
805
650
436
164
-154
-574
-1067
-1524
-1985
-2430
-2779
-3045
-3343
-3505
-3494
-3376
-3211
-2866
-2407
-1845
-1344
-740
-25
531
1067
1666
2204
2542
2834
3095
3271
3292
3279
3262
3007
2677
2403
2102
1667
1223
824
365
-28
-393
-701
-978
-1219
-1339
-1405
-1361
-1275
-1088
-847
-553
-209
149
498
817
1057
1176
1204
1116
945
750
531
251
-8
-395
-830
-1267
-1688
-2117
-2520
-2822
-3086
-3282
-3362
-3266
-3141
-2875
-2472
-1988
-1477
-876
-229
406
970
1564
2191
2610
2959
3274
3461
3470
3453
3433
3226
2958
2671
2316
1904
1521
1116
663
167
-231
-563
-915
-1205
-1405
-1498
-1488
-1397
-1254
-1022
-739
-456
-191
136
473
710
905
1019
1011
957
739
516
278
22
-334
-788
-1196
-1630
-2030
-2532
-2860
-3129
-3408
-3520
-3410
-3277
-3134
-2697
-2176
-1684
-1186
-487
210
752
1282
1925
2416
2687
3016
3283
3338
3305
3362
3325
3070
2736
2464
2126
1641
1193
771
293
-151
-506
-815
-1077
-1289
-1327
-1335
-1289
-1157
-942
-724
-472
-213
72
403
679
875
1009
1021
947
808
637
431
137
-145
-566
-980
-1417
-1867
-2368
-2805
-3061
-3358
-3553
-3542
-3371
-3229
-2939
-2410
-1861
-1416
-825
-97
482
980
1597
2235
2591
2883
3275
3466
3404
3354
3394
3194
2842
2592
2323
1882
1393
1009
572
70
-350
-616
-897
-1206
-1338
-1360
-1358
-1282
-1089
-831
-584
-257
65
370
630
890
1094
1197
1166
1092
936
719
390
107
-266
-688
-1129
-1560
-1983
-2522
-2819
-3102
-3350
-3490
-3413
-3275
-3113
-2730
-2226
-1725
-1220
-559
132
762
1290
1825
2311
2671
2986
3212
3310
3294
3298
3230
2957
2649
2342
2014
1568
1149
756
310
-109
-482
-772
-1057
-1283
-1386
-1392
-1335
-1214
-986
-683
-374
-119
199
513
772
965
1082
1093
993
873
757
542
309
21
-379
-869
-1361
-1792
-2273
-2696
-2989
-3272
-3439
-3458
-3318
-3154
-2858
-2364
-1841
-1340
-751
-59
504
986
1525
2088
2437
2685
3004
3184
3196
3208
3200
3003
2701
2471
2147
1653
1180
799
331
-149
-509
-802
-1081
-1351
-1412
-1427
-1389
-1251
-1049
-809
-589
-246
29
321
603
857
1057
1106
1071
984
830
630
409
160
-270
-694
-1139
-1615
-2069
-2502
-2792
-3086
-3273
-3336
-3217
-3046
-2812
-2413
-1921
-1427
-886
-244
336
865
1427
1959
2391
2703
3010
3260
3320
3321
3312
3221
2944
2640
2340
1947
1491
1010
601
162
-256
-604
-858
-1159
-1392
-1447
-1407
-1304
-1179
-951
-680
-427
-190
163
517
739
900
1030
1016
929
796
645
404
130
-220
-660
-1137
-1601
-2005
-2467
-2762
-3066
-3279
-3350
-3283
-3170
-3003
-2550
-2066
-1622
-1134
-453
215
700
1267
1841
2269
2545
2933
3228
3286
3299
3323
3255
2983
2715
2463
2075
1586
1195
804
274
-182
-501
-820
-1155
-1337
-1372
-1441
-1434
-1259
-995
-796
-494
-117
203
451
712
957
1069
1058
993
871
703
521
339
2
-489
-910
-1318
-1781
-2221
-2538
-2848
-3173
-3292
-3276
-3180
-2990
-2623
-2151
-1719
-1222
-617
3
511
1077
1674
2092
2394
2696
2969
3050
3072
3099
3038
2843
2602
2316
1958
1585
1163
753
253
-193
-548
-855
-1141
-1404
-1498
-1528
-1476
-1350
-1146
-881
-585
-286
1
305
591
839
1003
1042
993
891
775
605
394
126
-298
-757
-1184
-1614
-2085
-2507
-2789
-3088
-3280
-3289
-3174
-3016
-2754
-2275
-1783
-1326
-761
-105
452
966
1560
2074
2446
2711
3089
3262
3285
3362
3405
3263
2962
2705
2396
2010
1558
1122
675
181
-268
-601
-917
-1213
-1343
-1386
-1389
-1307
-1097
-865
-667
-424
-153
140
405
634
792
936
931
851
763
631
428
197
-183
-626
-1039
-1496
-1986
-2436
-2691
-3018
-3252
-3341
-3238
-3110
-2916
-2455
-1974
-1553
-1071
-366
209
659
1186
1802
2220
2473
2844
3087
3091
3115
3220
3104
2796
2616
2399
1958
1483
1093
723
192
-245
-535
-833
-1157
-1348
-1378
-1415
-1361
-1191
-946
-766
-484
-189
121
382
615
911
984
945
896
830
645
420
236
-87
-524
-941
-1362
-1846
-2329
-2667
-2935
-3213
-3369
-3300
-3165
-3014
-2668
-2193
-1744
-1270
-642
9
552
1082
1630
2081
2398
2681
2991
3135
3145
3182
3191
3012
2763
2550
2261
1869
1447
1064
610
139
-258
-582
-880
-1173
-1288
-1295
-1268
-1150
-952
-700
-473
-209
70
358
596
785
955
974
943
803
680
534
296
26
-406
-851
-1253
-1653
-2122
-2501
-2793
-3085
-3268
-3287
-3208
-3081
-2787
-2368
-1900
-1468
-870
-244
289
810
1378
1876
2222
2553
2848
3039
3100
3201
3207
3034
2792
2592
2314
1925
1502
1101
654
173
-227
-527
-855
-1125
-1242
-1307
-1312
-1247
-1072
-850
-676
-436
-150
131
378
597
826
927
915
842
763
626
419
208
-119
-598
-1010
-1393
-1850
-2323
-2635
-2829
-3047
-3164
-3051
-2857
-2676
-2288
-1801
-1350
-898
-324
283
716
1206
1732
2137
2377
2692
2979
3027
3015
3106
3107
2847
2575
2342
1989
1500
1046
614
97
-373
-723
-993
-1293
-1530
-1538
-1509
-1467
-1353
-1116
-860
-670
-419
-146
113
318
553
721
768
750
714
596
416
268
2
-456
-889
-1304
-1731
-2190
-2489
-2728
-2986
-3075
-3020
-2890
-2746
-2391
-1891
-1461
-1061
-470
168
665
1152
1685
2132
2428
2754
3081
3212
3235
3280
3258
3079
2839
2622
2344
1916
1441
1073
597
102
-289
-589
-875
-1156
-1241
-1278
-1295
-1221
-1029
-830
-654
-392
-110
162
354
588
784
824
787
741
679
495
305
80
-300
-745
-1138
-1561
-2039
-2426
-2700
-2975
-3153
-3172
-3050
-2923
-2646
-2214
-1748
-1363
-853
-228
242
708
1264
1783
2079
2358
2711
2937
2987
3028
3095
2981
2759
2549
2323
1916
1456
1077
651
137
-251
-521
-830
-1134
-1258
-1259
-1288
-1242
-1064
-839
-712
-482
-204
17
205
461
668
721
708
674
650
499
320
152
-204
-674
-1069
-1406
-1879
-2283
-2528
-2784
-3005
-3057
-2915
-2786
-2582
-2162
-1669
-1293
-878
-298
237
640
1113
1649
2000
2264
2591
2844
2935
2996
3070
3003
2761
2502
2318
1966
1511
1124
751
286
-142
-431
-704
-992
-1161
-1154
-1208
-1162
-989
-794
-664
-496
-218
28
211
403
652
774
770
715
693
581
415
293
6
-437
-815
-1160
-1611
-2091
-2364
-2634
-2901
-3010
-2929
-2820
-2693
-2374
-1926
-1503
-1127
-557
19
449
886
1415
1857
2116
2396
2702
2864
2915
2995
3005
2844
2653
2443
2138
1698
1285
916
488
-7
-355
-619
-919
-1175
-1218
-1207
-1228
-1133
-968
-793
-659
-442
-186
27
200
447
660
688
646
658
590
419
263
62
-292
-704
-1071
-1409
-1883
-2252
-2450
-2721
-2909
-2881
-2708
-2583
-2335
-1880
-1386
-1045
-552
45
481
889
1343
1783
2056
2318
2662
2878
2941
3032
3104
2979
2725
2506
2246
1792
1299
901
435
-71
-455
-743
-1067
-1272
-1393
-1430
-1447
-1380
-1240
-1060
-852
-688
-434
-217
27
288
522
658
692
675
649
555
450
284
-97
-515
-939
-1343
-1773
-2146
-2417
-2659
-2788
-2794
-2674
-2534
-2266
-1900
-1457
-1073
-662
-141
322
790
1236
1713
2037
2338
2660
2884
3022
3095
3146
3045
2873
2661
2359
2005
1574
1180
736
274
-158
-486
-767
-1025
-1163
-1218
-1236
-1221
-1136
-996
-858
-680
-438
-223
-22
202
411
584
656
651
619
518
396
255
-1
-428
-838
-1231
-1656
-2080
-2371
-2648
-2878
-2980
-2909
-2781
-2631
-2308
-1906
-1478
-1057
-555
-61
394
874
1359
1747
2048
2367
2664
2826
2907
3016
3065
2913
2728
2510
2186
1759
1345
915
408
-30
-330
-617
-912
-1065
-1113
-1140
-1179
-1086
-939
-825
-649
-460
-301
-159
69
285
434
562
634
646
597
495
381
187
-202
-650
-1022
-1451
-1900
-2243
-2507
-2758
-2901
-2836
-2716
-2626
-2372
-1941
-1501
-1170
-737
-186
229
579
1035
1473
1741
2067
2437
2687
2804
2956
3078
3009
2817
2618
2328
1903
1452
1051
649
211
-148
-431
-678
-882
-949
-963
-977
-951
-879
-756
-663
-537
-328
-136
35
273
517
652
703
717
744
672
538
366
20
-413
-840
-1258
-1739
-2119
-2376
-2607
-2781
-2781
-2656
-2485
-2250
-1911
-1493
-1175
-801
-358
63
444
847
1248
1602
1903
2267
2524
2730
2875
2948
2932
2748
2526
2230
1878
1470
1066
635
204
-159
-444
-694
-901
-998
-1035
-1056
-1057
-977
-884
-795
-701
-538
-356
-156
62
276
436
518
579
593
559
474
339
44
-387
-805
-1210
-1670
-2014
-2263
-2538
-2705
-2656
-2530
-2389
-2142
-1774
-1401
-1089
-712
-248
168
483
871
1269
1601
1893
2244
2539
2712
2853
2964
2946
2746
2533
2256
1884
1474
1089
706
276
-112
-422
-680
-904
-1026
-1082
-1129
-1140
-1071
-964
-893
-795
-635
-427
-261
-78
160
370
462
524
552
512
442
273
-7
-409
-791
-1155
-1598
-1960
-2190
-2452
-2608
-2607
-2464
-2325
-2109
-1770
-1398
-1103
-756
-305
88
411
771
1223
1573
1879
2250
2571
2710
2839
2947
2903
2718
2553
2324
1970
1543
1160
800
400
52
-206
-422
-669
-822
-869
-896
-928
-914
-842
-814
-730
-585
-431
-275
-112
145
356
469
541
590
569
478
345
93
-304
-724
-1097
-1539
-1943
-2209
-2401
-2562
-2604
-2469
-2328
-2197
-1911
-1501
-1170
-870
-467
-41
272
613
1038
1436
1723
2079
2461
2652
2771
2905
2959
2780
2570
2383
2079
1633
1251
895
459
36
-249
-485
-706
-872
-909
-930
-1001
-1016
-951
-918
-896
-772
-653
-489
-355
-166
71
268
378
445
473
393
281
154
-155
-556
-940
-1294
-1669
-1945
-2133
-2335
-2386
-2309
-2176
-2038
-1817
-1510
-1174
-906
-581
-204
102
426
804
1158
1476
1844
2178
2427
2613
2746
2765
2658
2507
2299
2006
1667
1330
958
550
194
-95
-321
-546
-706
-790
-873
-912
-879
-823
-780
-738
-601
-437
-341
-130
43
246
446
566
599
583
574
488
331
13
-343
-716
-1079
-1456
-1790
-2012
-2239
-2332
-2303
-2174
-2050
-1847
-1532
-1280
-1025
-772
-421
-100
211
593
985
1305
1642
1985
2244
2394
2472
2581
2587
2440
2236
1999
1690
1341
1014
675
313
9
-182
-388
-595
-701
-736
-802
-863
-851
-838
-828
-763
-635
-515
-383
-191
26
247
379
494
557
513
454
344
105
-299
-629
-948
-1314
-1647
-1831
-2009
-2174
-2134
-1998
-1872
-1762
-1480
-1178
-950
-750
-435
-106
141
466
864
1209
1491
1839
2183
2357
2459
2600
2591
2379
2170
1923
1611
1233
892
620
273
-47
-272
-426
-639
-802
-879
-918
-1036
-1056
-1025
-1020
-965
-831
-650
-553
-379
-144
110
294
425
509
502
451
359
208
-157
-472
-790
-1103
-1426
-1656
-1793
-1985
-2014
-1957
-1769
-1661
-1464
-1204
-938
-751
-497
-165
117
414
777
1179
1472
1798
2117
2377
2498
2578
2635
2593
2397
2176
1942
1606
1243
941
629
293
20
-164
-324
-506
-626
-687
-759
-850
-904
-887
-908
-871
-722
-569
-429
-241
23
230
345
491
602
573
478
424
242
-137
-496
-844
-1203
-1525
-1734
-1875
-2026
-2074
-1982
-1854
-1796
-1588
-1319
-1083
-919
-649
-314
-51
233
623
1017
1294
1604
1940
2189
2273
2393
2442
2308
2083
1900
1684
1355
1014
754
453
111
-129
-309
-495
-698
-777
-817
-921
-978
-944
-900
-918
-829
-669
-565
-415
-176
97
257
374
491
541
494
426
332
90
-261
-541
-838
-1178
-1467
-1602
-1738
-1887
-1873
-1757
-1655
-1598
-1398
-1171
-983
-779
-486
-184
62
396
822
1157
1424
1761
2095
2231
2334
2441
2428
2262
2048
1895
1602
1270
972
726
410
115
-80
-237
-447
-644
-723
-797
-885
-940
-901
-906
-900
-786
-623
-483
-322
-87
151
325
468
618
647
578
492
376
138
-214
-479
-738
-1058
-1332
-1486
-1615
-1791
-1816
-1692
-1642
-1597
-1385
-1156
-992
-803
-501
-191
61
365
758
1113
1389
1703
1998
2130
2175
2242
2234
2099
1900
1689
1420
1139
856
606
329
57
-124
-293
-473
-630
-722
-806
-887
-939
-884
-835
-775
-649
-496
-378
-239
-18
177
332
449
543
582
568
477
371
200
-83
-409
-683
-974
-1276
-1481
-1601
-1751
-1872
-1849
-1728
-1657
-1569
-1373
-1112
-922
-689
-346
9
323
650
1037
1329
1564
1814
2035
2105
2098
2100
2036
1866
1663
1480
1207
868
603
391
120
-166
-303
-452
-644
-768
-825
-871
-937
-904
-821
-740
-646
-490
-312
-166
-2
188
352
450
543
613
627
556
435
329
129
-157
-435
-672
-953
-1216
-1377
-1511
-1670
-1715
-1636
-1539
-1457
-1283
-1027
-780
-533
-241
92
362
641
1018
1332
1531
1731
1936
2050
2065
2035
1994
1876
1659
1429
1177
889
580
334
54
-252
-468
-659
-818
-943
-988
-991
-981
-973
-871
-749
-663
-528
-357
-169
-19
118
273
381
446
508
552
517
420
333
221
22
-218
-452
-701
-951
-1189
-1372
-1498
-1606
-1685
-1670
-1578
-1461
-1256
-996
-731
-449
-124
193
495
746
1013
1257
1420
1529
1623
1724
1727
1674
1621
1484
1311
1107
872
601
332
93
-164
-422
-649
-787
-913
-1001
-1002
-960
-894
-779
-643
-478
-326
-155
34
174
295
413
559
631
665
718
708
611
479
369
210
5
-271
-513
-758
-1030
-1234
-1352
-1462
-1549
-1520
-1426
-1334
-1150
-869
-585
-322
-39
279
542
783
1020
1252
1393
1521
1657
1733
1679
1665
1608
1438
1250
1059
841
548
277
33
-215
-484
-691
-833
-898
-955
-949
-859
-804
-740
-621
-468
-322
-209
-33
96
182
257
354
416
430
462
472
434
377
308
185
19
-191
-361
-573
-830
-1058
-1243
-1380
-1474
-1494
-1447
-1331
-1138
-889
-642
-387
-120
129
347
551
773
939
1053
1133
1226
1281
1292
1296
1264
1167
1029
883
701
481
228
-2
-236
-452
-593
-724
-840
-870
-841
-772
-686
-573
-420
-253
-108
40
175
272
332
393
468
497
504
517
536
515
502
434
312
164
-27
-234
-460
-684
-903
-1078
-1209
-1267
-1269
-1234
-1134
-944
-713
-481
-244
11
233
426
631
796
898
1021
1124
1214
1249
1279
1282
1226
1106
964
834
615
374
148
-85
-316
-496
-600
-702
-762
-776
-748
-705
-625
-504
-381
-241
-166
-61
18
70
149
215
239
264
282
287
310
284
250
153
35
-98
-238
-426
-614
-761
-953
-1079
-1171
-1219
-1216
-1137
-1025
-867
-672
-431
-220
-11
216
438
615
743
845
946
1017
1049
1080
1075
1073
1040
969
844
699
549
368
162
-22
-193
-341
-465
-537
-554
-558
-509
-400
-306
-210
-64
53
153
227
297
342
400
430
432
429
400
378
357
312
238
150
43
-91
-245
-414
-603
-744
-887
-1029
-1126
-1181
-1193
-1143
-1016
-856
-701
-512
-315
-130
48
239
399
517
644
743
801
840
877
893
848
783
718
614
484
338
173
7
-176
-316
-417
-524
-573
-539
-478
-422
-329
-205
-94
26
158
261
337
404
471
484
472
459
468
454
452
420
359
274
172
58
-92
-241
-385
-517
-630
-742
-830
-853
-868
-844
-776
-676
-569
-425
-262
-121
38
195
340
459
591
699
769
838
849
836
801
729
618
509
352
194
56
-76
-229
-373
-455
-528
-594
-604
-588
-555
-499
-423
-333
-216
-91
30
130
206
320
403
450
464
479
475
431
362
285
184
55
-63
-211
-321
-432
-506
-585
-681
-733
-760
-746
-769
-733
-678
-601
-511
-400
-252
-129
5
152
320
451
556
646
707
737
757
754
704
642
546
439
301
173
74
-41
-171
-269
-324
-380
-426
-430
-386
-343
-283
-185
-82
17
125
227
342
442
507
559
571
549
484
385
298
177
20
-110
-253
-346
-454
-532
-565
-615
-622
-612
-599
-619
-629
-610
-559
-504
-442
-348
-225
-73
77
232
380
507
638
723
768
792
779
745
696
616
550
459
386
291
196
88
-25
-97
-165
-232
-292
-301
-322
-305
-261
-210
-139
-74
13
83
163
239
306
367
387
377
327
243
138
47
-94
-226
-345
-445
-526
-598
-648
-683
-708
-725
-689
-667
-649
-589
-536
-490
-430
-342
-232
-91
21
159
287
395
513
571
641
669
680
667
648
603
521
448
376
297
191
87
-7
-70
-138
-191
-215
-248
-270
-256
-212
-165
-101
-6
104
203
292
362
417
473
487
477
436
376
289
172
72
-34
-155
-253
-384
-471
-516
-566
-611
-625
-617
-581
-551
-533
-478
-415
-336
-281
-192
-91
10
123
217
291
379
457
495
519
523
523
491
424
347
287
190
108
18
-84
-152
-212
-266
-336
-367
-387
-392
-383
-349
-286
-185
-81
-1
92
169
268
355
423
447
429
403
359
281
202
121
36
-68
-171
-269
-360
-449
-525
-578
-588
-583
-559
-497
-433
-369
-312
-221
-110
14
129
228
316
397
479
563
616
621
646
649
603
578
538
469
372
271
194
99
-9
-119
-213
-294
-356
-409
-454
-480
-458
-433
-385
-322
-234
-142
-39
50
119
194
252
294
290
276
264
215
171
96
-13
-87
-171
-247
-337
-384
-428
-485
-523
-520
-519
-501
-442
-408
-349
-252
-149
-35
113
227
321
424
509
588
645
674
680
683
679
655
593
531
445
346
253
123
30
-77
-182
-271
-363
-424
-486
-516
-514
-505
-464
-390
-322
-246
-172
-88
19
74
118
148
176
199
184
157
115
62
-3
-77
-146
-201
-248
-298
-357
-398
-411
-446
-462
-456
-424
-348
-282
-225
-127
-10
118
227
323
452
528
591
611
640
668
667
658
633
599
535
478
392
305
210
114
17
-79
-170
-263
-328
-391
-445
-498
-486
-475
-437
-378
-296
-221
-165
-81
-11
48
97
133
139
126
119
94
57
25
0
-38
-93
-146
-198
-266
-306
-343
-374
-391
-419
-395
-350
-304
-228
-142
-54
51
152
248
323
405
467
509
543
540
548
546
514
480
450
388
322
255
176
92
2
-79
-174
-268
-326
-372
-423
-461
-458
-433
-402
-354
-276
-231
-180
-103
-47
9
60
119
159
166
191
189
140
122
82
40
-13
-56
-99
-153
-186
-211
-230
-250
-262
-251
-241
-210
-166
-112
-49
28
102
195
273
327
389
424
474
479
486
493
496
468
419
346
269
193
114
54
-43
-120
-185
-260
-330
-360
-407
-434
-439
-454
-444
-431
-391
-356
-299
-240
-189
-134
-80
-55
-3
41
42
39
23
15
-7
-11
-34
-60
-81
-90
-85
-102
-101
-107
-95
-100
-87
-47
-13
59
106
155
225
276
334
384
439
473
497
522
555
561
565
567
562
536
460
400
326
248
151
46
-57
-145
-210
-277
-342
-400
-419
-425
-432
-443
-448
-435
-419
-400
-366
-313
-267
-236
-184
-137
-121
-98
-93
-97
-89
-100
-105
-134
-145
-149
-172
-179
-181
-178
-172
-181
-157
-117
-86
-42
15
77
157
216
270
310
340
398
447
480
516
526
546
565
529
490
437
361
292
218
145
64
-10
-48
-126
-190
-229
-258
-314
-346
-350
-370
-377
-363
-342
-329
-310
-303
-276
-275
-262
-240
-228
-198
-173
-150
-123
-103
-104
-103
-102
-122
-140
-143
-134
-130
-137
-124
-118
-78
-31
3
56
108
158
199
264
302
337
387
419
452
497
530
550
566
554
517
491
447
388
338
260
176
97
18
-53
-114
-169
-194
-222
-231
-222
-243
-249
-244
-253
-251
-253
-270
-271
-261
-250
-244
-248
-222
-197
-174
-180
-164
-149
-149
-129
-133
-147
-146
-148
-145
-170
-163
-153
-143
-117
-105
-77
-36
10
54
128
176
216
260
285
314
328
334
357
365
375
354
327
313
293
251
185
135
85
16
-27
-53
-97
-137
-165
-152
-167
-158
-145
-134
-123
-128
-104
-101
-112
-139
-138
-146
-152
-152
-146
-150
-152
-130
-125
-108
-110
-99
-98
-107
-125
-112
-102
-97
-77
-62
-13
16
68
102
154
186
192
220
235
264
285
308
315
323
337
349
355
343
328
323
287
231
181
120
52
-12
-70
-101
-148
-180
-213
-238
-226
-212
-186
-195
-189
-185
-189
-201
-220
-223
-240
-254
-247
-234
-227
-234
-212
-184
-169
-161
-150
-134
-94
-91
-97
-78
-71
-58
-31
15
27
76
123
159
203
223
247
254
265
268
276
270
268
255
223
215
201
184
176
159
139
130
122
114
78
29
-10
-54
-87
-117
-135
-159
-161
-171
-164
-147
-145
-138
-129
-110
-110
-105
-120
-122
-132
-150
-150
-152
-149
-157
-136
-148
-159
-151
-143
-156
-152
-126
-130
-108
-85
-56
-43
-21
31
80
123
144
182
219
224
238
241
224
203
206
205
187
175
159
149
123
103
89
88
83
81
39
16
-6
-31
-54
-69
-78
-73
-51
-32
-16
-17
-3
8
6
-2
-15
-38
-52
-69
-107
-139
-119
-130
-133
-123
-115
-123
-124
-111
-110
-106
-105
-106
-102
-87
-61
-40
-28
1
50
83
122
173
224
231
230
211
190
182
158
133
121
110
110
108
107
105
88
88
70
32
22
1
-11
-27
-51
-61
-71
-71
-60
-80
-69
-44
-31
-10
5
-1
-6
-21
-23
-22
-21
-30
-63
-81
-111
-115
-140
-159
-171
-175
-183
-208
-187
-165
-150
-130
-118
-85
-37
8
49
76
106
126
140
140
139
129
136
148
154
138
119
116
88
89
86
74
72
68
58
49
28
22
-8
-14
-12
-29
-43
-40
-50
-47
-47
-48
-29
-24
-16
-13
4
-6
-10
-13
-29
-36
-42
-72
-101
-130
-147
-180
-214
-234
-239
-240
-247
-234
-199
-182
-173
-129
-92
-35
38
71
109
141
177
192
175
183
204
208
216
204
208
201
198
182
158
143
118
103
98
82
56
52
32
30
31
23
26
27
48
61
46
53
40
57
58
79
96
71
50
38
20
-5
-18
-36
-62
-106
-144
-181
-206
-232
-254
-283
-301
-310
-306
-304
-275
-235
-201
-150
-129
-84
-57
-26
1
11
36
40
74
87
78
86
87
108
121
127
111
120
113
109
102
88
89
84
77
61
57
58
61
52
66
79
105
131
138
141
141
143
134
136
127
110
100
94
69
46
1
-38
-73
-109
-124
-159
-206
-230
-239
-265
-289
-295
-273
-249
-219
-169
-130
-94
-61
-26
17
36
47
70
71
88
103
111
111
118
137
128
114
107
104
87
84
54
37
15
0
-10
-35
-29
-35
-34
-27
-17
19
53
63
98
105
117
144
128
124
114
97
81
69
53
19
18
-15
-32
-67
-108
-133
-177
-193
-226
-247
-250
-222
-210
-188
-127
-92
-73
-56
-30
-5
21
39
54
63
65
59
51
63
75
90
95
113
114
105
105
109
106
75
50
45
29
6
-18
-16
0
30
47
59
78
90
110
119
123
129
143
126
105
94
69
63
50
34
27
-10
-28
-49
-83
-114
-146
-201
-234
-256
-278
-283
-279
-268
-239
-206
-167
-134
-92
-48
-39
-33
-19
-15
4
15
18
29
52
60
52
59
64
89
90
89
90
98
86
67
47
51
47
35
12
3
5
0
25
23
28
51
60
51
56
62
78
67
41
41
17
24
10
-5
-13
-45
-52
-72
-84
-96
-119
-148
-170
-184
-176
-170
-166
-132
-101
-76
-52
-34
-1
31
55
53
61
93
122
130
135
137
149
172
169
159
153
150
149
127
110
104
108
95
69
53
57
51
60
58
45
52
39
43
55
57
70
65
73
68
57
59
36
16
-3
-40
-55
-89
-113
-121
-139
-159
-204
-219
-226
-237
-251
-270
-271
-241
-232
-216
-205
-183
-150
-132
-110
-97
-63
-43
-35
-12
4
23
41
30
35
72
80
82
68
56
61
59
77
84
99
110
114
110
108
140
132
130
136
129
149
153
160
156
161
170
186
167
147
141
141
139
115
93
67
47
6
-35
-67
-101
-124
-153
-180
-177
-192
-192
-188
-191
-184
-169
-159
-151
-131
-106
-83
-76
-64
-46
-43
-22
-6
14
37
38
51
43
40
40
31
25
27
24
7
6
11
11
10
7
9
-1
8
5
19
24
18
21
32
46
63
61
66
97
80
75
57
44
39
35
6
-21
-37
-62
-76
-93
-102
-118
-129
-132
-108
-115
-117
-98
-88
-67
-56
-64
-61
-25
-18
-2
21
27
28
47
45
45
56
47
66
64
54
54
61
64
53
57
59
52
53
42
42
39
33
40
39
41
64
77
91
109
114
119
118
98
89
91
70
65
56
43
22
12
-5
-48
-67
-83
-97
-105
-110
-105
-111
-118
-121
-130
-128
-130
-122
-115
-85
-77
-74
-59
-35
-17
-10
17
8
11
15
16
10
-14
-15
-22
-23
-25
-27
-21
-1
7
3
10
15
14
7
7
23
19
31
44
53
77
99
119
127
131
123
114
106
94
86
85
69
39
19
10
-8
-33
-47
-67
-69
-91
-94
-116
-115
-96
-91
-95
-95
-81
-72
-51
-44
-40
-22
-7
-9
12
29
38
44
41
51
60
53
47
34
43
56
70
74
59
74
88
84
71
62
71
55
28
23
22
29
27
18
31
53
47
23
22
23
25
17
-10
-28
-44
-59
-96
-129
-142
-143
-148
-149
-149
-146
-143
-152
-158
-168
-157
-152
-151
-145
-109
-89
-70
-56
-49
-32
-20
8
10
14
38
60
53
50
52
77
86
78
72
83
101
104
97
108
130
128
132
132
114
100
97
90
83
86
82
82
91
102
110
116
88
71
66
51
36
3
-20
-40
-58
-82
-90
-93
-76
-81
-95
-91
-85
-85
-95
-108
-106
-97
-95
-84
-89
-75
-55
-48
-46
-37
-11
15
5
-10
6
8
6
0
-22
-17
-16
-14
-22
-15
-17
-8
6
3
11
3
6
-7
14
17
22
38
28
30
39
41
36
66
69
91
92
83
86
66
43
27
7
-11
-24
-36
-42
-54
-53
-42
-48
-55
-61
-55
-46
-50
-43
-40
-56
-38
-28
-41
-19
5
6
12
11
25
33
25
17
22
48
51
44
55
57
57
59
57
58
69
65
66
61
61
67
52
42
40
50
48
34
35
33
47
50
28
23
31
29
9
-14
-27
-33
-37
-56
-79
-72
-70
-76
-74
-61
-51
-42
-30
-33
-23
-14
-19
-21
-8
-8
7
12
4
9
-1
9
16
22
25
19
10
-12
-12
-6
1
-19
-35
-32
-35
-29
-43
-44
-24
-14
-18
-20
-29
-15
-11
-15
-31
-46
-21
-22
-22
-20
-10
4
11
11
0
-7
-12
-29
-39
-48
-51
-52
-65
-85
-61
-57
-51
-43
-35
-13
-3
1
-11
14
4
-17
-29
-17
-4
12
12
5
17
24
35
28
21
27
45
43
41
45
44
36
18
15
22
39
31
35
58
68
79
86
86
81
94
85
81
89
91
92
81
81
72
84
90
74
61
35
37
6
-25
-34
-55
-69
-69
-74
-75
-81
-90
-95
-114
-108
-103
-102
-107
-98
-85
-81
-77
-78
-76
-67
-77
-77
-71
-65
-69
-60
-59
-42
-49
-43
-51
-62
-43
-44
-38
-36
-26
-14
-12
7
14
35
63
84
75
88
104
117
129
139
150
144
149
140
137
127
131
109
97
95
101
96
83
58
39
63
40
28
27
22
8
-4
-3
-2
-1
-15
-19
-27
-23
-13
-17
-12
-21
-25
-34
-50
-60
-66
-74
-87
-91
-79
-52
-58
-54
-54
-54
-45
-49
-66
-73
-48
-46
-43
-53
-45
-46
-37
-19
-35
-21
-21
-12
-19
-16
-5
-2
11
-1
12
-6
-16
-19
-8
-14
-9
-12
-17
-30
-36
-15
-18
-3
-9
0
7
2
28
25
48
49
34
37
41
42
23
32
20
35
32
30
26
23
21
6
-7
-10
-17
-37
-29
-28
-38
-33
-22
-14
-5
6
4
3
15
22
35
30
34
41
45
46
55
67
59
57
58
54
46
43
31
20
-3
8
10
11
8
-8
-6
-11
-6
-25
-14
-18
-21
-21
-42
-34
-42
-50
-52
-38
-41
-47
-27
-17
-1
-1
-10
-12
-10
3
3
-9
-8
-11
-12
-19
-42
-46
-44
-32
-44
-44
-26
-19
-18
-7
4
1
16
22
19
27
28
32
21
11
20
23
20
9
-9
-19
-17
-21
-31
-35
-40
-40
-34
-35
-26
-7
7
5
1
2
-1
-7
2
3
8
20
22
16
25
26
24
24
21
24
30
46
44
36
32
37
43
31
24
25
17
7
8
4
10
12
2
24
45
57
75
100
115
111
107
98
93
88
82
63
51
45
46
36
7
5
6
-13
-29
-44
-51
-50
-73
-95
-84
-79
-91
-92
-91
-99
-93
-91
-100
-103
-102
-103
-115
-105
-96
-86
-61
-53
-53
-43
-22
-17
-16
-14
-3
-7
-4
-4
-13
-3
-17
-14
-17
11
11
13
26
25
46
66
62
57
72
83
79
75
72
83
73
66
70
68
66
46
39
15
10
5
-15
-21
-16
4
4
-4
-14
-8
-26
-31
-45
-41
-44
-45
-52
-51
-40
-43
-48
-77
-79
-83
-81
-84
-77
-45
-24
-11
-23
-36
-31
-37
-50
-49
-31
-33
-21
-12
-12
-23
-4
20
25
46
46
70
77
72
81
96
116
118
111
118
110
108
97
87
90
74
60
33
36
45
13
-10
-5
-10
-6
-7
-10
-11
-10
-8
-25
-34
-36
-34
-33
-58
-43
-34
-27
-30
-19
-26
-30
-25
-31
-16
-4
9
4
14
3
-17
-38
-31
-49
-47
-23
-44
-35
-30
-19
-20
-30
-19
-17
2
6
23
26
33
49
49
42
35
55
59
43
38
45
47
42
43
27
24
27
14
17
6
-10
-4
-6
-11
4
19
7
5
12
24
16
5
-7
9
15
5
8
-14
1
-10
-15
-24
-17
-13
-30
-28
-37
-47
-36
-38
-45
-31
-30
-27
-21
-29
-26
-40
-47
-53
-43
-48
-42
-51
-63
-59
-63
-54
-69
-42
-34
-40
-30
-31
-30
-47
-40
-48
-46
-29
-36
-56
-51
-52
-54
-44
-67
-65
-33
-25
-20
5
17
14
16
7
25
51
75
87
115
132
131
151
148
137
131
132
117
109
87
91
97
62
65
57
49
64
56
48
52
57
51
66
62
70
65
59
37
30
28
-18
-28
-26
-27
-44
-46
-59
-61
-71
-70
-49
-54
-48
-45
-60
-66
-64
-81
-78
-80
-98
-90
-76
-60
-58
-60
-59
-56
-61
-47
-38
-31
-18
-14
-6
-8
13
34
18
22
10
1
1
10
10
7
18
-6
9
16
36
35
48
78
87
86
93
89
65
69
69
71
49
63
65
34
25
1
-4
-24
-24
-3
4
-5
-18
-12
-23
27
-132
-171
43
62
-136
-174
35
101
-173
-268
242
104
-338
-102
279
-6
-329
44
232
-186
-204
149
20
-85
8
7
-4
23
-27
-67
-7
5
-82
-74
53
-42
-70
26
-2
-38
7
24
1
35
48
6
4
41
24
-13
5
-6
-17
-20
-38
-32
-53
-50
-29
-27
-20
-29
-31
-15
-18
-41
-12
-8
-1
16
12
4
19
42
44
62
72
74
55
78
90
81
97
93
83
95
98
102
87
77
60
49
37
33
12
4
13
-7
-12
-2
16
35
28
25
34
27
36
41
42
57
48
34
19
21
21
10
-4
-19
-19
-34
-46
-51
-39
-41
-29
-40
-52
-40
-45
-26
-34
-38
-34
-11
-20
-19
5
16
19
22
37
15
11
-8
-23
-35
-47
-42
-39
-35
-50
-52
-41
-39
-42
-40
-36
-53
-59
-77
-66
-58
-68
-58
-58
-55
-57
-33
-50
-42
-48
-50
-31
-46
-32
-31
-51
-51
-32
-25
-27
-33
-19
-11
-12
-12
-20
-10
-9
-16
-17
-23
-4
-11
-20
-9
3
2
8
6
20
27
37
52
73
58
62
82
54
61
64
69
46
39
34
33
24
37
34
24
35
30
27
50
60
34
43
59
63
57
64
62
68
64
53
38
34
76
55
40
27
29
41
28
15
25
8
-18
-4
-21
-17
-23
-33
-24
-51
-55
-49
-33
-38
-51
-22
-18
-29
-21
-13
-33
-29
-34
-18
-14
-23
-30
-30
-14
-32
-35
-20
-31
-35
-20
-11
-7
13
22
24
17
28
29
36
47
39
48
64
85
86
91
69
70
85
69
69
70
58
31
37
41
45
60
50
36
17
39
20
-4
-22
-30
-29
-37
-53
-55
-38
-37
-53
-70
-41
-30
-46
-42
-34
-51
-55
-72
-82
-96
-95
-89
-121
-120
-123
-118
-113
-117
-95
-94
-101
-89
-83
-89
-73
-65
-70
-66
-55
-56
-55
-49
-34
-32
-8
2
-14
-16
17
15
10
21
9
38
13
2
37
38
20
30
31
24
41
34
31
12
14
24
14
0
7
27
22
39
30
55
55
46
50
51
57
40
19
37
47
52
63
75
69
72
80
64
59
72
83
66
55
67
89
79
81
91
84
55
66
81
57
56
63
53
46
42
28
23
5
-6
-6
-15
-8
-12
-11
-39
-70
-71
-100
-76
-81
-84
-83
-72
-65
-64
-43
-34
-31
-39
-7
-24
-30
-21
-3
-14
-35
4
-14
-35
-32
-22
-34
-2
2
-1
-6
-7
-6
-18
9
8
24
31
15
27
26
7
3
7
9
12
21
21
15
25
22
-5
1
-3
-14
-15
-26
-33
-33
-42
-45
-44
-57
-70
-83
-75
-74
-63
-60
-79
-59
-52
-59
-81
-53
-42
-39
-24
-15
-3
5
31
3
4
18
27
-6
2
5
-1
5
6
28
24
40
43
58
61
65
84
83
78
66
82
69
39
31
54
45
28
34
57
50
29
42
39
19
-3
1
11
-17
-11
-1
-24
-31
-33
-34
-47
-38
-40
-33
-8
-4
-8
-4
3
10
7
10
30
36
39
43
39
25
25
13
1
-10
-16
-9
-13
-11
-11
0
7
3
-7
-14
-7
-3
-16
-25
-1
7
0
21
22
32
29
12
16
23
23
-7
-6
-7
5
7
-15
-19
-22
-20
-40
-39
-40
-28
-23
-23
-12
1
-16
-18
15
10
10
38
52
33
30
22
33
24
37
54
39
44
33
34
20
7
-5
-13
-33
-20
-35
-48
-34
-29
-48
-65
-51
-35
-37
-33
-40
-67
-90
-99
-95
-101
-102
-70
-63
-54
-65
-81
-70
-81
-56
-68
-86
-81
-51
-40
-55
-41
-37
-30
-22
-20
-16
-6
0
3
32
28
39
47
33
54
63
63
58
81
94
86
89
104
108
119
99
97
97
80
78
75
58
48
36
25
24
14
12
17
20
24
21
30
45
44
38
52
73
67
54
69
67
66
66
57
47
32
47
29
16
-1
-8
6
-34
-48
-42
-55
-70
-75
-74
-47
-59
-56
-43
-60
-51
-58
-41
-49
-46
-28
-36
-37
-35
-36
-32
-39
-62
-56
-51
-45
-52
-72
-54
-44
-40
-56
-53
-27
-19
-22
-22
-24
-8
2
-2
-10
-7
3
14
10
26
42
28
25
27
38
39
36
44
51
46
56
47
22
32
41
30
-6
-10
7
16
-2
-11
-7
-1
6
-1
-11
1
15
28
33
6
15
9
14
21
7
22
13
4
3
-14
-12
-18
-24
-22
-30
-25
-19
-27
-22
-12
-21
-22
-17
-22
-31
-20
-7
0
15
26
21
29
37
37
45
29
17
20
28
15
-11
8
9
-13
-25
-17
-24
-21
-16
-38
-47
-43
-32
-37
-45
-49
-47
-35
-39
-45
-42
-28
-43
-11
12
9
17
13
18
-1
18
18
12
-2
2
-13
-23
-17
-15
8
-3
-4
-11
14
26
17
4
-4
19
19
23
11
13
45
45
26
0
33
24
1
27
41
34
17
35
24
18
23
4
-6
8
31
7
20
28
45
45
36
36
38
33
46
54
50
39
36
55
38
35
43
64
52
35
24
29
42
12
-6
-7
0
-9
-23
-43
-55
-36
-31
-43
-60
-40
-36
-60
-52
-45
-34
-35
-51
-52
-41
-59
-40
-60
-59
-38
-53
-39
-51
-43
-43
-45
-62
-55
-68
-52
-42
-55
-34
-26
-34
-57
-62
-52
-43
-60
-52
-45
-10
3
0
9
9
16
18
37
48
43
44
55
48
31
39
39
44
39
44
68
63
53
51
64
69
72
61
75
80
70
78
87
91
81
63
62
39
44
36
36
33
25
11
0
-10
-40
-13
-21
-29
-33
-53
-56
-63
-81
-89
-82
-88
-90
-87
-66
-72
-57
-52
-47
-60
-44
-46
-56
-49
-45
-44
-49
-35
-27
-24
-39
-35
-31
-31
-14
-1
-2
8
17
10
7
27
28
36
48
64
49
56
60
43
43
41
56
60
71
63
46
42
46
40
36
41
30
21
18
25
32
7
1
-10
-15
-10
-20
-23
-23
-3
-15
-17
4
2
1
5
14
12
12
27
17
6
-1
-23
-10
-10
-2
-1
3
-3
-20
-24
-35
-34
-38
-25
-19
-12
-23
-3
6
1
5
5
6
3
-2
-12
0
3
3
-2
3
-3
2
-3
-8
3
-2
0
1
-23
-31
-21
-11
-27
-20
-7
-12
-16
-26
-11
-1
7
15
25
46
47
52
60
64
73
78
49
25
30
12
-3
-28
-34
-30
-39
-59
-69
-86
-85
-83
-63
-47
-50
-44
-36
-45
-47
-39
-23
-29
-22
-12
-13
-14
0
21
19
50
46
30
60
65
73
60
61
70
37
31
20
19
11
22
20
20
33
25
22
11
3
8
24
28
33
39
51
65
57
52
51
49
49
41
36
40
24
16
1
-20
-19
-26
-30
-27
-29
-38
-47
-55
-35
-38
-48
-46
-48
-61
-73
-77
-81
-90
-95
-91
-100
-90
-76
-61
-63
-69
-82
-77
-76
-85
-81
-64
-59
-53
-31
-46
-52
-32
-32
-31
-30
-24
-5
-7
14
27
42
58
66
75
82
87
84
70
71
50
41
48
50
56
49
52
34
36
25
26
29
23
24
30
55
54
53
51
61
65
52
52
56
81
71
65
78
88
96
81
69
69
71
73
64
54
50
47
43
11
11
11
10
-11
-32
-24
-35
-35
-54
-53
-49
-61
-58
-62
-65
-57
-51
-60
-63
-61
-61
-70
-74
-46
-43
-39
-40
-36
-36
-40
-35
-28
-36
-37
-22
-18
-27
-18
3
12
8
8
29
41
33
45
45
53
50
41
35
34
56
41
24
11
10
20
14
-7
-19
-7
-18
-27
-25
-31
-38
-45
-33
-37
-33
-12
-19
-36
-25
-14
-19
-18
-21
-22
-31
-20
-12
-24
-48
-49
-50
-71
-71
-63
-50
-56
-65
-57
-48
-54
-54
-31
-31
-19
-36
-41
-27
-14
-9
-4
-5
-3
19
9
14
16
35
44
37
40
42
62
41
19
36
36
24
19
5
-7
8
6
14
13
32
32
26
35
48
53
48
47
22
33
32
33
18
14
22
33
38
39
35
18
25
16
10
12
5
-6
-4
-20
-16
-7
-20
-17
-10
-12
0
0
1
5
2
17
11
16
21
14
23
32
34
38
35
26
17
26
36
24
27
12
9
9
-1
-20
-29
-32
-25
-16
-22
-12
-4
2
10
20
26
23
19
25
37
28
27
19
17
17
9
6
-7
2
17
14
-3
32
38
30
39
26
32
17
2
-6
-3
-8
-13
-20
-16
-14
-35
-25
-29
-29
-33
-30
-22
-20
-33
-32
-23
-45
-68
-78
-80
-98
-100
-89
-87
-94
-109
-106
-80
-72
-85
-84
-67
-56
-53
-64
-53
-46
-47
-35
-33
-26
-11
5
7
17
16
14
32
37
45
35
47
49
47
43
32
35
35
42
40
34
45
51
51
56
60
68
61
55
44
56
50
46
50
43
56
60
55
49
51
54
42
28
36
38
14
-4
3
-6
-19
-23
0
7
-26
-33
-24
-25
-21
-15
-22
-17
-27
-19
-29
-27
-23
-23
-18
-27
-25
-15
-17
-26
-24
-22
-21
2
0
6
1
1
1
1
7
-3
22
24
48
49
65
68
58
79
61
61
51
54
52
27
25
27
21
23
19
11
-2
-6
-7
-26
-24
-17
-6
-9
-26
-15
-17
-20
-21
-25
-19
-7
6
-6
-23
-23
-2
-2
4
-7
-4
2
-14
-28
-36
-32
-43
-46
-39
-50
-46
-50
-45
-49
-48
-46
-54
-55
-57
-48
-48
-54
-57
-38
-46
-51
-52
-47
-44
-47
-46
-67
-59
-59
-62
-58
-58
-57
-66
-59
-55
-45
-44
-43
-37
-27
-6
5
6
13
14
11
22
14
29
46
54
63
57
66
77
85
88
93
109
111
107
105
96
77
66
67
60
63
70
63
38
31
32
31
21
30
24
29
44
30
44
46
58
40
25
32
21
22
20
11
13
8
7
-7
-11
1
2
-3
-1
13
22
7
3
7
-1
1
-5
12
7
12
23
19
22
23
31
21
21
17
32
35
36
21
4
11
-14
-31
-42
-36
-42
-47
-43
-52
-47
-48
-40
-30
-41
-50
-48
-45
-47
-37
-31
-46
-45
-38
-35
-34
-46
-35
-29
-29
-26
-34
-36
-42
-38
-44
-54
-56
-56
-62
-66
-59
-57
-64
-57
-51
-53
-38
-19
-32
-37
-37
-34
-24
-22
-23
-11
-2
2
5
7
19
0
-4
0
13
20
15
30
19
20
26
24
23
32
31
37
38
29
40
41
37
30
48
50
50
51
47
49
54
47
33
34
23
31
32
34
29
27
35
33
21
20
19
22
16
22
25
25
22
19
34
34
32
18
26
27
31
21
20
25
22
28
10
7
-15
-27
-31
-35
-35
-37
-37
-47
-53
-41
-36
-38
-34
-38
-29
-35
-34
-30
-42
-37
-35
-29
-30
-14
-1
-1
0
-1
-3
5
4
2
16
11
23
18
20
26
20
17
16
7
9
5
-5
3
11
26
25
23
33
34
39
38
38
38
39
31
25
22
15
11
4
2
-11
-6
-13
-26
-28
-31
-34
-25
-20
-18
-11
-11
-11
-14
-13
-8
-12
-8
-9
-19
-14
-12
-18
-7
-2
-19
-13
-14
-17
-11
-17
-24
-26
-22
-23
-31
-35
-31
-29
-35
-34
-41
-37
-32
-42
-49
-48
-42
-40
-25
-29
-20
-23
-22
-14
-22
-23
-23
-15
-9
-10
-6
-1
0
0
2
16
17
19
23
21
34
37
39
43
47
58
57
60
60
60
60
64
58
55
59
62
59
57
57
44
48
44
28
19
11
10
4
4
6
1
2
-7
-11
-16
-10
-11
-16
-13
-12
-12
-9
-3
-4
-17
-7
-8
-9
-11
-15
-5
-10
-6
-5
-12
-15
-10
-13
-19
-15
-4
-14
-22
-30
-34
-32
-34
-31
-24
-18
-23
-24
-23
-16
-15
-11
-14
-10
-5
-8
-1
1
10
0
-5
-6
-8
-5
-12
-21
-20
-25
-31
-27
-22
-27
-12
-13
-13
-3
7
10
16
24
27
31
26
34
26
32
28
22
16
18
26
23
14
12
20
24
20
13
22
31
29
25
20
19
18
13
5
5
3
5
9
12
8
5
15
2
8
9
6
16
8
6
5
13
8
8
-1
-11
-8
-23
-24
-26
-24
-32
-27
-19
-18
-16
-18
-19
-18
-20
-26
-21
-31
-25
-25
-21
-31
-28
-26
-31
-31
-33
-23
-19
-7
-3
-1
9
8
8
14
16
19
12
11
7
4
-3
-4
-9
2
7
12
12
15
18
14
19
8
12
9
14
22
11
4
-4
-8
-18
-14
-16
-16
-23
-28
-25
-28
-17
-20
-15
-11
-5
-9
-5
0
-2
10
15
25
24
31
38
32
25
21
28
27
20
23
23
24
22
24
27
26
32
31
27
24
31
25
22
18
6
7
5
2
4
6
3
-5
-10
-10
-14
-9
-16
-15
-18
-26
-30
-41
-39
-45
-41
-39
-35
-27
-26
-32
-39
-35
-25
-30
-23
-13
-15
-9
2
-2
2
1
0
-2
0
7
9
11
17
25
21
16
9
5
5
7
6
0
0
0
4
-5
-4
-3
5
6
4
6
6
11
8
7
2
4
3
4
7
3
6
3
2
6
9
13
17
14
19
16
8
2
-2
1
2
1
3
13
7
4
10
9
7
11
19
20
18
17
16
9
0
6
-1
-2
-3
-6
0
0
-1
-5
-8
-8
-11
-6
-2
-1
-10
-7
-8
-5
-3
-3
5
3
-1
0
0
-3
-8
-14
-12
-12
-13
-12
-20
-20
-22
-23
-19
-16
-14
-21
-21
-8
-10
-19
-17
-14
-8
-14
-4
-4
-7
-3
-12
-11
-5
8
9
14
12
15
21
26
28
28
25
18
23
10
4
-1
-1
2
-6
-8
-6
-9
-13
-12
-11
1
4
-1
-3
-4
0
-8
-13
-7
-3
-4
-8
-5
-7
-9
-13
-15
-11
-3
-3
-4
3
0
2
4
4
2
1
5
2
8
8
8
8
9
9
7
2
3
5
8
9
5
6
1
-3
-3
-2
-5
-7
-6
-7
-8
-13
-6
-7
-2
-3
-6
4
4
6
-1
5
6
8
12
14
16
16
18
19
19
22
27
24
20
24
18
11
14
12
12
9
7
1
0
-2
-8
-5
-8
-9
-7
-8
-2
0
-2
0
-4
-3
-3
0
-4
-7
-9
-7
-8
-6
-1
-3
-3
-6
-5
-8
-8
1
5
4
3
4
4
0
-2
-6
-8
-13
-16
-17
-9
-15
-10
-8
-11
-5
-4
-7
-5
-3
-7
-9
-10
-4
-3
-3
-5
-7
-8
-10
-11
-14
-11
-9
-7
-7
-3
-2
-3
-6
-5
-3
-1
1
-5
-2
4
0
2
3
1
0
-5
-4
0
-1
3
7
9
12
14
19
14
9
10
6
8
14
16
20
21
9
10
17
14
10
10
16
15
17
13
17
18
16
21
17
17
20
17
20
17
14
13
12
3
5
2
1
-1
-3
-2
-2
-1
-10
-7
-12
-10
-11
-12
-11
-13
-7
-13
-19
-18
-22
-20
-19
-18
-16
-15
-13
-11
-11
-4
-9
-7
-8
-12
-13
-14
-15
-21
-21
-20
-10
-12
-10
-5
-4
-2
0
11
4
3
2
-2
-1
-6
-2
-2
-6
-4
-10
-12
-10
-14
-6
-6
-3
-4
1
6
3
3
4
5
8
5
3
-2
-2
1
-2
-1
-5
-1
-8
-4
-8
-5
-3
-6
-4
-4
-6
-14
-9
-7
-6
-6
-7
-6
-3
-1
-8
-13
-8
-1
2
5
4
2
8
13
12
9
18
19
15
11
10
14
15
5
0
1
7
12
12
13
10
10
11
5
9
13
18
17
19
19
22
22
18
19
21
20
18
18
17
25
23
18
18
18
13
9
6
0
3
0
1
-3
-5
-2
-3
-2
-7
0
0
-1
-3
-6
-4
-5
-9
-11
-10
-14
-13
-14
-17
-18
-16
-16
-18
-19
-18
-22
-29
-22
-23
-23
-22
-24
-29
-33
-30
-22
-19
-15
-15
-9
-8
-3
5
7
7
6
9
11
14
9
9
12
10
12
18
22
26
28
22
23
23
19
21
20
18
19
20
18
15
16
16
15
9
6
5
4
3
1
-1
4
-1
-9
-13
-12
-9
-13
-16
-26
-22
-28
-36
-41
-41
-42
-43
-41
-41
-33
-33
-34
-30
-29
-24
-18
-17
-17
-20
-16
-18
-16
-12
-14
-3
3
2
0
-2
1
5
2
5
8
6
4
3
10
13
12
12
13
14
17
21
22
23
25
26
19
23
20
21
28
29
32
32
34
31
32
30
30
32
29
28
27
29
28
27
30
26
23
24
17
21
15
12
10
9
15
9
6
1
1
-1
3
0
1
5
8
7
-1
-1
-3
-7
-11
-15
-15
-19
-20
-21
-22
-20
-27
-21
-24
-27
-24
-28
-29
-28
-26
-29
-28
-33
-31
-34
-35
-33
-37
-39
-34
-30
-31
-23
-17
-14
-16
-9
-6
-6
-5
-9
-3
1
4
4
7
9
6
8
5
6
8
13
11
16
16
17
15
9
10
6
4
0
-2
-9
-6
-7
-7
-9
-16
-17
-16
-14
-13
-9
-8
-1
0
0
2
4
6
4
4
5
3
6
6
8
7
9
9
11
13
16
19
15
18
20
20
19
19
20
22
22
19
20
16
13
13
17
19
15
13
15
18
14
12
9
9
6
5
3
2
0
0
-2
-7
-8
-8
-6
-9
-11
-8
-5
-3
-5
-2
2
1
-3
-1
2
-1
-3
-10
-10
-11
-11
-12
-15
-13
-11
-10
-17
-14
-13
-17
-16
-16
-15
-19
-17
-19
-19
-13
-13
-17
-14
-9
-9
-6
-9
-5
-5
-3
-4
2
7
4
9
13
15
15
17
17
21
22
21
23
19
21
17
22
17
18
23
23
21
18
16
9
14
9
9
8
8
11
2
0
-2
2
-1
-6
-9
-9
-12
-17
-23
-26
-26
-24
-21
-24
-21
-17
-21
-28
-24
-19
-18
