SAMPLES:	20999
BITSPERSAMPLE:	16
CHANNELS:	1
SAMPLERATE:	16000
NORMALIZED:	FALSE
-35
-35
-37
-38
-41
-38
-36
-37
-27
-26
-27
-27
-33
-32
-20
-22
-24
-16
-11
-6
-6
-3
1
3
-1
7
13
13
20
24
26
26
31
34
39
36
33
30
24
20
12
15
7
2
8
11
15
13
17
18
20
18
22
16
11
7
8
17
7
7
9
15
21
21
27
28
29
29
29
28
31
26
27
25
26
26
17
23
15
10
7
3
1
-7
-9
-18
-18
-19
-19
-18
-19
-19
-25
-33
-30
-31
-32
-31
-30
-22
-20
-13
-10
-14
-9
-4
-4
-6
-4
-4
0
4
4
5
9
8
5
2
0
0
-7
-5
-8
-14
-11
-10
-8
-10
-11
-9
-13
-17
-16
-10
-11
-13
-13
-15
-15
-10
-13
-18
-16
-20
-19
-20
-22
-12
-6
-1
4
4
4
6
4
8
11
14
20
25
28
26
23
23
24
21
23
23
31
28
28
25
21
23
22
21
10
6
-1
-3
-8
-8
-5
-10
-10
-9
-4
-6
-6
-9
-10
-5
-8
-7
-3
2
-3
0
-4
-4
1
-1
1
2
-1
-5
0
2
3
5
1
3
-3
-6
-8
-7
-2
-1
-4
-1
-2
-2
2
-3
-2
0
12
13
10
9
13
22
17
12
16
18
13
10
3
5
4
5
7
2
7
7
12
4
-2
-4
-3
-2
-11
-11
-5
2
0
-4
0
-6
-5
-9
-11
-13
-11
-5
-8
-13
-14
-11
-15
-16
-19
-21
-16
-13
-15
-17
-21
-14
-14
-18
-12
-10
-6
-8
-4
-3
0
0
-4
1
6
8
8
12
5
1
2
4
-2
-10
-5
-9
-5
-8
-9
-10
-9
-8
-12
-8
-7
-9
-12
-9
-8
-12
-12
-13
-13
-16
-15
-14
-12
-8
-5
-4
-6
-4
-6
-8
-12
-5
-1
0
-1
-4
6
11
14
12
14
12
21
18
17
20
17
23
23
23
23
28
24
26
28
24
23
27
22
14
20
11
8
5
1
3
3
2
-2
-2
-2
-3
-2
-5
-3
1
5
6
11
9
8
9
8
16
16
15
16
20
18
22
21
13
16
14
6
5
6
3
1
1
3
3
4
0
-4
-3
-4
-4
-12
-17
-16
-16
-13
-10
-10
-11
-4
-5
-2
1
-5
-8
-9
-7
-9
-10
-7
-8
-6
-4
-8
-10
-8
-14
-14
-13
-14
-7
-7
-6
-7
-9
-7
-8
-8
-3
-5
-2
-3
-7
-7
-14
-9
-12
-15
-18
-18
-24
-23
-18
-18
-16
-17
-13
-13
-12
-11
-9
-9
-11
-13
-13
-14
-10
-10
-11
-11
-10
-6
-6
-3
4
-3
0
5
3
6
3
10
12
13
10
10
10
10
12
16
18
16
21
22
22
20
19
24
25
32
27
29
25
25
23
21
24
20
17
13
11
7
3
1
-1
3
4
2
4
-1
-1
-1
-8
-3
-10
-13
-15
-14
-10
-6
0
-5
-2
-4
-3
-5
-11
-10
-12
-6
-10
-12
-13
-11
-10
-10
-6
-7
-7
-8
-9
-8
-4
-7
-5
-3
0
3
1
2
1
0
-1
-2
-1
2
1
-3
1
0
3
2
1
0
2
5
3
4
-1
3
3
7
9
8
10
7
8
7
5
3
2
0
0
4
3
3
3
10
8
10
10
8
8
5
4
-1
6
8
7
1
4
5
2
2
3
4
5
5
2
-2
-1
-2
-5
-9
-10
-11
-9
-11
-14
-16
-15
-15
-17
-20
-18
-20
-20
-18
-19
-18
-17
-20
-22
-17
-19
-18
-15
-11
-7
-8
-5
0
1
4
3
1
4
9
6
11
12
15
21
22
22
19
22
17
16
15
17
17
17
18
14
16
17
18
16
12
8
13
13
12
16
11
11
7
6
7
7
6
9
8
2
-1
-4
-1
-4
-7
-7
-8
-11
-17
-17
-19
-21
-19
-17
-20
-21
-24
-23
-26
-28
-28
-28
-28
-24
-22
-18
-15
-16
-14
-14
-12
-13
-16
-13
-10
-10
-7
-8
-5
-7
-4
0
-2
-1
-1
-1
2
7
9
10
6
11
14
17
24
23
25
26
27
26
23
25
27
27
26
25
25
21
21
24
18
16
16
15
13
8
8
5
5
4
3
5
3
0
4
2
5
2
0
2
0
-4
-7
-9
-6
-5
-2
0
-3
-2
-4
-8
-11
-10
-10
-9
-11
-12
-13
-12
-13
-14
-13
-12
-9
-10
-11
-11
-12
-15
-12
-11
-12
-8
-8
-4
-6
-5
-1
-2
2
-2
-4
-1
1
1
4
-1
-1
-2
-5
0
2
3
10
10
8
8
8
7
5
5
5
7
7
4
3
4
6
3
-2
0
1
-2
-3
-1
-3
-2
-1
0
-1
0
-1
-1
1
-3
-1
-5
-8
-11
-14
-13
-11
-11
-17
-15
-15
-9
-8
-9
-11
-10
-6
-5
-8
-7
-4
-4
-2
-3
0
-1
-5
-3
1
0
4
7
8
14
14
17
23
25
29
25
23
23
25
22
17
14
14
16
15
11
14
18
17
14
10
12
13
14
12
10
13
10
7
2
-5
-6
-7
-5
-8
-10
-9
-10
-14
-17
-15
-15
-14
-17
-20
-20
-19
-19
-20
-19
-16
-16
-15
-15
-16
-14
-15
-15
-14
-14
-13
-14
-14
-14
-11
-9
-7
-6
-5
-3
-1
1
-2
2
3
1
0
2
6
7
4
4
8
9
10
10
11
13
16
19
19
17
19
16
14
16
18
20
16
16
18
19
19
19
16
12
11
9
3
1
0
-2
-3
-8
-7
-8
-10
-15
-17
-17
-20
-20
-20
-22
-21
-18
-17
-19
-18
-16
-20
-22
-18
-20
-18
-20
-20
-17
-13
-10
-11
-9
-4
-1
-1
0
5
9
11
12
12
16
18
19
20
21
21
18
21
18
15
16
16
19
18
19
17
25
23
19
22
20
16
10
11
9
11
11
8
10
10
8
5
5
5
8
6
4
3
0
-1
-4
-3
-6
-7
-8
-8
-9
-11
-7
-9
-13
-11
-15
-16
-16
-17
-16
-18
-19
-20
-20
-16
-14
-14
-13
-10
-7
-10
-11
-13
-16
-18
-19
-21
-16
-14
-14
-12
-14
-9
-9
-8
-8
-8
-3
-4
-1
-3
-3
-6
-2
-3
0
1
3
5
4
9
9
8
10
12
11
13
17
21
22
20
16
15
12
9
6
4
8
9
6
8
4
5
8
6
9
11
10
7
6
3
1
0
-2
0
1
2
1
0
1
-2
2
-1
0
-1
-4
-7
-12
-11
-13
-11
-12
-13
-14
-13
-11
-9
-10
-10
-6
-7
-9
-10
-6
-3
-2
-3
1
4
1
1
-2
0
3
2
1
3
10
12
10
7
8
6
5
6
6
7
6
4
7
6
8
6
8
10
7
10
11
11
12
12
11
8
9
12
13
9
10
9
7
7
4
2
3
6
2
-1
-3
-2
-2
-5
-3
-2
-1
-1
-3
-2
-3
-4
-6
-8
-9
-10
-11
-10
-12
-10
-9
-7
-6
-4
-1
-1
-1
-3
3
1
2
1
1
0
3
4
-1
2
1
3
2
2
0
3
5
4
2
1
5
3
2
0
-1
-4
-9
-10
-12
-11
-12
-8
-6
-7
-2
-2
-3
-5
-1
-2
-3
-4
-8
-5
-7
-7
-8
-9
-8
-6
-10
-10
-7
-5
-8
-7
-4
-2
-4
-5
-8
-8
-7
-7
-6
-4
-3
-4
-3
-2
2
3
4
5
5
10
13
13
10
10
14
12
9
12
15
12
10
11
14
12
10
11
8
10
10
11
11
8
7
9
7
3
2
9
10
3
6
4
6
4
3
2
2
-1
-2
-4
-6
-7
-9
-12
-16
-13
-12
-14
-18
-15
-13
-12
-16
-19
-14
-15
-15
-17
-18
-13
-10
-9
-9
-7
-7
-7
-7
-5
0
0
-2
-1
0
2
2
2
2
2
6
4
8
9
9
7
7
7
5
11
10
7
9
9
9
9
10
9
7
6
6
5
4
4
4
5
4
2
3
5
4
9
7
5
7
4
6
6
3
2
4
4
3
1
-2
0
4
4
3
3
5
9
6
3
-1
3
1
0
0
2
0
-3
-2
-2
-4
-5
-7
-9
-10
-11
-8
-10
-10
-6
-5
-1
-2
-1
-2
-4
-4
-6
-3
-3
-2
-8
-5
-9
-9
-8
-10
-6
-4
-4
-7
-6
-7
-5
-6
-8
-9
-7
-4
-6
-3
-5
-1
3
2
3
5
8
5
6
6
6
7
6
6
10
14
11
12
10
13
13
9
6
5
6
4
3
3
0
1
-1
-2
-1
1
1
-4
-5
-6
-4
-8
-6
-9
-8
-5
-7
-5
-6
-2
0
2
1
3
4
4
5
5
5
9
7
6
8
8
10
5
5
9
8
10
4
6
5
5
6
2
1
2
-3
-6
-3
-2
-4
-8
-9
-8
-9
-10
-10
-11
-10
-8
-10
-7
-8
-7
-7
-7
-7
-6
-4
-4
-5
-8
-7
-6
-10
-11
-7
-5
-6
-8
-8
-5
-5
-10
-10
-10
-8
-5
-8
-11
-9
-9
-11
-8
-8
-7
-5
-3
-5
-3
-1
0
1
1
6
7
8
7
8
7
8
11
12
15
15
18
16
18
18
19
19
19
20
18
19
18
19
19
17
19
19
19
22
22
19
21
15
13
11
8
7
7
6
6
4
2
3
1
-2
-3
-2
-2
-5
-5
-8
-9
-10
-9
-11
-11
-11
-12
-11
-16
-15
-17
-14
-17
-18
-17
-21
-21
-26
-25
-27
-24
-27
-27
-25
-24
-24
-23
-20
-24
-25
-23
-23
-20
-14
-11
-13
-10
-8
-6
-4
-5
-4
-2
-1
0
1
3
6
9
11
11
12
14
12
14
15
18
19
22
23
25
23
21
24
22
23
21
25
25
23
23
22
24
22
22
20
19
17
19
20
20
20
17
15
12
11
8
7
4
6
5
3
0
0
0
-2
-3
-4
-5
-5
-8
-11
-11
-9
-9
-8
-8
-14
-10
-13
-13
-13
-15
-15
-15
-18
-17
-15
-17
-14
-17
-15
-14
-13
-12
-10
-10
-12
-8
-11
-10
-10
-10
-10
-9
-8
-8
-7
-7
-6
-5
-4
-1
1
1
1
2
2
2
2
-3
-2
0
2
1
1
0
-1
-1
0
1
1
1
2
1
0
-1
1
0
-3
-1
-1
0
2
2
1
1
0
3
0
1
4
6
2
3
3
1
5
5
7
7
7
10
9
10
8
7
4
2
6
5
3
4
2
5
4
5
5
3
7
8
11
11
10
11
10
6
4
3
-1
0
-2
-1
1
2
1
1
2
1
1
-1
-4
-7
-9
-9
-8
-5
-8
-9
-12
-13
-14
-15
-13
-13
-10
-13
-9
-10
-9
-9
-10
-10
-7
-5
-9
-7
-8
-4
-2
-3
-1
1
3
0
4
4
5
9
13
17
15
15
15
14
14
14
13
13
13
14
13
12
14
14
14
13
14
11
10
12
13
13
11
14
11
11
6
6
5
1
2
2
4
3
1
0
-2
-2
-1
-3
-4
-6
-6
-4
-4
-2
-5
-7
-10
-12
-10
-16
-16
-16
-16
-18
-20
-21
-20
-19
-23
-23
-25
-23
-23
-23
-24
-24
-21
-20
-20
-20
-18
-15
-15
-15
-14
-11
-10
-8
-8
-7
-7
-6
-6
-5
-3
-2
-1
-2
0
3
4
6
10
11
11
13
10
13
15
17
14
12
14
12
16
13
8
10
12
13
12
13
14
16
15
16
12
16
18
16
15
14
16
13
11
8
9
9
11
9
10
10
10
11
8
8
6
5
2
4
6
7
6
2
1
0
-2
-6
-5
-2
-3
1
-1
1
-1
1
-2
-6
-4
-1
-1
0
3
2
0
2
3
1
0
2
2
0
2
1
1
0
0
0
0
-3
1
1
0
2
2
0
0
3
-1
-4
-5
-7
-7
-9
-13
-11
-11
-14
-13
-14
-13
-12
-9
-10
-13
-11
-11
-12
-14
-16
-11
-14
-16
-16
-14
-13
-12
-12
-12
-7
-9
-4
-3
-5
-4
-4
-7
-6
-8
-6
-6
-5
-4
-3
-2
-4
-5
-6
-4
-8
-6
-4
-3
1
-2
1
5
7
7
7
9
11
10
9
8
11
12
11
14
15
18
19
18
19
17
17
18
19
17
17
19
18
19
16
14
12
13
9
7
8
5
2
0
2
-1
-1
-2
-4
-6
-7
-9
-10
-9
-9
-10
-10
-8
-9
-8
-9
-10
-9
-9
-8
-11
-10
-12
-11
-12
-12
-13
-11
-5
-7
-5
-1
-2
-1
0
-1
0
0
0
0
-1
2
0
1
4
4
7
6
5
7
9
9
6
8
8
10
9
10
8
8
9
8
10
10
13
14
15
14
14
13
13
12
11
11
11
10
8
6
4
2
1
-5
-5
-6
-7
-7
-6
-8
-10
-11
-13
-9
-13
-12
-11
-12
-11
-13
-14
-17
-19
-21
-20
-21
-20
-18
-12
-10
-12
-11
-9
-5
-5
-4
-4
-3
-1
-4
-6
-5
-4
-5
-4
-5
-2
1
3
3
4
9
8
10
10
12
16
13
14
13
15
10
10
8
7
4
3
5
3
1
1
5
3
6
6
8
9
9
9
6
5
3
3
2
1
1
1
3
2
6
5
5
4
3
3
3
2
-2
-3
-5
-5
-8
-6
-7
-10
-11
-10
-8
-11
-9
-11
-9
-7
-7
-3
-5
-5
-7
-6
-8
-8
-8
-6
-7
-6
-4
-2
0
-2
2
-1
2
3
1
2
1
4
5
6
8
6
5
5
4
3
3
2
1
2
4
5
5
6
5
4
2
3
2
2
0
1
0
-2
-1
-4
-2
-3
-3
-5
-7
-8
-7
-8
-5
-3
-8
-7
-8
-10
-8
-8
-5
-1
2
1
3
4
4
4
1
3
6
11
9
11
13
15
17
18
14
11
14
13
12
11
10
9
9
8
5
8
6
8
2
3
3
-1
-2
-1
3
-2
-4
-2
-5
-4
-6
-7
-7
-8
-9
-7
-9
-7
-8
-6
-9
-10
-10
-14
-12
-13
-11
-12
-11
-8
-13
-11
-10
-9
-9
-8
-8
-7
-4
-4
-2
-2
-3
-4
-5
-4
-3
-4
-3
-2
-1
3
1
5
4
5
6
3
6
6
7
4
5
5
6
5
6
7
7
7
8
9
8
10
10
10
12
12
12
12
13
14
13
12
15
12
12
12
9
11
10
10
8
8
9
6
7
7
6
3
2
2
1
0
-3
-5
-5
-5
-7
-7
-11
-9
-10
-11
-13
-16
-14
-14
-14
-13
-13
-12
-12
-13
-14
-13
-16
-15
-13
-12
-11
-10
-11
-11
-12
-11
-9
-8
-7
-10
-9
-8
-8
-3
-5
-6
-4
-6
-5
-7
-6
-6
-4
-2
-4
-4
-2
-1
0
1
0
2
2
4
1
2
6
7
6
7
8
10
12
12
12
8
10
10
8
9
9
8
5
7
8
10
10
10
12
10
13
12
13
12
12
13
13
13
11
13
12
10
8
5
4
2
2
1
2
-3
-1
-4
-4
-4
-3
-6
-8
-6
-8
-8
-8
-11
-8
-9
-6
-5
-8
-9
-9
-9
-8
-9
-10
-8
-8
-7
-8
-6
-3
-3
-3
-1
1
-2
-1
-1
-2
-1
-2
-2
-4
-3
-3
-4
-3
-3
-2
-3
-3
-2
-3
-1
0
0
0
0
1
-1
-3
-2
-2
-1
-2
-1
-2
-3
1
0
1
5
5
6
6
8
9
10
10
10
10
13
12
14
13
10
10
12
13
12
12
11
7
6
4
5
5
4
3
2
3
3
4
4
4
2
4
4
8
9
9
7
8
8
9
5
1
0
-4
-4
-6
-7
-8
-8
-8
-9
-10
-13
-11
-13
-12
-14
-12
-11
-12
-12
-12
-8
-10
-10
-9
-10
-9
-8
-7
-6
-5
-10
-12
-12
-13
-14
-15
-17
-17
-16
-18
-19
-19
-20
-21
-17
-15
-11
-8
-7
-5
-5
-4
-1
3
2
3
7
7
6
6
6
8
7
6
7
4
5
4
4
4
5
9
9
14
15
16
19
18
24
23
25
23
23
26
29
30
28
28
24
25
22
22
18
16
13
10
10
7
5
2
0
-4
-6
-5
-10
-12
-12
-12
-13
-15
-15
-14
-13
-13
-12
-12
-11
-9
-9
-9
-8
-8
-8
-9
-11
-9
-11
-9
-9
-8
-8
-8
-7
-5
-4
-6
-7
-8
-7
-5
-5
-5
-9
-7
-7
-3
-4
-3
1
2
3
5
3
4
3
1
0
-2
2
1
-3
0
0
3
2
2
0
2
4
0
1
1
3
3
2
3
4
5
7
8
9
9
8
6
6
4
6
5
3
2
1
2
2
0
2
1
-2
0
0
2
3
4
4
2
2
1
1
2
0
-1
1
-2
0
-3
-4
-2
-4
-2
-1
0
-1
0
-4
-4
-4
-7
-6
-7
-7
-8
-8
-7
-6
-7
-7
-4
-4
-1
-1
-1
-4
-1
-1
-3
-2
-4
-3
-2
-3
-5
-3
-2
-3
-2
-2
0
1
2
1
2
4
6
6
6
7
6
7
5
7
7
3
4
3
3
5
2
3
3
4
3
2
-1
1
0
2
1
0
2
3
4
2
0
-1
1
0
-1
1
1
2
-1
-1
-2
-1
-2
-3
-1
0
1
1
0
-1
3
2
3
4
2
2
-1
-2
-2
-3
-6
-6
-7
-6
-2
-1
-2
-2
-2
0
0
-2
-2
-2
-3
-2
-3
-3
-3
-3
-5
-3
-2
-1
1
-1
1
2
1
2
4
2
4
5
0
2
2
3
1
0
2
1
0
-2
-1
-4
-3
-3
-4
-4
-4
-3
-5
-3
-2
0
-2
-3
-3
-3
-2
-3
-2
-2
0
-1
0
2
5
5
4
8
8
9
9
11
11
10
11
10
9
10
12
11
13
11
10
10
10
14
11
12
7
7
6
5
3
1
4
3
4
2
3
1
-1
-1
-4
-2
-4
-4
-5
-7
-6
-6
-7
-4
-6
-9
-6
-8
-6
-8
-8
-9
-10
-10
-12
-11
-14
-14
-15
-15
-16
-19
-15
-13
-15
-16
-13
-16
-16
-12
-12
-12
-14
-11
-9
-10
-7
-6
-6
-5
-4
-1
0
-2
-1
0
3
1
1
3
3
5
5
6
5
7
8
7
6
6
6
7
7
6
8
8
8
8
7
10
9
7
7
6
6
7
7
7
6
6
7
4
6
5
3
5
3
4
7
8
6
7
6
6
3
4
3
3
3
2
5
5
5
3
4
3
3
3
3
4
5
6
6
8
9
9
8
7
7
5
5
5
4
6
5
4
1
1
1
1
2
-1
0
0
-1
0
-1
0
-1
0
-2
-3
-5
-6
-7
-5
-6
-6
-7
-7
-8
-9
-11
-10
-12
-15
-16
-18
-18
-19
-21
-21
-20
-20
-21
-19
-18
-16
-16
-15
-13
-15
-14
-16
-13
-12
-9
-8
-6
-3
-1
1
4
4
5
8
7
9
9
8
13
13
14
14
15
16
16
16
18
23
23
23
24
23
17
17
14
16
17
11
8
3
3
2
3
3
2
1
3
1
-2
0
-1
-3
-7
-7
-6
-7
-8
-12
-10
-10
-10
-11
-10
-11
-10
-8
-9
-7
-5
-6
-8
-7
-7
-6
-5
-5
-4
-3
1
-3
-2
1
3
4
5
6
7
6
4
9
9
11
13
8
10
7
5
2
0
-1
-2
-5
-3
0
1
4
3
4
6
7
7
8
13
13
17
21
23
25
30
33
29
25
21
17
13
14
11
4
2
5
4
0
-1
-7
-17
-30
-37
-50
-62
-68
-81
-96
-93
-86
-92
-88
-67
-49
-45
-32
-4
5
5
24
42
35
38
56
55
47
51
68
57
52
55
49
34
21
12
-2
-13
-22
-30
-40
-40
-38
-35
-27
-17
-3
9
25
29
37
50
51
43
43
43
39
31
28
31
23
20
24
21
12
6
-2
-16
-23
-28
-36
-54
-66
-59
-62
-64
-56
-45
-39
-34
-26
-17
-15
-11
-2
1
1
3
6
8
5
10
13
15
17
12
8
6
4
-5
-12
-15
-20
-27
-29
-25
-29
-25
-16
-10
-2
13
22
27
36
47
57
56
59
51
43
46
45
43
43
42
43
39
33
30
24
20
7
0
-9
-16
-24
-35
-36
-40
-37
-37
-34
-29
-18
-9
2
7
3
8
8
7
7
6
2
7
9
8
8
10
13
9
6
5
-1
-11
-22
-28
-32
-40
-37
-37
-35
-34
-29
-31
-26
-22
-19
-7
-2
3
8
14
13
13
10
12
8
3
0
-1
5
4
15
25
27
27
26
32
34
30
30
36
35
30
36
40
44
41
50
43
34
47
55
53
33
-12
-54
-96
-156
-208
-244
-278
-329
-353
-328
-319
-319
-263
-190
-144
-101
-18
59
70
120
199
226
219
257
316
297
290
329
336
294
280
269
209
150
115
67
-10
-61
-94
-143
-173
-179
-174
-162
-122
-88
-53
-13
19
47
76
104
101
96
112
117
98
99
113
118
105
110
121
97
83
74
34
-19
-54
-95
-139
-172
-184
-195
-208
-193
-174
-154
-127
-95
-64
-21
5
24
40
50
58
62
66
67
58
60
79
65
38
39
46
13
-21
-30
-39
-99
-129
-105
-122
-162
-148
-123
-124
-117
-65
-22
-18
38
101
122
146
203
229
222
227
244
240
206
201
143
20
-73
-181
-331
-487
-575
-674
-810
-861
-820
-830
-836
-737
-592
-502
-396
-174
-14
65
237
443
505
564
722
834
818
843
937
911
849
869
823
694
572
493
353
181
57
-49
-174
-260
-303
-370
-374
-347
-318
-273
-178
-92
-49
27
108
148
177
245
303
313
332
384
395
364
379
394
317
233
193
117
-2
-107
-177
-287
-408
-485
-551
-590
-603
-584
-554
-505
-411
-323
-246
-170
-97
-33
28
77
112
159
202
213
226
239
239
226
198
203
170
128
81
27
-141
-352
-490
-688
-976
-1222
-1325
-1434
-1630
-1665
-1514
-1452
-1411
-1135
-752
-531
-328
87
441
575
816
1168
1311
1309
1494
1692
1624
1583
1705
1680
1495
1411
1347
1114
844
648
379
-2
-306
-509
-696
-872
-929
-889
-808
-679
-523
-280
-5
221
415
687
853
899
1031
1162
1126
1042
1087
1112
968
882
893
757
565
459
374
156
-65
-173
-312
-543
-678
-726
-811
-894
-922
-1090
-1324
-1443
-1545
-1727
-1880
-1864
-1902
-2000
-1851
-1610
-1586
-1445
-1028
-702
-590
-283
185
316
399
761
997
953
1035
1310
1295
1106
1219
1319
1104
1012
1032
847
599
469
348
27
-216
-317
-465
-569
-543
-501
-442
-245
-1
200
410
649
834
980
1152
1219
1168
1200
1183
1022
847
783
660
426
289
232
55
-121
-152
-220
-335
-388
-376
-449
-503
-499
-464
-567
-764
-897
-1031
-1221
-1424
-1475
-1531
-1685
-1762
-1595
-1461
-1440
-1234
-865
-640
-502
-151
241
273
372
709
840
754
849
1103
1097
993
1120
1220
1046
985
984
827
574
453
333
70
-176
-273
-369
-450
-463
-416
-247
-54
172
423
715
910
1053
1213
1335
1272
1207
1219
1078
842
725
662
445
292
307
256
89
30
16
-142
-334
-443
-619
-1050
-1454
-1697
-2009
-2426
-2617
-2644
-2749
-2786
-2528
-2212
-2019
-1667
-1135
-729
-499
-110
317
486
604
942
1183
1219
1322
1628
1704
1635
1713
1755
1603
1432
1338
1063
713
468
228
-128
-407
-552
-647
-702
-612
-478
-280
-6
307
564
814
1066
1228
1329
1416
1410
1348
1376
1357
1273
1237
1300
1231
1135
1143
1082
842
611
445
141
-240
-523
-899
-1592
-2137
-2319
-2650
-3122
-3150
-2986
-3105
-3127
-2611
-2178
-2213
-1880
-1141
-883
-917
-458
96
88
106
702
956
784
1088
1591
1568
1430
1707
1782
1430
1251
1213
841
368
161
-73
-422
-611
-642
-625
-558
-417
-244
40
373
553
696
978
1095
1058
1197
1391
1324
1303
1523
1584
1471
1536
1667
1536
1416
1463
1350
1046
905
787
437
113
-68
-343
-701
-933
-1239
-1736
-2074
-2309
-2736
-3106
-3188
-3343
-3589
-3437
-3143
-3026
-2758
-2102
-1538
-1234
-597
209
602
897
1514
1917
1883
2029
2323
2270
2024
1995
1977
1637
1361
1227
912
491
250
31
-340
-627
-809
-955
-1054
-1051
-925
-728
-477
-162
198
584
923
1219
1518
1738
1847
1927
2008
1987
1906
1824
1716
1594
1478
1401
1279
1085
895
673
407
97
-233
-575
-988
-1533
-2061
-2508
-2980
-3445
-3690
-3784
-3957
-3968
-3615
-3247
-3001
-2472
-1709
-1196
-800
-141
441
642
1006
1543
1756
1783
2041
2273
2150
2058
2157
2114
1767
1600
1459
1040
630
349
17
-426
-706
-858
-1018
-1048
-923
-765
-504
-115
299
702
1122
1517
1805
2029
2220
2252
2187
2149
2023
1781
1654
1508
1322
1148
965
776
463
234
-60
-463
-825
-1312
-1905
-2490
-2946
-3440
-3925
-4168
-4234
-4297
-4158
-3697
-3302
-2932
-2234
-1465
-974
-409
384
910
1165
1618
2084
2145
2244
2567
2629
2433
2465
2543
2230
1877
1734
1395
806
416
93
-387
-803
-990
-1124
-1227
-1117
-897
-611
-251
157
590
971
1305
1580
1810
1995
2047
2038
2013
1986
1840
1728
1680
1516
1380
1224
987
650
348
50
-321
-761
-1213
-1805
-2354
-2810
-3291
-3746
-3986
-4085
-4214
-4163
-3732
-3357
-3076
-2450
-1732
-1251
-742
-28
580
947
1427
2009
2270
2461
2772
2981
2901
2894
2882
2635
2240
1951
1568
1072
607
123
-320
-688
-971
-1194
-1255
-1246
-1216
-1001
-677
-406
-109
315
751
1013
1279
1604
1793
1789
1895
1970
1854
1702
1640
1464
1078
818
619
240
-153
-400
-710
-1291
-1824
-2191
-2675
-3248
-3580
-3724
-3970
-4136
-3943
-3605
-3434
-3087
-2370
-1716
-1297
-656
139
683
1046
1671
2208
2369
2583
2968
3100
3006
3062
3114
2854
2527
2326
1990
1514
1028
628
183
-273
-614
-877
-1041
-1127
-1123
-952
-673
-420
-112
362
758
1023
1345
1721
1850
1851
2059
2171
1969
1821
1793
1545
1097
826
557
30
-447
-728
-1116
-1735
-2234
-2618
-3125
-3647
-3930
-4091
-4349
-4497
-4351
-4020
-3810
-3398
-2748
-2120
-1533
-847
-60
520
997
1585
2111
2349
2604
2908
3050
2890
2818
2814
2558
2198
1935
1669
1258
849
550
274
-108
-390
-497
-546
-623
-658
-416
-106
16
304
813
1201
1370
1737
2205
2335
2374
2635
2768
2526
2329
2233
1866
1300
936
593
8
-520
-812
-1187
-1820
-2307
-2656
-3112
-3673
-3986
-4180
-4478
-4689
-4525
-4227
-4059
-3711
-3021
-2252
-1722
-1040
-150
559
1046
1737
2418
2662
2810
3187
3309
3053
2901
2866
2494
2018
1752
1456
966
553
319
17
-332
-595
-649
-767
-882
-806
-611
-474
-300
81
522
839
1180
1693
2125
2306
2524
2867
2931
2754
2607
2414
1933
1376
957
421
-231
-737
-1117
-1620
-2252
-2703
-3089
-3595
-4056
-4305
-4447
-4657
-4773
-4621
-4336
-4107
-3711
-3043
-2343
-1738
-1013
-120
578
1128
1805
2445
2709
2876
3194
3295
3051
2911
2852
2469
2016
1764
1466
980
596
418
129
-224
-367
-365
-496
-562
-399
-207
-64
210
635
1013
1390
1881
2363
2725
3032
3327
3492
3480
3384
3172
2837
2397
1864
1293
726
112
-530
-1021
-1470
-2127
-2774
-3188
-3623
-4189
-4552
-4653
-4914
-5145
-4926
-4548
-4435
-4059
-3162
-2424
-1905
-1045
18
595
1088
1887
2421
2463
2695
3040
2859
2524
2429
2286
1736
1319
1124
695
219
-58
-279
-619
-915
-1058
-1163
-1251
-1259
-1082
-822
-532
-191
314
919
1394
1891
2539
3069
3334
3625
3949
3968
3731
3520
3182
2577
1940
1426
833
115
-432
-815
-1379
-2088
-2585
-3012
-3598
-4134
-4401
-4612
-4949
-5040
-4771
-4547
-4325
-3700
-2836
-2161
-1471
-439
501
1067
1712
2470
2845
2957
3202
3381
3124
2799
2624
2299
1766
1335
958
482
21
-361
-687
-997
-1291
-1521
-1645
-1676
-1681
-1532
-1172
-781
-411
188
906
1531
2113
2804
3406
3705
4029
4314
4256
3930
3662
3309
2658
1937
1423
828
78
-499
-883
-1549
-2288
-2747
-3174
-3824
-4369
-4585
-4832
-5175
-5163
-4797
-4593
-4232
-3437
-2499
-1849
-1072
-8
858
1407
2105
2743
3004
3142
3362
3352
3035
2752
2518
2068
1566
1155
701
283
-103
-503
-878
-1140
-1439
-1678
-1760
-1781
-1871
-1770
-1421
-1072
-741
-171
595
1212
1839
2630
3271
3651
4040
4330
4235
3935
3621
3177
2515
1861
1325
682
48
-420
-905
-1559
-2164
-2676
-3254
-3948
-4330
-4563
-4945
-5172
-4974
-4714
-4569
-3997
-2986
-2250
-1676
-551
620
1179
1677
2632
3145
3013
3217
3631
3288
2796
2802
2660
1910
1480
1421
900
192
-28
-273
-876
-1307
-1441
-1709
-2048
-2077
-2006
-1923
-1712
-1288
-748
-88
537
1230
2084
2842
3322
3752
4179
4174
3807
3627
3326
2527
1813
1388
755
-72
-549
-1001
-1792
-2449
-2773
-3320
-3995
-4291
-4539
-4962
-5085
-4880
-4853
-4621
-3892
-3119
-2510
-1597
-458
346
1051
2054
2783
3108
3525
3949
3889
3640
3561
3291
2789
2436
2125
1599
1164
825
414
-37
-391
-723
-1115
-1357
-1578
-1855
-1922
-1811
-1724
-1497
-998
-437
81
827
1651
2220
2805
3458
3815
3779
3749
3645
3154
2534
2055
1460
687
149
-263
-949
-1662
-2092
-2541
-3178
-3631
-3932
-4312
-4724
-4793
-4713
-4740
-4534
-3916
-3266
-2665
-1804
-789
56
774
1684
2412
2727
3079
3438
3497
3279
3121
2964
2587
2180
1858
1523
1076
721
415
116
-292
-653
-900
-1112
-1409
-1642
-1619
-1572
-1536
-1339
-842
-376
82
813
1576
2087
2611
3279
3582
3476
3414
3305
2770
2146
1777
1216
475
-11
-447
-1170
-1775
-2164
-2676
-3272
-3681
-4004
-4426
-4638
-4608
-4620
-4522
-4072
-3577
-3012
-2207
-1322
-571
219
1213
1915
2370
2943
3324
3304
3257
3235
2944
2553
2374
2125
1640
1366
1191
801
481
294
-10
-408
-631
-773
-1145
-1339
-1279
-1317
-1337
-1009
-637
-273
285
966
1500
2066
2705
3040
3149
3222
3213
2867
2444
2066
1534
930
450
43
-567
-1174
-1555
-2027
-2590
-2997
-3304
-3773
-4205
-4322
-4308
-4423
-4291
-3795
-3269
-2815
-2055
-1077
-353
366
1334
2027
2340
2744
3187
3196
2945
2856
2717
2306
1971
1806
1485
1116
897
692
340
26
-221
-478
-790
-1116
-1363
-1448
-1495
-1533
-1338
-961
-629
-169
542
1311
1807
2396
3058
3271
3208
3254
3138
2595
2082
1799
1258
495
47
-421
-1219
-1767
-2043
-2517
-3050
-3311
-3516
-3926
-4064
-3927
-3970
-3934
-3488
-2979
-2566
-1963
-1106
-384
309
1178
1843
2244
2722
3078
3138
3035
2914
2644
2268
1919
1549
1141
845
570
256
43
-131
-342
-534
-607
-799
-1050
-1093
-1070
-1196
-1120
-819
-565
-284
299
901
1304
1798
2460
2716
2763
2907
2788
2354
1937
1662
1105
480
87
-406
-1064
-1524
-1864
-2308
-2719
-2948
-3271
-3626
-3698
-3658
-3787
-3640
-3211
-2861
-2500
-1777
-1016
-483
224
1056
1606
1981
2554
2922
2938
2922
2954
2705
2335
2123
1845
1374
1079
890
555
230
57
-145
-399
-565
-715
-850
-900
-898
-924
-832
-602
-372
-82
396
861
1236
1712
2180
2306
2347
2446
2329
1940
1596
1281
753
195
-249
-752
-1338
-1784
-2136
-2508
-2747
-2922
-3207
-3360
-3296
-3331
-3393
-3154
-2794
-2591
-2199
-1506
-977
-525
216
992
1349
1730
2307
2556
2482
2552
2604
2326
2051
1907
1624
1234
957
791
550
321
164
67
-77
-243
-362
-463
-501
-556
-514
-408
-304
-154
157
499
739
1010
1409
1586
1589
1732
1704
1460
1132
894
563
73
-336
-749
-1245
-1684
-2006
-2357
-2573
-2737
-2862
-2887
-2790
-2710
-2669
-2413
-2056
-1819
-1581
-1072
-619
-264
229
860
1261
1559
2013
2356
2401
2420
2498
2362
2151
1994
1812
1494
1206
960
665
384
96
-133
-231
-342
-501
-537
-435
-398
-334
-71
199
313
593
965
1154
1232
1527
1761
1572
1397
1362
1102
649
359
110
-312
-747
-1059
-1465
-1978
-2303
-2578
-2906
-3071
-3181
-3277
-3252
-3051
-2840
-2640
-2173
-1638
-1259
-739
-169
324
730
1222
1642
1844
2050
2325
2332
2216
2137
1977
1730
1547
1370
1111
932
786
595
390
241
19
-211
-364
-488
-687
-719
-602
-495
-327
-2
388
732
1153
1649
1917
2128
2291
2242
2013
1726
1365
872
379
-16
-485
-980
-1375
-1779
-2180
-2505
-2836
-3165
-3320
-3408
-3588
-3599
-3305
-3104
-2931
-2371
-1730
-1325
-782
88
740
1063
1736
2374
2539
2639
2972
3010
2632
2421
2332
1901
1389
1201
975
601
326
240
50
-219
-336
-439
-617
-774
-868
-886
-812
-732
-514
-144
288
705
1262
1849
2193
2495
2850
2845
2580
2300
1968
1363
687
183
-391
-1080
-1637
-2050
-2582
-3021
-3306
-3503
-3706
-3880
-3967
-3902
-3725
-3520
-3182
-2614
-1963
-1388
-659
212
860
1419
2106
2712
2941
3119
3343
3274
2905
2656
2391
1854
1400
1129
794
388
175
30
-192
-347
-403
-516
-617
-709
-824
-838
-772
-730
-544
-156
266
696
1286
1942
2371
2742
3145
3218
3008
2783
2431
1748
1066
521
-180
-962
-1591
-2135
-2779
-3247
-3559
-3873
-4097
-4182
-4255
-4269
-4109
-3886
-3588
-3127
-2521
-1935
-1239
-346
448
1157
1932
2596
3040
3347
3650
3620
3376
3083
2714
2184
1646
1168
663
231
-102
-367
-641
-812
-895
-983
-1058
-1138
-1079
-1000
-866
-674
-392
58
530
1063
1688
2297
2807
3300
3646
3764
3671
3485
3080
2479
1895
1264
459
-410
-1178
-1866
-2626
-3240
-3673
-4101
-4456
-4593
-4556
-4480
-4353
-4015
-3523
-3020
-2438
-1700
-861
-167
588
1442
2141
2640
3155
3574
3667
3570
3512
3286
2754
2287
1892
1326
678
235
-146
-680
-1125
-1402
-1650
-1869
-2015
-2073
-2033
-1918
-1707
-1377
-995
-507
32
722
1410
1977
2597
3088
3347
3409
3406
3240
2833
2361
1900
1264
432
-292
-996
-1789
-2538
-3095
-3538
-4062
-4473
-4522
-4530
-4586
-4362
-3894
-3401
-2948
-2206
-1267
-469
293
1233
2118
2710
3278
3896
4173
4152
4183
4111
3692
3225
2853
2380
1731
1216
773
218
-320
-771
-1147
-1562
-1918
-2154
-2279
-2330
-2276
-2089
-1714
-1274
-741
-100
638
1260
1824
2463
2865
2977
3056
3057
2787
2351
2032
1587
859
215
-302
-1018
-1792
-2321
-2785
-3433
-3953
-4144
-4361
-4559
-4524
-4237
-3925
-3522
-2906
-2129
-1403
-645
307
1189
1886
2526
3184
3658
3802
3864
3902
3753
3393
3069
2712
2198
1647
1231
783
202
-290
-681
-1094
-1587
-1935
-2100
-2292
-2399
-2263
-2011
-1712
-1262
-623
57
667
1355
2013
2399
2593
2779
2829
2579
2324
2092
1702
1040
438
36
-596
-1329
-1854
-2179
-2747
-3297
-3496
-3629
-3939
-3998
-3686
-3468
-3304
-2806
-2013
-1446
-908
0
902
1491
2106
2853
3368
3503
3731
3891
3714
3427
3267
2979
2469
2010
1689
1236
646
229
-151
-599
-1093
-1469
-1691
-1943
-2184
-2179
-2001
-1871
-1561
-1000
-430
29
625
1292
1628
1829
2130
2246
2037
1802
1629
1279
660
190
-236
-873
-1495
-1892
-2267
-2881
-3248
-3387
-3528
-3768
-3784
-3505
-3261
-3027
-2568
-1855
-1296
-772
21
840
1388
1885
2597
3077
3135
3302
3570
3474
3164
3103
2972
2501
2046
1874
1473
890
499
185
-268
-775
-1089
-1343
-1653
-1867
-1882
-1799
-1703
-1427
-932
-459
18
588
1103
1474
1688
1887
1990
1894
1713
1582
1253
653
236
-62
-625
-1259
-1536
-1862
-2468
-2838
-2876
-3093
-3467
-3362
-3075
-3077
-2919
-2308
-1784
-1471
-813
75
623
1059
1813
2408
2548
2763
3065
3078
2873
2817
2735
2425
2131
1937
1672
1286
961
698
365
-43
-433
-743
-974
-1290
-1553
-1632
-1655
-1673
-1480
-1070
-715
-378
157
619
805
1000
1263
1271
1136
1067
983
667
249
16
-294
-811
-1216
-1408
-1731
-2164
-2343
-2399
-2593
-2711
-2564
-2402
-2307
-2045
-1574
-1150
-776
-219
432
941
1350
1874
2308
2481
2605
2754
2723
2553
2437
2349
2109
1863
1706
1533
1252
977
797
595
283
17
-140
-336
-577
-739
-758
-822
-908
-789
-567
-479
-300
5
179
170
237
318
205
23
-21
-138
-519
-813
-992
-1298
-1664
-1837
-1926
-2190
-2351
-2319
-2318
-2364
-2301
-2038
-1791
-1535
-1193
-747
-352
19
526
1038
1387
1751
2143
2353
2376
2402
2463
2380
2172
2045
1952
1673
1393
1256
1052
714
479
443
273
61
-14
-28
-114
-194
-94
-14
-31
40
258
361
406
489
580
505
288
195
48
-203
-450
-602
-818
-1207
-1480
-1698
-1990
-2325
-2496
-2523
-2704
-2898
-2777
-2574
-2537
-2379
-1940
-1504
-1217
-732
-53
346
697
1251
1730
1889
2089
2452
2513
2349
2324
2336
2062
1769
1733
1627
1285
1089
1016
745
443
313
201
-57
-197
-147
-117
-151
-11
284
466
598
847
1091
1165
1272
1325
1254
1043
820
587
157
-255
-565
-846
-1295
-1727
-2016
-2349
-2776
-3073
-3171
-3346
-3526
-3512
-3269
-3168
-3016
-2545
-2049
-1681
-1197
-479
60
461
1015
1653
1974
2148
2470
2650
2512
2380
2438
2273
1974
1853
1769
1441
1160
1085
915
555
310
212
21
-257
-354
-265
-266
-192
101
475
735
1042
1495
1787
1923
2031
2078
1880
1538
1234
873
357
-111
-420
-829
-1414
-1844
-2116
-2526
-2939
-3099
-3220
-3484
-3615
-3469
-3295
-3275
-2994
-2416
-1932
-1498
-824
-46
473
958
1639
2098
2288
2511
2767
2589
2311
2215
2058
1627
1249
1146
867
530
335
224
-71
-314
-376
-472
-685
-761
-637
-579
-482
-217
167
504
802
1249
1706
1985
2216
2393
2341
2122
1810
1452
971
422
-31
-459
-1040
-1645
-2008
-2347
-2867
-3226
-3322
-3506
-3725
-3667
-3436
-3328
-3118
-2638
-2080
-1654
-1038
-168
500
1039
1721
2392
2781
2954
3212
3323
3032
2724
2505
2132
1600
1251
969
550
136
-121
-318
-657
-908
-913
-947
-1141
-1165
-922
-778
-647
-290
238
620
1037
1656
2128
2400
2650
2866
2797
2455
2146
1807
1241
641
145
-400
-1098
-1750
-2220
-2757
-3294
-3618
-3808
-4028
-4194
-4076
-3786
-3577
-3295
-2673
-2004
-1495
-846
66
784
1314
2066
2793
3150
3376
3736
3759
3392
3124
2890
2337
1682
1338
938
321
-164
-436
-828
-1295
-1495
-1656
-1904
-2022
-1861
-1669
-1473
-1098
-569
-50
458
1091
1667
2119
2486
2767
2868
2801
2587
2249
1881
1435
906
427
-140
-847
-1459
-1975
-2575
-3172
-3457
-3676
-4038
-4132
-3878
-3693
-3585
-3069
-2359
-1851
-1284
-382
433
940
1703
2553
2981
3211
3645
3865
3633
3414
3333
2934
2334
1950
1572
969
398
34
-405
-951
-1303
-1504
-1845
-2147
-2202
-2125
-2046
-1801
-1360
-856
-309
291
935
1526
1995
2414
2679
2679
2506
2299
2037
1638
1111
708
276
-358
-968
-1455
-1976
-2639
-3036
-3289
-3696
-3993
-3912
-3753
-3702
-3413
-2783
-2244
-1787
-995
-56
590
1198
2022
2688
3014
3363
3744
3733
3486
3401
3182
2646
2186
1857
1371
751
306
-23
-461
-950
-1270
-1544
-1881
-2062
-2101
-2051
-1992
-1677
-1184
-737
-209
483
1184
1683
2145
2534
2707
2601
2454
2234
1806
1354
970
587
-15
-611
-997
-1499
-2144
-2578
-2797
-3179
-3604
-3664
-3586
-3599
-3461
-2978
-2445
-1999
-1348
-464
246
854
1665
2390
2820
3155
3599
3729
3529
3358
3177
2727
2195
1793
1353
765
265
-100
-598
-1064
-1412
-1637
-2012
-2315
-2382
-2345
-2358
-2193
-1775
-1364
-899
-323
403
985
1514
2083
2398
2447
2437
2335
1996
1591
1247
868
345
-285
-782
-1256
-1835
-2384
-2765
-3057
-3408
-3594
-3534
-3414
-3337
-3004
-2435
-1922
-1433
-648
245
877
1521
2373
3060
3396
3791
4221
4213
3969
3904
3693
3109
2600
2248
1694
969
505
70
-598
-1208
-1536
-1877
-2367
-2543
-2490
-2462
-2397
-2045
-1624
-1237
-720
-55
520
969
1478
1934
2134
2118
2067
1929
1617
1271
901
492
-38
-639
-1129
-1737
-2357
-2881
-3198
-3547
-3857
-3910
-3785
-3623
-3413
-2893
-2301
-1720
-1048
-195
557
1190
1899
2628
3161
3542
3898
4083
4015
3882
3759
3467
3052
2626
2158
1629
1056
474
-112
-670
-1243
-1773
-2236
-2580
-2795
-2817
-2712
-2498
-2100
-1621
-1056
-510
87
695
1239
1655
1885
1975
1979
1898
1680
1437
1220
879
470
-67
-602
-1163
-1748
-2331
-2812
-3216
-3598
-3826
-3841
-3738
-3593
-3167
-2554
-1957
-1324
-452
448
1081
1758
2586
3185
3470
3810
4178
4126
3957
3934
3761
3252
2872
2587
2014
1369
879
408
-295
-923
-1370
-1923
-2462
-2726
-2803
-2944
-2847
-2478
-2076
-1638
-1011
-341
239
795
1342
1740
1874
1940
1908
1696
1434
1190
880
510
18
-489
-1001
-1576
-2160
-2698
-3102
-3575
-3964
-4094
-4056
-4003
-3784
-3240
-2599
-2028
-1236
-246
570
1325
2199
2917
3379
3823
4256
4420
4289
4265
4182
3826
3438
3143
2716
2146
1629
1081
421
-211
-765
-1369
-1956
-2372
-2659
-2824
-2891
-2709
-2401
-1942
-1404
-793
-140
442
1006
1430
1704
1849
1885
1774
1615
1395
1133
851
477
-41
-524
-975
-1573
-2193
-2707
-3141
-3650
-4014
-4112
-4110
-4064
-3776
-3219
-2620
-1997
-1116
-138
608
1396
2300
2958
3393
3846
4248
4277
4181
4169
3964
3610
3272
2991
2487
1979
1525
984
334
-265
-786
-1444
-2014
-2417
-2701
-2885
-2900
-2681
-2410
-1978
-1417
-827
-273
340
874
1202
1463
1580
1532
1368
1244
1042
778
474
70
-366
-813
-1248
-1798
-2238
-2644
-3075
-3414
-3586
-3639
-3713
-3495
-3110
-2672
-2171
-1406
-563
170
891
1779
2525
3033
3582
4036
4218
4150
4186
4079
3730
3411
3151
2752
2209
1766
1344
755
170
-292
-793
-1400
-1870
-2170
-2429
-2636
-2586
-2350
-2125
-1802
-1253
-683
-254
236
738
1017
1096
1199
1240
1091
916
800
642
214
-218
-495
-932
-1507
-1990
-2310
-2674
-3129
-3354
-3346
-3432
-3456
-3087
-2637
-2251
-1724
-904
-176
410
1214
2080
2634
3051
3681
4078
4051
4037
4156
3921
3501
3272
2986
2490
1948
1604
1154
503
-20
-393
-888
-1488
-1869
-2039
-2299
-2474
-2281
-2034
-1856
-1536
-987
-430
-70
391
845
1048
1041
1122
1112
821
580
494
298
-230
-669
-880
-1335
-1958
-2295
-2435
-2887
-3293
-3290
-3204
-3365
-3326
-2785
-2371
-2097
-1471
-522
29
522
1428
2261
2664
3072
3777
4068
3914
4024
4176
3750
3274
3134
2801
2115
1639
1402
855
142
-228
-524
-1126
-1629
-1774
-1959
-2318
-2328
-2092
-1974
-1803
-1341
-776
-438
-77
442
791
832
849
984
890
605
468
388
71
-420
-763
-1026
-1587
-2149
-2394
-2642
-3075
-3370
-3250
-3165
-3257
-2988
-2450
-2046
-1665
-903
-88
407
997
1868
2529
2845
3392
3995
4145
4016
4147
4140
3639
3295
3208
2794
2127
1761
1440
806
172
-145
-521
-1148
-1501
-1628
-1873
-2112
-1994
-1750
-1642
-1431
-982
-514
-215
118
550
854
894
927
1029
872
553
409
271
-119
-585
-885
-1230
-1824
-2337
-2585
-2902
-3307
-3495
-3443
-3429
-3382
-3051
-2595
-2165
-1658
-954
-223
391
1034
1805
2453
2893
3347
3786
3987
3936
3907
3816
3497
3097
2809
2445
1926
1461
1067
599
25
-370
-791
-1253
-1604
-1782
-1892
-2024
-1937
-1742
-1512
-1274
-876
-400
-8
320
714
1055
1132
1161
1156
1023
774
534
315
-23
-448
-853
-1253
-1752
-2215
-2559
-2877
-3159
-3378
-3417
-3395
-3304
-3145
-2780
-2247
-1727
-1049
-294
420
1032
1750
2446
2950
3331
3715
3995
3958
3847
3738
3456
3020
2714
2312
1768
1297
895
479
-39
-437
-783
-1133
-1481
-1677
-1803
-1889
-1832
-1687
-1438
-1142
-734
-335
94
481
831
1207
1395
1373
1341
1298
988
662
464
163
-335
-841
-1218
-1714
-2234
-2611
-2861
-3200
-3538
-3571
-3523
-3478
-3340
-2916
-2403
-1872
-1258
-487
303
945
1667
2402
2991
3392
3795
4122
4133
3986
3865
3633
3140
2716
2356
1849
1243
830
444
-85
-521
-854
-1150
-1518
-1769
-1867
-1918
-1930
-1787
-1494
-1260
-946
-472
91
498
882
1363
1674
1696
1636
1612
1337
938
617
329
-138
-728
-1153
-1597
-2159
-2640
-2916
-3195
-3574
-3736
-3649
-3614
-3551
-3202
-2724
-2192
-1630
-847
-14
655
1407
2211
2868
3336
3765
4096
4213
4060
3851
3586
3135
2639
2206
1765
1194
748
391
-104
-593
-943
-1190
-1504
-1792
-1929
-1940
-2001
-1939
-1726
-1410
-1075
-651
-52
464
911
1351
1775
1964
1918
1872
1701
1281
798
454
3
-548
-1104
-1453
-1905
-2498
-2865
-3064
-3280
-3581
-3632
-3467
-3418
-3369
-2918
-2339
-1877
-1249
-291
551
1157
1951
2885
3416
3698
4157
4452
4246
3930
3840
3393
2614
2177
1858
1190
587
299
-45
-632
-983
-1115
-1424
-1734
-1846
-1865
-1966
-1952
-1705
-1402
-1103
-699
-159
406
902
1375
1926
2271
2288
2254
2173
1812
1244
794
385
-220
-884
-1354
-1789
-2357
-2824
-3053
-3307
-3628
-3785
-3789
-3764
-3692
-3400
-2921
-2376
-1763
-1028
-124
710
1461
2294
3099
3628
4008
4344
4453
4240
3895
3582
3018
2308
1820
1320
654
142
-137
-498
-963
-1198
-1309
-1624
-1870
-1872
-1865
-1933
-1826
-1516
-1237
-931
-403
236
793
1318
1878
2351
2529
2567
2464
2197
1708
1179
673
124
-486
-1094
-1592
-2095
-2605
-3025
-3276
-3556
-3814
-3954
-3948
-3882
-3665
-3284
-2808
-2201
-1505
-649
225
1055
1896
2738
3413
3867
4192
4410
4405
4143
3768
3346
2832
2254
1662
1105
548
79
-316
-653
-997
-1302
-1464
-1632
-1816
-1924
-1862
-1802
-1716
-1461
-1050
-620
-157
468
1119
1614
2041
2499
2722
2589
2448
2211
1688
1083
627
167
-468
-1108
-1551
-1969
-2566
-2996
-3253
-3503
-3868
-4058
-3949
-3906
-3777
-3385
-2741
-2151
-1459
-473
489
1176
1974
2874
3434
3727
4013
4287
4082
3713
3451
3025
2341
1770
1356
787
198
-157
-394
-838
-1205
-1354
-1539
-1785
-1955
-1926
-1954
-1917
-1678
-1325
-956
-522
112
726
1289
1809
2383
2727
2765
2677
2547
2145
1583
1141
719
189
-407
-899
-1364
-1890
-2336
-2686
-3025
-3405
-3683
-3785
-3795
-3748
-3510
-3073
-2528
-1848
-1115
-213
640
1459
2237
2918
3370
3663
3865
3899
3701
3361
2980
2487
1953
1445
941
494
81
-282
-647
-905
-1170
-1409
-1608
-1737
-1836
-1967
-1880
-1783
-1611
-1340
-799
-321
132
780
1411
1830
2155
2571
2593
2358
2096
1778
1246
729
347
-47
-583
-1140
-1487
-1923
-2373
-2738
-2980
-3168
-3496
-3590
-3473
-3317
-3166
-2746
-2044
-1411
-785
107
1065
1705
2324
3034
3513
3609
3720
3860
3575
3088
2745
2397
1707
1144
883
467
-79
-378
-475
-823
-1177
-1293
-1307
-1575
-1767
-1661
-1620
-1657
-1461
-992
-626
-245
370
1059
1541
1918
2346
2617
2532
2305
2095
1691
1121
649
297
-133
-722
-1183
-1486
-1924
-2479
-2777
-2922
-3252
-3544
-3572
-3432
-3386
-3146
-2599
-1995
-1439
-709
220
921
1545
2264
2908
3189
3379
3631
3573
3212
2805
2539
2042
1426
1064
716
198
-186
-317
-539
-848
-1049
-1081
-1253
-1442
-1536
-1541
-1552
-1541
-1276
-933
-586
-130
498
1064
1518
1955
2315
2491
2420
2264
1994
1548
1017
576
137
-314
-746
-1186
-1471
-1868
-2315
-2639
-2839
-3127
-3386
-3383
-3281
-3217
-2975
-2442
-1856
-1279
-541
320
987
1560
2249
2816
3113
3327
3496
3371
2997
2672
2307
1793
1271
957
614
214
-81
-261
-465
-674
-814
-954
-1094
-1277
-1407
-1470
-1455
-1424
-1225
-887
-543
-94
395
979
1492
1869
2170
2374
2312
2112
1912
1502
1036
630
258
-138
-554
-1008
-1341
-1666
-2071
-2450
-2651
-2867
-3221
-3321
-3166
-3044
-2955
-2518
-1893
-1441
-932
-31
733
1209
1778
2500
2783
2771
2980
3038
2591
2165
2014
1594
969
656
519
97
-227
-259
-383
-619
-708
-705
-831
-1029
-1167
-1199
-1227
-1217
-1047
-711
-310
88
619
1186
1669
1988
2327
2574
2425
2191
2008
1650
1082
681
394
-1
-487
-876
-1125
-1577
-2035
-2264
-2467
-2804
-3071
-3078
-3025
-3029
-2879
-2482
-1995
-1534
-930
-119
547
1038
1695
2319
2548
2687
2882
2861
2474
2135
1950
1509
906
646
494
118
-163
-136
-254
-555
-641
-657
-813
-1065
-1153
-1208
-1343
-1301
-1073
-769
-487
-39
523
1041
1486
1890
2230
2396
2344
2191
1992
1563
1125
789
444
59
-270
-669
-1048
-1404
-1795
-2147
-2426
-2694
-3019
-3177
-3181
-3120
-3000
-2660
-2121
-1593
-1057
-300
453
992
1551
2192
2551
2682
2811
2875
2569
2222
1987
1676
1190
859
725
425
177
113
27
-230
-453
-555
-740
-1047
-1231
-1320
-1422
-1464
-1313
-974
-648
-203
367
929
1458
1846
2192
2397
2384
2199
2000
1653
1175
816
503
171
-239
-593
-886
-1305
-1754
-2078
-2350
-2721
-3062
-3227
-3335
-3395
-3291
-2995
-2559
-2030
-1378
-642
26
673
1308
1877
2285
2546
2712
2741
2587
2257
1986
1681
1266
973
772
557
297
181
86
-99
-318
-456
-675
-1000
-1243
-1372
-1434
-1476
-1332
-1067
-698
-257
265
848
1433
1924
2291
2589
2628
2508
2333
2052
1669
1252
958
653
257
-173
-504
-901
-1408
-1851
-2159
-2515
-3004
-3265
-3339
-3446
-3507
-3268
-2816
-2415
-1900
-1081
-256
317
954
1719
2179
2347
2573
2805
2629
2292
2166
1910
1395
1103
1032
736
401
364
315
-5
-258
-348
-571
-974
-1275
-1381
-1514
-1612
-1454
-1088
-763
-357
203
821
1327
1788
2215
2490
2566
2434
2335
2068
1659
1317
1046
726
287
-117
-467
-945
-1503
-1904
-2270
-2750
-3205
-3468
-3695
-3862
-3806
-3547
-3250
-2815
-2185
-1379
-674
6
775
1451
1895
2239
2549
2673
2589
2434
2288
1976
1624
1381
1223
930
700
597
439
169
-94
-272
-565
-895
-1183
-1402
-1576
-1613
-1464
-1189
-784
-296
296
895
1448
1975
2424
2815
2944
2884
2796
2562
2156
1801
1513
1150
749
269
-152
-592
-1169
-1713
-2125
-2561
-3120
-3445
-3615
-3834
-3938
-3724
-3298
-2926
-2430
-1640
-810
-226
503
1324
1819
2078
2432
2707
2577
2352
2287
2054
1529
1273
1152
811
445
362
232
-167
-436
-617
-911
-1314
-1566
-1723
-1900
-1949
-1777
-1460
-1121
-624
-10
624
1219
1785
2283
2668
2889
2862
2835
2663
2356
2018
1753
1469
1017
535
108
-380
-1035
-1574
-2022
-2479
-3057
-3428
-3607
-3869
-3981
-3829
-3435
-3065
-2503
-1719
-945
-266
436
1210
1773
2146
2489
2752
2700
2536
2408
2186
1821
1521
1338
1037
743
560
365
73
-205
-421
-770
-1092
-1387
-1614
-1760
-1836
-1724
-1492
-1150
-701
-163
433
1098
1678
2151
2550
2841
2899
2808
2681
2426
2087
1773
1495
1106
556
124
-289
-879
-1525
-1961
-2384
-3053
-3477
-3668
-3909
-4089
-3894
-3534
-3227
-2724
-1950
-1193
-588
211
996
1535
1954
2408
2705
2648
2538
2489
2270
1873
1674
1465
1148
896
758
531
261
32
-219
-586
-914
-1178
-1526
-1721
-1780
-1715
-1580
-1272
-792
-287
301
932
1560
2065
2464
2817
2919
2871
2755
2577
2220
1816
1534
1175
638
91
-286
-802
-1455
-1977
-2347
-2916
-3458
-3671
-3799
-4018
-4062
-3688
-3286
-2908
-2232
-1335
-636
-29
810
1489
1857
2190
2542
2614
2409
2334
2198
1820
1519
1415
1216
901
754
629
341
86
-122
-472
-839
-1148
-1415
-1678
-1802
-1704
-1548
-1255
-781
-249
290
953
1597
2077
2503
2883
2996
2860
2776
2558
2158
1786
1526
1157
553
120
-254
-829
-1457
-1846
-2258
-2922
-3378
-3561
-3797
-4088
-4008
-3701
-3397
-2997
-2289
-1441
-747
-13
790
1451
1822
2215
2526
2539
2354
2261
2089
1701
1418
1287
1148
838
722
664
419
123
-67
-285
-684
-1014
-1274
-1477
-1643
-1609
-1361
-1039
-628
-92
578
1247
1828
2340
2816
3141
3090
3067
2937
2565
2140
1859
1512
936
446
80
-438
-1101
-1547
-1894
-2433
-3065
-3357
-3589
-3988
-4110
-3926
-3658
-3396
-2843
-2022
-1334
-679
155
923
1403
1816
2251
2455
2318
2193
2082
1777
1384
1182
1033
792
629
584
474
199
12
-135
-477
-843
-1095
-1341
-1620
-1705
-1648
-1462
-1165
-711
-108
503
1195
1817
2347
2735
2978
3035
2907
2733
2405
2008
1657
1328
806
270
-101
-574
-1203
-1712
-1978
-2457
-3060
-3368
-3447
-3693
-3891
-3634
-3213
-2923
-2457
-1589
-829
-264
490
1364
1793
1975
2391
2689
2443
2171
2123
1848
1344
1134
1106
835
570
611
602
304
50
-8
-268
-725
-1011
-1138
-1356
-1558
-1479
-1212
-940
-607
-7
637
1178
1685
2233
2627
2692
2675
2663
2399
1941
1570
1394
953
345
-10
-290
-860
-1457
-1748
-2039
-2620
-3082
-3198
-3447
-3731
-3704
-3409
-3201
-2888
-2137
-1341
-791
-105
785
1409
1717
2083
2446
2449
2189
2055
1868
1477
1143
1060
905
624
582
606
474
270
178
81
-184
-552
-789
-973
-1220
-1326
-1255
-1012
-770
-326
252
793
1319
1864
2351
2581
2615
2559
2416
2046
1612
1289
995
585
43
-283
-572
-1099
-1586
-1836
-2146
-2725
-3072
-3191
-3400
-3684
-3539
-3179
-2960
-2628
-1874
-1085
-611
98
989
1531
1792
2181
2507
2375
2120
2036
1847
1356
1092
1068
850
556
571
653
499
321
244
135
-192
-480
-681
-898
-1125
-1204
-1085
-891
-622
-142
441
966
1429
1982
2407
2526
2465
2458
2230
1784
1420
1137
803
244
-200
-468
-878
-1463
-1820
-1996
-2430
-2956
-3133
-3230
-3532
-3670
-3417
-3122
-2954
-2453
-1639
-1037
-535
279
1111
1478
1752
2176
2324
2069
1911
1890
1521
1072
957
899
628
466
585
591
435
395
364
200
-120
-381
-546
-808
-999
-959
-774
-540
-207
344
889
1361
1804
2322
2639
2603
2612
2519
2167
1701
1430
1162
655
154
-144
-480
-1061
-1436
-1657
-2009
-2461
-2660
-2827
-3101
-3258
-3182
-2992
-2842
-2486
-1933
-1340
-828
-169
539
1060
1454
1831
2080
2024
1865
1764
1543
1186
893
741
534
324
239
291
240
153
124
65
-140
-442
-573
-757
-969
-1066
-930
-750
-574
-149
411
868
1271
1777
2176
2252
2217
2207
1983
1588
1266
1039
696
206
-172
-435
-858
-1301
-1567
-1809
-2241
-2630
-2712
-2866
-3082
-3084
-2826
-2602
-2387
-1887
-1294
-795
-246
484
1061
1356
1697
2073
2115
1933
1889
1789
1415
1124
1017
791
562
523
569
462
383
419
361
185
-52
-219
-382
-572
-701
-717
-655
-490
-201
209
638
1012
1374
1727
1897
1822
1794
1697
1405
1081
865
607
101
-335
-515
-845
-1370
-1624
-1705
-2091
-2517
-2520
-2622
-2919
-2947
-2622
-2448
-2359
-1859
-1236
-898
-486
238
789
1022
1421
1890
1945
1785
1770
1702
1346
1043
977
796
505
423
515
437
364
416
483
378
209
87
-43
-185
-362
-376
-364
-272
-123
195
604
942
1296
1698
1935
1890
1839
1730
1412
1019
796
545
154
-245
-527
-780
-1223
-1555
-1684
-1882
-2256
-2461
-2449
-2577
-2716
-2606
-2341
-2180
-1957
-1458
-907
-544
-83
577
1048
1261
1545
1878
1845
1608
1561
1403
981
708
667
478
209
257
339
227
130
229
241
62
-71
-93
-163
-357
-385
-274
-207
-100
194
604
919
1179
1480
1753
1725
1591
1517
1332
899
579
506
182
-363
-635
-726
-1216
-1642
-1713
-1842
-2284
-2490
-2317
-2432
-2666
-2462
-2070
-1962
-1746
-1155
-665
-411
26
687
1077
1250
1570
1868
1767
1556
1570
1431
1049
785
753
557
263
209
315
259
136
206
320
151
-34
28
21
-215
-246
-37
-6
-12
302
759
956
1115
1543
1829
1711
1593
1613
1393
932
713
604
237
-231
-463
-651
-1046
-1413
-1521
-1654
-2073
-2299
-2258
-2321
-2470
-2410
-2088
-1882
-1707
-1277
-752
-475
-157
374
834
986
1140
1476
1483
1218
1133
1096
757
369
313
205
-131
-230
-105
-166
-220
-80
27
-28
-125
-48
-32
-137
-167
-7
132
212
391
725
1008
1210
1474
1730
1784
1639
1552
1397
994
666
529
344
-1
-377
-489
-762
-1190
-1434
-1470
-1691
-2009
-2045
-2023
-2105
-2122
-1823
-1492
-1268
-967
-416
-22
231
644
1129
1324
1364
1542
1641
1373
1112
1018
803
427
182
122
-104
-333
-355
-303
-381
-457
-352
-293
-378
-402
-253
-160
-226
-117
99
230
334
632
995
1187
1357
1611
1709
1513
1349
1263
952
521
316
202
-160
-587
-724
-873
-1305
-1630
-1604
-1742
-2123
-2172
-1979
-2038
-2143
-1797
-1358
-1169
-869
-212
270
477
839
1379
1546
1485
1696
1816
1498
1197
1130
889
460
232
181
-87
-400
-412
-348
-516
-631
-487
-410
-526
-529
-336
-246
-258
-76
242
413
484
855
1189
1307
1456
1774
1876
1588
1416
1286
899
402
210
63
-416
-862
-934
-1135
-1631
-1888
-1808
-2004
-2396
-2320
-2086
-2190
-2184
-1687
-1223
-1066
-700
65
522
735
1218
1757
1861
1829
2050
2115
1737
1455
1377
1024
526
270
174
-133
-447
-457
-451
-682
-808
-718
-677
-799
-808
-559
-426
-389
-201
199
356
512
904
1337
1485
1589
1923
2000
1672
1412
1307
865
310
69
-79
-556
-1036
-1140
-1319
-1829
-2106
-2007
-2175
-2572
-2544
-2334
-2430
-2448
-1964
-1461
-1226
-761
43
552
849
1383
1951
2062
2082
2268
2255
1852
1526
1421
1026
505
265
102
-234
-540
-582
-599
-792
-853
-810
-822
-878
-856
-689
-518
-363
-105
264
563
813
1155
1584
1865
1996
2202
2366
2198
1900
1668
1277
711
286
78
-281
-789
-1078
-1182
-1574
-1992
-2049
-2080
-2457
-2653
-2455
-2398
-2485
-2176
-1569
-1182
-828
-136
620
972
1387
1977
2262
2198
2249
2338
1994
1482
1211
942
400
-64
-214
-457
-815
-981
-984
-1164
-1326
-1261
-1234
-1289
-1294
-1108
-930
-756
-433
-43
309
641
1046
1492
1845
2073
2300
2440
2334
2029
1750
1370
843
351
31
-339
-867
-1263
-1407
-1698
-2106
-2251
-2209
-2420
-2653
-2463
-2339
-2368
-2099
-1474
-1044
-678
79
906
1347
1793
2442
2769
2738
2813
2884
2518
2026
1727
1395
807
345
128
-205
-629
-824
-899
-1133
-1296
-1329
-1312
-1364
-1390
-1260
-1032
-840
-590
-203
185
520
886
1429
1796
1991
2226
2410
2259
1833
1563
1239
641
108
-102
-474
-1130
-1494
-1592
-1956
-2391
-2372
-2320
-2664
-2840
-2611
-2545
-2645
-2311
-1690
-1289
-877
-75
721
1187
1703
2364
2731
2817
2935
2950
2596
2157
1804
1388
821
338
-11
-338
-643
-881
-1005
-1147
-1275
-1392
-1444
-1452
-1483
-1456
-1239
-934
-738
-376
158
576
959
1473
1964
2225
2416
2641
2626
2259
1899
1586
1039
377
9
-328
-950
-1419
-1561
-1833
-2290
-2419
-2295
-2560
-2836
-2677
-2469
-2562
-2390
-1727
-1206
-855
-152
762
1293
1749
2471
3038
3095
3145
3325
3072
2458
2054
1720
1096
497
183
-138
-645
-957
-1022
-1213
-1525
-1586
-1522
-1616
-1697
-1610
-1398
-1207
-1005
-638
-143
216
582
1153
1676
1959
2224
2558
2589
2265
1991
1727
1159
495
135
-213
-945
-1474
-1599
-1925
-2440
-2553
-2407
-2647
-2900
-2654
-2458
-2620
-2397
-1741
-1343
-1027
-250
662
1146
1680
2484
2989
3074
3249
3458
3150
2646
2338
1988
1306
749
428
-60
-589
-895
-1038
-1293
-1570
-1662
-1692
-1767
-1865
-1791
-1591
-1400
-1181
-787
-314
56
519
1101
1654
1961
2291
2657
2684
2399
2177
1910
1296
655
308
-138
-894
-1369
-1561
-1965
-2505
-2581
-2475
-2778
-2946
-2669
-2522
-2642
-2382
-1779
-1384
-1064
-285
538
1024
1613
2363
2848
2982
3266
3474
3196
2796
2550
2122
1438
864
502
33
-475
-808
-1060
-1359
-1608
-1722
-1831
-1869
-1925
-1927
-1744
-1530
-1324
-971
-431
-6
415
1062
1658
1995
2319
2753
2806
2499
2277
2084
1489
820
502
54
-782
-1293
-1474
-1950
-2511
-2558
-2462
-2805
-2975
-2661
-2467
-2635
-2343
-1728
-1330
-1042
-253
631
1122
1672
2489
3003
3105
3337
3551
3339
2829
2554
2203
1521
895
522
76
-483
-874
-1086
-1327
-1666
-1839
-1843
-1923
-2102
-2038
-1760
-1617
-1408
-940
-421
-100
335
1051
1584
1858
2212
2640
2598
2322
2242
2002
1322
767
528
-79
-952
-1387
-1611
-2212
-2721
-2642
-2663
-3018
-3046
-2683
-2603
-2680
-2237
-1617
-1325
-946
-52
695
1112
1774
2594
3014
3162
3496
3691
3421
3033
2768
2296
1612
1064
661
128
-420
-775
-1044
-1368
-1684
-1796
-1843
-1962
-2101
-2006
-1816
-1669
-1446
-1016
-578
-224
269
866
1375
1701
2113
2498
2473
2285
2195
1899
1336
830
530
-84
-883
-1315
-1636
-2248
-2738
-2737
-2846
-3141
-3054
-2706
-2647
-2630
-2117
-1507
-1182
-740
177
890
1302
1978
2764
3151
3332
3688
3819
3502
3125
2936
2449
1763
1250
846
253
-313
-655
-989
-1363
-1658
-1792
-1914
-2032
-2081
-1968
-1802
-1629
-1355
-948
-543
-191
299
877
1310
1649
2056
2389
2370
2171
2053
1763
1227
762
408
-213
-969
-1429
-1819
-2428
-2878
-2921
-3007
-3300
-3229
-2902
-2805
-2744
-2224
-1596
-1296
-773
87
802
1256
1888
2656
3033
3214
3580
3736
3461
3174
2935
2530
1881
1345
931
359
-231
-641
-936
-1291
-1625
-1782
-1901
-2060
-2150
-2067
-1854
-1674
-1403
-968
-524
-182
276
861
1275
1586
1970
2297
2246
2067
1984
1722
1222
822
551
-76
-838
-1263
-1651
-2316
-2768
-2789
-2957
-3230
-3154
-2833
-2768
-2630
-2056
-1487
-1174
-616
234
834
1277
1961
2638
2934
3195
3575
3661
3402
3215
3035
2540
1938
1497
1006
380
-137
-506
-887
-1302
-1555
-1735
-1927
-2042
-2075
-1996
-1845
-1668
-1406
-940
-522
-136
348
875
1274
1583
1943
2163
2084
1940
1882
1582
1102
755
437
-189
-855
-1283
-1719
-2337
-2718
-2797
-3047
-3282
-3135
-2855
-2799
-2562
-1966
-1428
-1067
-419
348
876
1373
2036
2610
2906
3219
3529
3535
3315
3187
2921
2452
1981
1598
1092
487
18
-358
-807
-1226
-1521
-1749
-1920
-2045
-2085
-2001
-1833
-1677
-1358
-938
-523
-141
342
822
1146
1433
1793
1995
1885
1825
1727
1438
970
768
386
-272
-854
-1229
-1744
-2452
-2685
-2761
-3112
-3341
-2994
-2763
-2813
-2464
-1730
-1289
-1022
-252
553
920
1358
2155
2635
2737
3090
3481
3318
2971
2992
2855
2260
1784
1574
1097
392
-11
-304
-854
-1326
-1482
-1664
-1977
-2111
-2012
-1952
-1881
-1629
-1236
-829
-494
-45
512
917
1213
1605
1887
1907
1822
1740
1566
1170
845
658
179
-497
-907
-1252
-1879
-2441
-2536
-2714
-3138
-3176
-2853
-2774
-2729
-2167
-1487
-1183
-706
208
815
1162
1816
2587
2821
2957
3397
3550
3226
3045
3039
2656
2046
1706
1411
802
257
-61
-458
-996
-1315
-1495
-1761
-2069
-2139
-2074
-2033
-1916
-1680
-1273
-883
-503
-26
521
916
1219
1623
1858
1778
1663
1631
1413
985
685
467
-85
-729
-1048
-1426
-2078
-2471
-2519
-2798
-3147
-3018
-2734
-2723
-2545
-1906
-1364
-1049
-404
485
1005
1399
2149
2771
2955
3152
3456
3450
3174
3075
2922
2439
1919
1609
1212
579
98
-229
-641
-1145
-1423
-1632
-1911
-2151
-2190
-2096
-2019
-1854
-1554
-1135
-789
-422
106
628
943
1238
1609
1755
1606
1524
1464
1153
774
545
193
-427
-906
-1202
-1710
-2297
-2468
-2584
-2950
-3110
-2806
-2650
-2683
-2264
-1578
-1121
-687
187
925
1322
1886
2648
3039
3171
3524
3750
3579
3315
3262
2999
2424
1985
1711
1211
623
228
-112
-623
-1096
-1340
-1585
-1897
-2135
-2150
-2067
-2049
-1911
-1493
-1087
-803
-366
232
633
865
1237
1533
1495
1341
1325
1134
646
354
194
-328
-984
-1232
-1571
-2240
-2676
-2739
-3028
-3390
-3263
-2971
-2958
-2801
-2135
-1536
-1201
-536
397
939
1386
2167
2850
3060
3321
3728
3771
3469
3335
3247
2795
2273
2016
1688
1118
686
372
-63
-551
-872
-1121
-1440
-1704
-1839
-1871
-1838
-1712
-1459
-1125
-785
-412
23
495
876
1164
1449
1606
1481
1352
1203
893
501
238
-79
-685
-1186
-1494
-1933
-2522
-2783
-2887
-3167
-3372
-3162
-2996
-2977
-2612
-1968
-1492
-1138
-349
481
947
1516
2332
2830
3015
3395
3711
3536
3220
3167
2956
2395
2017
1767
1325
766
436
117
-408
-788
-989
-1269
-1634
-1803
-1821
-1866
-1823
-1600
-1331
-997
-622
-205
223
607
993
1305
1514
1573
1518
1380
1185
924
627
334
-106
-629
-1058
-1463
-1957
-2362
-2556
-2780
-3048
-3084
-2849
-2819
-2655
-2148
-1577
-1242
-645
229
776
1240
1945
2607
2892
3161
3548
3641
3396
3301
3230
2778
2277
2000
1639
1063
632
344
-100
-584
-910
-1151
-1539
-1785
-1891
-1973
-1974
-1835
-1656
-1392
-1041
-637
-207
224
667
977
1241
1431
1410
1284
1185
996
647
357
43
-494
-1019
-1406
-1818
-2341
-2671
-2784
-3035
-3237
-3089
-2807
-2767
-2501
-1850
-1361
-1029
-286
567
1066
1562
2313
2852
3056
3331
3669
3605
3333
3270
3088
2560
2037
1793
1365
745
363
126
-366
-838
-1073
-1329
-1702
-1929
-1923
-1948
-1945
-1797
-1469
-1178
-859
-439
20
457
799
1159
1400
1449
1397
1359
1232
926
631
418
-36
-600
-1018
-1380
-1908
-2369
-2571
-2805
-3120
-3169
-2915
-2816
-2670
-2161
-1534
-1186
-608
258
847
1305
1971
2674
2977
3287
3695
3840
3650
3522
3412
2994
2455
2145
1811
1238
770
476
60
-462
-806
-1115
-1462
-1798
-1927
-2003
-2071
-1979
-1788
-1539
-1256
-875
-445
-10
375
731
1045
1252
1257
1219
1143
900
641
384
93
-449
-937
-1302
-1812
-2341
-2656
-2818
-3153
-3284
-3168
-3009
-2940
-2622
-2032
-1576
-1169
-465
300
786
1331
2095
2637
2881
3303
3703
3704
3557
3563
3389
2917
2499
2230
1744
1112
741
426
-79
-580
-818
-1093
-1483
-1723
-1785
-1845
-1890
-1773
-1471
-1196
-953
-516
-46
296
665
1075
1355
1390
1364
1384
1194
911
650
466
8
-572
-974
-1322
-1959
-2463
-2621
-2901
-3277
-3299
-3039
-2999
-2906
-2369
-1754
-1455
-960
-82
569
942
1610
2358
2680
2936
3436
3692
3505
3415
3543
3224
2685
2391
2135
1529
926
663
314
-288
-715
-868
-1200
-1599
-1708
-1690
-1831
-1844
-1585
-1280
-1097
-759
-296
108
373
720
1095
1199
1167
1182
1132
857
595
451
153
-443
-883
-1142
-1635
-2264
-2560
-2748
-3201
-3430
-3256
-3126
-3155
-2787
-2132
-1748
-1365
-591
163
528
1094
1918
2414
2612
3072
3565
3512
3403
3558
3451
2962
2642
2451
1916
1317
1017
653
62
-411
-653
-954
-1385
-1603
-1668
-1748
-1769
-1608
-1332
-1073
-770
-426
-40
308
615
895
1143
1204
1117
1052
934
680
449
295
-67
-615
-973
-1270
-1811
-2321
-2544
-2799
-3182
-3237
-3011
-2971
-2867
-2320
-1732
-1405
-845
-26
606
1043
1679
2332
2673
2894
3304
3541
3428
3425
3447
3150
2719
2488
2164
1647
1135
748
240
-319
-715
-1073
-1449
-1730
-1890
-1984
-1957
-1864
-1664
-1425
-1116
-791
-385
23
305
601
872
1022
956
882
810
642
390
210
-45
-486
-893
-1184
-1588
-2092
-2364
-2569
-2877
-3114
-2990
-2859
-2795
-2481
-1890
-1452
-995
-261
431
904
1458
2157
2578
2852
3238
3547
3552
3517
3578
3438
3114
2849
2571
2120
1623
1254
796
213
-241
-613
-1014
-1366
-1566
-1672
-1763
-1712
-1574
-1387
-1143
-847
-572
-266
69
360
546
681
761
669
567
461
271
78
-132
-462
-876
-1224
-1547
-2029
-2398
-2587
-2893
-3183
-3189
-3035
-2960
-2735
-2206
-1716
-1350
-688
60
590
1068
1714
2270
2537
2882
3305
3432
3409
3502
3482
3200
2947
2764
2384
1863
1463
1084
536
0
-402
-761
-1175
-1431
-1560
-1750
-1744
-1609
-1434
-1221
-923
-590
-295
38
365
563
710
845
803
666
587
484
275
101
-162
-558
-951
-1243
-1655
-2106
-2362
-2568
-2857
-3024
-2891
-2802
-2734
-2414
-1829
-1452
-1028
-292
349
774
1280
1933
2334
2547
2914
3215
3171
3156
3279
3175
2855
2642
2515
2065
1553
1211
852
308
-166
-437
-842
-1260
-1466
-1530
-1633
-1609
-1388
-1154
-946
-651
-298
12
242
477
644
680
645
589
476
325
160
-9
-215
-607
-938
-1207
-1575
-1998
-2257
-2491
-2797
-2960
-2913
-2801
-2746
-2461
-1971
-1546
-1190
-537
104
528
1036
1634
2061
2294
2682
2993
3011
2964
3065
2962
2675
2527
2403
2037
1636
1378
1019
515
85
-240
-633
-1042
-1296
-1406
-1520
-1501
-1345
-1170
-964
-646
-327
-40
233
484
670
794
789
678
580
452
252
79
-92
-479
-840
-1096
-1385
-1791
-2122
-2250
-2481
-2697
-2709
-2575
-2558
-2387
-1897
-1443
-1129
-609
94
570
980
1545
2108
2367
2588
2895
3002
2912
2955
3009
2799
2522
2374
2174
1751
1339
1019
640
196
-214
-517
-848
-1186
-1352
-1427
-1484
-1434
-1251
-1041
-835
-607
-307
-62
145
341
476
476
368
267
187
16
-205
-343
-635
-1010
-1303
-1518
-1876
-2213
-2349
-2556
-2764
-2819
-2639
-2481
-2335
-1903
-1422
-1059
-561
128
650
1054
1575
2136
2446
2634
2953
3132
3058
3082
3135
2984
2704
2569
2371
1942
1576
1301
902
397
38
-273
-646
-965
-1154
-1270
-1350
-1340
-1211
-1011
-805
-574
-279
-26
167
391
569
584
497
377
205
11
-198
-333
-601
-1001
-1335
-1568
-1862
-2263
-2417
-2598
-2826
-2892
-2720
-2630
-2566
-2153
-1633
-1262
-855
-202
362
751
1248
1872
2229
2409
2717
2976
2895
2834
2948
2849
2533
2361
2248
1877
1463
1205
935
478
101
-182
-499
-843
-1068
-1157
-1277
-1308
-1181
-1001
-860
-605
-279
-32
167
396
605
657
605
490
359
185
-17
-196
-448
-852
-1229
-1524
-1803
-2166
-2428
-2526
-2714
-2818
-2737
-2538
-2424
-2147
-1637
-1170
-831
-316
357
778
1223
1784
2277
2489
2730
3019
3089
3024
3033
3040
2796
2529
2358
2143
1697
1303
1019
611
185
-123
-399
-705
-966
-1075
-1119
-1175
-1116
-952
-773
-618
-395
-139
57
265
470
584
582
498
432
266
34
-168
-355
-733
-1192
-1492
-1819
-2245
-2622
-2732
-2926
-3105
-3033
-2810
-2688
-2465
-1975
-1483
-1129
-657
23
492
813
1343
1887
2135
2335
2706
2913
2851
2884
2991
2808
2521
2397
2165
1739
1345
1070
698
237
-76
-349
-633
-907
-1007
-1043
-1105
-1017
-885
-696
-517
-310
-54
162
366
537
668
748
705
575
435
277
51
-131
-381
-832
-1241
-1583
-1910
-2280
-2503
-2655
-2853
-2914
-2739
-2532
-2371
-2021
-1517
-1083
-699
-153
427
816
1257
1786
2129
2324
2626
2922
2929
2881
2961
2928
2647
2443
2232
1878
1456
1092
739
253
-134
-379
-663
-966
-1123
-1144
-1167
-1195
-1047
-817
-662
-500
-248
-22
158
311
477
608
573
489
403
280
61
-133
-342
-755
-1197
-1508
-1802
-2262
-2626
-2766
-2918
-3085
-3008
-2709
-2520
-2269
-1753
-1216
-872
-363
340
810
1138
1678
2209
2419
2573
2918
3079
2950
2970
3050
2845
2502
2361
2156
1681
1276
1007
593
46
-268
-446
-758
-1064
-1068
-1022
-1089
-1030
-839
-653
-516
-261
-9
166
302
499
674
679
585
542
430
215
6
-167
-454
-927
-1316
-1685
-2058
-2468
-2703
-2850
-3107
-3162
-2938
-2691
-2557
-2159
-1567
-1171
-786
-126
494
870
1293
1867
2235
2378
2677
2962
2957
2893
2982
2966
2632
2355
2188
1822
1334
943
621
170
-270
-489
-706
-1025
-1226
-1176
-1136
-1125
-957
-712
-552
-418
-156
92
273
389
584
730
703
618
590
497
238
87
-112
-581
-1071
-1379
-1745
-2231
-2580
-2692
-2892
-3082
-2971
-2697
-2556
-2313
-1714
-1214
-897
-343
354
778
1130
1714
2206
2402
2602
2995
3139
3025
3108
3170
2927
2598
2411
2120
1615
1187
866
449
-38
-364
-615
-929
-1161
-1202
-1167
-1155
-1047
-841
-638
-477
-297
-65
102
260
444
630
690
653
566
471
287
70
-103
-415
-889
-1350
-1688
-2076
-2539
-2783
-2930
-3198
-3300
-3083
-2819
-2668
-2268
-1680
-1225
-848
-235
383
760
1151
1699
2099
2227
2500
2850
2881
2802
2916
2916
2609
2335
2164
1783
1267
902
629
143
-323
-561
-754
-1057
-1217
-1118
-1055
-1024
-879
-580
-426
-298
-23
229
371
513
767
876
845
833
826
685
443
277
15
-460
-935
-1316
-1731
-2195
-2513
-2693
-2937
-3069
-2909
-2709
-2554
-2154
-1619
-1199
-796
-250
318
758
1174
1687
2072
2289
2592
2925
3012
2982
3115
3125
2877
2605
2421
2036
1532
1115
731
289
-169
-458
-722
-1004
-1184
-1212
-1217
-1221
-1045
-816
-624
-496
-276
-50
81
208
412
572
611
586
541
434
263
101
-87
-467
-935
-1303
-1696
-2168
-2563
-2763
-2999
-3221
-3174
-2933
-2768
-2505
-1994
-1499
-1158
-653
-8
440
813
1364
1860
2086
2334
2740
2938
2955
3055
3103
2929
2659
2501
2187
1720
1343
1013
470
-45
-315
-586
-929
-1151
-1187
-1218
-1165
-988
-787
-653
-420
-155
29
185
369
569
700
799
831
793
676
538
350
102
-219
-665
-1080
-1524
-1920
-2310
-2581
-2792
-3001
-3037
-2868
-2698
-2515
-2105
-1586
-1132
-756
-219
336
771
1205
1711
2076
2328
2656
2927
2955
2965
3077
2985
2714
2471
2191
1800
1346
951
494
10
-363
-660
-982
-1234
-1269
-1294
-1299
-1221
-1037
-900
-754
-518
-281
-58
152
386
543
661
772
760
611
520
411
171
-138
-503
-904
-1362
-1731
-2123
-2453
-2668
-2810
-2901
-2873
-2641
-2433
-2113
-1657
-1183
-767
-257
314
781
1186
1645
2084
2375
2606
2877
3092
3126
3098
3126
2965
2691
2387
2061
1608
1120
707
218
-250
-591
-869
-1137
-1291
-1323
-1306
-1228
-1121
-963
-776
-554
-349
-172
39
206
427
570
662
654
623
587
406
204
-87
-454
-913
-1334
-1769
-2218
-2518
-2763
-3004
-3106
-3004
-2838
-2664
-2356
-1893
-1457
-1085
-574
-9
468
871
1402
1853
2125
2472
2856
3007
3040
3197
3245
3020
2766
2562
2246
1790
1386
1002
521
71
-231
-518
-849
-1013
-1037
-1083
-1111
-975
-823
-711
-574
-367
-183
-15
191
381
547
642
686
651
542
403
244
25
-378
-847
-1243
-1677
-2133
-2494
-2736
-2957
-3118
-3056
-2849
-2657
-2410
-1936
-1479
-1116
-626
-34
402
730
1223
1696
1991
2300
2686
2947
2972
3085
3180
3026
2796
2650
2370
1881
1495
1157
680
158
-137
-392
-736
-1029
-1099
-1085
-1149
-1062
-919
-748
-666
-469
-222
-110
39
273
508
592
644
682
605
410
256
64
-337
-838
-1228
-1621
-2090
-2464
-2661
-2877
-3071
-3015
-2773
-2617
-2419
-1985
-1488
-1173
-801
-237
230
560
1013
1569
1888
2139
2531
2861
2871
2967
3140
3090
2812
2573
2363
1904
1408
1020
638
139
-239
-453
-722
-1026
-1128
-1086
-1153
-1148
-977
-774
-679
-515
-261
-41
125
314
590
752
814
837
800
669
502
314
-53
-541
-967
-1388
-1856
-2271
-2501
-2718
-2891
-2870
-2645
-2459
-2246
-1843
-1338
-1018
-680
-126
300
584
962
1474
1801
2022
2410
2765
2844
2924
3047
2984
2749
2551
2327
1853
1384
1009
597
66
-343
-535
-780
-1045
-1161
-1121
-1168
-1165
-1030
-881
-814
-682
-434
-266
-121
74
313
458
548
637
654
575
430
281
-43
-496
-932
-1363
-1834
-2256
-2518
-2758
-2949
-2943
-2733
-2526
-2337
-1953
-1442
-1076
-738
-235
206
521
861
1352
1707
1947
2312
2683
2829
2890
3100
3176
2968
2712
2546
2206
1677
1278
917
386
-92
-303
-557
-858
-1022
-979
-1014
-1104
-974
-808
-744
-695
-443
-257
-134
31
274
474
547
660
701
664
497
380
139
-372
-855
-1253
-1684
-2235
-2556
-2734
-2901
-2995
-2827
-2581
-2427
-2117
-1664
-1194
-937
-483
25
379
647
1100
1548
1789
2079
2481
2797
2847
2973
3111
3013
2775
2554
2319
1839
1363
1032
595
63
-285
-445
-739
-1011
-1038
-992
-1051
-1002
-849
-743
-717
-587
-371
-289
-170
101
338
452
555
638
599
433
337
208
-202
-698
-1078
-1487
-1981
-2388
-2553
-2752
-2916
-2849
-2652
-2484
-2248
-1789
-1343
-1034
-697
-196
208
495
874
1329
1653
1913
2311
2627
2713
2810
3003
2970
2749
2596
2424
2029
1564
1227
836
357
-44
-236
-454
-742
-871
-837
-886
-897
-771
-669
-624
-573
-392
-261
-219
-58
199
387
484
638
706
643
568
471
206
-282
-693
-1102
-1598
-2077
-2332
-2503
-2757
-2825
-2631
-2413
-2283
-1935
-1489
-1162
-950
-515
-50
167
450
939
1286
1464
1811
2231
2385
2447
2669
2794
2648
2448
2359
2037
1570
1269
946
421
-24
-204
-420
-737
-903
-863
-867
-945
-828
-677
-650
-620
-437
-299
-258
-106
135
283
396
574
687
642
538
525
384
-41
-468
-819
-1252
-1780
-2071
-2219
-2464
-2612
-2464
-2247
-2147
-1909
-1431
-1048
-859
-502
5
272
492
913
1304
1527
1774
2193
2426
2469
2629
2798
2692
2457
2337
2123
1662
1238
982
547
37
-253
-435
-686
-913
-938
-920
-965
-915
-790
-755
-755
-619
-445
-413
-317
-82
129
222
357
524
554
485
443
365
19
-427
-761
-1147
-1641
-1986
-2152
-2345
-2518
-2470
-2253
-2123
-1983
-1620
-1200
-970
-714
-266
112
335
677
1108
1378
1620
1987
2312
2439
2562
2713
2712
2525
2347
2183
1808
1376
1067
713
255
-118
-326
-547
-797
-931
-910
-931
-965
-858
-755
-734
-678
-491
-353
-266
-113
99
273
370
501
566
525
417
358
117
-349
-688
-1001
-1414
-1837
-2014
-2142
-2342
-2341
-2170
-2010
-1885
-1580
-1160
-897
-678
-246
175
380
663
1122
1436
1617
1958
2310
2437
2486
2640
2695
2527
2353
2199
1873
1440
1120
837
422
29
-188
-388
-637
-839
-856
-872
-936
-904
-786
-761
-752
-613
-449
-356
-233
-14
160
296
406
469
457
364
273
94
-254
-680
-1060
-1432
-1845
-2126
-2266
-2420
-2510
-2430
-2203
-2028
-1827
-1413
-1102
-909
-618
-196
131
370
740
1166
1449
1720
2098
2340
2409
2503
2669
2604
2387
2206
1995
1646
1255
979
641
249
-43
-186
-382
-568
-609
-596
-629
-664
-570
-530
-576
-510
-349
-269
-207
-18
189
349
484
631
668
595
506
384
60
-380
-681
-1037
-1462
-1853
-2030
-2191
-2345
-2302
-2114
-1946
-1794
-1498
-1170
-963
-757
-371
-47
155
466
889
1201
1427
1773
2100
2211
2290
2422
2408
2206
2025
1864
1552
1177
831
572
182
-122
-265
-413
-647
-744
-724
-798
-826
-806
-712
-731
-679
-558
-417
-321
-166
70
232
365
488
624
560
433
288
102
-259
-682
-963
-1308
-1685
-1925
-1991
-2153
-2177
-2019
-1853
-1723
-1544
-1154
-888
-669
-380
44
317
551
929
1245
1512
1768
2146
2335
2381
2488
2581
2458
2193
1994
1752
1400
1024
761
468
124
-121
-280
-425
-610
-703
-707
-759
-791
-754
-720
-748
-710
-590
-456
-379
-209
45
222
331
421
492
445
330
256
81
-316
-667
-933
-1310
-1702
-1866
-1881
-2081
-2161
-1963
-1742
-1706
-1504
-1092
-853
-697
-374
39
220
432
845
1199
1377
1621
2028
2169
2164
2302
2423
2224
1933
1820
1572
1171
864
630
289
-53
-227
-335
-553
-725
-695
-711
-775
-770
-660
-637
-628
-504
-382
-302
-179
37
223
316
425
567
555
445
361
235
-58
-458
-743
-1031
-1391
-1687
-1781
-1867
-2031
-2008
-1817
-1706
-1630
-1344
-1025
-854
-621
-229
101
299
581
1001
1299
1493
1810
2130
2188
2214
2330
2316
2067
1889
1723
1407
1055
786
568
225
-84
-251
-355
-568
-692
-658
-694
-753
-731
-678
-645
-590
-474
-340
-265
-136
79
282
381
480
579
586
481
326
195
-13
-370
-707
-983
-1315
-1618
-1755
-1800
-1939
-1955
-1813
-1641
-1557
-1377
-1072
-845
-662
-356
-3
226
466
859
1226
1406
1639
1918
2041
2014
2057
2066
1894
1641
1482
1275
907
597
379
107
-177
-347
-445
-608
-753
-765
-736
-768
-766
-631
-528
-449
-343
-167
-53
17
196
409
517
555
631
678
633
470
351
178
-100
-417
-669
-914
-1236
-1461
-1568
-1646
-1776
-1757
-1586
-1485
-1422
-1200
-881
-655
-388
8
318
551
832
1189
1455
1579
1766
1966
1982
1928
1922
1840
1606
1357
1218
939
586
327
113
-189
-479
-618
-729
-873
-976
-931
-895
-891
-790
-654
-564
-491
-314
-143
-41
103
278
389
429
470
516
446
322
235
111
-107
-360
-633
-875
-1132
-1370
-1532
-1636
-1714
-1727
-1639
-1513
-1383
-1194
-911
-643
-405
-101
287
579
836
1118
1377
1536
1657
1805
1907
1875
1820
1795
1654
1420
1216
1014
723
448
214
-7
-260
-452
-533
-617
-708
-713
-678
-652
-574
-459
-331
-250
-88
91
234
367
462
543
607
645
645
625
550
402
217
37
-212
-503
-788
-1019
-1290
-1549
-1672
-1727
-1799
-1815
-1642
-1468
-1353
-1104
-752
-420
-175
158
517
727
923
1171
1380
1446
1558
1670
1656
1521
1480
1430
1179
915
759
522
177
-38
-242
-491
-713
-823
-873
-960
-966
-877
-756
-694
-546
-352
-196
-69
90
260
331
427
518
538
509
488
500
416
283
174
66
-124
-373
-620
-836
-1067
-1336
-1493
-1549
-1607
-1618
-1493
-1295
-1150
-910
-574
-252
5
328
676
919
1114
1315
1506
1571
1645
1753
1785
1657
1589
1537
1351
1111
903
707
370
67
-142
-366
-593
-738
-774
-836
-873
-807
-666
-569
-452
-274
-92
38
171
360
423
454
499
557
521
435
404
322
195
54
-54
-271
-489
-683
-907
-1146
-1365
-1508
-1618
-1663
-1696
-1613
-1483
-1264
-1009
-722
-388
-94
214
483
740
944
1129
1233
1332
1383
1389
1389
1331
1275
1151
1002
812
600
397
183
-36
-263
-473
-660
-753
-815
-824
-785
-714
-597
-452
-277
-117
56
224
399
504
585
667
682
684
663
605
551
499
404
258
77
-110
-289
-516
-743
-970
-1169
-1320
-1451
-1485
-1486
-1474
-1305
-1043
-843
-594
-297
7
262
507
764
940
1069
1165
1278
1323
1316
1313
1269
1190
1050
939
767
537
295
96
-107
-369
-502
-624
-729
-809
-787
-707
-646
-545
-400
-267
-132
45
202
328
399
499
564
576
589
574
502
396
325
232
84
-70
-194
-355
-543
-745
-929
-1110
-1277
-1394
-1447
-1456
-1411
-1264
-1066
-829
-586
-331
-47
222
469
673
853
1018
1142
1211
1234
1262
1255
1211
1119
1011
874
710
543
373
165
-50
-254
-410
-533
-653
-702
-717
-699
-629
-516
-380
-207
-45
121
292
387
460
537
557
529
538
505
446
362
322
248
123
5
-109
-276
-489
-632
-774
-916
-1065
-1148
-1161
-1173
-1149
-1036
-872
-735
-539
-253
-8
183
416
627
740
828
916
981
980
984
983
926
835
749
635
478
303
120
-52
-260
-426
-550
-646
-712
-738
-702
-687
-625
-505
-339
-160
-2
165
306
412
490
564
573
545
508
460
387
294
225
141
-1
-131
-218
-353
-520
-659
-778
-911
-1013
-1075
-1096
-1089
-1056
-949
-799
-657
-444
-220
-2
211
438
653
809
944
1050
1104
1114
1121
1084
1001
885
789
674
546
396
240
99
-97
-214
-312
-406
-473
-482
-460
-408
-295
-185
-58
68
199
314
399
474
556
618
608
599
563
502
396
317
237
72
-70
-211
-348
-499
-618
-743
-874
-967
-1044
-1074
-1087
-1058
-1001
-890
-777
-649
-482
-317
-153
16
194
336
498
633
694
733
750
749
729
663
594
514
387
236
70
-89
-236
-362
-457
-547
-616
-625
-578
-539
-453
-309
-137
-8
143
320
450
559
632
705
734
720
736
702
607
493
376
201
21
-140
-303
-472
-628
-699
-769
-832
-851
-857
-836
-812
-778
-730
-635
-524
-398
-226
-61
113
312
468
635
779
884
934
978
995
944
884
791
701
575
451
325
170
24
-122
-212
-305
-366
-397
-428
-407
-390
-334
-235
-125
-5
136
257
331
434
486
535
555
523
473
408
322
174
47
-129
-304
-478
-632
-751
-859
-928
-994
-1022
-1056
-1041
-993
-944
-859
-775
-652
-539
-372
-245
-100
59
208
377
527
641
730
824
810
810
796
703
595
487
370
260
146
35
-58
-132
-188
-223
-242
-237
-211
-175
-131
-20
107
202
316
448
533
614
701
726
714
654
576
482
364
225
95
-60
-221
-355
-498
-629
-741
-789
-829
-842
-852
-853
-853
-837
-761
-703
-606
-496
-358
-210
-49
114
258
407
532
645
709
747
773
752
718
645
592
517
397
303
208
123
34
-30
-113
-192
-241
-260
-263
-251
-230
-189
-87
18
98
198
284
342
410
467
503
493
459
395
304
179
29
-103
-277
-428
-549
-660
-744
-814
-846
-893
-903
-858
-820
-788
-739
-662
-585
-496
-385
-268
-150
-20
120
259
377
468
546
601
622
631
630
602
536
478
386
291
214
146
63
-23
-63
-111
-167
-183
-166
-150
-117
-43
62
150
237
337
459
562
634
715
746
708
669
627
552
424
306
183
36
-101
-225
-333
-460
-556
-624
-676
-725
-707
-689
-678
-648
-602
-536
-486
-381
-267
-131
-15
90
203
299
361
414
462
457
449
437
368
247
185
137
38
-33
-107
-178
-258
-327
-371
-397
-433
-473
-471
-469
-434
-358
-264
-168
-38
81
199
289
360
424
454
448
425
381
294
231
154
61
-25
-89
-167
-241
-289
-347
-410
-457
-468
-432
-400
-382
-327
-244
-157
-65
10
90
182
280
376
477
562
630
684
678
655
641
594
511
408
317
225
140
45
-15
-101
-205
-272
-338
-389
-432
-426
-410
-390
-322
-262
-192
-127
-48
23
109
174
225
278
294
284
268
236
172
95
2
-71
-137
-228
-279
-341
-405
-439
-478
-494
-523
-499
-477
-428
-392
-307
-226
-157
-56
42
163
247
333
402
456
504
558
566
552
516
473
401
315
242
142
73
2
-75
-120
-168
-251
-276
-304
-335
-301
-309
-288
-239
-172
-111
-45
21
95
184
233
258
283
301
304
296
247
212
194
102
25
-53
-133
-206
-263
-302
-322
-336
-375
-351
-346
-291
-231
-152
-66
15
122
187
254
317
394
466
498
492
491
486
485
480
450
391
301
238
161
62
-16
-110
-194
-275
-325
-359
-414
-423
-444
-439
-425
-395
-329
-280
-254
-217
-167
-156
-101
-84
-70
-34
-33
-20
-39
-67
-107
-133
-174
-231
-249
-279
-316
-348
-347
-365
-378
-344
-287
-233
-181
-107
-19
43
128
216
293
368
430
476
516
553
584
598
597
570
552
523
475
391
329
234
125
34
-43
-116
-185
-227
-277
-272
-276
-291
-254
-238
-254
-267
-222
-196
-178
-145
-138
-98
-44
-11
27
39
24
28
5
17
19
-8
-22
-42
-57
-93
-106
-106
-99
-91
-77
-35
24
62
86
154
220
282
358
407
418
448
441
424
417
421
417
381
360
313
278
224
124
69
-29
-129
-185
-278
-354
-419
-434
-462
-465
-477
-485
-473
-453
-406
-362
-303
-268
-249
-235
-218
-193
-180
-153
-113
-84
-72
-71
-68
-91
-69
-59
-80
-106
-124
-138
-163
-165
-153
-140
-91
-29
36
109
178
266
301
339
403
452
488
506
529
565
581
576
561
539
523
492
455
389
295
226
138
53
-25
-105
-182
-257
-285
-289
-272
-280
-258
-251
-255
-258
-268
-264
-276
-246
-243
-272
-287
-275
-264
-244
-235
-221
-194
-206
-205
-235
-243
-268
-281
-289
-309
-289
-263
-217
-173
-111
-69
-15
36
87
185
240
279
321
362
395
424
446
438
456
475
466
437
411
392
371
321
249
200
131
56
-20
-70
-124
-191
-213
-224
-252
-261
-222
-192
-164
-147
-118
-104
-75
-65
-86
-80
-96
-113
-117
-124
-150
-131
-122
-108
-105
-95
-114
-144
-150
-199
-190
-174
-149
-119
-74
-35
27
117
160
224
265
293
328
343
372
371
399
409
440
430
414
405
354
308
271
214
160
122
59
7
-41
-75
-129
-151
-168
-195
-211
-222
-235
-274
-257
-242
-242
-240
-243
-221
-227
-229
-230
-225
-254
-255
-239
-254
-248
-248
-243
-252
-243
-227
-244
-252
-242
-238
-200
-149
-121
-74
-28
28
102
150
201
233
265
291
311
296
287
286
277
320
338
346
324
303
276
201
149
102
52
22
-35
-67
-95
-130
-133
-139
-143
-141
-113
-96
-92
-74
-58
-35
-53
-63
-39
-67
-100
-100
-87
-106
-109
-100
-99
-101
-92
-86
-90
-99
-113
-105
-95
-87
-51
-12
17
31
71
96
137
202
240
273
296
314
344
347
343
329
306
290
285
283
259
223
185
151
123
96
43
3
-46
-89
-102
-127
-166
-191
-211
-236
-227
-207
-206
-204
-189
-196
-199
-196
-204
-212
-232
-228
-218
-216
-245
-265
-277
-293
-301
-303
-278
-300
-286
-235
-198
-186
-164
-146
-109
-34
41
117
151
218
248
255
273
301
334
333
344
347
338
331
312
315
302
269
253
240
222
212
196
165
150
123
97
52
34
8
-24
-37
-48
-52
-39
-30
-22
-5
-3
12
8
-7
0
-38
-76
-101
-122
-154
-172
-185
-199
-203
-237
-230
-242
-231
-225
-235
-217
-188
-146
-110
-58
-22
19
66
128
164
178
186
171
158
150
136
111
107
86
99
97
81
76
80
82
71
71
48
8
-32
-78
-88
-96
-114
-124
-126
-127
-96
-64
-48
-40
5
14
16
33
24
22
-1
-5
-25
-28
-60
-82
-97
-108
-114
-146
-171
-191
-189
-182
-173
-141
-100
-89
-65
-27
31
99
147
164
189
201
177
158
130
120
118
116
135
135
141
133
106
116
94
70
47
26
26
-7
-14
-14
-20
-41
-69
-49
-34
-23
-23
11
53
60
64
67
68
60
51
25
14
19
9
-6
-33
-45
-42
-72
-106
-146
-182
-219
-245
-267
-263
-242
-212
-180
-126
-101
-38
21
39
55
69
103
124
139
150
167
152
143
144
153
146
149
133
104
93
73
57
17
-11
-31
-76
-79
-70
-76
-66
-39
-15
7
24
34
34
27
13
37
60
60
37
42
14
10
16
-6
-13
-51
-72
-100
-118
-144
-163
-179
-196
-203
-206
-205
-199
-181
-151
-126
-66
-12
42
114
140
147
158
161
146
137
129
157
168
157
156
169
177
161
158
142
126
102
77
29
-12
-33
-54
-67
-95
-110
-84
-63
-21
11
29
37
61
72
61
58
24
25
-11
-34
-60
-68
-77
-110
-96
-113
-138
-175
-194
-210
-247
-269
-283
-304
-323
-309
-304
-286
-215
-155
-117
-72
-22
30
69
79
102
115
148
156
148
155
144
166
179
200
197
188
171
159
147
125
114
104
120
133
133
138
127
147
165
176
204
212
213
214
209
183
166
150
141
131
101
70
65
37
15
-9
-40
-69
-110
-150
-201
-253
-275
-281
-280
-273
-243
-202
-180
-158
-123
-98
-76
-47
-28
-28
-20
-23
-6
1
-13
-18
-21
-14
-10
-12
-17
-17
-30
-55
-64
-58
-78
-95
-82
-81
-69
-70
-66
-38
-18
1
30
50
85
111
135
162
165
181
178
160
158
129
104
86
62
56
31
-13
-30
-47
-83
-117
-146
-160
-170
-166
-155
-154
-136
-107
-107
-87
-50
-38
-6
17
13
21
28
45
42
47
39
48
43
39
43
19
15
21
24
5
21
20
-1
9
24
30
36
30
52
53
77
100
98
107
116
123
121
127
129
124
124
120
101
90
69
62
60
11
-44
-78
-118
-157
-177
-212
-225
-234
-223
-193
-179
-158
-126
-109
-88
-68
-38
-15
18
35
55
71
54
63
54
42
51
55
50
46
48
51
27
26
42
41
45
27
8
23
9
-15
-17
-29
-24
-5
14
31
34
56
77
66
80
96
103
78
67
47
28
18
7
-13
-41
-66
-89
-125
-168
-173
-197
-206
-196
-198
-190
-181
-158
-133
-101
-63
-37
-14
27
75
110
97
107
144
150
135
126
124
108
95
75
76
73
77
86
81
82
90
92
84
58
55
42
33
51
30
24
14
29
52
55
66
74
77
79
81
94
104
85
57
46
18
-21
-78
-108
-129
-164
-181
-209
-220
-225
-247
-254
-261
-246
-229
-208
-171
-138
-113
-90
-47
-35
-12
-3
3
25
44
51
51
68
76
72
66
62
61
61
53
53
45
38
27
46
75
76
85
90
99
93
107
114
105
108
133
151
162
170
172
167
143
128
108
87
82
54
19
-16
-51
-82
-119
-159
-183
-212
-222
-227
-229
-232
-216
-212
-190
-196
-175
-149
-145
-111
-85
-45
-15
8
21
41
46
71
69
61
52
51
52
49
66
54
42
60
59
63
69
63
71
80
75
76
97
113
116
128
126
127
138
122
127
137
151
155
145
113
79
51
-1
-44
-63
-75
-99
-126
-148
-136
-146
-152
-141
-157
-161
-161
-161
-157
-128
-138
-122
-111
-88
-34
-31
-1
2
13
21
32
40
19
23
25
25
16
-7
-2
-5
-39
-45
-34
-23
-2
-2
10
35
50
52
49
63
97
114
117
145
163
180
174
174
185
207
212
161
131
114
75
52
5
-26
-45
-59
-74
-84
-84
-84
-96
-106
-121
-135
-151
-185
-170
-158
-137
-105
-88
-68
-61
-60
-56
-52
-53
-41
-26
-18
-19
-9
-14
-35
-30
-38
-9
18
6
8
20
19
13
-2
-19
-6
19
35
22
23
55
68
81
90
106
107
85
59
38
8
-17
-45
-84
-99
-135
-140
-135
-148
-145
-152
-149
-160
-160
-140
-132
-122
-95
-61
-35
-23
-10
1
19
38
58
82
129
149
161
174
180
190
183
175
180
180
174
181
177
162
166
159
140
125
140
139
134
138
125
141
127
126
129
107
98
102
87
83
82
65
46
16
4
-27
-54
-73
-118
-148
-162
-181
-210
-231
-246
-266
-259
-261
-265
-267
-255
-248
-237
-229
-224
-207
-193
-151
-136
-116
-87
-69
-37
-7
9
14
24
23
11
17
-1
7
7
-9
7
15
22
23
46
67
74
83
105
104
106
123
132
161
158
143
139
152
166
170
161
147
139
138
112
97
80
49
29
3
-25
-29
-49
-62
-55
-68
-77
-76
-69
-81
-95
-101
-106
-111
-84
-77
-57
-45
-51
-36
-24
-13
-11
1
8
5
4
1
3
9
6
1
19
20
28
32
21
28
32
31
26
39
45
50
69
81
87
92
90
72
81
76
66
56
50
29
18
15
11
7
-18
-42
-69
-79
-102
-102
-121
-140
-148
-148
-135
-122
-104
-99
-85
-64
-69
-82
-88
-72
-53
-60
-66
-40
-21
-16
4
7
25
36
33
44
51
51
52
46
20
11
8
19
20
18
39
39
40
43
49
55
66
69
67
73
68
67
67
77
92
94
86
69
61
46
22
3
-8
-19
-30
-48
-38
-57
-57
-67
-87
-81
-72
-61
-51
-48
-39
-30
-14
0
19
43
64
78
68
60
69
91
96
75
68
69
49
41
29
42
36
8
-5
-6
-7
-27
-52
-59
-50
-46
-50
-46
-51
-44
-24
-5
15
29
46
54
42
30
15
7
-1
-15
-18
-6
-9
-33
-45
-53
-64
-70
-77
-83
-75
-87
-103
-101
-100
-89
-69
-77
-72
-55
-36
-33
-57
-59
-35
-16
-21
-28
-28
-21
-2
0
-9
-2
3
-3
-12
-22
-34
-47
-37
-19
-4
1
2
13
32
53
52
61
81
105
117
120
125
132
145
154
146
150
152
147
135
106
85
83
98
74
50
50
29
10
-3
-20
-22
-26
-33
-48
-55
-57
-61
-74
-70
-58
-65
-50
-49
-59
-54
-42
-49
-52
-50
-48
-37
-44
-42
-47
-64
-66
-69
-63
-56
-57
-47
-35
-45
-35
-15
-18
-6
9
15
24
27
41
49
62
65
65
63
67
68
72
82
67
72
42
38
22
8
1
-9
-1
-8
1
-4
-21
-26
-33
-39
-28
-14
-2
-14
-3
14
22
12
2
-10
-11
-1
-22
-35
-33
-30
-29
-33
-45
-48
-35
-30
-53
-55
-53
-61
-54
-52
-56
-36
-27
-16
-1
3
14
27
29
42
49
52
64
77
62
59
55
53
64
49
45
34
11
0
-3
-23
-22
-33
-53
-60
-66
-65
-64
-51
-48
-66
-64
-71
-63
-69
-84
-89
-77
-65
-60
-53
-39
-15
9
22
23
25
19
9
2
1
4
3
-7
-2
17
22
15
15
19
20
33
34
37
49
52
54
67
65
89
100
105
117
111
115
103
104
102
97
91
86
84
60
51
53
58
44
39
34
14
9
-7
5
-4
-17
-9
5
20
4
10
12
12
24
-5
-14
-21
-15
-13
-18
-25
-31
-37
-54
-46
-45
-55
-75
-70
-79
-83
-76
-85
-108
-120
-112
-113
-86
-87
-91
-78
-62
-39
-29
-4
7
20
13
6
11
9
-15
-23
-29
-29
-19
-16
-17
-31
-21
-30
-43
-49
-50
-35
-33
-33
-31
-26
-24
-9
-7
0
17
9
-5
-13
-20
-13
-13
-6
4
25
56
63
54
38
38
28
15
1
5
2
2
16
28
34
41
52
56
71
86
93
92
93
118
134
129
136
142
153
144
116
108
114
110
85
72
71
54
51
20
8
16
-8
-20
-48
-64
-54
-45
-64
-59
-61
-73
-82
-108
-109
-118
-122
-136
-136
-137
-115
-96
-96
-100
-88
-68
-75
-75
-67
-73
-67
-70
-78
-63
-58
-54
-59
-67
-49
-30
-11
14
24
42
52
62
62
58
63
78
79
65
59
67
71
65
63
52
53
35
21
29
34
20
16
24
32
35
31
23
17
11
10
11
6
19
29
10
17
32
28
34
21
15
10
18
19
10
10
23
28
18
-9
-23
-21
-18
-28
-40
-35
-37
-43
-49
-49
-43
-26
-29
-36
-25
-9
-8
-12
-16
1
6
6
23
24
30
17
12
1
-3
-12
-22
-32
-30
-25
-33
-19
-26
-22
-10
-1
-18
-14
1
2
-9
-2
-10
-15
-10
-17
2
0
10
7
4
0
0
12
15
28
28
42
34
25
21
24
9
-6
-15
-24
-29
-40
-27
-32
-32
-29
-17
-26
-20
-14
-4
-4
-12
-7
-13
-15
-23
-19
-12
5
3
-6
-9
-16
-10
-23
-37
-37
-36
-35
-32
-26
-13
-18
-27
-26
-25
-12
-9
-3
-8
-9
-12
-7
-23
-16
10
25
37
38
44
77
79
69
74
77
66
60
38
43
50
44
47
31
36
37
37
38
51
55
59
66
67
69
74
84
79
74
65
53
60
52
29
16
18
2
-7
-18
-34
-33
-51
-60
-64
-61
-65
-56
-57
-56
-57
-51
-58
-77
-61
-49
-41
-26
-19
-13
-17
-9
-2
-11
-11
4
-12
-8
8
14
22
15
23
23
34
32
20
12
12
1
0
4
7
16
27
30
30
37
36
31
19
17
20
19
-9
-17
-22
-42
-36
-43
-65
-68
-70
-72
-81
-95
-90
-95
-88
-82
-92
-88
-103
-106
-88
-91
-87
-91
-79
-67
-67
-48
-41
-28
-11
3
7
11
14
2
17
28
27
29
33
39
43
28
23
18
30
32
42
48
48
54
51
32
28
37
44
54
68
70
63
64
62
74
79
82
92
84
76
85
64
50
45
36
46
55
56
57
61
61
57
46
44
32
29
19
5
12
0
-2
-10
-5
3
5
5
4
12
25
17
0
-3
-15
-18
-19
-17
-22
-16
-9
-6
-9
-8
-21
-32
-24
-21
-22
-23
-20
-26
-27
-18
-28
-32
-39
-35
-43
-52
-52
-60
-52
-51
-56
-71
-53
-58
-61
-84
-90
-67
-79
-62
-48
-34
-33
-15
-12
-17
-5
0
-4
3
5
-9
-10
-13
-13
-7
-14
-2
-4
3
22
22
20
41
39
41
39
19
17
13
10
8
-9
-10
-4
6
-14
-23
-30
-45
-67
-79
-79
-73
-59
-54
-34
-26
-31
-40
-51
-74
-75
-60
-57
-46
-26
-20
-12
1
13
14
28
48
43
52
62
59
78
80
98
92
86
93
90
80
91
101
102
116
108
102
97
92
84
74
67
60
62
72
69
64
74
73
58
44
21
-5
-14
-27
-33
-39
-36
-33
-34
-19
-12
-11
-11
-13
-9
-21
-18
-25
-30
-35
-62
-57
-65
-72
-61
-62
-56
-63
-58
-53
-49
-46
-41
-47
-45
-40
-37
-11
-20
-23
-30
-37
-39
-33
-26
-22
-8
-2
16
23
22
15
22
25
27
17
16
23
24
24
33
32
40
45
37
27
19
32
35
42
67
65
77
74
64
71
71
71
64
46
42
45
28
14
4
-8
-19
-27
-37
-48
-50
-40
-59
-54
-45
-43
-58
-72
-65
-79
-88
-81
-93
-95
-92
-91
-79
-87
-75
-81
-85
-82
-83
-74
-70
-65
-61
-61
-57
-52
-56
-39
-37
-34
-35
-31
-28
-14
-11
1
7
21
33
32
39
34
46
53
51
61
65
61
59
48
54
65
70
61
61
64
70
80
74
82
85
82
84
81
76
78
93
78
70
65
73
77
49
44
53
62
28
33
57
48
4
-9
8
-4
-47
-44
-9
-17
-44
-32
-10
-5
-36
-38
0
-13
-36
-46
-6
8
-11
-9
15
20
-2
2
31
44
20
8
13
19
8
-11
-10
-11
-2
-10
-30
-31
-32
-34
-43
-43
-58
-54
-57
-58
-55
-34
-37
-47
-41
-37
-34
-41
-30
-37
-40
-52
-44
-65
-64
-67
-73
-57
-71
-72
-67
-48
-45
-35
-17
-10
3
-6
14
17
9
10
-1
6
1
-3
4
13
10
17
17
0
-2
-17
-7
-1
-18
-20
-26
-38
-26
-43
-61
-51
-40
-35
-50
-30
-14
-16
1
8
26
25
40
54
64
71
68
74
67
71
75
80
88
95
87
80
70
69
69
58
44
31
41
36
37
36
45
41
49
49
35
37
40
27
22
17
21
21
14
7
-23
-28
-17
-12
-19
-20
-28
-21
-20
-12
-9
-18
-21
-19
-29
-41
-50
-53
-48
-57
-59
-45
-25
-31
-36
-29
-36
-18
-10
-2
11
10
15
15
6
-5
-9
-21
-29
-27
-25
-25
-24
-14
-16
-13
0
7
22
26
29
39
40
39
53
53
51
42
41
53
45
43
45
50
53
48
44
46
44
49
41
33
22
11
10
2
6
-20
-16
-11
-24
-22
-33
-41
-44
-39
-45
-45
-36
-40
-29
-31
-22
-18
-14
-8
-7
4
-12
-7
-16
-29
-42
-42
-37
-45
-47
-45
-49
-43
-39
-44
-32
-37
-27
-25
-32
-38
-45
-40
-40
-46
-46
-42
-36
-45
-45
-27
-23
-34
-39
-54
-65
-57
-55
-65
-75
-74
-70
-56
-48
-41
-33
-20
-9
2
24
36
62
72
67
69
68
79
90
78
80
95
95
103
130
147
143
141
142
138
122
111
98
86
85
80
79
64
61
53
36
34
27
39
32
26
27
29
29
20
16
3
5
-8
-22
-25
-39
-51
-68
-79
-84
-80
-83
-75
-83
-85
-85
-93
-92
-113
-107
-101
-87
-76
-59
-61
-57
-31
-29
-15
-1
18
20
16
7
0
-2
-7
0
7
9
7
4
-1
7
7
21
21
14
36
28
20
20
25
30
19
25
34
39
41
41
39
42
37
30
30
22
23
8
-3
-19
-37
-38
-46
-41
-59
-65
-74
-83
-97
-94
-101
-94
-83
-73
-59
-63
-47
-61
-57
-42
-23
-17
-19
-2
12
24
17
20
22
13
27
21
20
24
29
24
22
40
62
52
45
41
39
44
47
52
51
66
63
63
67
58
67
52
49
42
29
26
26
20
13
20
11
12
-2
-12
-6
-19
-33
-49
-42
-48
-56
-47
-42
-48
-46
-48
-38
-14
-6
7
3
12
29
18
20
6
19
21
9
3
-3
-6
-1
1
-4
-7
-9
-4
7
6
15
19
13
12
9
12
23
32
48
34
55
63
56
61
51
60
48
57
52
54
35
21
14
7
8
-6
-1
-10
-12
-24
-27
-25
-37
-33
-33
-24
-23
-18
-20
-39
-33
-37
-45
-37
-44
-54
-40
-46
-50
-49
-46
-37
-48
-42
-47
-32
-32
-33
-35
-55
-59
-66
-59
-75
-68
-61
-53
-36
-23
-26
-16
-6
-6
6
1
26
23
27
39
30
27
18
33
27
36
45
58
55
52
57
54
72
77
76
69
74
71
51
37
27
39
20
26
17
17
22
24
26
15
30
30
29
29
30
13
6
-9
-22
-36
-49
-47
-50
-53
-60
-51
-50
-41
-17
-13
3
-2
15
32
24
24
24
36
31
28
19
13
7
2
13
8
18
18
2
1
-11
-16
-23
-30
-45
-55
-59
-47
-52
-52
-47
-59
-62
-62
-57
-58
-48
-57
-61
-56
-63
-59
-51
-44
-45
-36
-47
-35
-31
-42
-27
-27
-30
-39
-32
-33
-33
-31
-12
-12
-21
-14
-3
16
18
28
28
31
48
57
68
61
68
81
85
91
107
112
105
91
85
79
68
65
58
71
59
53
50
49
46
53
45
25
33
29
26
4
0
3
-4
3
4
14
15
21
17
16
25
38
28
18
17
-4
2
-7
-24
-38
-58
-47
-54
-57
-56
-52
-37
-38
-38
-38
-37
-46
-41
-40
-38
-40
-41
-35
-38
-37
-41
-44
-46
-43
-54
-59
-62
-57
-53
-47
-36
-42
-39
-34
-31
-24
-20
-14
-7
-2
1
10
13
25
39
42
45
50
47
37
38
44
50
46
49
51
40
25
24
14
11
-6
-10
-8
-20
-17
-21
-23
-18
-8
-14
2
6
15
29
41
39
33
40
55
63
61
60
54
60
40
29
20
15
24
13
10
15
13
1
-14
-5
-17
-28
-31
-34
-29
-24
-25
-31
-32
-34
-16
-11
-18
-21
-3
-10
-19
-11
-10
5
0
7
-2
-3
6
2
-8
-5
-1
-4
-7
-31
-18
-18
-9
-26
-34
-22
-31
-37
-42
-39
-33
-31
-32
-21
-36
-32
-32
-33
-31
-43
-30
-34
-42
-33
-28
-27
-31
-28
-30
-28
-44
-31
-14
-4
5
7
21
26
46
34
29
54
62
79
76
77
78
88
81
69
59
63
57
45
50
37
33
35
28
22
13
27
23
18
33
31
24
32
22
22
14
17
26
26
34
38
46
39
37
32
32
17
-3
-3
-8
-19
-36
-40
-63
-79
-79
-80
-85
-92
-81
-91
-83
-81
-68
-68
-74
-66
-63
-54
-57
-52
-47
-40
-33
-32
-16
-10
3
-2
-6
-5
-2
-4
4
13
11
22
15
21
6
8
3
-3
-2
2
20
19
23
30
41
41
48
54
57
61
62
72
60
61
73
68
60
57
61
53
53
42
47
43
40
36
43
37
35
31
0
10
8
4
-6
0
-14
-10
-4
-25
-31
-36
-22
-37
-35
-37
-35
-29
-56
-73
-82
-87
-92
-89
-105
-96
-79
-83
-87
-84
-54
-54
-49
-42
-33
-14
-13
-1
-12
-2
-9
-3
0
-3
9
0
2
0
10
11
22
14
23
20
3
-18
-29
-26
-28
-14
-17
-8
1
8
16
22
28
27
39
39
49
48
52
70
76
72
79
93
88
78
69
77
74
64
56
56
43
26
21
20
10
2
-11
-16
-5
-13
-10
-4
-5
-3
-8
-10
-4
-5
-16
-18
-17
-23
-25
-8
-25
-35
-29
-26
-23
-26
-20
-19
-24
-32
-27
-22
-8
-6
-11
-4
-18
-15
-20
-13
-11
-12
-15
1
9
21
17
15
25
19
14
10
12
5
6
12
-1
-12
-15
-7
-3
-13
-19
-21
-28
-25
-28
-35
-28
-16
-18
-24
-25
-19
-7
-20
-17
-22
-19
-1
7
13
-4
8
10
-1
0
-7
-2
-7
-11
-18
-6
5
8
2
-10
-6
-2
-15
-25
-17
-13
-8
-11
-7
7
11
9
17
19
16
18
12
16
22
20
18
7
6
7
12
15
6
11
15
22
32
30
24
26
31
34
23
24
27
33
32
23
17
11
11
13
12
4
-9
-17
-12
-14
-24
-23
-12
-15
-24
-34
-30
-30
-28
-22
-24
-9
-5
-11
-4
1
0
7
21
24
27
24
27
31
30
36
30
19
19
31
18
9
6
7
-1
-3
-11
-18
-25
-35
-33
-27
-29
-33
-27
-22
-17
-7
-5
-6
-6
-4
-5
-1
4
8
1
-5
-4
1
9
2
3
-4
3
11
-2
-13
-6
3
0
-13
-5
-4
-5
-4
-5
-16
-14
-8
10
8
2
11
6
16
13
6
1
9
2
0
-11
-8
-1
-6
-21
-31
-24
-17
-16
-12
-14
-18
-12
-12
-13
-13
-6
-7
-2
0
-3
-10
-21
-16
-7
-16
-12
-10
-20
-21
-17
-15
-25
-17
-14
-24
-23
-24
-24
-28
-15
-17
-20
-12
-17
-8
-10
-10
4
23
25
33
49
54
49
45
52
53
66
62
56
54
49
55
42
40
40
35
29
27
31
31
33
34
26
24
27
19
18
14
15
11
14
25
26
31
21
20
11
13
7
-7
-15
-15
-6
-16
-13
-17
-19
-28
-15
-16
-14
-13
-17
-17
-22
-22
-36
-31
-40
-35
-27
-36
-26
-24
-17
-6
-4
-1
5
0
-4
6
6
8
2
-4
-15
-16
-17
-27
-27
-33
-34
-38
-38
-47
-52
-46
-48
-45
-41
-35
-37
-33
-30
-36
-40
-40
-40
-47
-35
-29
-22
-16
-13
-7
-5
-7
-6
0
-4
4
-9
-9
-6
-2
0
-4
8
12
27
28
27
29
29
33
30
22
19
36
31
26
28
34
37
38
33
32
34
28
30
22
30
28
30
22
18
27
23
35
30
39
44
45
53
45
51
52
61
53
52
40
45
42
33
43
40
41
25
18
4
8
-3
-16
-8
-12
-11
-20
-17
-22
-26
-31
-41
-47
-51
-52
-64
-58
-58
-58
-59
-62
-52
-50
-43
-54
-52
-48
-46
-46
-42
-33
-31
-18
-29
-27
-28
-18
-12
-9
-3
-1
12
13
17
18
27
21
21
19
22
23
14
29
22
17
21
29
31
21
21
15
20
17
20
15
12
11
10
19
13
14
11
15
20
20
19
28
26
17
13
18
24
19
20
11
12
18
14
13
10
6
6
4
-1
3
-7
-13
-14
-19
-14
-19
-17
-14
-17
-17
-23
-29
-39
-38
-34
-31
-39
-36
-35
-28
-23
-32
-16
-17
-25
-23
-39
-35
-42
-47
-47
-41
-29
-27
-29
-24
-23
-24
-20
-21
-13
-20
-19
-16
-9
0
3
8
9
17
15
19
21
17
17
15
11
11
9
5
4
0
0
7
14
17
7
10
14
18
20
24
23
23
23
20
23
12
16
19
22
23
18
19
15
18
16
22
27
23
19
25
20
16
18
14
15
4
7
8
9
9
10
15
18
23
22
22
24
31
30
35
33
30
37
35
39
37
34
34
30
37
32
25
16
12
1
2
3
3
4
-9
-5
-11
-4
-3
-12
-14
-16
-21
-28
-32
-35
-39
-50
-49
-49
-53
-47
-47
-51
-52
-51
-55
-57
-55
-57
-68
-66
-62
-60
-56
-58
-46
-43
-40
-36
-37
-35
-28
-19
-22
-17
-11
-2
6
3
12
11
8
11
3
-3
2
2
7
11
9
24
18
14
9
12
20
18
22
24
39
37
42
43
44
49
46
53
51
55
55
54
55
47
38
38
31
26
25
15
11
1
2
-2
-1
-5
-19
-13
-15
-14
-16
-9
-15
-15
-12
-19
-11
-6
3
-7
-10
-7
-6
3
-6
-7
-7
-7
-14
-20
-18
-12
-14
-18
-13
-13
-6
-6
-6
-10
-17
-15
-15
-14
-18
-8
-6
4
7
6
10
3
7
6
8
11
20
15
13
19
18
22
20
26
27
22
17
16
13
14
15
11
16
14
15
13
21
21
20
16
11
14
12
10
2
-4
-7
-8
-8
-7
-10
-10
-2
-9
-18
-15
-18
-23
-25
-18
-23
-21
-23
-28
-29
-35
-37
-38
-34
-32
-26
-24
-18
-16
-24
-17
-13
-13
-14
-10
-17
-18
-22
-20
-13
-21
-14
-22
-20
-15
-11
-12
-1
6
14
25
21
31
25
28
16
21
26
21
24
24
30
26
30
20
25
27
19
12
5
6
3
-1
-4
-3
-5
-6
-8
-8
-4
-6
2
-3
-2
0
3
5
3
11
8
19
17
13
7
7
16
14
20
21
26
20
18
17
14
9
12
12
6
12
9
6
-1
-6
-12
-13
-14
-14
-12
-17
-16
-20
-21
-22
-18
-13
-16
-12
-12
-5
-7
-5
-11
-19
-17
-17
-10
-12
-2
-4
4
-3
-7
-1
0
8
5
14
16
18
14
16
14
12
16
12
13
4
2
0
-1
-2
-7
-6
-10
-10
-12
-6
-11
-6
-2
-9
-7
-14
-10
-15
-10
-14
-17
-15
-10
-9
-7
-3
-5
-1
-5
-4
-3
0
-2
-3
3
3
4
-3
-1
-5
-9
-14
-13
-10
-11
-7
-6
1
-6
1
3
2
8
8
7
10
13
11
15
7
9
4
0
-6
-4
6
-2
5
6
6
5
0
3
2
6
3
0
2
6
2
-1
-1
1
7
-2
3
5
7
4
9
8
10
18
15
20
14
13
14
10
3
-7
-2
-4
-7
-13
-8
-7
-14
-18
-17
-13
-16
-21
-22
-20
-20
-12
-11
-8
-9
-10
-4
-1
-2
-4
4
9
6
9
12
19
20
21
27
30
27
25
31
30
26
24
22
21
19
16
15
13
13
16
11
16
12
9
4
0
-1
-6
-6
-9
-7
-11
-10
-10
-11
-13
-17
-14
-19
-16
-11
-10
-5
-7
-11
-5
-4
-4
-4
-3
-2
3
7
8
4
2
-4
-5
-15
-11
-4
-6
-8
-14
-5
-6
-12
-16
-13
-16
-16
-18
-20
-19
-22
-19
-21
-21
-21
-18
-15
-14
-15
-10
-4
-4
-2
3
9
8
11
13
13
14
14
19
20
21
27
27
30
26
22
26
20
20
17
17
14
16
15
17
15
14
13
11
14
14
10
6
5
6
5
-1
-8
-11
-11
-14
-18
-18
-23
-24
-31
-32
-35
-39
-40
-41
-39
-39
-35
-32
-31
-26
-19
-19
-20
-25
-26
-15
-13
-12
-10
-8
0
5
7
7
14
11
12
16
16
20
17
17
13
14
15
14
13
14
15
17
18
16
18
19
19
20
22
21
21
18
17
20
23
26
19
15
18
13
13
13
16
12
10
15
12
9
9
8
8
10
8
10
5
0
4
5
5
-2
2
0
-7
-8
-8
-7
-15
-16
-21
-22
-30
-29
-33
-35
-37
-39
-36
-36
-35
-39
-37
-35
-32
-31
-29
-24
-22
-18
-13
-9
-8
-9
-4
0
0
0
5
5
8
4
8
11
10
15
12
17
14
16
14
13
16
16
20
16
12
7
9
10
11
8
13
18
13
15
13
16
17
21
17
12
14
9
5
2
4
5
5
3
0
-1
-2
-3
-6
-5
-6
-4
-4
-9
-10
-10
-11
-14
-10
-14
-12
-8
-13
-12
-6
1
-4
3
-2
1
2
5
5
6
7
4
10
9
11
10
9
14
18
16
17
17
22
21
19
20
22
21
24
23
21
16
17
13
15
15
16
17
9
7
3
3
-5
-4
-9
-11
-14
-19
-19
-20
-20
-23
-24
-25
-24
-31
-27
-29
-27
-26
-27
-25
-33
-28
-29
-29
-30
-29
-25
-31
-30
-26
-21
-19
-17
-14
-13
-10
-10
-12
-3
0
2
7
11
12
18
19
19
21
24
25
24
26
27
26
23
26
26
26
20
23
26
19
17
22
22
15
10
5
5
6
6
4
0
-2
-5
-2
-3
2
3
1
-1
-4
-4
-10
-11
-15
-15
-7
-10
-12
-15
-18
-19
-18
-18
-18
-21
-21
-17
-15
-14
-17
-17
-17
-15
-21
-20
-12
-9
-6
-5
-1
-2
2
0
-6
2
4
4
6
3
2
2
3
6
5
3
7
6
10
14
16
20
20
24
24
26
22
23
20
16
19
17
21
26
25
27
24
25
24
19
16
17
18
17
13
10
5
6
7
3
5
1
0
3
1
-4
-5
-8
-8
-10
-16
-15
-16
-14
-13
-13
-17
-17
-20
-23
-22
-21
-21
-25
-28
-29
-26
-29
-28
-30
-27
-25
-26
-24
-23
-19
-18
-16
-12
-11
-8
-10
-12
-13
-6
-7
-5
-9
-8
-3
-6
-2
-1
4
8
10
10
9
12
13
10
9
8
7
7
8
13
15
18
18
19
21
20
24
23
29
31
32
26
26
22
21
24
20
20
23
25
24
20
15
14
10
7
5
3
1
2
-1
-1
-4
-5
-3
-5
-4
-5
-1
-8
-9
-11
-11
-12
-14
-15
-16
-17
-20
-17
-17
-17
-14
-15
-13
-13
-12
-11
-10
-11
-14
-11
-5
-10
-12
-10
-9
-10
-11
-6
-9
-7
-7
-6
2
4
7
8
8
4
3
1
0
4
6
4
4
5
2
8
11
8
7
8
8
4
0
2
5
4
9
4
6
5
5
5
1
1
-1
-3
-2
3
2
1
-1
-6
-4
-8
-6
-7
-11
-14
-10
-9
-10
-6
-4
-3
-8
-5
-4
-4
-1
-4
-2
-1
-4
-5
-8
-8
-8
-7
-8
-5
-3
-2
2
1
2
1
2
1
3
3
1
1
1
-1
-2
0
0
2
0
3
3
6
10
10
11
6
6
4
8
7
6
5
6
9
4
5
4
7
3
5
7
5
5
3
4
2
4
8
9
8
10
11
10
7
9
12
10
8
5
6
10
10
6
4
4
3
2
3
2
4
0
2
-3
-6
-5
-4
-5
-5
-3
-3
-2
-4
-2
-4
-4
-2
-5
-8
-7
-2
-2
-3
-2
3
1
1
3
4
3
3
3
3
4
0
0
0
3
3
4
5
1
2
-1
-5
-9
-10
-11
-13
-15
-15
-15
-13
-16
-19
-19
-19
-18
-17
-20
-22
-24
-23
-22
-22
-20
-19
-17
-18
-15
-12
-10
-11
-5
-5
-6
-6
-6
-2
-5
1
3
5
10
10
7
8
9
14
16
12
17
18
15
10
10
13
12
18
17
15
16
17
17
16
20
16
17
14
11
13
10
12
10
11
8
9
10
8
7
9
7
5
10
4
4
1
-2
-2
2
-2
-1
3
-3
-2
-1
0
-4
-3
-1
-5
-5
-6
-7
-8
-5
-8
-8
-7
-3
-5
-8
-5
-9
-9
-8
-4
-7
-3
-3
-3
0
-4
-6
-7
-5
-7
-6
-2
-5
-9
-10
-7
-9
-9
-7
-3
-4
-3
1
4
4
3
1
0
1
-1
-1
2
5
5
4
1
4
4
1
2
2
2
0
-4
-1
-4
-6
-6
-2
-3
-5
-2
-7
-5
-6
-4
-4
-6
-8
-8
-6
-7
-7
-7
-5
-5
-4
-3
0
3
7
11
12
13
7
8
5
3
7
3
2
1
1
0
0
-2
-1
-2
-3
-1
2
3
4
8
9
8
8
11
12
10
10
10
9
6
10
11
12
13
12
9
7
7
7
8
7
6
3
1
0
-3
-4
-3
-3
-7
-8
