SAMPLES:	21163
BITSPERSAMPLE:	16
CHANNELS:	1
SAMPLERATE:	16000
NORMALIZED:	FALSE
64
74
67
51
36
11
11
23
5
8
24
33
46
60
58
42
29
12
-4
5
15
5
-10
-15
-34
-49
-53
-58
-59
-54
-62
-47
-33
-53
-47
-53
-56
-51
-62
-61
-38
-53
-38
-42
-57
-49
-65
-65
-61
-32
-6
8
7
18
29
38
64
69
74
69
71
88
91
80
66
60
35
25
27
24
14
16
35
36
42
53
52
33
25
14
9
11
6
-11
-13
-31
-63
-55
-64
-60
-47
-48
-49
-45
-46
-43
-43
-40
-39
-51
-56
-36
-39
-53
-47
-46
-29
-21
-26
-19
-26
-30
-29
-41
-53
-33
-12
-4
14
39
46
62
75
68
89
82
66
66
63
66
77
94
88
109
116
104
121
126
116
109
101
88
90
101
92
90
90
93
63
55
37
12
-7
-15
9
1
2
28
32
22
9
-4
-8
-16
-20
-43
-62
-65
-67
-86
-102
-106
-109
-113
-118
-91
-84
-89
-77
-93
-86
-85
-106
-109
-105
-104
-105
-111
-113
-114
-116
-114
-119
-104
-95
-82
-75
-71
-75
-77
-85
-78
-73
-72
-78
-82
-71
-92
-93
-78
-63
-62
-29
1
31
55
69
82
81
81
73
62
77
84
111
114
103
105
100
110
118
119
122
124
136
147
156
170
150
140
123
107
93
51
17
-6
-26
-43
-48
-51
-53
-35
-22
-4
5
-2
2
22
21
13
9
15
22
1
-2
5
14
19
18
26
37
58
74
65
61
61
41
34
33
44
44
37
23
-1
-22
-32
-32
-43
-41
-60
-62
-40
-27
-45
-17
-33
-40
-23
-31
-30
-49
-57
-66
-68
-87
-109
-123
-104
-89
-76
-80
-85
-50
-31
-35
-18
-10
4
18
26
41
38
26
21
1
-1
13
4
6
0
-14
-24
-26
-30
-25
-28
-33
-16
3
14
25
33
49
53
50
71
72
73
64
86
90
93
101
95
96
98
122
107
87
88
73
41
21
6
-18
-26
-33
-45
-51
-78
-78
-80
-70
-71
-69
-71
-74
-74
-72
-44
-42
-47
-62
-66
-88
-98
-111
-115
-105
-95
-114
-118
-109
-97
-101
-107
-97
-100
-81
-74
-65
-60
-48
-46
-65
-68
-57
-39
-1
12
25
45
44
58
62
65
77
72
63
65
68
93
97
86
102
111
104
101
99
96
97
106
113
111
120
118
115
106
101
114
108
107
96
79
76
57
40
24
9
32
60
61
61
50
47
66
67
80
87
69
54
43
16
-12
-34
-55
-57
-63
-73
-81
-59
-48
-48
-41
-34
-16
-15
-36
-52
-52
-56
-55
-63
-82
-106
-116
-121
-132
-140
-151
-134
-111
-115
-106
-90
-82
-57
-61
-63
-56
-50
-55
-60
-55
-44
-40
-32
-14
-3
-18
-9
-16
-38
-45
-39
-40
-40
-30
-18
-12
-11
-3
-25
-25
1
19
27
46
38
41
51
38
30
19
14
11
6
10
16
33
58
85
73
87
95
92
104
83
83
97
79
82
89
73
84
79
73
73
69
52
49
45
33
27
41
33
16
-1
-10
-21
-23
-27
-21
-8
-14
-27
-38
-44
-65
-74
-73
-80
-84
-96
-98
-88
-76
-67
-73
-73
-73
-70
-62
-49
-39
-30
-18
-19
1
11
19
21
19
30
18
21
14
11
28
44
41
29
34
40
43
57
46
37
66
70
68
70
62
67
57
60
67
76
86
91
98
92
79
61
60
43
18
-14
-32
-43
-71
-87
-96
-103
-108
-97
-73
-86
-85
-66
-61
-52
-48
-32
-22
-16
-4
12
17
34
34
48
52
49
37
35
56
46
47
54
73
81
95
85
93
97
86
101
92
68
60
49
12
4
-4
-31
-49
-55
-57
-70
-83
-80
-76
-75
-76
-81
-76
-79
-86
-83
-79
-58
-74
-77
-89
-102
-121
-126
-126
-130
-132
-151
-126
-134
-156
-141
-130
-130
-144
-137
-126
-127
-127
-114
-90
-97
-97
-81
-70
-51
-44
-23
-2
-7
-11
-4
2
13
18
32
34
43
57
71
99
121
133
148
162
154
156
157
163
152
150
155
134
126
118
113
110
112
118
127
139
142
149
153
164
162
160
170
155
165
147
151
158
160
152
150
153
131
116
94
99
85
62
50
29
4
-5
-2
-7
-8
-10
-15
-17
-28
-44
-55
-76
-93
-101
-110
-122
-128
-144
-179
-183
-189
-202
-215
-216
-241
-241
-225
-229
-232
-223
-207
-198
-191
-168
-152
-151
-124
-104
-76
-62
-38
-25
-4
9
8
23
21
10
5
4
23
22
21
40
49
63
68
74
58
62
61
57
72
72
60
49
49
55
54
52
41
29
32
39
27
36
17
17
24
4
2
11
17
38
34
45
45
45
45
37
22
8
14
6
2
10
17
14
12
-15
-28
-55
-78
-73
-66
-82
-74
-52
-52
-29
-46
-31
-34
-54
-47
-52
-37
-31
-28
-13
-12
0
14
17
25
29
37
62
65
75
86
85
87
97
96
69
59
55
51
43
36
28
30
43
43
32
30
27
41
41
37
43
40
51
48
36
14
5
7
19
-2
-32
-46
-58
-51
-56
-68
-63
-36
-35
-34
-7
4
16
19
25
44
43
59
54
57
56
53
56
57
59
42
31
30
7
-10
-1
-19
-21
-26
-29
-27
-41
-37
-35
-29
-15
-14
-7
1
12
-4
-6
-2
-1
-8
-22
-39
-53
-53
-56
-60
-62
-57
-72
-88
-102
-116
-135
-126
-112
-113
-95
-93
-103
-91
-76
-74
-56
-47
-41
-46
-41
-36
-44
-48
-64
-65
-62
-57
-44
-33
-23
-9
-4
4
3
3
-3
-3
0
-5
5
12
29
38
66
75
85
99
95
89
109
115
93
101
101
101
98
99
91
99
91
80
75
64
60
52
67
92
91
102
121
126
135
125
116
97
96
88
67
55
46
40
22
-8
-37
-62
-65
-69
-79
-76
-75
-49
-38
-46
-42
-43
-45
-29
-15
-19
-23
-29
-33
-26
-20
-19
-24
-18
-17
-12
-21
-35
-42
-53
-43
-28
-18
-34
-33
-25
-38
-25
-30
-40
-49
-51
-40
-48
-53
-61
-62
-71
-60
-55
-57
-48
-35
-34
-26
-40
-48
-39
-42
-46
-47
-17
-16
-15
-2
1
4
13
26
48
60
62
88
105
111
104
93
72
43
40
25
0
-6
-12
-19
-29
-43
-41
-31
-16
-1
-8
-11
-8
-5
-7
-15
-24
-9
-14
-4
-4
-4
1
-7
5
3
7
12
10
2
25
21
9
10
10
0
-12
-26
-31
-33
-45
-56
-62
-62
-51
-40
-47
-40
-24
-23
-15
-20
-16
-11
-20
-24
-24
-28
-20
-23
-24
-7
3
11
24
47
61
60
74
93
105
109
118
129
133
135
127
123
126
124
108
100
80
67
55
34
30
28
15
10
4
-3
-13
-20
-14
-7
-11
-17
-24
-16
-19
-8
1
-7
2
-8
-4
-12
-22
-10
-7
-5
-8
-12
-5
-3
-14
-19
-9
1
2
-10
-13
-8
-11
-11
-25
-34
-32
-24
-33
-36
-37
-40
-41
-48
-45
-57
-69
-72
-81
-89
-90
-110
-123
-121
-132
-128
-109
-96
-95
-85
-69
-57
-56
-44
-35
-29
-14
0
10
18
28
46
53
64
77
91
98
94
103
87
68
55
42
34
18
8
-11
-28
-42
-70
-75
-69
-75
-82
-75
-85
-85
-80
-73
-61
-47
-18
-8
-8
7
22
29
23
20
12
10
20
26
42
59
77
84
91
99
115
121
122
137
148
149
156
160
146
125
106
100
85
76
70
61
63
50
49
40
30
28
31
29
27
37
41
37
31
12
4
12
3
3
-1
-18
-33
-40
-44
-40
-47
-51
-36
-38
-32
-36
-45
-47
-60
-53
-66
-76
-79
-84
-92
-100
-99
-101
-114
-116
-112
-107
-85
-80
-74
-74
-75
-67
-52
-45
-39
-30
-34
-26
-37
-32
-41
-38
-19
-16
-21
-16
-12
-7
-5
-4
0
1
-4
-10
2
-6
-24
-17
-7
-6
-1
6
15
21
29
26
34
44
58
65
65
60
78
78
73
75
65
60
77
81
64
56
49
44
36
26
13
19
21
12
19
29
37
44
41
46
46
23
18
25
18
2
-4
-8
-17
-15
-18
-16
-18
-31
-31
-34
-39
-42
-54
-59
-47
-44
-46
-44
-49
-55
-57
-62
-50
-42
-24
-22
-17
-6
-14
-11
-10
-18
-23
-14
-20
-17
-9
-7
2
2
9
22
37
45
54
59
67
60
55
42
28
27
19
11
3
-5
-5
3
3
14
22
27
28
30
29
28
29
39
39
26
22
21
15
1
-8
-5
-10
-7
8
6
9
19
20
11
11
17
15
12
12
10
17
15
12
15
9
9
1
8
2
-5
2
5
3
-2
1
-7
-15
-24
-37
-43
-52
-54
-67
-69
-66
-65
-63
-65
-64
-63
-59
-50
-37
-37
-23
-19
-19
-8
-7
10
13
24
30
20
5
1
4
-5
-15
-25
-29
-28
-27
-47
-43
-38
-44
-39
-42
-38
-42
-40
-35
-40
-50
-54
-53
-53
-53
-48
-34
-19
-10
-6
13
26
29
31
25
27
26
22
12
13
13
9
0
7
20
21
34
31
41
47
58
70
82
89
98
99
88
89
73
60
55
54
57
59
57
70
77
73
89
81
77
72
64
73
67
63
58
54
60
60
55
41
35
26
17
5
-9
-18
-24
-32
-34
-27
-28
-23
-23
-22
-26
-39
-35
-38
-46
-47
-53
-56
-55
-64
-68
-66
-71
-73
-71
-55
-51
-51
-48
-44
-47
-45
-48
-52
-43
-45
-44
-40
-28
-25
-18
-11
1
11
0
5
7
9
13
16
25
19
16
15
6
-6
-19
-22
-23
-30
-25
-28
-29
-17
-19
-13
1
4
4
6
2
-4
-14
-17
-20
-25
-38
-42
-53
-54
-59
-61
-60
-58
-49
-48
-45
-34
-30
-30
-21
-18
-8
-6
-4
0
2
1
6
12
18
31
35
39
40
45
45
44
45
48
47
31
29
13
11
4
5
9
6
21
38
46
55
60
55
64
66
59
53
58
58
48
47
42
34
30
20
26
29
25
23
28
25
26
24
21
18
15
24
16
16
14
12
8
9
9
6
11
15
6
6
1
-4
-5
4
5
5
12
16
14
6
11
7
5
-3
-11
-7
-5
-10
-17
-12
-16
-15
-26
-32
-23
-16
-2
6
4
-4
-5
-21
-30
-41
-48
-47
-57
-53
-67
-77
-74
-74
-77
-80
-81
-87
-81
-73
-64
-63
-63
-62
-56
-54
-47
-34
-29
-21
-21
-15
-10
-4
11
29
35
41
48
46
43
45
45
48
45
42
33
27
29
15
11
10
12
15
22
19
15
11
5
3
-4
-7
-14
-16
-16
-14
-10
-13
-14
-5
-2
1
3
6
17
21
20
24
20
27
33
19
16
9
9
7
4
16
10
15
14
12
19
13
19
25
30
31
32
35
36
38
44
37
30
30
26
29
17
16
27
23
26
23
17
11
3
5
1
-1
-1
-8
-17
-9
-9
-14
-18
-15
-15
-18
-15
-20
-22
-21
-18
-12
-11
-4
4
4
8
7
2
-2
3
2
-2
-4
-6
-10
-7
-2
-10
-9
-12
-15
-26
-18
-16
-22
-20
-11
-10
-9
5
7
9
9
-1
-7
-16
-19
-9
-16
-18
-23
-33
-28
-24
-18
-19
-11
-5
-7
-10
-8
1
6
8
3
5
4
-3
-13
-12
-9
-4
-11
-18
-10
-5
-1
1
12
17
16
14
6
14
15
9
11
4
-7
-13
-23
-28
-37
-47
-56
-63
-62
-55
-49
-46
-50
-50
-50
-55
-51
-40
-33
-26
-28
-30
-10
4
-3
11
17
20
26
29
29
30
30
31
33
29
35
37
24
28
29
23
32
37
46
44
57
68
66
59
58
58
48
45
44
46
43
39
34
31
31
31
29
27
30
32
31
30
39
34
31
32
21
28
22
15
16
8
11
5
2
2
8
15
15
13
9
14
8
5
6
2
-4
-12
-17
-28
-34
-40
-42
-36
-41
-35
-34
-29
-26
-31
-37
-37
-29
-31
-29
-34
-36
-37
-43
-49
-55
-57
-51
-55
-67
-67
-64
-61
-64
-67
-68
-71
-67
-65
-58
-51
-39
-22
-14
-12
-16
-13
-6
-1
7
5
11
20
24
25
23
23
21
32
43
53
66
71
78
77
72
75
77
65
57
50
50
47
42
35
26
17
19
11
1
-1
-6
-3
-3
-3
-9
-9
-20
-24
-29
-36
-34
-45
-40
-45
-43
-43
-49
-41
-45
-39
-31
-37
-36
-33
-37
-33
-34
-34
-28
-27
-18
-13
-7
5
12
13
20
27
29
45
51
57
56
61
56
58
69
57
56
55
53
48
47
42
40
33
28
21
20
20
20
13
9
10
9
8
6
10
15
7
1
4
-1
4
-8
-15
-10
-14
-12
-7
-6
2
6
11
16
25
25
22
21
26
26
17
22
17
9
10
3
-3
4
-2
-8
-9
-14
-26
-30
-32
-36
-37
-45
-50
-53
-54
-52
-56
-49
-45
-41
-37
-35
-29
-29
-30
-33
-34
-34
-43
-37
-31
-33
-29
-30
-31
-22
-23
-23
-13
-7
-11
-8
-6
-4
0
-3
-8
-3
2
2
7
6
9
10
10
13
8
5
1
-4
-1
-3
-4
-12
-6
-5
-1
0
-3
-7
-6
-6
-7
-2
-5
-2
2
4
3
5
11
13
14
4
11
14
14
16
15
20
20
23
25
28
31
32
32
33
26
18
21
17
23
18
21
29
29
37
42
41
43
42
34
28
33
32
31
33
26
18
16
14
14
11
4
4
-1
-6
-10
-15
-16
-18
-19
-15
-15
-14
-16
-15
-14
-9
-3
0
2
3
3
-9
-8
-15
-17
-24
-25
-21
-22
-14
-9
-10
-8
-7
-5
-1
-6
-7
-9
-8
-10
-9
-9
-7
-4
-4
-1
0
-3
-6
5
1
7
17
7
7
4
-3
1
-8
-7
-8
-9
-3
-10
-4
-8
-4
-7
-10
-9
-10
-7
-5
-3
-14
-11
-9
-2
-8
-7
-8
-18
-23
-23
-18
-16
-24
-27
-30
-35
-34
-32
-25
-21
-19
-16
-8
1
10
10
12
9
15
17
7
2
-5
-13
-24
-21
-27
-29
-24
-24
-16
-12
-10
-4
-8
-6
2
6
9
13
14
17
14
13
12
9
7
6
8
4
9
12
14
15
14
15
17
18
17
24
30
31
36
44
52
51
44
49
47
47
53
54
59
57
50
50
43
44
43
39
37
33
30
29
24
16
14
10
4
4
4
3
6
4
1
-4
-10
-17
-21
-23
-23
-20
-22
-28
-30
-37
-43
-39
-39
-43
-45
-41
-47
-51
-52
-53
-53
-56
-49
-49
-49
-40
-37
-31
-37
-34
-22
-23
-17
-9
-4
1
5
9
7
7
1
-3
-3
-1
-3
0
4
6
15
13
19
21
22
21
26
29
24
17
11
7
-2
-7
-9
-6
-5
1
2
-3
-2
-4
-10
-6
-6
-4
-5
-10
-15
-14
-17
-14
-10
-13
-10
-9
-2
-5
-3
4
6
14
17
20
18
9
12
4
-6
-11
-17
-20
-21
-28
-22
-22
-23
-25
-26
-24
-23
-24
-20
-18
-13
-3
7
15
19
26
26
32
36
33
36
38
44
47
47
47
54
56
51
47
41
45
32
20
10
10
11
3
2
4
6
8
13
9
5
2
5
6
1
2
-5
-10
-13
-20
-19
-19
-23
-22
-21
-26
-34
-38
-40
-41
-37
-34
-26
-22
-19
-16
-16
-16
-9
-5
-2
0
-4
0
5
6
9
7
9
11
10
9
8
12
20
19
21
27
30
27
28
28
26
24
24
19
17
20
16
13
7
4
3
0
1
-5
-5
-9
-7
-4
1
4
-3
5
0
-1
4
7
4
-6
-1
-14
-21
-25
-26
-29
-30
-29
-26
-22
-20
-16
-14
-15
-23
-21
-24
-26
-33
-24
-29
-25
-17
-13
-5
-6
-3
1
0
-7
-10
-15
-21
-20
-24
-26
-22
-22
-26
-21
-16
-17
-16
-17
-12
-14
-7
-6
-7
-7
-8
-7
-7
-5
-2
1
-1
7
9
12
17
17
18
23
23
22
24
26
32
40
48
49
49
54
46
42
42
37
43
46
42
49
55
56
57
52
49
51
42
35
31
30
23
16
9
4
1
-4
-7
-9
-14
-14
-13
-21
-22
-29
-30
-30
-31
-33
-38
-43
-42
-38
-38
-34
-40
-38
-35
-38
-34
-40
-39
-36
-35
-37
-33
-26
-24
-22
-21
-11
0
5
6
11
14
17
16
14
14
8
7
10
14
17
16
15
11
8
8
6
2
5
1
-3
-1
-6
2
-2
-1
1
-1
0
-1
3
9
11
9
11
11
8
3
-5
-5
-8
-8
-8
-10
-3
-3
-4
0
-6
-6
-8
-13
-14
-21
-28
-31
-29
-21
-16
-7
-5
-1
1
2
12
16
21
24
18
24
25
24
29
26
31
29
26
27
20
20
24
21
12
3
-2
-3
-3
-5
-9
-12
-15
-20
-17
-20
-26
-30
-28
-31
-32
-31
-26
-27
-23
-18
-13
-7
-3
-3
-2
6
6
10
15
16
18
19
21
19
15
11
13
13
18
15
17
17
15
15
12
9
8
12
9
12
12
8
13
14
11
8
4
5
-1
-1
-6
-5
-6
-14
-11
-8
-9
-5
-8
-7
-1
-8
-9
-14
-16
-14
-18
-23
-21
-14
-16
-15
-8
-8
-5
-6
-1
3
6
8
7
9
5
6
8
4
0
-1
-6
-6
-9
-13
-8
-7
-10
-6
-10
-9
-12
-16
-11
-12
-17
-19
-17
-16
-16
-17
-20
-14
-12
-8
0
4
10
4
6
8
5
2
7
5
2
1
0
-8
-12
-15
-15
-11
-9
-4
-1
4
9
20
28
33
40
44
48
55
55
52
56
58
56
48
38
28
25
21
5
-9
-22
-27
-29
-32
-33
-41
-41
-31
-17
-13
-16
1
11
14
24
31
35
35
46
47
43
45
39
38
23
8
-4
-17
-24
-36
-52
-61
-60
-61
-60
-57
-55
-50
-38
-26
-17
-17
-9
0
11
18
18
20
25
27
22
18
20
13
19
14
7
7
0
1
-6
-10
-12
-16
-19
-20
-29
-32
-27
-18
-13
-11
-4
-2
-3
-4
-5
-2
-2
2
3
1
-6
0
3
2
2
5
5
5
1
-6
-9
-18
-17
-27
-25
-22
-21
-19
-15
-9
-14
-16
-5
-1
0
6
10
12
19
18
18
19
21
24
15
14
17
12
9
9
4
3
2
0
-2
-1
0
2
0
-4
-1
0
6
4
4
3
2
9
8
6
9
9
11
11
10
10
11
14
15
15
20
26
31
32
24
24
19
15
6
-3
-5
-6
-9
-13
-8
-1
3
1
5
4
-1
0
-6
-9
-15
-20
-22
-27
-31
-33
-32
-32
-33
-33
-36
-33
-38
-38
-36
-36
-32
-37
-39
-40
-35
-31
-25
-19
-12
-6
3
10
17
25
29
33
37
38
37
41
39
38
43
40
46
54
53
50
49
54
53
51
52
45
44
42
33
24
12
8
2
-2
-3
-6
-5
-6
-5
-6
-9
-7
-8
-13
-19
-22
-21
-23
-27
-20
-20
-19
-23
-23
-14
-14
-23
-27
-29
-31
-33
-37
-34
-37
-39
-40
-39
-38
-36
-28
-23
-18
-13
-18
-12
-15
-26
-26
-26
-24
-16
-19
-16
-15
-10
-6
-5
-8
-6
-7
-2
-2
-3
0
0
6
3
4
4
4
5
4
3
3
8
12
12
12
11
17
18
17
16
19
24
30
34
38
43
43
51
59
57
63
65
65
68
62
56
56
52
50
43
40
31
24
27
21
16
10
13
6
2
0
-10
-13
-15
-21
-25
-27
-33
-38
-35
-40
-46
-48
-51
-49
-50
-55
-47
-52
-53
-52
-55
-55
-50
-35
-26
-27
-23
-20
-15
-10
-8
-3
1
4
8
11
16
25
14
11
10
14
18
14
16
16
4
12
12
2
6
4
-5
-2
0
9
20
23
24
20
27
19
20
15
4
8
11
6
5
7
0
8
10
6
8
3
-5
0
-7
-1
-5
-3
-11
-16
-9
-24
-27
-33
-39
-43
-39
-33
-30
-33
-23
-15
-19
-19
-13
-2
5
-3
-14
-7
-1
-10
-17
-25
-19
-18
-22
-24
-22
-16
-13
-12
-11
-1
-7
5
0
-1
11
9
15
9
17
11
13
15
25
28
16
19
22
26
26
33
35
46
40
28
30
38
38
44
52
44
39
39
40
37
35
41
35
20
16
15
10
7
-1
-4
0
-7
-7
-2
-13
-16
-21
-17
-16
-10
-8
-20
-22
-31
-27
-27
-31
-22
-26
-15
-8
-4
-2
3
14
9
5
-2
-1
-14
-8
-16
-22
-11
-14
-4
3
4
-6
14
30
23
25
42
51
37
35
18
6
4
6
9
7
11
-4
-6
-13
-16
-14
-18
-19
-10
-8
-18
-26
-39
-34
-34
-39
-31
-25
-27
-30
-22
-20
-15
-22
-31
-44
-43
-43
-50
-48
-54
-52
-56
-46
-43
-39
-25
-27
-32
-27
-26
-17
-31
-34
-17
-11
-7
-4
-3
-1
1
-2
4
9
6
4
8
20
14
10
14
6
4
2
-3
6
4
12
25
30
33
25
19
26
32
44
53
49
62
68
69
65
66
63
62
66
72
70
77
84
81
62
62
59
46
50
41
47
39
36
23
10
2
7
12
8
11
-1
4
4
-3
-4
-18
-16
-1
-17
-20
-23
-31
-27
-28
-37
-45
-40
-38
-42
-41
-30
-33
-34
-29
-53
-170
-173
79
112
-132
-162
-14
-23
-11
111
49
-202
-125
238
219
-65
-6
124
24
57
158
41
33
218
132
-35
29
118
118
76
-6
-108
-75
137
169
-101
-169
-36
20
67
-88
-403
-355
-126
-174
-328
-418
-475
-441
-258
-215
-535
-627
-262
-152
-342
-257
-147
-259
-80
294
180
14
299
539
443
403
543
558
454
560
578
312
311
451
288
94
72
17
-26
-8
-64
-237
-285
-143
-115
-158
-171
-134
-34
56
110
22
-10
204
372
339
309
330
393
537
663
605
360
299
552
626
406
249
221
196
6
-511
-904
-693
-396
-620
-1147
-1519
-1483
-1166
-885
-1042
-1799
-2034
-1175
-464
-635
-883
-809
-644
3
784
870
575
706
1311
1613
1504
1642
1753
1466
1345
1305
920
790
826
524
-74
-509
-502
-409
-472
-768
-1172
-1230
-865
-563
-470
-502
-432
-184
162
481
618
732
948
1046
1066
1116
1131
1137
1068
889
547
313
348
277
3
-349
-732
-882
-856
-895
-1024
-1218
-1290
-1159
-1048
-923
-809
-696
-596
-977
-915
523
898
-304
-226
780
692
564
1030
899
125
428
1740
1355
-104
326
1102
390
376
1023
255
-357
456
518
-172
-117
119
-20
-338
-338
-574
-1559
-1371
-316
-1205
-2427
-1798
-1153
-1528
-1721
-1509
-1872
-2309
-1363
-363
-1020
-1688
-737
258
-4
116
991
981
785
1569
2101
1726
1481
1965
2175
1558
1360
1602
1324
1048
899
520
83
-34
131
-114
-590
-716
-602
-398
-219
-334
-600
-716
-207
572
752
600
375
423
1032
1473
1445
937
519
960
1510
1307
807
400
352
597
671
390
-37
-207
32
226
-130
-645
-571
-285
-424
-499
-992
-2021
-1722
-689
-1027
-2007
-2211
-1855
-1757
-1738
-1375
-1771
-2718
-2071
-767
-1084
-1670
-923
-542
-924
-272
591
411
407
1019
1342
1137
1214
1916
1896
1285
1381
1485
1213
1289
1326
820
331
354
405
288
-110
-963
-940
85
126
-352
-256
-349
-193
505
905
609
-3
384
1306
1445
1377
1349
904
911
1540
1729
1295
1043
996
791
649
501
317
173
-257
-395
-464
-1487
-2464
-1991
-1194
-1905
-3004
-2775
-2482
-2702
-2028
-1494
-2668
-3399
-1912
-473
-867
-1093
-380
-467
-350
1118
1805
1125
1085
1839
1951
1755
2219
2437
1755
1385
1376
1019
782
807
398
-385
-767
-827
-896
-773
-852
-1471
-1479
-644
-294
-358
-34
433
667
1072
1556
1589
1571
2026
2611
2586
2061
2038
2283
2208
2220
1967
897
112
405
690
133
-729
-1311
-1213
-872
-1826
-3384
-3359
-2362
-2238
-2910
-3333
-3325
-3219
-2406
-1351
-2362
-3867
-2402
-249
-513
-998
-492
-502
-117
1475
2267
1401
968
1994
2802
2311
2100
2466
2031
1692
1874
1252
547
770
713
-63
-819
-1037
-977
-1383
-1496
-944
-1308
-1681
-549
178
-4
528
1232
1221
1250
2133
3084
2843
2480
2992
3069
2849
3521
3664
2482
1612
1476
1458
1227
453
-412
-1052
-1472
-1484
-2478
-4201
-4295
-3610
-3764
-4261
-4852
-5017
-4397
-3618
-3082
-3475
-4128
-2847
-1055
-745
-689
-365
-90
725
1925
2447
2215
2008
2525
3251
3048
2634
2730
2417
1869
1692
1185
569
439
94
-524
-1085
-1632
-2175
-1861
-696
-816
-2095
-1943
-508
501
1010
1247
986
840
2224
4206
3979
2615
2816
3686
3974
4355
4340
3015
1691
1928
2360
1404
178
-437
-987
-1456
-1695
-2674
-4577
-5241
-4137
-3861
-4970
-5530
-5181
-4855
-4230
-3115
-3154
-4040
-2960
-769
-161
-196
445
1105
1511
2340
3400
3433
2960
3362
3811
3412
2898
2850
2554
1745
1167
590
-140
-302
-442
-1232
-1939
-2186
-2120
-2493
-3226
-2048
-271
-1075
-1977
-395
1032
1427
2365
2769
1842
1998
4177
5382
3968
2904
3763
4172
3907
3926
2735
1099
1329
1662
460
-883
-1461
-1575
-1791
-2786
-4827
-6114
-4986
-3901
-4857
-5735
-5865
-5849
-4608
-2679
-2783
-4326
-3681
-1074
107
-71
540
1154
1206
2363
3706
3238
2937
3943
3975
3190
3017
2983
2625
2177
1610
521
-544
-411
-220
-1102
-2032
-2511
-2641
-2800
-2986
-2170
-1440
-1811
-1574
-419
473
1263
2219
2805
2617
2874
4499
5448
4790
4702
5269
4477
3579
4299
4130
2352
1688
1312
76
-447
-594
-1475
-3564
-5570
-5365
-4555
-5167
-6033
-6551
-6735
-6074
-5047
-4441
-4521
-4641
-3620
-1667
-511
-366
372
1520
2196
3237
4104
4001
4240
4848
4976
4476
3841
3854
3510
2490
1832
845
-266
-581
-1023
-1812
-2704
-3589
-3866
-3610
-3367
-3092
-3153
-3356
-2445
-547
452
517
1046
1877
3038
4480
5244
5201
5101
5608
6081
5509
5145
5249
4200
3139
2738
1770
828
319
-560
-2323
-4561
-5395
-4858
-5112
-6050
-6990
-7769
-7427
-6243
-5365
-5146
-5543
-5321
-3403
-1422
-638
9
726
1214
2493
4183
4902
5082
5150
5313
5418
5082
5055
4942
3758
2655
1968
996
269
-231
-1088
-2418
-3953
-4541
-3477
-2581
-3597
-4752
-4125
-2864
-1637
-466
-206
-254
821
2903
4383
4267
4377
5359
5259
5241
6129
5713
4624
4412
4014
2872
1934
1455
508
-1379
-3517
-4652
-4493
-4707
-6039
-7242
-7859
-7657
-6822
-6312
-6079
-6383
-6182
-3979
-2038
-1732
-1090
72
988
2409
4060
4519
4463
5230
6021
6041
5778
5467
5210
4626
3635
2740
1668
696
-163
-1222
-1523
-1990
-3577
-3978
-3305
-3651
-4124
-3189
-2286
-2710
-1957
347
1058
1040
2458
3651
4064
4974
5664
5252
5084
5661
5402
4430
4210
3770
2479
1566
1206
-15
-2330
-3843
-4280
-4805
-5329
-5927
-7131
-7967
-7441
-6521
-6292
-6649
-6561
-5357
-3649
-2256
-1291
-878
-417
1173
3084
3895
4144
4624
5174
5799
6075
5816
5541
4989
4253
3578
2566
1627
1022
200
-1322
-2659
-2592
-2267
-2804
-3363
-3952
-4042
-2569
-1085
-687
-791
-406
1380
3106
3710
4376
4599
3930
4737
6532
6121
4617
4204
3824
3208
2961
2289
767
-1246
-2947
-3641
-4030
-4684
-5680
-7164
-8035
-7755
-7425
-7250
-6606
-6351
-6660
-5483
-3188
-2253
-1792
-572
300
1071
2739
4188
4580
4668
5135
5578
5527
5535
5722
5022
3646
2977
2444
1319
541
47
-845
-1822
-2591
-3005
-3055
-3244
-3393
-3174
-2791
-1877
-845
-61
831
1675
2649
3934
4850
4816
4572
5406
6337
5752
4880
4681
4203
3639
3386
2343
323
-1283
-2308
-3486
-4442
-5261
-6431
-7404
-7714
-7685
-7782
-7657
-6905
-6769
-6673
-4953
-3437
-2714
-1272
-151
313
1547
3407
4461
4664
5104
5579
5471
5611
5902
5233
4045
3454
2681
1239
730
558
-1024
-2844
-3463
-3066
-2448
-2677
-3319
-4020
-4100
-2024
53
-92
-434
566
2354
4415
5860
5709
4356
4433
6510
7349
5951
4680
4144
3546
3416
3224
1506
-788
-2070
-3225
-4780
-5136
-4814
-6347
-8374
-7905
-7152
-7633
-6766
-5618
-6389
-6487
-3926
-1408
-1178
-1103
610
1632
2211
4410
5550
4506
4736
5956
5681
5043
5126
4638
3275
2294
1678
541
-490
-716
-1479
-3334
-4176
-3587
-3653
-3942
-3636
-3937
-4031
-2370
-474
87
229
1192
2773
4184
5267
5266
4484
5123
6393
6198
5470
4899
4091
3652
3458
2397
547
-1108
-2270
-3157
-3807
-4658
-6118
-7282
-7265
-6973
-7326
-7083
-6218
-6397
-5996
-4069
-2823
-2113
-689
381
890
2022
3869
4894
4926
5344
5760
5593
5672
5963
5314
3846
2998
2560
1321
33
-483
-1091
-2274
-3380
-4024
-4392
-4269
-3707
-3446
-3753
-3753
-2540
-582
671
1184
1820
2863
4255
5079
5223
5546
5691
5547
5556
5076
4355
4027
3305
2080
544
-1632
-2996
-2788
-3245
-4928
-6625
-7584
-7261
-6669
-6623
-6576
-7099
-7203
-4927
-2834
-2708
-2104
-769
235
1619
3141
4076
4595
5011
5613
6144
5842
5644
5803
4953
3792
3180
2116
999
229
-721
-1467
-2445
-3494
-3560
-3574
-4150
-4397
-3998
-3156
-2502
-1955
-990
-5
1221
2691
3467
3492
3586
4623
5972
5972
5058
4222
3917
4172
4190
3249
1314
-920
-2367
-2673
-2805
-4079
-5947
-6934
-7205
-7100
-6710
-6558
-6938
-7184
-5935
-3972
-3200
-2374
-827
-73
792
2467
3708
4484
5305
6055
6185
5885
6097
6439
5891
4674
3612
3018
2338
1060
-740
-1844
-1686
-2298
-3787
-4297
-4876
-5090
-3465
-2761
-3688
-3655
-2137
-152
1309
2020
2535
2890
3526
5018
5979
5491
5110
5070
4472
4281
4160
3141
2187
527
-1950
-2860
-2865
-3800
-5207
-6544
-7525
-7639
-7128
-6671
-6749
-7153
-6775
-5096
-3433
-2526
-1408
-367
501
2313
3875
4352
5148
6153
6470
6501
6347
6160
6131
5519
4392
3540
2615
1330
404
-420
-1711
-2545
-2878
-3535
-4427
-4931
-4328
-3353
-3076
-2859
-2329
-1628
65
2173
3081
2970
2898
3472
5018
6403
6029
4606
3819
3934
4291
4014
2719
642
-1575
-2795
-2892
-3375
-4788
-6382
-7425
-7764
-7691
-7362
-6851
-6867
-7155
-6244
-4338
-3093
-1985
-458
316
1006
2754
4441
5167
5629
6277
6600
6395
6390
6447
5641
4657
4247
3203
1409
528
16
-1094
-1927
-2698
-4013
-4954
-4612
-3556
-3467
-3916
-3215
-2401
-1560
301
1875
2393
2909
3294
3568
4788
6187
6195
5162
4062
3636
4079
4167
3348
1403
-1690
-3142
-2536
-2880
-4429
-6162
-7669
-7999
-7345
-6787
-6745
-7392
-7492
-5954
-4241
-3329
-2166
-936
-239
1139
2905
3747
4614
5704
6277
6430
6362
6364
6472
5957
4961
4042
3050
2026
1048
66
-912
-1742
-2510
-3524
-4413
-4645
-3935
-3086
-3159
-3286
-2552
-1341
284
1878
2693
2846
2764
3760
5656
6106
5350
4757
4418
4473
4428
3709
2739
1086
-1194
-2496
-2926
-3614
-4522
-5800
-7413
-8066
-7608
-7103
-6816
-7127
-7368
-6097
-4393
-3079
-1634
-856
-361
1267
3137
4217
4948
5648
6307
6667
6618
6584
6495
5611
4587
4298
3350
1661
816
76
-1413
-2452
-2694
-3489
-4654
-4935
-4405
-4044
-3818
-3064
-2314
-1785
-487
1603
2773
3064
3261
3487
4739
6202
6057
5072
4393
4088
4241
4081
3054
972
-1925
-3053
-2332
-3081
-5267
-6740
-7593
-7857
-7266
-6763
-7174
-8081
-7614
-5362
-3804
-3400
-2255
-870
158
1985
3755
4447
5073
6009
6896
7105
6763
6940
6876
5689
4772
4246
3154
1996
962
-250
-1464
-2459
-2940
-3430
-4662
-5441
-4866
-4060
-3706
-3394
-2903
-1844
-128
1394
2256
2745
3281
4165
5314
5981
5676
4993
4838
4837
4489
3816
2732
1278
-882
-2724
-2882
-3142
-4948
-6626
-7622
-8104
-7608
-7051
-7209
-7835
-7743
-6006
-3964
-2956
-2141
-1086
-3
1650
3726
4803
5160
5857
6637
7247
7318
6963
6635
6043
5268
4345
3028
2140
1220
-289
-1366
-2304
-3389
-3837
-4109
-4731
-5201
-4807
-3942
-3486
-2938
-1826
-707
461
1976
3213
3458
3618
4815
5905
5908
5511
4916
4318
4209
3964
3028
1407
-903
-2644
-2764
-3030
-4686
-6559
-7767
-8019
-7506
-7199
-7333
-7831
-7903
-6102
-3893
-3258
-2649
-1190
96
1615
3538
4677
5156
5792
6748
7420
7285
7001
6812
6155
5505
4917
3530
2167
1393
261
-1050
-1767
-2506
-3642
-4459
-4658
-4671
-4495
-4167
-3861
-3227
-2045
-650
538
1608
2585
2940
3205
4475
5750
5621
4983
4653
4288
4021
3963
3215
1178
-1440
-2619
-2236
-2792
-4688
-6284
-7402
-7833
-7084
-6643
-7265
-7992
-7472
-5589
-4191
-3606
-2566
-1413
-505
1289
3172
3875
4472
5533
6304
6678
6827
6825
6596
5944
5304
4718
3489
2229
1424
441
-611
-1375
-2291
-3259
-3663
-3948
-4157
-3806
-3418
-3330
-2512
-1238
-325
638
1805
2666
3042
3357
4274
5246
5335
5018
4426
3716
3691
3891
3026
1094
-1318
-2641
-2282
-2569
-4381
-5957
-7027
-7473
-6629
-5818
-6528
-7635
-6851
-4925
-3878
-3133
-1907
-1338
-660
1498
3159
3289
3895
5180
5688
5873
6163
5869
5319
5254
5015
3675
2310
1848
957
-354
-956
-1585
-2878
-3398
-3244
-3933
-4297
-3231
-2636
-2782
-1928
-614
327
1393
2698
3238
2645
3305
5306
5571
4651
4431
4017
3727
4106
3508
1761
-603
-2369
-1960
-1803
-4022
-6047
-6593
-6764
-6497
-6183
-6465
-7210
-7116
-5062
-3255
-3398
-2988
-1303
-233
1190
3032
3482
3642
4868
5894
6093
6073
5896
5511
5067
4521
3687
2695
1807
817
-458
-1569
-2200
-2602
-3291
-3772
-4075
-4716
-4094
-2760
-2776
-2507
-1183
-123
1165
2534
3061
3043
3300
4616
5768
5148
4458
4472
3882
3748
3962
2540
101
-1746
-2417
-2313
-3186
-5060
-6425
-7337
-7164
-6188
-6217
-6804
-7028
-6309
-4356
-2838
-2286
-1240
-386
457
2407
3882
4542
5306
5605
5855
6448
6386
6122
5923
4967
3683
2795
2134
1513
360
-1154
-2197
-2959
-3488
-3651
-4133
-4777
-4629
-3796
-3109
-2677
-1958
-845
374
1717
2738
2944
3066
3937
5342
5704
4692
4089
4144
4061
3990
3355
1267
-1448
-2453
-1833
-2459
-4549
-6111
-7073
-7290
-6387
-5813
-6646
-7429
-6381
-4457
-3375
-2574
-1408
-517
383
2199
3637
4131
5241
6240
6290
6454
6577
6328
6228
5814
4650
3036
2035
1817
870
-566
-1761
-3417
-4255
-3508
-3659
-4969
-5093
-4390
-3877
-2916
-1785
-1281
-782
860
2890
2934
2146
3326
4738
4758
4737
4219
3123
3254
3758
3068
1205
-1480
-3048
-2669
-2637
-3993
-5838
-7592
-7760
-6440
-5814
-6220
-6783
-6544
-4799
-2808
-1789
-1053
-50
1115
2620
4102
5016
5734
6402
6830
6909
6605
6379
6539
6148
4740
3175
2010
1324
876
-76
-1751
-3219
-4256
-4510
-3716
-3956
-5131
-4806
-3764
-2962
-1616
-663
-63
999
2372
3723
3499
3113
4818
5510
4440
4245
3760
3041
3570
3225
1081
-1514
-3212
-3083
-2894
-4552
-6514
-7644
-7951
-7152
-6556
-6838
-7235
-6960
-5180
-3091
-2376
-1517
120
1356
2743
4122
4989
6052
6931
7347
7472
6848
6634
7040
6598
5395
3666
2064
1695
1181
-499
-1939
-3009
-4025
-4259
-4187
-4846
-5573
-5027
-3636
-3040
-2962
-1719
-36
1214
2711
3333
2394
2958
5340
6118
4984
3996
3635
3540
3788
3540
1572
-1515
-2963
-2616
-3179
-4757
-6348
-7847
-8208
-7342
-7068
-7329
-7380
-7073
-5656
-3816
-2838
-1845
-307
1098
2546
3877
4851
5893
6774
7390
7869
7398
6798
7105
7024
5818
4462
3328
2227
1187
110
-1197
-2381
-3245
-4048
-4645
-4947
-4889
-4320
-3992
-3951
-3178
-1939
-488
1158
2001
1995
2037
3135
4977
5467
4384
3682
3596
3602
3688
3152
1303
-1401
-2952
-2752
-3106
-4895
-6494
-7583
-8146
-7562
-7063
-7270
-7463
-7029
-5490
-3812
-2835
-1599
-71
1007
2510
4059
4999
6021
6941
7367
7614
7464
7143
7258
7020
5778
4197
3165
2520
1424
212
-857
-2314
-3433
-3653
-4029
-4639
-4477
-3869
-3740
-3408
-2237
-1026
-87
1293
2536
2428
2342
3772
5049
4931
4531
4017
3335
3289
3426
2526
442
-2113
-3262
-3073
-3906
-5684
-6884
-7812
-8434
-8003
-7440
-7365
-7604
-7123
-5200
-3747
-3160
-1404
418
1078
2480
4439
5396
6166
7175
7698
7644
7246
7222
7442
6619
5325
4657
3290
1537
1056
420
-1300
-2635
-3367
-4054
-4594
-4790
-4050
-3497
-3934
-3367
-1804
-728
668
2235
2549
2082
2651
4617
5666
4915
4172
3676
3310
3679
3578
1986
-776
-3101
-3264
-2984
-4524
-6349
-7576
-8698
-8587
-7714
-7581
-8041
-8197
-6906
-4807
-3797
-2742
-900
63
1364
3676
4843
5435
6650
7479
7810
7792
7472
7427
7174
6529
5713
4180
2564
1880
1359
40
-1498
-2822
-3861
-4197
-3958
-3833
-4065
-4298
-3611
-2217
-1192
-17
1361
2140
2450
2970
4119
5269
5254
4883
4587
3938
3792
3846
2902
993
-1428
-2900
-3017
-3862
-5425
-6474
-7811
-8890
-8435
-7774
-7873
-8261
-8048
-6563
-4893
-3834
-2315
-860
-121
1648
3732
4628
5458
6509
7164
7641
7601
7122
6960
6780
6340
5357
3658
2392
1837
961
-227
-1512
-3015
-3794
-3544
-3547
-3978
-3918
-3371
-2746
-1847
-670
395
1399
2475
2904
2856
3769
5194
5456
4721
4043
3654
3691
3669
2737
406
-2468
-3378
-2684
-3618
-5893
-7215
-8095
-8639
-7955
-7040
-7621
-8800
-7713
-5138
-4067
-3574
-1975
-800
26
2324
4305
4602
5221
6440
7060
7277
7170
7202
7060
5944
5310
4893
3175
2118
1806
189
-1338
-2073
-2895
-3282
-3570
-3866
-3622
-3432
-2891
-1685
-1036
-339
1191
2316
2622
2742
3287
4625
5293
4616
4212
3951
3594
3697
3180
1348
-1378
-3075
-2633
-3159
-5289
-6317
-7479
-8663
-7821
-7067
-7597
-8185
-7746
-5959
-4603
-3855
-2088
-859
-565
1442
3699
4178
5068
6388
6594
6725
6943
6875
7025
6303
5116
4590
3472
2352
1917
679
-844
-1859
-2895
-3395
-3475
-3549
-3545
-3738
-3491
-2282
-1173
-241
878
1655
2251
2762
3310
4413
5118
4729
4350
4048
3741
3986
3636
2203
6
-2443
-2969
-2629
-4052
-5613
-6787
-8232
-8144
-7076
-6887
-7490
-7999
-6920
-4951
-3948
-2802
-1213
-595
345
2568
4198
4811
5652
6520
6763
6707
6765
7090
6910
5793
4789
3857
2697
2153
1577
-109
-1879
-2822
-3414
-3689
-3369
-3365
-4045
-4082
-3068
-1772
-751
-123
774
1550
1923
2786
3742
4228
4391
4021
3724
3790
3673
3391
2635
915
-1385
-2710
-2746
-3403
-4895
-6085
-7449
-8145
-7360
-6819
-7164
-7583
-7210
-5781
-4283
-3063
-1742
-1008
-148
1934
3685
4320
5307
6294
6497
6915
7132
6556
6442
6549
5724
4379
3168
2368
1743
954
-151
-1724
-3126
-3555
-3216
-2715
-2978
-3538
-3337
-2587
-1058
402
705
1105
1609
1835
2890
4014
4095
3748
3323
3173
3549
3498
2679
1658
-316
-2665
-2975
-2838
-4313
-5656
-6705
-7800
-7776
-7139
-6549
-6727
-7492
-6450
-4393
-3370
-2257
-764
-62
742
2726
4417
5009
5569
6269
6717
6863
6594
6421
6498
5873
4514
3492
2948
2114
1163
235
-1303
-2523
-2757
-2856
-3042
-3404
-3584
-2954
-2334
-1701
-622
-88
719
1999
2045
1810
2724
3805
3949
3378
2791
2671
2785
2691
1980
477
-1876
-3401
-2966
-3369
-5288
-6423
-7014
-7507
-7151
-6636
-6595
-6907
-6674
-4951
-3237
-2810
-1773
-18
638
1745
4001
4765
4895
6106
6630
6549
6773
6550
6231
5955
5208
4312
3285
2353
1759
836
-654
-1551
-2043
-2870
-2908
-2411
-3038
-3191
-2207
-1779
-1114
-56
579
1306
1807
1953
2351
2804
3328
3492
2817
2307
2408
2209
1598
1022
-550
-3069
-3899
-3535
-4545
-5882
-6482
-7407
-7970
-7111
-5999
-6138
-6898
-6117
-3955
-2866
-2151
-287
466
445
2693
4971
4934
5201
6157
6355
6536
6713
6418
6021
5570
4878
3853
2804
2227
1765
801
-345
-1544
-2760
-2418
-1211
-1889
-2968
-2589
-2028
-1117
338
768
371
716
1919
2683
2472
2556
2948
2538
2215
2320
1919
1313
1105
343
-1761
-3753
-3997
-3816
-4864
-5969
-6662
-7681
-7468
-5956
-5586
-6266
-6313
-5034
-3167
-2065
-1236
-190
330
1469
3657
4629
4623
5225
5985
6301
6335
6104
5697
5400
5147
4431
3208
2270
1795
1298
448
-757
-1935
-2564
-2047
-1289
-1820
-2618
-2198
-1349
-363
756
812
672
1582
2550
2564
2343
2612
2842
2523
2122
1915
1291
714
522
-277
-2249
-4153
-4857
-4667
-4935
-6087
-7068
-7542
-7302
-6293
-5499
-5611
-5892
-4843
-2823
-1643
-904
317
1046
1798
3503
4651
4828
5232
5798
5958
5754
5465
5416
5304
4493
3454
2803
2050
1342
996
308
-880
-1941
-2136
-1379
-1130
-1689
-1717
-1376
-802
430
1353
1339
1454
2398
2962
2583
2479
2943
2885
2336
1962
1593
866
332
-29
-908
-2567
-4339
-5246
-5182
-5341
-6144
-7028
-7490
-7125
-6377
-5367
-4851
-5298
-4541
-2278
-999
-429
702
1560
2312
3745
4852
4907
5002
5559
5882
5688
4960
4466
4560
4066
3022
2222
1326
682
388
-155
-1075
-2285
-2621
-1665
-1110
-1434
-1622
-1358
-504
687
1567
1765
1791
2529
3283
3169
2813
2986
3136
2670
2084
1511
722
418
59
-1158
-2831
-4721
-5525
-5063
-5431
-6559
-7212
-7344
-7050
-6259
-5232
-4857
-5050
-4060
-2057
-944
-169
1202
2106
2498
3834
5139
5018
5253
5923
5663
5295
5139
4518
3855
3635
3099
1735
603
346
-57
-846
-1704
-2537
-2927
-2442
-1338
-1174
-1883
-1497
-347
644
1647
2054
2072
2815
3615
3536
3128
3108
3232
3029
2425
1531
814
341
-251
-1077
-2521
-4348
-5638
-5996
-5789
-6101
-7032
-7605
-7568
-6878
-5586
-4555
-4449
-4270
-2706
-743
363
1466
2388
2821
3829
5171
5836
5763
5755
6025
5872
5339
4721
3949
3570
3380
2233
695
-193
-636
-1026
-1334
-2034
-3334
-3568
-2034
-930
-1367
-1685
-947
163
1363
2492
2641
2531
3339
3938
3570
3304
3523
3491
2814
1955
1149
380
-200
-574
-1677
-4391
-6433
-5818
-5121
-6092
-7005
-7732
-8089
-6877
-5264
-4695
-5081
-4808
-2751
-776
-34
1080
2202
2644
3891
5305
5313
5423
6152
6353
5985
5374
4626
4191
4014
3562
2253
405
-430
-414
-790
-1658
-2787
-3736
-3396
-2011
-1455
-2128
-2264
-1151
140
1219
1895
1902
2483
3821
4146
3445
3234
3565
3704
3271
2211
1085
352
306
0
-1758
-4050
-5475
-5910
-5751
-5735
-6665
-7851
-7997
-6864
-5825
-5331
-4726
-4248
-3362
-1515
-44
1003
2217
3062
3769
4754
5381
6004
6567
6414
5976
5585
4983
4455
4127
3486
2402
877
-269
-636
-1056
-1632
-2409
-3248
-3445
-2802
-2008
-1691
-1770
-1359
-410
584
1571
2107
2691
3610
3834
3498
3344
3584
4056
3599
2080
1140
639
126
-17
-806
-3275
-5940
-6326
-5070
-5250
-7072
-7863
-7755
-7619
-6311
-4643
-4655
-5323
-3854
-1171
-137
297
2045
3148
3259
4630
5929
5765
6045
6813
6559
5608
4984
4851
4568
3689
2742
1420
-242
-634
-452
-1394
-2724
-3459
-3518
-2797
-2152
-2155
-2298
-1982
-711
666
1136
1434
2293
3269
3812
3692
3325
3538
4055
3788
2811
1661
736
501
354
-715
-2535
-4764
-6103
-5635
-5388
-6495
-7522
-7895
-7772
-6837
-5476
-4727
-4844
-4291
-2345
-664
232
1692
2947
3189
4049
5453
5863
6315
6944
6475
5796
5450
4978
4736
4302
3118
1628
221
-491
-618
-1070
-2041
-3259
-3870
-3314
-2354
-2029
-2252
-2291
-1501
-220
936
1655
1983
2614
3476
3734
3399
3377
3804
3735
2851
1860
1224
567
7
-399
-1636
-4184
-5993
-5736
-5346
-6053
-7023
-7616
-7927
-7189
-5563
-4584
-4679
-4445
-2808
-896
286
1555
2872
3239
3848
5395
6091
6284
6850
6762
6198
5750
5169
4805
4509
3421
1979
634
-519
-866
-944
-1698
-3087
-4197
-3837
-2394
-1905
-2388
-2455
-1880
-715
890
1793
1620
2116
3586
4195
3757
3426
3546
3683
3483
2644
1472
454
126
73
-1147
-3482
-5597
-6246
-5653
-5802
-7117
-7872
-7912
-7635
-6555
-5160
-4665
-4804
-3588
-1296
-162
597
2460
3709
3692
4469
5900
6382
6611
7096
6689
5530
4848
5060
4999
3613
2183
1039
-428
-768
-459
-1432
-3181
-4235
-4031
-2860
-2055
-2314
-2767
-2443
-1045
573
1514
1587
1973
3172
4148
4299
3797
3489
3795
3846
3103
1942
932
441
106
-689
-2239
-4625
-6131
-5819
-5569
-6410
-7532
-8044
-7794
-7001
-5543
-4467
-4882
-4497
-2102
-319
432
1745
2959
3398
4228
5667
6475
6460
6579
6847
6139
5158
5171
4917
3783
2712
1422
-26
-649
-832
-1307
-2472
-3938
-4160
-3365
-2548
-2178
-2475
-2615
-1657
-34
1311
1806
1966
2791
3770
4198
4065
3724
3737
4006
3497
2281
1330
773
333
-160
-1298
-3843
-6233
-6128
-5026
-5868
-7503
-7976
-7872
-7325
-5809
-4458
-4691
-5013
-2971
-367
260
1044
2822
3334
3790
5500
6398
6302
6651
6993
6539
5571
5053
5014
4359
3172
1968
317
-910
-767
-986
-2394
-3841
-4576
-4157
-2856
-2282
-2888
-3309
-2344
-405
1013
1433
1611
2382
3519
4455
4325
3427
3599
4535
4079
2637
1757
991
502
485
-568
-3362
-5725
-5873
-5190
-5484
-6806
-8110
-8298
-7333
-5919
-5019
-5105
-4939
-3493
-1502
195
1195
1900
3008
4199
5184
6026
6661
6910
6877
6833
6365
5517
5043
4709
3752
2240
817
-214
-1049
-1456
-1934
-3414
-4623
-4456
-3651
-2879
-2761
-3123
-2860
-1684
40
1313
1454
1865
3012
3849
4305
4231
3869
4033
4170
3427
2493
1684
932
519
-308
-2185
-4393
-5706
-5669
-5478
-6412
-7529
-8060
-7940
-6771
-5482
-5190
-5096
-4208
-2486
-677
584
1613
2525
3451
4775
5845
6301
6754
6983
6932
6616
5879
5212
4834
4199
3058
1560
49
-907
-1239
-1637
-2762
-4123
-4604
-4182
-3586
-3022
-2772
-2984
-2521
-882
692
1396
1794
2616
3412
3936
4360
4380
4167
4302
4037
3056
2309
1742
1072
373
-601
-2592
-5059
-5793
-4914
-5357
-7054
-7760
-7862
-7592
-6302
-5029
-5069
-5297
-3719
-1450
-324
633
2106
2858
3546
5160
6127
6122
6593
7174
6810
5932
5497
5179
4444
3667
2818
1032
-673
-944
-1132
-2117
-3344
-4276
-4594
-4001
-3194
-3083
-3372
-3117
-1956
-460
596
1020
1700
2738
3644
4218
4009
3659
4070
4382
3778
2800
1817
1377
1174
218
-1214
-3200
-5260
-5243
-4636
-5869
-7007
-7263
-7550
-6900
-5669
-4945
-4740
-4443
-2892
-1051
-69
1191
2586
3056
3828
5175
5826
6348
6844
6630
6085
5577
5241
4883
4051
3007
1800
234
-658
-1014
-1687
-2541
-3660
-4336
-4069
-3635
-3168
-2927
-3181
-2736
-1305
-35
755
1171
1942
3043
3683
3840
3709
3627
3996
4151
3310
2231
1599
1318
835
-52
-1802
-4389
-5488
-4530
-4518
-6215
-7294
-7361
-7034
-6056
-4848
-4556
-5041
-4271
-1732
-8
306
1386
2702
3182
4360
5665
5981
6199
6500
6449
5959
5162
4942
4793
3580
2275
1172
-167
-869
-999
-1702
-3079
-4169
-4181
-3615
-3307
-3143
-3046
-2983
-2241
-708
424
842
1487
2543
3320
3788
3993
3892
3911
4252
3932
2901
2062
1794
1420
352
-750
-2527
-4918
-5289
-4270
-5140
-6703
-7204
-7360
-7030
-5716
-4451
-4636
-5085
-3539
-1164
-71
943
2208
2466
3156
5019
5939
6086
6439
6379
5871
5439
5355
5171
3765
2533
2128
662
-774
-1001
-1524
-2504
-3356
-4147
-4392
-4163
-3582
-3005
-3052
-3019
-2100
-724
437
1382
1967
2526
3434
3913
3980
4254
4362
4144
3647
2775
2151
1853
1249
445
-980
-3280
-4966
-4679
-4226
-5538
-6924
-7356
-7471
-6664
-5062
-4390
-5001
-5074
-2989
-499
279
938
2192
2752
3585
5353
6400
6260
6249
6531
6119
5516
5423
5312
4014
2004
1216
1123
-53
-1442
-1946
-2709
-4103
-4360
-3418
-3575
-4294
-3494
-2660
-2665
-1895
-409
662
1049
1919
3286
3657
3698
4268
4312
4120
4350
3874
2693
2053
1803
1103
128
-1586
-4023
-4988
-4439
-4684
-5958
-7061
-7501
-7238
-6270
-4906
-4657
-5567
-4807
-2047
-297
201
1222
2153
2691
4270
5910
6263
6186
6185
6240
6216
5742
5540
5051
3416
2036
920
-193
-361
-801
-2447
-3754
-4296
-4190
-3676
-3605
-3764
-3966
-3688
-2136
-632
-239
444
1475
2205
3209
4146
4266
4180
4181
4473
4428
3408
2848
2820
1615
424
-202
-2159
-4309
-4564
-4257
-5294
-6835
-7349
-7235
-7043
-5998
-4912
-5272
-5627
-3752
-1225
-362
309
1534
2110
3065
5007
6093
5977
5879
6118
6267
5906
5454
5269
4432
2913
1776
979
149
-727
-1678
-2429
-3390
-4393
-4099
-3390
-3672
-3785
-3342
-2988
-2192
-824
556
1105
1312
2392
3525
3902
4135
4211
4011
3990
3946
3292
2536
2048
1349
542
-544
-2727
-4570
-4458
-3874
-4936
-6922
-7542
-6970
-6352
-5277
-4488
-5468
-5748
-3109
-420
-28
144
1355
2344
3506
5230
5933
5558
5560
6169
6367
5545
4927
5024
4398
2773
1457
707
-78
-801
-1252
-2280
-3873
-4356
-3466
-3009
-3555
-3719
-3298
-2879
-1706
-40
575
592
1519
2919
3655
3963
4185
4044
3993
4249
3876
3101
2571
1976
1239
558
-726
-3168
-4653
-3986
-3980
-5812
-6984
-7123
-7165
-6380
-4914
-4808
-5957
-5152
-2377
-761
-301
620
1322
1915
3672
5302
5456
5364
5682
5904
5948
5503
4820
4466
3907
2741
1360
397
-199
-981
-1625
-2303
-3744
-4513
-3585
-3003
-3630
-3702
-3066
-2583
-1501
39
748
962
1827
3053
3848
4085
4123
4221
4306
4297
3897
3084
2498
2199
1514
505
-1165
-3582
-4531
-3901
-4458
-6035
-7010
-7348
-6971
-6038
-5264
-5268
-5790
-4779
-2190
-924
-526
639
1443
2205
3889
5036
5280
5515
5787
6025
5867
5236
4907
4471
3626
2751
1387
207
-148
-761
-1572
-2434
-3721
-4172
-3602
-3190
-3160
-3364
-3302
-2417
-1112
66
871
1287
1922
3040
3957
4165
4023
4134
4494
4376
3832
3220
2542
1979
1603
592
-1859
-4058
-4079
-3587
-4747
-6242
-6988
-7425
-6952
-5534
-5013
-5920
-5969
-3979
-1903
-1131
-417
675
1262
2380
4191
4956
4948
5407
5855
5757
5508
5097
4577
4089
3492
2271
781
121
-215
-966
-1784
-2780
-3973
-4084
-3169
-2924
-3451
-3478
-2849
-1995
-819
406
1024
1319
2275
3557
4127
4071
4082
4343
4485
4134
3592
3154
2613
1919
1378
325
-2127
-4091
-3791
-3654
-5187
-6231
-6575
-7249
-6875
-5385
-4852
-5770
-5692
-3452
-1764
-1321
13
1188
1151
2389
4580
5046
4802
5378
5700
5520
5334
4998
4433
3738
2977
2012
737
-78
-493
-1304
-2110
-3079
-4108
-3885
-3133
-3189
-3371
-3205
-2688
-1694
-367
690
1095
1587
2661
3767
3890
3754
4271
4564
4285
3949
3461
2978
2601
1930
1152
-819
-3297
-3686
-3261
-4345
-5734
-6540
-7165
-6977
-6058
-5274
-5516
-5934
-4629
-2496
-1647
-935
499
1064
1728
3562
4638
4876
5401
5672
5651
5523
5131
4761
4249
3643
2736
1179
247
83
-667
-1688
-2502
-3647
-4181
-3343
-2872
-3454
-3641
-2990
-2082
-1044
107
956
1356
2079
3343
3983
3898
4026
4296
4426
4181
3583
3156
2895
2282
1510
377
-1912
-3724
-3585
-3505
-4851
-6356
-7047
-6949
-6553
-5833
-5230
-5811
-5751
-3672
-1965
-1445
-372
709
1290
2497
4061
4879
5047
5368
5770
5705
5339
5011
4520
3948
3422
2179
660
222
-184
-1234
-1949
-2805
-3971
-3983
-3232
-3090
-3360
-3282
-2742
-1874
-750
513
1336
1709
2473
3501
3931
4012
4326
4551
4250
3778
3488
3189
2567
1798
1166
-655
-3437
-4112
-3228
-4238
-6123
-6722
-7107
-7203
-6275
-5348
-5516
-6067
-4988
-2667
-1734
-1222
402
1284
1642
3314
4688
4987
5506
5890
5882
5573
5042
5282
5221
3763
2592
1712
608
223
-263
-1416
-2703
-3725
-3546
-2957
-3357
-3629
-3301
-3045
-2204
-969
-136
518
1454
2439
3174
3481
3772
4262
4365
4381
4243
3478
3027
3153
2481
1322
161
-1986
-3831
-3961
-3793
-4895
-6549
-7367
-7306
-6926
-6127
-5341
-5864
-6112
-4243
-2233
-1370
-285
635
1064
2439
4062
4938
5411
5479
5646
5910
5589
5100
4881
4441
3739
2399
976
430
-16
-869
-1704
-2939
-4138
-3793
-2899
-3046
-3521
-3421
-2835
-1812
-505
536
999
1529
2537
3538
3948
4061
4291
4563
4507
4153
3561
2962
2680
2196
1224
-531
-3074
-4204
-3518
-3842
-5553
-6820
-7376
-7261
-6283
-5286
-5490
-6235
-5258
-2928
-1648
-941
276
947
1516
3272
4707
5039
5381
5725
5803
5561
5047
4914
4845
4116
2928
1409
274
98
-348
-1409
-2667
-3959
-4139
-3263
-2926
-3436
-3724
-3283
-2235
-1024
-59
579
1225
2109
3060
3723
4008
4101
4278
4618
4398
3599
3223
3078
2336
1367
290
-1627
-3845
-4261
-3621
-4735
-6750
-7305
-7213
-7117
-6182
-5273
-5740
-6067
-4284
-2136
-1297
-399
747
1322
2347
4064
5120
5372
5574
5855
5974
5713
5269
4995
4500
3651
2634
1216
239
-69
-851
-1896
-2907
-3875
-3836
-3097
-2992
-3283
-3318
-2859
-1685
-472
306
1010
1725
2508
3473
4087
4043
4138
4631
4627
4013
3413
2965
2567
2042
1140
-515
-2905
-4239
-3824
-3933
-5443
-6789
-7484
-7466
-6391
-5275
-5387
-5974
-5318
-3367
-1567
-556
198
862
1634
3147
4624
5209
5419
5577
5771
5949
5554
4870
4706
4360
3199
1634
451
-71
-530
-1293
-2431
-3777
-4417
-3748
-2988
-3172
-3644
-3541
-2582
-1160
-155
376
1078
1972
2879
3764
4197
4078
4148
4537
4424
3691
3121
2880
2308
1424
436
-1442
-3729
-4386
-3729
-4426
-6434
-7304
-7164
-7144
-6264
-5152
-5654
-6055
-4441
-2236
-1138
-451
668
1549
2245
3822
5298
5415
5400
5970
6053
5548
5043
4922
4761
3746
2281
1239
281
-287
-555
-1771
-3342
-3972
-3509
-2784
-2789
-3376
-3473
-2700
-1410
-172
357
732
1773
2878
3639
4160
4136
4140
4550
4609
3987
3302
2799
2492
1783
702
-729
-2895
-4359
-4011
-4109
-6000
-7153
-7045
-7208
-6978
-5644
-5242
-5996
-5272
-3011
-1625
-1116
175
1381
1732
2917
4705
5199
5128
5640
5873
5361
5224
5333
4815
3704
2713
1658
700
98
-517
-1586
-2946
-3562
-3396
-3147
-3067
-3130
-3323
-2779
-1691
-728
2
643
1441
2514
3337
3826
4057
4048
4170
4493
4237
3442
2901
2479
1905
1150
198
-1803
-4072
-4535
-3937
-4844
-6457
-7158
-7442
-7229
-6050
-5007
-5491
-5887
-4114
-1888
-989
-91
939
1470
2532
4220
5237
5402
5504
5832
5925
5464
4945
4817
4515
3471
2108
900
105
-351
-859
-1960
-3328
-3981
-3530
-2782
-2732
-3374
-3467
-2488
-1257
-126
545
831
1698
2903
3710
3985
3817
3963
4443
4309
3721
3079
2438
2147
1743
636
-1283
-3509
-4371
-3951
-4416
-5875
-7055
-7565
-7234
-6221
-5297
-5364
-5792
-4831
-2703
-1259
-369
628
1245
2170
3785
4865
5382
5708
5749
5760
5514
5188
5193
4739
3663
2557
1414
528
74
-443
-1504
-2953
-3678
-3248
-2732
-2760
-3106
-3250
-2696
-1613
-378
367
663
1522
2747
3495
3844
3891
3966
4302
4411
3849
3148
2724
2395
1815
855
-487
-2584
-4368
-4328
-4092
-5480
-6750
-7134
-7333
-6962
-5861
-5097
-5481
-5467
-3611
-1668
-863
168
1276
1863
2811
4217
5228
5518
5509
5668
5537
4901
4671
4945
4247
2651
1372
622
110
-414
-1241
-2441
-3639
-3911
-3063
-2478
-2839
-3310
-2955
-1915
-722
276
827
1264
2190
3237
3881
3923
3854
4187
4292
3918
3405
2766
2257
1937
1168
-112
-2096
-4074
-4366
-4027
-5001
-6518
-7136
-7280
-6993
-5976
-5147
-5337
-5482
-4016
-2035
-944
-5
1197
1885
2704
4125
5145
5528
5836
5970
5704
5130
4802
4867
4603
3343
1859
836
192
-277
-813
-1867
-3284
-3989
-3526
-2546
-2491
-3128
-3097
-2302
-1240
-34
742
1136
1785
2807
3748
4049
3759
3955
4410
4141
3481
2845
2350
1996
1327
250
-1320
-3765
-4892
-3968
-4317
-6422
-7458
-7299
-7125
-6546
-5458
-5144
-5767
-4923
-2294
-983
-774
568
1866
2424
3544
4832
5316
5566
5904
5941
5351
4650
4761
4952
3873
2331
1291
455
-132
-533
-1268
-2623
-3843
-3784
-2763
-2438
-2802
-2906
-2560
-1711
-307
810
1155
1608
2574
3482
3921
3929
3883
4154
4148
3663
3071
2462
2087
1616
578
-812
-2987
-4632
-4140
-3932
-5736
-7096
-7171
-7126
-6720
-5661
-5025
-5513
-5157
-2925
-1235
-907
203
1630
2234
3158
4404
5017
5449
5875
5926
5517
4672
4514
4896
4319
2939
1456
437
100
-399
-1112
-2115
-3602
-4043
-3112
-2605
-2798
-2967
-2861
-2220
-1050
131
818
1219
2035
2923
3408
3755
3963
3927
3898
3649
2984
2485
2247
1751
772
-392
-2096
-3975
-4374
-3982
-5112
-6596
-6706
-6831
-7115
-6089
-4759
-4899
-5173
-3643
-1791
-1140
70
1858
2155
2376
4091
5296
5393
5781
6110
5574
4801
4662
4895
4367
3269
2112
786
-104
-406
-876
-1762
-2889
-3826
-3716
-2927
-2450
-2540
-2702
-2413
-1495
-240
879
1537
1849
2444
3340
3874
3900
3765
3817
3840
3263
2594
2226
1707
987
268
-1393
-3877
-4770
-3901
-4172
-5886
-6866
-7151
-7100
-6000
-4695
-4976
-5699
-4390
-2050
-993
-352
845
1512
2397
3998
4846
4900
5406
6010
5840
5254
4714
4369
4304
4052
2866
982
79
104
-433
-1398
-2298
-3439
-3787
-2806
-2095
-2451
-2938
-2411
-1376
-538
418
1129
1464
2221
3215
3529
3456
3516
3694
3852
3408
2581
2083
1808
1270
298
-1358
-3237
-4159
-4206
-4550
-5535
-6558
-7058
-6816
-6261
-5595
-5201
-5080
-4182
-2605
-1589
-630
671
1674
2542
3538
4187
4784
5538
5933
5836
5226
4586
4563
4573
3901
2847
1495
348
-79
-442
-1107
-2077
-3221
-3448
-2906
-2644
-2557
-2429
-2384
-1905
-814
238
955
1505
2159
2870
3300
3538
3650
3541
3572
3385
2743
2290
1938
1188
576
-351
-2595
-4321
-4104
-4110
-5356
-6219
-6588
-6982
-6724
-5459
-4668
-5214
-4908
-2841
-1588
-1086
345
1425
1857
3095
4292
4587
5004
5644
5767
5309
4627
4271
4263
4041
3433
1958
342
90
3
-911
-1719
-2637
-3420
-2947
-2074
-2151
-2680
-2444
-1544
-768
-16
706
1212
1916
2857
3474
3389
3140
3395
3812
3754
2953
1995
1619
1443
810
-278
-1990
-3839
-4586
-4241
-4397
-5759
-6734
-6682
-6490
-5891
-4820
-4560
-4685
-3580
-1847
-847
-104
1080
2191
2846
3547
4555
5123
5222
5676
5684
4646
3899
4061
4260
3591
2074
740
20
-429
-639
-1223
-2486
-3421
-3230
-2301
-2004
-2519
-2534
-1973
-1247
-207
541
876
1544
2516
3259
3299
2821
3019
3709
3613
2859
1984
1254
1224
1188
171
-1719
-3997
-4733
-3633
-3887
-5689
-6601
-6716
-6466
-5538
-4639
-4605
-4941
-3858
-1758
-825
-435
836
1924
2496
3562
4484
4715
5140
5728
5581
4753
4019
4060
4301
3687
2373
985
187
32
-352
-1152
-2113
-2962
-3044
-2405
-2023
-2237
-2369
-1785
-1058
-500
346
1211
1755
2253
2925
3292
3154
3057
3411
3589
3011
2178
1667
1347
1008
491
-941
-3362
-4742
-4101
-3715
-4971
-6176
-6694
-6888
-6058
-4552
-4288
-5141
-4549
-2422
-1116
-532
596
1341
1798
3183
4426
4562
4685
5340
5635
5021
4156
4030
4233
3857
3011
1670
355
-26
-76
-668
-1744
-2836
-2972
-2267
-1883
-2107
-2311
-2064
-1304
-390
248
642
1248
2208
2999
3208
2816
2641
3202
3790
3280
2043
1344
1183
1057
702
-829
-3513
-4767
-3681
-3250
-4960
-6541
-6685
-6396
-5730
-4514
-4477
-5503
-4507
-1897
-960
-913
69
1162
2062
3383
4286
4189
4369
5329
5833
5123
4058
3754
4113
4079
3072
1446
291
206
114
-665
-1669
-2678
-3015
-2058
-1405
-2197
-2702
-2036
-1151
-381
263
560
1022
1839
2780
3282
2759
2328
2998
3374
2842
2206
1501
1033
892
401
-1141
-3317
-4434
-3775
-3672
-5093
-6099
-6282
-6275
-5631
-4610
-4627
-5074
-4094
-2105
-1098
-633
293
1263
2150
3332
4234
4427
4664
5212
5458
5122
4343
3778
3846
3811
2867
1435
595
251
-177
-794
-1676
-2661
-2747
-1855
-1568
-2254
-2419
-1642
-944
-220
357
521
1125
2282
3110
3143
2640
2460
2965
3302
2959
2129
1249
846
848
377
-1304
-3600
-4491
-3685
-3625
-5064
-6131
-6372
-6236
-5333
-4291
-4416
-4991
-3923
-1696
-687
-476
451
1360
2159
3466
4327
4427
4547
4999
5374
5045
4103
3678
3835
3583
2600
1330
458
158
-259
-919
-1737
-2625
-2632
-1657
-1433
-2146
-2199
-1538
-812
-95
430
675
1218
2151
2949
2965
2354
2263
2836
3000
2473
1597
1037
871
610
-187
-2077
-4069
-4324
-3630
-4116
-5496
-6279
-6326
-5877
-4916
-4275
-4832
-4829
-2976
-1240
-838
-345
714
1550
2604
3863
4252
4170
4692
5359
5331
4679
3967
3763
3761
3374
2375
1170
412
120
-211
-912
-1798
-2527
-2498
-1696
-1434
-2019
-2037
-1339
-723
-39
630
873
1316
2190
2986
3013
2386
2316
2828
2669
2051
1670
1033
467
299
-409
-2351
-4444
-4515
-3564
-4306
-5800
-6227
-6309
-6042
-4732
-3955
-4583
-4768
-2876
-781
-260
93
1060
1800
2798
4276
4675
4478
4842
5349
5432
4838
3875
3657
3815
3188
2099
980
233
123
-200
-1029
-1993
-2701
-2284
-1291
-1376
-2040
-1827
-1116
-311
424
678
828
1495
2404
3056
2838
2196
2294
2804
2626
1910
1111
655
511
191
-863
-3001
-4722
-4520
-3860
-4374
-5584
-6510
-6437
-5581
-4604
-4207
-4580
-4313
-2706
-1100
-227
317
899
1837
3078
3879
4179
4519
4852
5081
5088
4383
3485
3495
3754
3009
1601
695
377
83
-325
-976
-2057
-2655
-1885
-1048
-1451
-1896
-1396
-801
-111
689
874
1107
1926
2774
3043
2554
2103
2511
2792
2271
1549
957
605
430
-33
-1402
-3584
-4864
-4162
-3863
-5008
-5921
-6190
-6153
-5292
-4331
-4300
-4521
-3696
-1862
-731
-258
615
1450
2204
3425
4131
4238
4680
5135
5084
4789
4141
3578
3496
3377
2573
1305
373
113
-85
-705
-1371
-2161
-2383
-1717
-1179
-1420
-1494
-1035
-472
187
923
1200
1434
2172
2755
2877
2535
2197
2422
2583
2057
1379
794
259
12
-259
-1901
-4305
-5026
-4087
-4105
-5315
-5925
-6098
-6181
-5228
-3740
-4000
-4756
-3304
-1085
-458
24
1202
1809
2359
3708
4553
4350
4454
5125
5242
4501
3821
3606
3341
3035
2467
1130
147
145
-116
-872
-1538
-2162
-2339
-1716
-1129
-1337
-1629
-1057
-191
334
800
1261
1638
2151
2690
2852
2361
1988
2436
2585
1811
920
422
39
-197
-733
-2636
-4812
-5119
-4161
-4356
-5605
-6345
-6181
-5805
-4995
-3840
-3939
-4387
-2937
-772
-84
250
1277
2213
2933
3781
4503
4648
4601
5021
5271
4477
3467
3396
3434
2932
1969
824
210
12
-346
-841
-1620
-2352
-2067
-1230
-983
-1365
-1321
-602
184
720
1078
1445
1884
2481
3045
2866
2103
2010
2525
2412
1539
635
89
-98
-255
-1372
-3689
-5062
-4577
-4337
-5130
-5903
-6241
-6290
-5550
-4248
-3939
-4536
-3808
-1828
-697
-187
805
1652
2145
3248
4367
4490
4425
4804
5037
4761
4184
3749
3483
3087
2538
1657
786
388
48
-476
-1114
-1796
-2044
-1496
-942
-1206
-1515
-975
-156
429
937
1263
1536
2072
2802
3145
2637
2030
2210
2468
2096
1330
573
30
-245
-688
-2064
-4094
-5090
-4716
-4606
-5442
-6332
-6425
-6065
-5403
-4370
-3989
-4366
-3527
-1452
-240
85
826
1877
2674
3493
4320
4629
4506
4802
5303
4809
3714
3575
3652
3000
2089
1215
515
99
-141
-587
-1548
-2243
-1859
-1272
-1264
-1429
-1298
-818
-33
735
986
1167
1785
2482
2861
2745
2313
2137
2286
2225
1722
927
313
-60
-413
-1140
-2976
-4943
-5045
-4333
-4834
-5790
-6271
-6562
-6093
-4562
-3693
-4225
-4186
-2510
-824
27
910
1577
1830
2947
4413
4663
4572
4922
5045
4819
4421
3925
3560
3281
2790
1795
687
351
408
-229
-1143
-1782
-2158
-1805
-1019
-1054
-1481
-1269
-564
318
877
1184
1575
1987
2522
2930
2593
2156
2274
2365
1956
1246
675
374
-113
-685
-1889
-4162
-5315
-4493
-4350
-5521
-6345
-6561
-6305
-5464
-4241
-3835
-4483
-3805
-1550
-473
-49
1144
1810
2321
3581
4536
4732
4817
5040
5201
4671
3904
4001
3840
2985
2268
1315
505
502
183
-731
-1561
-2026
-1828
-1287
-1065
-1271
-1405
-820
157
754
1026
1347
1868
2448
2886
2863
2354
2080
2338
2238
1557
863
352
-188
-533
-1070
-3008
-5099
-5138
-4391
-5028
-6114
-6528
-6549
-6198
-4954
-3895
-4407
-4516
-2520
-653
-397
292
1588
2136
2896
4195
4653
4456
4656
5217
5255
4247
3450
3633
3599
2837
1854
892
330
221
-107
-787
-1677
-2277
-1856
-938
-857
-1332
-1100
-313
373
1028
1484
1754
2092
2585
3086
2902
2232
2079
2341
1863
1091
767
321
-401
-832
-1775
-3955
-5461
-4880
-4363
-5530
-6415
-6286
-6457
-6023
-4274
-3658
-4548
-3987
-1690
-446
-194
961
1956
2161
3206
4699
4820
4480
4881
5246
4781
4025
3800
3617
3117
2438
1540
540
213
177
-486
-1363
-1848
-1994
-1510
-833
-1057
-1410
-760
236
813
1181
1587
1976
2446
3024
3234
2600
1997
2310
2346
1644
965
438
-92
-541
-1065
-2418
-4589
-5572
-4796
-4790
-6063
-6611
-6430
-6291
-5511
-4231
-3943
-4270
-3113
-979
-169
43
1238
2348
2877
3847
4693
4645
4644
5125
5292
4561
3663
3513
3434
2879
2145
1102
274
174
-43
-849
-1471
-1707
-1791
-1359
-833
-1045
-1163
-367
530
868
1135
1788
2304
2502
2818
2913
2374
2026
2212
1811
893
561
499
-215
-876
-1664
-3872
-5842
-5671
-4801
-5246
-5963
-6036
-6270
-6456
-5297
-4012
-4391
-4398
-2389
-804
-445
755
2046
2391
3211
4570
5218
5174
5258
5526
5151
4150
3498
3315
2916
2267
1369
508
304
210
-347
-913
-1393
-1711
-1318
-718
-741
-1004
-646
158
741
1206
1700
2039
2412
2768
2783
2459
2033
2071
2426
1956
953
435
67
-356
-875
-2577
-4773
-5317
-4612
-4594
-5590
-6506
-6804
-6691
-5609
-4055
-4114
-4830
-3352
-1047
-311
254
1541
2157
2635
4088
5131
4938
4769
5188
5179
4358
3710
3690
3403
2737
1946
944
392
538
161
-904
-1586
-1873
-1726
-971
-538
-1116
-1250
-288
573
997
1341
1732
2012
2350
2893
2978
2288
1922
2157
1804
938
595
268
-560
-1116
-1945
-3871
-5314
-5127
-4809
-5672
-6710
-6642
-6249
-6116
-5033
-3983
-4397
-4026
-1882
-447
-176
654
1930
2567
3151
4371
5118
4828
4818
5335
5046
4052
3765
3923
3348
2297
1459
925
590
285
-224
-994
-1630
-1737
-1214
-616
-721
-1223
-769
289
881
1201
1650
2131
2391
2724
3125
2784
2006
2079
2242
1339
458
257
-165
-838
-1300
-2745
-4957
-5546
-4879
-5135
-5988
-6501
-6783
-6539
-5326
-4020
-4154
-4452
-3007
-1249
-432
663
1692
1805
2485
4081
4733
4671
5017
5127
4806
4483
3970
3587
3321
2881
1997
853
421
426
-82
-560
-1031
-1858
-1735
-653
-355
-875
-729
0
502
1160
1927
2076
2121
2695
3214
2984
2361
2152
2193
1859
1080
347
32
-350
-981
-1865
-3683
-5506
-5496
-4733
-5157
-6275
-6781
-6399
-5801
-4864
-3821
-3795
-3871
-2310
-395
153
740
1870
2512
3200
4240
4643
4736
4867
4875
4824
4034
3204
3336
3192
2283
1258
385
192
192
-460
-1190
-1767
-2138
-1655
-797
-750
-1136
-799
42
756
1240
1596
2083
2487
2702
2942
2694
2048
1989
2197
1469
395
52
-134
-809
-1367
-2469
-4658
-5856
-5119
-4530
-5608
-6731
-6463
-6040
-5784
-4330
-3282
-3997
-3553
-1180
202
342
1260
2433
2912
3577
4677
5171
4803
4860
5291
4709
3598
3307
3446
3019
2092
1029
357
159
116
-280
-1213
-1976
-1823
-880
-257
-629
-980
-472
493
1307
1592
1708
2138
2647
2993
2992
2374
1752
1902
2052
1168
92
-256
-447
-882
-1631
-3365
-5362
-5594
-4738
-4956
-6071
-6656
-6425
-5849
-4839
-3878
-3987
-4026
-2197
-323
44
632
1827
2577
3411
4475
4739
4596
4932
5330
5069
4166
3401
3254
3190
2716
1693
541
107
128
-197
-824
-1598
-2060
-1556
-761
-580
-847
-720
-1
731
1319
1695
1818
2191
2823
3018
2686
2077
1745
1871
1596
741
-67
-553
-928
-1337
-2351
-4330
-5821
-5606
-4912
-5424
-6379
-6639
-6388
-5739
-4460
-3674
-4080
-3568
-1590
-153
415
1283
2216
2762
3668
4691
4797
4590
4935
5164
4650
3667
3179
3299
3023
2154
1148
409
193
127
-250
-966
-1807
-1876
-872
-253
-589
-754
-156
468
1001
1698
1926
1929
2403
3052
3064
2377
1893
1955
1776
1132
385
-327
-809
-1133
-1535
-3193
-5427
-5705
-4889
-5246
-6071
-6382
-6534
-6330
-5209
-3733
-3795
-4203
-2467
-500
-172
677
2063
2356
2892
4292
4815
4553
4786
5244
5141
4144
3379
3517
3172
2469
1915
699
26
297
67
-651
-1398
-1872
-1429
-698
-500
-556
-502
9
853
1529
1769
2078
2440
2742
3032
2957
2457
1915
1757
1704
909
-101
-306
-554
-1261
-2212
-3936
-5412
-5446
-4959
-5181
-6058
-6663
-6366
-5593
-4562
-3779
-3895
-3491
-1878
-557
329
1393
1915
2391
3680
4521
4557
4786
4998
4999
4707
3872
3247
3169
2827
2094
1035
192
31
-109
-437
-1003
-1954
-2177
-1157
-485
-736
-818
-330
218
1022
1852
1981
1872
2335
3043
3088
2567
2155
1963
1731
1315
557
-209
-678
-1007
-1402
-2725
-4813
-5730
-5182
-4946
-5731
-6435
-6499
-6298
-5554
-4061
-3492
-4101
-3241
-973
66
440
1663
2528
2879
3870
4949
5047
4705
4916
5283
4596
3495
3403
3314
2486
1750
1014
235
-43
-144
-531
-1195
-1773
-1673
-1004
-548
-522
-474
-55
572
1290
1818
2152
2431
2673
2929
3117
2688
1916
1801
1816
1055
132
-305
-776
-1351
-2028
-3556
-5357
-5856
-5159
-5126
-6147
-6706
-6538
-6143
-4991
-3778
-3908
-4029
-2403
-467
311
936
1925
2613
3427
4620
5081
4735
4749
5309
5232
4265
3469
3314
2958
2335
1694
730
-92
-182
-217
-944
-1826
-2002
-1326
-724
-721
-734
-317
213
952
1697
1813
1796
2430
3124
3183
2806
2248
1873
1802
1562
840
-72
-684
-1018
-1493
-2473
-4212
-5768
-5744
-5120
-5667
-6521
-6549
-6329
-5986
-4867
-3749
-3688
-3432
-1719
-83
430
1268
2499
3092
3691
4610
5030
4955
4987
5115
4849
3990
3292
3040
2666
2057
1181
285
-80
-262
-668
-1099
-1589
-1839
-1323
-592
-478
-594
-189
527
1084
1612
2018
2207
2508
2987
3110
2785
2301
1939
1925
1574
632
-148
-661
-1192
-1564
-2556
-4576
-5944
-5616
-5037
-5625
-6451
-6542
-6390
-5938
-4398
-3389
-3948
-3514
-1350
15
478
1577
2544
2862
3667
4815
4973
4584
4822
5194
4637
3734
3351
3078
2432
1866
1247
294
-231
-195
-505
-1219
-1771
-1848
-1250
-631
-569
-599
-265
418
1243
1780
1941
2162
2601
3021
3261
3086
2412
1943
1881
1595
799
7
-486
-1042
-1696
-2516
-4128
-5585
-5463
-5080
-5761
-6393
-6217
-5961
-5652
-4538
-3446
-3444
-2996
-1210
73
415
1413
2699
3187
3730
4628
4915
4672
4682
4975
4660
3563
2930
2858
2262
1523
1141
385
-487
-717
-828
-1359
-1940
-1964
-1419
-1002
-883
-690
-326
221
1041
1574
1614
1899
2437
2805
3080
2923
2168
1612
1664
1521
744
-114
-686
-1254
-1786
-2431
-4038
-5711
-5544
-4833
-5476
-6271
-6145
-5944
-5612
-4219
-3083
-3404
-3148
-1156
430
844
1623
2729
3242
3927
4925
5113
4713
4741
5100
4839
3819
3044
2878
2511
1767
1031
340
-214
-611
-812
-1188
-2002
-2095
-1114
-717
-1097
-986
-371
294
965
1446
1509
1601
2286
3131
3108
2499
2114
1831
1877
1807
782
-324
-637
-1023
-1470
-2315
-4333
-5878
-5386
-4619
-5322
-6321
-6369
-5947
-5467
-4208
-3146
-3594
-3419
-1099
439
492
1403
2679
3116
3694
4633
4807
4499
4759
5259
4637
3305
2981
3066
2494
1906
1135
57
-293
-267
-676
-1240
-1835
-1965
-1356
-817
-696
-844
-622
296
1068
1264
1542
1969
2344
2852
3164
2900
2259
1872
1987
1768
834
5
-395
-1022
-1510
-2193
-4069
-5554
-5207
-4802
-5562
-6139
-5972
-5913
-5697
-4305
-3180
-3472
-3121
-1040
294
441
1582
2893
3133
3618
4626
4916
4621
4719
5113
4626
3397
3061
3043
2331
1710
1108
131
-465
-593
-864
-1439
-2006
-1977
-1395
-1064
-1128
-1036
-485
302
901
1169
1373
1744
2388
3048
3184
2709
2120
1830
1998
1799
876
7
-527
-1121
-1511
-2206
-4068
-5599
-5244
-4671
-5495
-6200
-6070
-5925
-5487
-4152
-3224
-3587
-3163
-993
383
569
1541
2687
3103
3779
4652
4821
4592
4734
5040
4608
3474
2868
2877
2367
1614
1041
169
-483
-584
-839
-1402
-2060
-2147
-1243
-744
-1114
-953
-353
165
945
1451
1427
1763
2471
3108
3251
2777
2392
2104
1816
1819
1269
59
-507
-902
-1465
-2144
-3801
-5388
-5306
-4886
-5384
-5916
-6086
-6009
-5503
-4316
-3243
-3421
-3199
-1131
316
546
1616
2716
2912
3596
4547
4699
4459
4615
5072
4569
3265
2807
2826
2229
1703
1068
-53
-617
-650
-840
-1447
-2251
-2176
-1259
-978
-1120
-905
-545
115
882
1227
1314
1541
2297
3140
3151
2751
2478
2050
1932
1950
1187
157
-395
-868
-1294
-1894
-3569
-5236
-5286
-4610
-4975
-5911
-6033
-5644
-5402
-4366
-3079
-3182
-3238
-1409
410
737
1376
2500
2926
3463
4481
4811
4431
4456
4982
4680
3530
2935
2904
2417
1873
1325
283
-473
-510
-630
-1191
-1852
-2078
-1619
-1016
-817
-942
-775
-100
638
1053
1253
1535
2043
2676
3090
2981
2396
1741
1756
1985
1234
175
-374
-817
-1220
-1702
-3229
-5104
-5483
-4689
-4835
-5912
-6061
-5695
-5705
-4718
-3087
-3125
-3490
-1730
243
611
1250
2476
2894
3225
4319
4943
4471
4384
4971
4641
3468
2914
2832
2381
1830
1296
269
-545
-524
-576
-1210
-1998
-2256
-1640
-1000
-1052
-1064
-737
-225
514
1146
1293
1444
2074
2827
3170
2854
2445
2158
1978
1991
1463
280
-311
-462
-1110
-1893
-3106
-4848
-5327
-4602
-4809
-5842
-6075
-5533
-5205
-4722
-3530
-3045
-3280
-1979
126
721
993
2089
2812
3224
4007
4540
4492
4406
4626
4614
3743
2793
2706
2600
1976
1102
243
-156
-353
-786
-1222
-1751
-2187
-1673
-907
-912
-1176
-926
-145
600
921
1120
1426
1910
2658
3134
2844
2341
2063
2028
2143
1528
424
-130
-335
-803
-1499
-2820
-4481
-5067
-4578
-4558
-5525
-6000
-5486
-5081
-4615
-3515
-3027
-3105
-1868
75
605
818
1897
2782
3201
3918
4468
4262
4202
4741
4696
3581
2744
2740
2521
1885
1308
521
-359
-627
-681
-1128
-1933
-2280
-1677
-1158
-1251
-1188
-881
-435
280
823
970
1245
1934
2735
3052
2745
2379
2084
1897
2105
1712
508
-106
-340
-903
-1358
-2394
-4325
-5271
-4728
-4404
-5207
-5833
-5482
-5242
-4982
-3439
-2515
-3107
-2331
-219
703
897
1865
2759
3046
3627
4457
4587
4215
4486
4705
3792
2850
2733
2572
2054
1364
427
-210
-499
-731
-1062
-1766
-2370
-2024
-1200
-958
-1238
-1181
-487
277
746
1033
1220
1609
2494
3132
2881
2296
2021
1988
2079
1687
734
-5
-401
-774
-1263
-2347
-4144
-5216
-4644
-4212
-5163
-5764
-5407
-5232
-4885
-3554
-2700
-3091
-2450
-301
707
719
1733
2801
2963
3465
4473
4546
4112
4523
4796
3810
2918
3034
2903
2115
1529
786
-177
-467
-443
-939
-1833
-2261
-1815
-1270
-1191
-1247
-1186
-749
100
676
763
1029
1685
2439
2775
2611
2393
2135
1929
2031
1748
637
-127
-162
-582
-1415
-2279
-3812
-5172
-4833
-4075
-4698
-5762
-5756
-5203
-4787
-3679
-2626
-2913
-2689
-803
620
958
1657
2513
2729
3314
4348
4573
4265
4392
4569
3935
3071
2872
2715
2136
1544
712
-175
-450
-447
-850
-1695
-2306
-2000
-1321
-1100
-1200
-1229
-834
19
806
1042
1126
1585
2368
2906
2754
2429
2216
1916
1920
1874
917
-30
-199
-500
-1099
-1981
-3639
-4966
-4702
-4143
-4767
-5567
-5423
-5067
-4894
-3853
-2655
-2913
-2761
-785
446
430
1473
2698
2760
3061
4106
4462
4046
4256
4718
3907
2799
2837
2895
2116
1452
931
28
-538
-449
-733
-1606
-2269
-2062
-1330
-1019
-1128
-1140
-748
0
656
951
1177
1538
2098
2690
2837
2486
2145
1899
1876
1784
954
38
-269
-574
-1010
-1763
-3597
-5010
-4526
-3884
-4570
-5443
-5465
-5140
-4806
-3681
-2476
-2879
-3011
-966
611
604
1307
2465
2644
3042
4102
4544
4138
4190
4702
4139
2900
2784
2950
2162
1546
1037
22
-492
-396
-712
-1503
-2245
-2278
-1603
-1074
-1106
-1356
-1129
-290
415
706
1036
1415
1750
2369
2813
2546
2072
1857
1979
1837
1010
280
25
-474
-925
-1569
-3279
-4735
-4509
-3818
-4434
-5431
-5368
-4916
-4713
-3744
-2567
-2832
-2848
-956
584
616
1186
2367
2749
3068
3970
4384
4005
4117
4693
4082
2887
2785
2872
2140
1586
1124
123
-475
-368
-662
-1580
-2170
-1943
-1535
-1374
-1197
-1172
-1088
-308
457
579
857
1422
1888
2360
2555
2416
2090
1724
1721
1701
965
226
-66
-491
-912
-1594
-3238
-4596
-4374
-3908
-4455
-5225
-5294
-4985
-4630
-3717
-2679
-2832
-2898
-1218
359
573
1188
2222
2561
2936
3832
4290
4040
4007
4428
4079
2986
2695
2835
2233
1571
1166
385
-246
-321
-471
-1090
-1850
-1923
-1345
-979
-988
-1153
-965
-261
382
728
1029
1265
1654
2263
2615
2440
2103
1804
1693
1726
1255
351
-239
-481
-791
-1351
-2760
-4433
-4704
-3909
-3919
-4771
-5249
-5106
-4618
-3693
-2567
-2452
-2968
-1803
298
790
909
1808
2263
2571
3540
4054
3734
3629
4133
4150
3128
2532
2693
2231
1667
1367
417
-491
-452
-396
-1028
-1874
-2199
-1663
-1086
-1010
-1083
-1004
-544
248
775
951
1140
1527
2235
2661
2458
2196
1970
1772
1809
1444
588
69
-164
-508
-1065
-2393
-4031
-4381
-3692
-3758
-4703
-5127
-4808
-4449
-3822
-2754
-2477
-2907
-1879
79
632
732
1651
2235
2488
3398
3981
3713
3627
4088
3992
3073
2570
2631
2176
1593
1284
392
-424
-287
-332
-1147
-1885
-2123
-1758
-1197
-1004
-1227
-1379
-823
199
755
730
867
1333
1894
2422
2523
2160
1728
1561
1634
1405
658
13
-302
-685
-1058
-2041
-3704
-4428
-3771
-3699
-4547
-4853
-4611
-4388
-3863
-2749
-2341
-2725
-1935
-97
575
669
1599
2244
2383
3132
3864
3722
3648
4125
4034
3120
2648
2713
2216
1683
1482
620
-281
-343
-302
-865
-1456
-1788
-1818
-1385
-838
-793
-1048
-668
56
507
807
1143
1426
1739
2244
2515
2269
1983
1723
1600
1455
879
132
-244
-486
-805
-1660
-3372
-4510
-3975
-3404
-4030
-4711
-4915
-4719
-3889
-2685
-2136
-2655
-2488
-688
658
852
1376
1918
2093
2853
3728
3750
3539
3791
3865
3289
2577
2370
2272
1811
1373
699
-253
-441
-213
-747
-1528
-1946
-1918
-1309
-866
-1027
-1165
-820
-115
566
751
777
1162
1742
2213
2385
2152
1863
1682
1575
1498
923
87
-181
-312
-789
-1481
-2787
-4106
-4004
-3310
-3686
-4533
-4721
-4390
-3951
-3166
-2352
-2458
-2579
-1203
312
635
1019
1712
2096
2566
3271
3573
3463
3513
3765
3451
2657
2309
2338
2026
1582
922
-28
-286
-64
-358
-1026
-1641
-1849
-1330
-738
-670
-956
-930
-181
563
777
897
1125
1514
2043
2349
2137
1856
1652
1440
1455
1115
254
-198
-296
-593
-1183
-2561
-3928
-3899
-3359
-3645
-4349
-4622
-4334
-3983
-3396
-2514
-2377
-2578
-1463
108
413
661
1539
2000
2317
2984
3410
3455
3489
3647
3477
2698
2300
2427
2133
1620
964
205
-90
-71
-395
-1005
-1516
-1750
-1411
-732
-641
-1096
-963
-164
452
633
857
1185
1448
1961
2478
2391
1943
1643
1477
1460
1173
547
79
-284
-628
-1038
-2115
-3594
-3960
-3321
-3466
-4288
-4494
-4194
-4047
-3606
-2584
-2351
-2932
-1962
-81
321
444
1237
1686
2018
2892
3480
3264
3036
3512
3616
2744
2217
2413
2111
1547
1267
540
-215
-230
-149
-761
-1553
-1731
-1274
-856
-734
-756
-862
-525
228
720
820
924
1309
1920
2281
2247
2049
1658
1436
1568
1336
586
69
-163
-420
-718
-1718
-3369
-4078
-3346
-2942
-3845
-4553
-4321
-3976
-3583
-2551
-2033
-2694
-2367
-430
633
497
950
1660
1930
2426
3221
3422
3069
3191
3477
2883
2113
2261
2350
1707
1092
559
84
3
-36
-484
-1235
-1747
-1360
-652
-628
-893
-870
-536
122
602
713
844
1119
1612
2134
2061
1813
1778
1513
1280
1161
646
118
-20
-361
-857
-1610
-2979
-3736
-3227
-3066
-3822
-4280
-4155
-3952
-3762
-2990
-2268
-2562
-2391
-776
188
162
849
1582
1700
2237
3067
3212
3048
3236
3455
2975
2407
2410
2348
1872
1488
967
315
156
132
-291
-998
-1406
-1117
-716
-640
-596
-751
-663
88
609
557
699
1009
1463
2007
2042
1763
1563
1252
1288
1365
717
54
-140
-410
-679
-1248
-2640
-3701
-3555
-3212
-3432
-3907
-4308
-4212
-3703
-3022
-2320
-2363
-2475
-1259
-36
235
718
1235
1462
2152
2869
2978
2992
3158
3266
3023
2440
2191
2299
2005
1526
995
247
95
319
-72
-902
-1382
-1238
-665
-323
-510
-842
-715
2
642
746
583
756
1348
1882
2015
1771
1446
1236
1258
1368
936
213
-31
-178
-523
-1064
-2320
-3470
-3332
-2912
-3298
-3918
-4074
-3883
-3690
-3100
-2287
-2467
-2705
-1323
-72
-159
285
1249
1405
1759
2691
2964
2739
2892
3254
3012
2361
2280
2372
1933
1559
1211
524
196
269
-56
-739
-1196
-1092
-646
-385
-537
-768
-625
3
539
669
677
764
1239
1924
2142
1818
1507
1258
1222
1356
970
234
-138
-324
-569
-1002
-2240
-3456
-3359
-2855
-3194
-3846
-4076
-3927
-3707
-3053
-2206
-2417
-2753
-1401
-17
-19
333
1116
1370
1780
2584
2910
2748
2843
3171
2991
2455
2254
2206
1959
1690
1118
447
295
248
-131
-591
-989
-1197
-908
-364
-205
-738
-723
74
409
536
832
878
1031
1654
2023
1848
1466
1191
1195
1174
844
330
-49
-248
-460
-959
-1998
-3210
-3522
-2855
-2871
-3804
-4061
-3738
-3633
-3207
-2409
-2355
-2645
-1742
-322
-39
3
809
1351
1521
2296
2900
2634
2708
3134
2944
2476
2327
2165
1938
1751
1363
755
382
429
184
-511
-931
-990
-845
-458
-311
-682
-749
-75
461
554
584
705
1005
1600
1999
1744
1350
1137
1124
1207
1041
404
-187
-299
-390
-773
-1773
-3149
-3436
-2729
-2836
-3615
-3935
-3907
-3644
-3063
-2454
-2407
-2654
-1804
-300
12
-48
792
1316
1571
2441
2808
2556
2705
3009
2976
2738
2355
2133
2041
1872
1493
858
515
429
-72
-591
-578
-680
-822
-459
-265
-685
-698
30
481
342
359
776
1097
1419
1778
1618
1193
1042
1127
1180
787
136
-86
-179
-507
-822
-1705
-3144
-3605
-2834
-2659
-3540
-4110
-3811
-3497
-3234
-2442
-2101
-2620
-2112
-392
180
1
641
1332
1561
2115
2759
2768
2594
2802
3057
2767
2266
2225
2255
1815
1392
1095
659
335
124
-245
-734
-945
-634
-286
-380
-600
-530
-135
309
557
591
590
975
1555
1749
1536
1285
1101
1053
1112
940
325
-139
-236
-343
-740
-1805
-3063
-3373
-2814
-2757
-3420
-4002
-3927
-3571
-3202
-2511
-2312
-2648
-2024
-577
-72
-71
559
1169
1418
2002
2634
2689
2547
2697
2933
2739
2239
2107
2079
1817
1470
1088
759
473
193
-201
-583
-686
-541
-338
-319
-560
-527
-82
363
514
459
541
971
1523
1714
1478
1239
1066
1026
1158
875
206
-73
-156
-376
-805
-1814
-2898
-3143
-2708
-2833
-3445
-3666
-3586
-3510
-3084
-2397
-2404
-2622
-1728
-465
-301
-104
766
1070
1218
2146
2724
2450
2402
2768
2843
2703
2482
2156
1860
1624
1478
1239
726
307
35
-343
-546
-584
-561
-411
-432
-646
-473
-83
240
437
455
561
956
1426
1626
1430
1075
854
940
1079
801
146
-240
-330
-464
-794
-1735
-3106
-3387
-2578
-2612
-3416
-3789
-3695
-3449
-2842
-2160
-2238
-2609
-1724
-225
50
25
706
1176
1497
2317
2820
2577
2544
2887
3000
2783
2417
2170
2064
1775
1460
1108
733
613
394
-184
-583
-431
-219
-233
-379
-504
-408
26
460
511
262
313
1009
1542
1337
1014
897
721
794
929
520
-228
-477
-338
-453
-1017
-2158
-3253
-3306
-2822
-2927
-3418
-3851
-3962
-3575
-2802
-2243
-2458
-2584
-1583
-436
-101
286
881
1044
1426
2352
2723
2509
2575
2811
2877
2793
2520
2176
1971
1864
1656
1351
1049
737
374
-45
-275
-188
-172
-279
-279
-373
-288
154
420
381
348
556
1090
1413
1193
968
711
494
741
866
279
-387
-492
-517
-660
-1257
-2544
-3358
-3068
-2768
-3196
-3566
-3641
-3769
-3454
-2432
-2003
-2581
-2334
-846
-112
-214
452
1162
1041
1501
2584
2693
2229
2435
2829
2725
2499
2447
2217
1701
1424
1518
1397
858
392
168
-123
-284
-105
29
-175
-498
-338
209
453
393
459
544
737
1267
1515
1228
917
745
699
847
633
59
-339
-534
-576
-762
-1645
-2944
-3311
-2786
-2724
-3275
-3587
-3636
-3543
-3038
-2217
-2112
-2589
-1990
-588
-33
19
610
1068
1190
1797
2539
2562
2358
2541
2821
2732
2336
2231
2187
1781
1386
1340
1255
841
441
173
-213
-434
-172
66
-214
-582
-330
279
471
407
425
459
815
1414
1410
858
670
670
630
743
509
-242
-684
-644
-633
-1054
-2228
-3228
-3128
-2836
-2970
-3243
-3600
-3794
-3465
-2711
-1948
-2073
-2435
-1556
-353
-108
246
963
1011
1214
2087
2602
2369
2238
2527
2726
2500
2348
2326
1907
1441
1384
1383
1083
675
310
43
-142
-194
-47
3
-207
-302
59
514
570
461
552
709
979
1294
1200
846
602
432
515
564
99
-507
-706
-722
-767
-1216
-2374
-3324
-3192
-2699
-2773
-3231
-3518
-3521
-3205
-2326
-1593
-1991
-2252
-1087
-55
139
565
1080
1101
1441
2288
2648
2303
2195
2638
2758
2474
2273
2133
1811
1496
1420
1401
1100
598
300
151
-77
-58
83
21
-141
-230
134
534
442
358
542
679
1011
1320
1086
697
445
403
497
310
-252
-585
-713
-924
-1058
-1625
-2718
-3236
-2912
-2770
-3073
-3388
-3443
-3387
-3034
-2180
-1843
-2220
-1817
-687
-254
-35
698
1039
950
1576
2340
2245
2049
2474
2766
2335
2067
2314
2097
1481
1382
1391
1059
838
782
359
-150
-111
172
161
-50
-125
18
304
557
690
636
618
864
1228
1292
895
541
458
396
368
195
-269
-651
-799
-918
-1170
-1958
-2929
-3053
-2694
-2778
-3121
-3242
-3221
-3119
-2684
-1924
-1750
-2030
-1419
-407
-110
151
825
1071
1161
1745
2216
2126
2077
2389
2487
2148
1973
2110
1910
1445
1280
1150
927
787
554
126
-162
-44
180
162
1
-59
30
316
581
615
576
666
995
1244
1157
865
551
335
358
411
32
-430
-628
-836
-997
-1488
-2548
-3090
-2673
-2613
-3051
-3244
-3243
-3119
-2755
-2149
-1861
-2001
-1516
-435
-80
-17
634
1069
1170
1703
2145
2051
2114
2485
2565
2315
2121
2105
1954
1666
1448
1196
928
880
716
305
101
-24
-51
157
229
-25
-75
308
509
468
608
738
756
913
1058
900
599
335
181
49
-126
-422
-739
-931
-1124
-1529
-2285
-2946
-2932
-2791
-2991
-3189
-3301
-3248
-2942
-2379
-1921
-1879
-1787
-1004
-183
23
296
887
1206
1376
1941
2299
2165
2184
2446
2519
2172
1936
2014
1808
1397
1327
1285
919
702
621
369
70
129
297
206
97
75
276
506
576
604
671
798
982
1078
922
719
476
172
83
14
-333
-607
-818
-1147
-1371
-1881
-2691
-3000
-2862
-2877
-3001
-3153
-3206
-3006
-2694
-2091
-1689
-1785
-1363
-346
99
239
727
1142
1397
1811
2204
2284
2077
2136
2520
2422
1930
1871
1844
1499
1299
1258
1129
770
498
519
425
94
62
272
251
114
220
488
527
500
722
903
882
889
867
707
475
234
17
-141
-391
-714
-925
-1187
-1486
-1819
-2563
-3123
-2914
-2788
-3075
-3231
-3246
-3121
-2783
-2262
-1765
-1704
-1541
-637
105
179
487
1016
1302
1677
2112
2186
2033
2101
2368
2458
2109
1875
1868
1591
1342
1291
1136
848
607
565
535
370
290
397
457
396
426
543
679
725
848
999
1058
1125
1095
853
632
371
39
-162
-321
-763
-1074
-1187
-1442
-1721
-2251
-2904
-3058
-2893
-2952
-3081
-3138
-3105
-2908
-2459
-1908
-1642
-1545
-1030
-174
281
496
888
1232
1504
1934
2225
2216
2107
2131
2272
2178
1921
1788
1587
1321
1132
1074
989
625
327
294
237
177
261
332
306
313
487
698
737
749
877
919
950
1003
796
434
167
-48
-232
-414
-817
-1191
-1348
-1493
-1681
-2182
-2900
-3097
-2846
-2874
-3020
-3074
-3039
-2830
-2281
-1660
-1492
-1450
-846
-72
296
641
1052
1178
1369
1869
2236
2207
2092
2142
2147
1960
1882
1893
1563
1168
1084
1088
904
716
590
401
212
263
514
454
298
491
698
786
833
853
930
952
1031
1090
877
577
411
152
-160
-273
-614
-1131
-1319
-1475
-1712
-1950
-2481
-2985
-2987
-2776
-2729
-2821
-2823
-2648
-2435
-1965
-1349
-1220
-1061
-318
308
466
761
1159
1301
1486
1901
2123
2091
2025
2038
1978
1763
1664
1556
1210
928
839
745
665
561
421
263
205
346
486
391
318
426
636
716
679
799
887
880
968
974
752
471
239
-36
-288
-498
-819
-1141
-1441
-1698
-1802
-2065
-2602
-2943
-2955
-2760
-2645
-2665
-2624
-2580
-2308
-1570
-1075
-1085
-831
-179
306
619
1012
1251
1241
1463
1921
2006
1756
1773
1835
1623
1522
1501
1310
1095
1013
880
719
619
651
548
276
281
453
558
544
547
595
687
788
931
988
908
904
968
872
573
202
-149
-330
-417
-650
-1059
-1401
-1577
-1647
-1734
-1987
-2508
-2916
-2691
-2356
-2431
-2508
-2373
-2232
-1923
-1292
-831
-738
-548
89
615
675
923
1382
1481
1474
1810
1964
1759
1684
1794
1696
1323
1142
1181
1032
759
697
624
374
347
481
409
302
429
649
667
644
790
864
771
773
885
915
872
865
737
455
150
-53
-225
-483
-752
-1078
-1357
-1572
-1696
-1861
-2175
-2528
-2673
-2521
-2401
-2338
-2169
-2076
-2029
-1622
-1037
-784
-607
-249
159
479
815
1209
1351
1337
1495
1694
1632
1572
1546
1368
1215
1160
1000
809
756
646
505
428
466
499
443
383
403
442
532
650
696
697
722
767
817
909
899
751
620
461
228
-9
-267
-564
-818
-1014
-1238
-1509
-1687
-1804
-1936
-2158
-2408
-2462
-2340
-2216
-2140
-1953
-1876
-1731
-1252
-780
-531
-272
72
399
685
906
1226
1379
1363
1537
1689
1585
1568
1621
1489
1304
1186
1056
961
852
675
501
458
545
636
512
349
446
578
660
752
674
582
633
769
827
737
607
543
434
236
64
-175
-511
-771
-932
-1160
-1357
-1515
-1659
-1851
-2098
-2182
-2177
-2291
-2271
-2038
-1924
-1796
-1469
-1203
-1065
-812
-334
71
188
379
724
902
1067
1365
1437
1271
1294
1421
1402
1307
1170
1092
979
834
818
745
517
459
642
618
467
514
522
515
638
774
760
746
803
837
826
832
817
638
410
258
106
-112
-335
-616
-862
-1005
-1134
-1270
-1483
-1707
-1898
-2007
-1987
-2034
-2183
-2116
-1866
-1688
-1479
-1260
-1112
-918
-607
-173
174
207
331
762
975
1066
1274
1311
1194
1253
1441
1442
1231
1034
1036
971
762
667
702
755
710
657
657
608
592
682
713
600
553
669
761
636
561
644
607
441
331
207
-13
-148
-286
-620
-976
-1100
-1098
-1239
-1522
-1698
-1772
-1845
-1843
-1872
-2007
-2073
-1919
-1696
-1451
-1247
-1148
-948
-666
-365
-104
125
365
561
716
885
1057
1153
1200
1227
1208
1197
1234
1220
1095
1045
1044
944
830
789
813
782
752
745
698
630
646
754
759
745
782
749
684
625
562
396
201
75
-42
-256
-470
-641
-886
-1033
-1131
-1313
-1453
-1566
-1685
-1750
-1804
-1866
-1897
-1833
-1631
-1483
-1397
-1193
-918
-754
-602
-280
-20
121
367
566
678
865
1026
1112
1148
1152
1181
1211
1210
1187
1119
1050
992
977
907
849
852
796
818
800
700
703
800
772
753
738
619
482
387
339
277
153
25
-146
-358
-464
-489
-675
-982
-1143
-1232
-1377
-1483
-1569
-1735
-1831
-1820
-1794
-1751
-1676
-1618
-1500
-1315
-1091
-855
-609
-374
-216
-15
292
548
649
747
920
1053
1187
1383
1456
1406
1375
1393
1389
1334
1283
1193
1102
1050
1017
992
950
877
876
858
729
704
701
556
424
354
268
121
-46
-150
-221
-391
-556
-638
-807
-998
-1120
-1199
-1349
-1503
-1595
-1709
-1818
-1856
-1774
-1697
-1697
-1642
-1492
-1370
-1216
-1027
-871
-726
-544
-312
-135
10
228
458
617
725
861
1005
1131
1213
1240
1258
1220
1213
1244
1244
1222
1192
1178
1163
1110
1053
1021
1014
973
970
984
932
834
687
574
518
458
371
219
70
-49
-155
-298
-494
-689
-884
-1018
-1105
-1215
-1311
-1428
-1528
-1588
-1585
-1514
-1500
-1456
-1406
-1344
-1262
-1117
-952
-777
-648
-529
-313
-152
-17
153
301
424
531
672
800
879
988
1031
1027
1044
1065
1090
1085
1033
1028
1030
950
894
897
841
792
785
727
688
674
596
448
368
307
239
160
-6
-128
-234
-305
-401
-566
-722
-849
-924
-928
-963
-1085
-1160
-1185
-1246
-1279
-1243
-1182
-1146
-1106
-1000
-905
-866
-763
-550
-428
-327
-174
-56
60
169
280
382
464
547
633
677
758
842
914
934
969
997
995
1005
956
905
884
845
792
763
717
669
604
563
538
446
344
247
112
59
28
-102
-238
-337
-422
-475
-546
-700
-846
-889
-864
-893
-987
-1027
-1036
-989
-995
-997
-937
-851
-800
-761
-685
-620
-541
-429
-297
-226
-131
-32
42
138
253
338
391
457
575
657
726
826
855
875
902
853
855
898
894
847
799
775
739
691
665
622
516
478
478
387
290
222
138
-2
-70
-162
-333
-429
-458
-499
-549
-561
-637
-707
-741
-746
-769
-785
-762
-757
-770
-745
-689
-650
-615
-584
-569
-526
-448
-363
-280
-197
-146
-96
-36
46
129
184
253
315
398
464
540
622
681
706
759
809
763
752
769
743
704
689
652
591
529
473
370
269
206
123
10
-53
-116
-216
-267
-291
-371
-478
-491
-517
-586
-616
-660
-718
-727
-673
-638
-643
-624
-592
-583
-567
-509
-457
-400
-309
-260
-260
-258
-220
-172
-139
-95
-33
13
49
87
170
258
323
428
511
563
634
715
768
781
795
807
776
775
778
730
661
601
557
494
431
367
260
196
179
71
-36
-90
-143
-242
-347
-389
-460
-520
-537
-539
-595
-596
-575
-620
-607
-540
-501
-480
-383
-331
-339
-330
-280
-261
-262
-255
-244
-228
-202
-170
-111
-73
-28
24
52
77
113
171
211
223
286
359
417
492
518
508
543
601
578
512
513
545
463
409
424
330
232
211
129
35
8
-34
-86
-137
-195
-224
-292
-327
-312
-319
-353
-369
-367
-396
-380
-400
-437
-409
-371
-375
-349
-323
-322
-306
-286
-261
-214
-168
-153
-129
-129
-130
-117
-112
-117
-71
-47
-41
31
105
171
214
300
354
410
510
567
583
630
664
690
659
588
591
578
533
507
475
418
352
305
229
125
61
-34
-104
-175
-256
-334
-427
-442
-467
-502
-536
-533
-545
-548
-518
-506
-508
-504
-451
-417
-374
-316
-290
-270
-253
-210
-189
-206
-189
-162
-166
-149
-140
-145
-106
-33
27
80
123
184
209
260
347
409
454
468
514
551
561
589
604
549
512
517
503
426
400
370
298
242
172
108
63
1
-68
-104
-148
-209
-240
-308
-336
-326
-364
-380
-393
-385
-386
-358
-357
-388
-369
-357
-314
-274
-246
-255
-274
-291
-274
-223
-212
-210
-210
-181
-168
-175
-136
-105
-55
-8
30
79
141
193
249
301
300
380
454
484
523
559
556
562
565
518
479
458
427
365
299
236
190
135
77
25
-66
-116
-146
-174
-211
-258
-301
-342
-348
-331
-341
-356
-333
-286
-269
-258
-207
-199
-214
-167
-132
-134
-140
-134
-116
-109
-83
-94
-102
-99
-79
-81
-104
-91
-79
-41
-14
4
23
55
103
149
140
159
222
268
280
318
346
315
341
345
312
307
306
286
251
206
149
109
73
51
-2
-54
-73
-102
-157
-215
-228
-248
-262
-245
-225
-233
-206
-169
-149
-144
-146
-119
-106
-68
-8
12
17
23
8
-7
-19
-14
-15
-32
-23
-52
-78
-91
-103
-73
-62
-53
-5
1
32
88
95
86
130
190
208
258
261
236
237
261
226
157
139
148
125
75
46
-11
-50
-67
-73
-124
-168
-188
-198
-219
-245
-267
-320
-322
-319
-322
-316
-307
-252
-221
-193
-174
-143
-94
-52
-11
25
4
8
44
59
57
75
83
41
37
42
39
17
25
61
58
80
110
125
148
202
218
229
308
340
341
374
384
355
344
351
305
220
189
186
149
108
90
28
-31
-70
-111
-174
-228
-240
-257
-278
-292
-307
-338
-340
-331
-309
-315
-289
-245
-191
-183
-142
-92
-59
-5
34
42
29
52
66
56
45
58
32
7
-4
-20
-57
-73
-57
-53
-47
-15
5
28
82
107
130
168
238
256
258
272
281
287
287
291
284
233
208
223
193
129
79
48
27
28
11
-40
-77
-95
-132
-157
-151
-184
-202
-216
-231
-236
-246
-253
-246
-227
-216
-189
-148
-123
-99
-55
-46
-47
-39
-24
-67
-67
-41
-59
-74
-84
-82
-121
-108
-112
-94
-84
-66
-46
-11
25
47
89
150
218
268
286
306
324
334
340
342
316
270
249
232
212
154
100
74
50
23
-14
-61
-70
-89
-122
-152
-178
-221
-240
-222
-229
-232
-206
-189
-191
-158
-144
-131
-127
-102
-63
-66
-44
-19
-7
-2
7
9
11
-24
-54
-73
-69
-72
-81
-72
-89
-78
-31
16
31
57
101
138
182
219
238
239
223
219
228
237
227
218
214
188
180
177
127
89
93
48
-10
-50
-79
-114
-164
-172
-172
-191
-212
-185
-185
-205
-179
-148
-138
-128
-96
-77
-52
-29
19
21
26
56
31
35
41
17
30
22
6
3
-37
-37
-44
-79
-86
-78
-78
-61
-20
-38
-27
0
23
55
101
150
170
175
204
248
245
249
236
205
195
195
146
107
83
84
63
-3
-57
-86
-128
-192
-200
-233
-279
-303
-300
-300
-295
-282
-269
-263
-256
-200
-193
-165
-125
-84
-40
-19
-12
-6
-10
-5
-5
8
8
0
26
44
56
54
68
61
80
92
124
153
172
205
230
250
263
282
293
289
270
288
296
274
247
237
214
171
138
108
60
8
-14
-43
-80
-119
-158
-203
-236
-250
-281
-318
-342
-341
-326
-309
-294
-283
-244
-220
-183
-143
-133
-102
-74
-44
-24
4
6
-1
26
43
54
35
29
27
21
41
34
34
50
50
73
117
156
151
179
214
249
302
308
316
327
315
311
319
310
288
262
235
199
158
135
98
50
-1
-50
-102
-142
-161
-208
-248
-280
-311
-347
-352
-339
-345
-352
-324
-316
-318
-279
-247
-226
-199
-164
-126
-99
-76
-54
-49
-27
-9
-8
4
-5
-1
-5
1
27
30
32
35
63
88
96
93
86
88
126
129
150
171
182
209
214
221
241
232
201
209
189
175
156
120
88
45
15
7
-11
-46
-89
-121
-148
-183
-168
-178
-191
-185
-189
-178
-183
-164
-142
-111
-90
-61
-59
-39
-5
27
38
43
50
33
69
45
38
52
58
67
81
68
63
48
39
54
64
55
34
32
47
56
65
77
76
90
96
101
110
102
81
87
93
105
94
64
42
24
-9
-50
-72
-94
-130
-159
-189
-215
-245
-247
-242
-254
-240
-213
-207
-177
-154
-148
-101
-78
-67
-26
14
51
72
76
98
91
92
103
88
93
84
73
80
83
83
31
20
50
61
61
54
62
84
81
77
94
95
123
129
134
144
133
153
151
146
152
158
147
115
101
78
32
12
7
-56
-69
-92
-124
-152
-188
-190
-222
-243
-252
-258
-250
-227
-187
-176
-141
-129
-112
-85
-72
-39
-4
3
5
20
45
55
66
65
51
64
82
93
95
76
105
110
103
130
113
104
97
95
96
96
119
106
96
98
91
78
78
94
76
78
75
50
46
34
9
-11
-32
-20
-85
-125
-127
-170
-196
-212
-217
-249
-250
-227
-213
-211
-186
-173
-149
-153
-134
-96
-67
-42
-35
-30
-5
10
19
39
55
69
60
59
64
62
64
53
60
55
31
53
64
63
46
64
84
99
100
125
114
109
140
108
76
70
57
43
47
28
4
-16
-7
-33
-45
-34
-65
-70
-67
-75
-80
-95
-92
-81
-93
-83
-93
-91
-95
-109
-95
-94
-76
-59
-55
-32
-25
-1
15
21
39
53
77
78
110
120
107
107
92
91
95
104
92
91
96
104
108
106
103
112
116
130
149
148
147
132
136
129
109
116
116
103
85
69
48
26
-5
-31
-52
-92
-118
-125
-151
-182
-178
-173
-168
-172
-144
-143
-147
-120
-95
-94
-77
-59
-48
-14
-5
4
8
17
26
34
27
42
43
44
48
30
53
48
26
26
33
33
16
0
-2
-20
-31
-33
-58
-70
-70
-70
-73
-81
-73
-71
-66
-53
-65
-66
-86
-76
-73
-90
-90
-99
-116
-119
-136
-143
-129
-141
-149
-162
-162
-154
-149
-143
-134
-108
-88
-80
-51
-42
-8
10
14
52
77
92
126
133
145
170
191
203
217
215
210
227
247
259
257
245
236
245
238
240
241
228
210
183
176
193
175
144
145
114
65
40
12
-14
-34
-51
-70
-86
-121
-130
-159
-186
-206
-213
-225
-228
-213
-225
-219
-242
-238
-223
-212
-196
-175
-142
-123
-92
-48
-53
-27
-5
14
39
30
28
58
68
67
78
84
107
103
109
114
107
115
143
109
109
122
124
141
130
134
127
98
85
83
70
34
43
24
10
4
-7
-8
-25
-45
-70
-99
-125
-139
-150
-150
-151
-151
-159
-174
-180
-178
-163
-150
-127
-119
-104
-93
-82
-72
-65
-56
-51
-34
-42
-24
8
21
31
46
72
83
106
141
155
171
180
154
159
139
136
150
141
136
125
121
123
115
103
69
57
51
10
13
-15
-37
-54
-88
-83
-84
-98
-106
-125
-130
-136
-133
-128
-140
-136
-134
-121
-123
-115
-130
-120
-111
-100
-86
-67
-50
-31
-13
-9
4
16
31
38
57
83
94
85
108
124
99
106
107
103
94
84
84
76
82
77
77
82
74
71
63
34
8
16
28
33
25
16
17
9
10
13
-19
-26
-19
-39
-51
-58
-55
-61
-64
-44
-48
-61
-47
-40
-41
-34
-31
-28
-9
-15
-7
3
12
18
38
43
31
38
35
31
38
35
63
61
42
74
58
55
63
53
46
52
52
40
36
31
28
18
42
31
6
-1
-7
-30
-52
-38
-61
-73
-97
-104
-108
-115
-125
-169
-181
-176
-184
-188
-181
-172
-171
-173
-162
-167
-154
-129
-115
-90
-53
-26
-18
-19
-12
8
35
55
92
125
142
147
139
149
149
149
158
159
155
149
137
125
122
118
119
107
120
121
137
122
112
108
103
100
92
84
68
86
78
82
64
47
35
8
-11
-35
-57
-76
-93
-110
-127
-128
-140
-148
-155
-161
-170
-164
-150
-153
-144
-138
-118
-130
-110
-81
-66
-38
-26
-6
6
28
37
42
52
32
24
14
7
22
22
35
32
29
53
33
26
43
37
38
39
45
53
38
55
58
60
61
60
60
68
63
66
48
64
53
32
30
16
26
-9
-15
5
-20
-41
-39
-58
-65
-65
-68
-66
-64
-69
-39
-42
-34
-19
-31
-12
7
30
43
44
76
80
83
82
67
62
47
52
43
45
33
3
-20
-37
-29
-56
-34
-36
-38
-46
-50
-42
-47
-42
-39
-22
-33
-32
-28
-15
-12
-13
-25
-43
-56
-78
-64
-71
-75
-67
-77
-76
-78
-97
-114
-103
-87
-72
-65
-59
-56
-52
-31
-6
3
12
42
59
74
103
112
112
134
126
135
129
126
119
102
80
60
48
17
-1
-14
-34
-65
-55
-41
-51
-61
-48
-65
-71
-59
-52
-41
-42
-16
-17
-5
8
12
29
29
25
36
39
52
48
34
37
30
21
9
2
-3
-24
-15
-10
3
12
19
24
27
31
35
46
42
37
42
64
76
94
111
125
135
153
136
144
127
101
85
79
77
56
54
40
25
11
-5
-22
-34
-70
-62
-64
-65
-60
-65
-74
-85
-78
-70
-58
-51
-30
-31
-26
-22
-46
-48
-61
-68
-95
-124
-159
-182
-202
-212
-230
-225
-217
-209
-190
-170
-154
-164
-134
-114
-92
-66
-39
-13
16
46
76
98
107
110
107
121
125
130
140
156
149
156
166
154
127
129
128
108
104
77
70
61
37
37
26
26
31
35
40
42
18
19
36
27
10
3
5
-24
-31
-26
-53
-61
-64
-75
-91
-107
-108
-116
-126
-127
-119
-108
-105
-109
-78
-67
-52
-4
22
17
42
74
86
103
96
108
120
130
139
132
125
130
130
92
96
71
38
11
-23
-21
-37
-46
-54
-57
-49
-58
-73
-72
-48
-48
-38
-28
-13
12
41
47
40
43
53
39
41
41
25
35
19
9
-1
-15
-23
-19
-39
-57
-74
-93
-81
-87
-91
-90
-90
-81
-72
-36
-35
-7
12
34
61
47
63
61
59
60
64
51
42
32
36
35
21
4
-10
-18
-41
-37
-41
-40
-49
-53
-39
-44
-41
-21
-6
-1
33
64
91
107
107
106
100
83
69
51
45
14
3
-25
-54
-61
-103
-123
-129
-154
-174
-164
-188
-169
-159
-156
-120
-111
-83
-42
-29
-17
10
16
33
59
84
92
106
127
136
129
117
118
115
102
75
36
17
4
-7
-13
-31
-36
-57
-69
-54
-37
-47
-48
-46
-40
-37
-9
9
28
40
47
57
53
83
86
68
63
72
70
51
48
23
11
6
-14
-37
-48
-44
-55
-46
-36
-48
-21
-17
-2
16
33
44
57
85
100
109
125
111
98
98
69
60
54
29
33
21
29
12
-21
-35
-49
-54
-77
-79
-72
-60
-59
-54
-47
-54
-48
-42
-37
-19
4
10
33
31
24
30
34
19
10
-16
-41
-35
-57
-85
-105
-110
-132
-130
-130
-129
-131
-132
-109
-106
-105
-100
-95
-83
-91
-82
-58
-35
-19
-17
8
26
33
53
71
71
91
75
76
77
64
61
44
25
31
36
33
12
29
47
45
60
64
88
103
107
118
131
138
141
141
122
114
116
108
92
78
68
30
13
-11
-44
-47
-48
-48
-47
-58
-78
-73
-69
-79
-70
-82
-78
-69
-64
-64
-48
-42
-45
-31
-24
-8
0
11
24
24
49
51
35
25
14
5
-6
-20
-27
-23
-17
-23
-48
-30
-31
-30
-20
-17
9
13
22
13
11
20
15
-3
2
13
15
14
10
12
3
-10
-7
-1
-14
-28
-32
-12
-30
-24
-35
-39
-47
-68
-61
-58
-36
-27
-27
-11
1
-5
3
3
13
42
34
37
43
47
64
59
60
54
35
23
-2
-14
-9
-9
-25
-31
-40
-55
-49
-71
-72
-57
-50
-33
-10
11
36
42
58
66
69
70
68
60
55
56
44
29
16
11
-2
-13
-26
-37
-35
-39
-38
-41
-43
-50
-51
-60
-69
-49
-25
-6
13
18
18
15
32
31
36
54
52
60
56
61
68
77
77
67
63
54
41
37
33
1
-14
-7
-13
-22
-9
-6
5
12
3
29
15
28
33
53
44
24
42
6
-8
-14
-17
-23
-40
-39
-40
-61
-82
-106
-126
-152
-171
-175
-194
-171
-169
-158
-159
-151
-118
-101
-78
-57
-32
-13
10
35
77
77
107
97
105
112
112
108
106
99
94
86
66
83
68
60
78
82
90
82
87
68
75
66
63
62
45
41
44
45
41
37
46
54
49
54
48
47
17
3
-17
-23
-44
-62
-71
-99
-107
-120
-129
-132
-139
-142
-130
-134
-120
-115
-110
-90
-72
-50
-48
-31
-5
2
22
4
19
45
44
50
49
51
31
23
37
15
13
11
28
29
21
9
-9
-17
-16
-18
-22
-5
-3
-19
-25
-18
-12
-11
5
-11
1
28
32
22
27
22
19
25
8
0
-25
-32
-41
-38
-48
-64
-55
-62
-49
-34
-36
-20
-5
-6
9
46
52
60
77
93
113
115
128
145
144
139
135
133
131
116
112
93
73
68
42
27
21
3
-4
4
-21
-19
-20
-27
-18
-32
-15
0
5
6
0
6
7
5
1
-1
-3
-2
-19
-26
-38
-55
-67
-93
-115
-126
-140
-160
-165
-167
-166
-148
-147
-133
-103
-103
-57
-34
-13
19
31
55
43
35
56
69
71
70
80
74
72
67
53
46
30
3
-16
-16
-19
-7
-12
-5
-7
-7
0
-11
-2
2
-14
-18
-32
-36
-24
-26
-25
-17
-22
-10
-4
-12
0
0
-6
-10
-9
-38
-44
-47
-54
-58
-71
-66
-77
-76
-69
-49
-40
-18
4
13
32
34
43
47
58
62
68
76
79
86
88
85
90
87
67
69
73
60
48
46
48
34
13
7
-11
-8
-14
-6
-2
13
13
20
20
19
19
21
40
29
34
31
41
42
17
9
-5
-26
-37
-27
-40
-31
-29
-27
-28
-55
-48
-59
-38
-36
-27
1
4
29
38
35
41
49
48
57
61
74
75
66
72
51
45
17
6
-2
-28
-34
-53
-84
-96
-96
-82
-97
-106
-101
-111
-102
-95
-93
-68
-56
-34
-19
-7
1
20
55
46
57
71
77
66
63
70
56
52
37
22
15
7
0
-3
-3
-13
-20
-17
-32
-36
-26
-27
-22
-13
-14
-17
-18
-14
-3
0
0
5
2
-9
3
15
3
-16
-6
-14
-9
-13
-14
-9
-17
-33
-52
-61
-68
-69
-73
-64
-56
-42
-36
-38
-20
-15
-8
-6
-8
-5
-13
-11
-7
-1
-1
3
1
5
9
12
6
6
23
7
5
5
-17
-13
0
-3
3
5
23
48
54
76
103
107
104
116
114
110
93
84
85
69
54
41
43
24
6
1
-23
-20
-26
-40
-28
-42
-52
-39
-41
-29
-17
1
6
26
38
42
61
54
55
54
68
66
62
55
46
37
25
3
15
-11
-17
0
-10
-12
-21
-24
-38
-34
-37
-37
-46
-47
-32
-41
-42
-30
-26
-15
-24
-23
-30
-17
-12
-6
-5
-8
-24
-37
-37
-61
-77
-95
-91
-108
-113
-115
-103
-102
-92
-70
-73
-52
-26
-16
-18
3
13
22
36
48
57
60
44
49
49
58
52
57
48
22
28
20
1
-13
-28
-29
-44
-58
-61
-72
-71
-75
-78
-75
-65
-47
-27
-20
0
21
21
47
76
77
96
121
115
113
113
112
104
73
67
58
43
46
29
34
41
29
25
29
26
27
23
33
36
26
16
26
20
23
18
11
20
7
18
10
-1
0
2
-9
-9
-21
-35
-38
-40
-32
-28
-19
-13
-10
-11
-23
-28
-24
-36
-30
-25
-30
-23
-29
-14
-11
-16
10
17
28
27
31
36
28
18
5
-9
-11
-21
-33
-29
-27
-39
-30
-37
-72
-63
-60
-54
-53
-34
-35
-38
-30
-31
-28
-36
-46
-48
-40
-18
-19
-17
10
19
16
19
9
22
26
8
-2
14
9
-12
-23
-22
-34
-17
-7
3
25
23
25
19
24
37
52
52
54
74
68
69
68
55
61
66
64
45
50
57
53
52
47
34
11
18
12
7
15
11
13
0
-10
-9
-13
-31
-36
-42
-48
-45
-48
-42
-56
-55
-46
-52
-45
-41
-42
-45
-57
-64
-70
-77
-96
-82
-63
-53
-38
-44
-18
-2
-9
-10
0
6
9
10
17
34
41
56
76
74
88
101
118
124
115
109
85
74
49
22
-13
-21
-30
-48
-51
-44
-44
-62
-73
-80
-60
-62
-61
-58
-51
-50
-55
-48
-52
-33
-30
-36
-33
-27
-35
-36
-30
-39
-21
-31
-29
-36
-49
-54
-62
-47
-57
-44
-26
-19
-8
-10
1
14
27
37
61
87
87
106
106
109
108
98
93
95
95
94
100
87
86
97
96
78
78
67
53
52
50
41
42
31
20
23
28
35
35
47
43
62
41
34
51
38
25
8
-6
-20
-31
-52
-50
-70
-83
-79
-94
-98
-94
-100
-89
-102
-99
-99
-90
-67
-48
-36
-11
-2
-5
-3
0
4
-2
8
7
20
4
12
13
3
4
-8
-6
-7
-11
-14
-10
-9
-13
-18
-17
-29
-40
-32
-40
-40
-30
-29
-15
-29
-24
-11
-40
-30
-19
-19
-26
-32
-34
-34
-39
-34
-40
-43
-36
-53
-34
-17
-3
9
-2
-2
1
-3
0
9
11
14
39
50
44
54
68
68
54
64
66
64
56
42
31
23
3
-8
-24
-37
-20
-27
-27
-25
-37
-30
-40
-31
-35
-36
-35
-19
-20
-19
11
-1
7
18
20
23
32
45
65
53
63
62
67
56
56
77
74
66
60
50
34
26
20
43
40
38
32
37
38
23
27
24
31
25
24
23
20
22
30
38
24
18
23
21
25
16
19
0
-8
-17
-34
-28
-33
-39
-45
-57
-72
-65
-69
-47
-51
-59
-56
-49
-36
-43
-43
-35
-32
-49
-54
-47
-34
-34
-44
-42
-54
-55
-52
-53
-54
-45
-49
-49
-42
-47
-45
-48
-40
-39
-36
-31
-18
1
25
36
30
53
72
87
106
113
109
100
92
91
78
80
66
49
37
29
8
-22
-30
-25
-31
-38
-35
-33
-25
-32
-33
-32
-27
-27
-21
-17
-15
-8
-3
0
-17
-17
-12
-6
-7
-8
-7
-16
-5
-7
-7
-9
-19
-17
-18
-33
-28
-39
-27
-31
-21
-20
-37
-24
-17
-6
-2
-8
-11
-3
-9
-1
15
26
27
38
46
51
65
62
64
65
69
62
57
48
35
31
30
21
24
22
19
27
33
43
43
45
42
26
17
-11
-22
-22
-32
-26
-25
-32
-34
-41
-51
-49
-52
-47
-43
-35
-32
-39
-32
-36
-33
-36
-36
-40
-41
-30
-26
-25
-29
-21
-34
-32
-33
-20
-10
-9
12
24
27
26
25
24
37
30
39
40
36
32
31
44
35
40
45
46
56
60
59
43
42
36
44
42
54
56
37
38
20
15
3
-2
-3
0
2
-3
-10
-23
-25
-27
-15
-22
-33
-28
-19
-9
-8
-5
-5
0
-7
-25
-14
-9
-25
-20
-27
-29
-30
-38
-30
-47
-48
-34
-43
-45
-36
-33
-29
-37
-40
-41
-36
-41
-41
-40
-54
-54
-55
-53
-53
-65
-56
-48
-41
-24
-13
-16
-8
14
16
26
19
18
13
20
29
36
25
13
11
8
-1
-4
-10
6
3
7
18
22
34
21
32
35
42
37
39
36
53
51
66
76
61
77
70
63
72
73
77
92
91
87
80
66
75
76
60
49
44
52
26
27
46
72
77
74
67
59
52
31
27
31
11
-8
-23
-45
-62
-74
-82
-101
-89
-94
-116
-115
-111
-101
-97
-76
-78
-86
-78
-73
-76
-77
-76
-75
-89
-88
-87
-75
-65
-63
-61
-49
-44
-42
-29
-29
-24
-20
-7
6
4
5
7
1
10
17
25
21
16
9
-2
7
13
17
15
28
28
27
27
36
27
24
23
14
29
22
30
30
13
18
26
3
-10
-14
-30
-32
-35
-38
-44
-43
-29
-35
-25
-21
-15
-6
-5
18
2
7
18
7
1
8
13
10
13
17
27
31
37
40
41
39
24
28
24
16
7
15
19
34
56
58
55
61
54
59
54
49
66
60
63
55
58
61
57
51
42
37
14
16
6
8
2
-13
-13
-20
-24
-21
-14
-7
-3
-8
6
13
17
10
13
3
-16
-23
-29
-37
-30
-35
-35
-38
-47
-42
-59
-43
-47
-62
-61
-56
-45
-53
-44
-49
-48
-45
-46
-41
-26
-13
-1
21
15
22
35
39
52
50
42
38
29
5
-7
-9
-13
-14
-12
5
-2
1
20
10
12
20
29
30
27
23
18
11
-11
-22
-11
-16
-13
-5
1
0
3
-3
-15
-7
-18
-19
-16
-27
-48
-53
-57
-69
-85
-88
-95
-95
-87
-80
-76
-72
-57
-56
-50
-46
-38
-41
-39
-30
-13
-7
6
18
22
22
38
47
70
78
64
74
79
72
64
48
45
40
36
43
29
24
27
29
35
30
18
23
31
30
31
36
44
38
28
22
20
28
19
21
52
59
57
78
68
65
59
37
31
21
20
28
29
23
19
19
16
20
18
18
21
14
3
-6
-18
-26
-39
-49
-45
-55
-40
-32
-46
-44
-18
-26
-33
-26
-27
-23
-31
-32
-44
-36
-37
-49
-52
-50
-57
-56
-48
-27
-21
-23
-29
-22
-20
-30
-34
-24
-18
-4
15
20
21
21
33
28
42
51
47
51
32
25
24
16
0
-3
-14
-23
-30
-39
-46
-42
-33
-34
-26
-15
-19
-8
-8
-9
2
-4
-4
-5
-7
3
2
-10
6
5
21
20
10
20
20
11
5
-2
-11
-19
-15
-8
-16
-8
-5
-11
0
8
8
12
16
5
-4
-15
-1
-2
-21
-10
-19
-26
-30
-28
-20
-7
1
3
17
26
24
10
-4
0
-10
-15
-7
-4
1
-1
8
5
21
39
52
60
64
73
73
59
45
47
31
16
14
2
0
7
0
4
1
19
14
13
9
13
17
-2
7
9
0
-17
-13
-11
-4
-7
-12
-5
-13
-6
-11
-25
-20
-11
-18
-10
-19
-28
-49
-60
-58
-66
-54
-56
-50
-31
-23
-24
-10
-10
-4
13
13
33
41
54
61
68
67
77
81
65
59
64
56
49
42
26
24
13
6
2
3
0
0
-6
0
-8
-7
-1
7
4
-15
-4
8
-3
-20
-38
-45
-42
-64
-59
-48
-55
-61
-59
-57
-58
-55
-46
-53
-44
-53
-59
-56
-82
-80
-77
-88
-78
-75
-57
-48
-41
-28
-11
1
-11
-7
-4
0
3
-7
-12
-1
2
11
21
33
53
62
60
55
57
61
62
72
73
72
71
57
56
59
39
35
51
55
53
39
40
29
26
16
14
-1
9
16
10
21
19
23
20
30
22
34
36
39
50
40
36
23
27
16
7
0
3
19
8
5
19
14
-2
2
22
43
42
28
45
38
17
-2
-11
-13
-38
-47
-51
-52
-44
-48
-54
-53
-61
-55
-70
-76
-73
-72
-65
-75
-74
-57
-62
-58
-61
-51
-43
-45
-47
-35
-16
-12
-5
-3
6
-2
-7
-13
-13
-2
1
-1
12
25
18
9
7
15
28
30
31
55
53
55
57
57
64
67
63
55
65
59
60
63
50
33
24
28
17
15
13
12
9
5
8
1
10
5
0
2
-2
-11
-20
-33
-41
-61
-58
-58
-70
-91
-87
-69
-79
-66
-53
-49
-29
-27
-25
-14
-19
-33
-36
-41
-43
-42
-53
-41
-51
-55
-51
-58
-56
-52
-39
-28
-17
-10
7
10
11
15
7
3
14
24
42
44
43
48
54
52
65
84
82
70
74
76
68
63
69
75
69
64
41
35
40
19
24
17
18
34
35
25
35
42
46
54
47
42
36
30
21
26
13
12
-4
-20
-25
-36
-28
-17
-27
-18
-13
-15
-5
-1
-2
7
14
18
21
13
3
-8
-13
-22
-29
-48
-48
-58
-63
-51
-66
-69
-76
-72
-55
-50
-49
-62
-48
-39
-40
-37
-28
-13
-23
-28
-31
-28
-28
-37
-31
-15
-15
-5
-1
-12
-8
-15
0
18
22
28
26
33
38
46
48
47
42
33
27
13
7
-4
-9
-10
-14
-23
-22
-30
-34
-32
-34
-30
-24
-30
-34
-17
-8
-4
3
2
4
-3
-11
-18
-9
-3
-15
-15
-11
-5
1
-5
6
24
33
33
36
49
73
87
98
103
101
102
92
95
83
81
71
59
44
35
33
23
25
29
37
26
15
14
21
13
10
1
1
2
-3
2
-1
9
4
0
-3
-10
-11
-19
-28
-32
-37
-55
-56
-59
-57
-51
-58
-65
-69
-59
-50
-63
-60
-48
-61
-56
-53
-38
-45
-53
-51
-55
-47
-49
-42
-38
-30
-37
-26
-20
-17
-11
-14
-12
-12
2
5
16
19
21
17
8
19
30
30
36
37
38
37
33
23
24
15
13
28
47
41
40
52
54
62
63
69
60
65
72
61
50
47
40
17
-1
-5
-5
-13
-14
-14
-23
-17
-16
-23
-30
-23
-29
-24
-12
-30
-32
-14
-26
-27
-29
-30
-35
-47
-46
-54
-53
-54
-67
-68
-71
-71
-60
-53
-36
-31
-25
-12
-17
-9
-2
-2
4
6
15
16
17
9
3
9
7
6
11
29
28
39
52
62
69
60
65
62
63
63
50
52
44
40
30
30
28
23
16
13
16
14
31
17
19
19
15
6
7
4
8
14
15
1
-4
-5
-11
-5
0
1
4
-5
-12
-6
-13
-13
-18
-22
-32
-32
-27
-32
-32
-27
-33
-29
-29
-30
-21
-10
-11
-4
-5
-12
-19
-9
0
-3
6
8
12
13
5
0
-12
-23
-23
-23
-30
-30
-28
-29
-28
-22
-23
-32
-22
-18
-19
-21
-17
-30
-16
-15
-7
-4
-9
2
-1
8
9
13
19
17
12
10
19
9
14
15
8
4
10
9
6
-1
-1
-5
0
4
-6
-4
0
2
-1
-1
-10
-15
-14
-4
-21
-24
-19
-12
-18
-22
-17
-19
-14
-8
6
-4
9
14
6
-5
6
14
17
21
27
41
42
39
33
46
55
61
65
75
73
70
64
55
50
40
32
28
26
11
12
9
4
6
6
5
-4
2
-1
-4
-6
-15
-11
-6
4
0
-6
-2
1
1
8
-7
-6
-21
-26
-28
-29
-23
-29
-35
-42
-35
-37
-37
-39
-37
-25
-19
-19
-25
-20
-19
-21
-29
-26
-36
-44
-36
-42
-31
-15
-9
-4
2
4
-4
1
-5
-4
2
10
17
12
19
22
16
16
17
17
27
31
37
47
47
54
54
51
55
46
38
31
11
10
-7
-21
-26
-23
-19
-9
-9
0
-2
-6
-6
-12
-7
