SAMPLES:	18364
BITSPERSAMPLE:	16
CHANNELS:	1
SAMPLERATE:	16000
NORMALIZED:	FALSE
-3
-1
3
1
11
20
21
29
28
25
33
38
35
34
28
42
40
35
34
30
31
29
33
42
43
50
49
53
45
53
55
37
33
33
27
14
4
-2
-6
-22
-28
-39
-47
-49
-53
-57
-52
-52
-37
-33
-25
-27
-35
-32
-34
-31
-36
-39
-33
-23
-19
-19
-21
-4
-2
1
13
16
15
22
14
-6
-16
-15
-22
-33
-31
-24
-17
-16
-29
-28
-27
-37
-43
-53
-62
-64
-68
-69
-61
-63
-75
-66
-70
-80
-72
-66
-50
-41
-35
-31
-27
-36
-28
-24
-12
4
14
23
27
34
37
37
53
66
65
74
86
91
93
105
101
110
126
124
139
140
133
139
121
119
118
105
105
97
89
82
70
65
47
27
10
11
2
-11
-10
-11
-15
-18
-29
-38
-38
-56
-71
-62
-64
-60
-48
-42
-36
-36
-41
-44
-36
-59
-62
-59
-50
-40
-35
-20
-32
-37
-20
-7
5
7
0
2
-5
-1
-9
-12
-6
-8
-9
-20
-22
-24
-24
-26
-30
-21
-7
-8
-9
-10
-11
-24
-22
-18
-28
-34
-30
-29
-34
-39
-51
-58
-65
-64
-64
-71
-55
-55
-51
-41
-45
-40
-35
-29
-20
-7
-3
20
35
44
50
42
39
27
26
16
19
23
23
29
32
27
24
26
24
31
36
51
55
61
59
61
46
33
23
17
16
13
8
8
12
2
8
7
14
9
9
7
17
15
14
29
31
39
28
33
31
27
39
23
15
15
15
7
2
0
-3
0
-6
-16
-18
-34
-38
-33
-31
-15
-19
-10
-8
10
17
20
32
23
9
4
-2
-7
-10
-11
-9
-10
-6
-16
-23
-23
-21
-18
-23
-26
-15
-3
-13
-17
-21
-24
-17
-31
-44
-49
-42
-37
-41
-32
-33
-36
-23
-20
-19
-4
-2
10
17
20
32
32
35
43
51
54
48
50
57
50
36
35
29
28
28
39
27
32
20
13
13
-6
-19
-39
-33
-52
-55
-57
-57
-54
-53
-61
-64
-49
-60
-64
-51
-45
-39
-29
-22
-17
-29
-35
-37
-43
-41
-31
-28
-9
-6
-10
-7
8
4
2
7
6
16
18
22
27
34
42
63
67
66
72
80
89
91
94
97
98
98
101
91
86
81
83
83
64
58
50
39
28
9
12
-2
-23
-24
-34
-28
-25
-27
-22
-24
-32
-25
-22
-20
-18
-30
-29
-26
-21
-12
-18
-12
-21
-26
-22
-19
-19
-28
-19
-15
-33
-38
-23
-22
-14
-23
-33
-26
-29
-24
-20
-5
-8
-2
-1
-18
-31
-31
-29
-26
-32
-41
-39
-41
-48
-52
-51
-45
-41
-43
-55
-57
-62
-70
-67
-79
-75
-71
-73
-80
-68
-63
-56
-48
-30
-18
-9
19
28
38
50
42
50
51
49
61
51
41
42
35
33
33
37
49
53
43
50
40
51
60
59
67
59
62
47
48
49
52
61
56
55
57
44
33
23
12
4
3
3
2
3
21
27
17
19
3
10
-8
-14
-17
-27
-32
-54
-44
-57
-60
-59
-49
-47
-42
-35
-33
-25
-11
1
10
19
30
33
34
33
30
36
27
32
43
46
48
50
57
64
62
64
65
67
65
62
59
61
50
38
42
38
24
12
9
-2
-4
-9
-10
-17
-17
-29
-31
-34
-35
-36
-44
-44
-54
-61
-79
-85
-91
-103
-109
-105
-101
-87
-81
-88
-90
-90
-88
-82
-77
-71
-59
-63
-65
-55
-53
-53
-42
-41
-45
-30
-9
-1
-9
-11
0
13
12
27
33
33
32
43
41
28
39
30
28
22
29
14
5
6
0
9
13
11
13
17
8
11
14
20
32
45
49
48
53
47
43
37
18
11
4
7
1
3
14
5
11
-5
-6
-26
-28
-19
-7
3
0
9
5
-8
1
11
14
15
19
17
28
31
35
38
55
61
68
74
75
79
75
79
56
72
65
62
73
67
67
59
56
74
93
87
94
88
62
43
38
16
27
21
2
9
-3
-15
-32
-33
-44
-53
-63
-74
-70
-86
-91
-103
-106
-107
-102
-105
-119
-118
-124
-110
-77
-77
-66
-54
-64
-55
-53
-73
-65
-62
-58
-46
-52
-48
-40
-36
-45
-36
-32
-28
-28
-26
-13
6
16
20
13
11
16
8
18
22
9
-1
2
0
-14
-9
-9
-2
5
27
29
24
30
14
20
34
35
43
62
74
70
56
53
49
47
48
66
63
66
73
88
79
85
76
61
83
57
32
33
45
51
50
55
45
22
10
-5
-13
-20
-23
-25
-37
-45
-59
-63
-61
-64
-52
-60
-72
-71
-80
-105
-100
-91
-95
-97
-83
-82
-87
-85
-93
-91
-92
-90
-82
-79
-79
-55
-47
-30
-18
-19
-15
-25
-20
-14
-5
1
13
27
37
59
85
91
100
120
125
123
135
139
121
113
123
139
138
140
130
89
78
80
74
66
66
54
42
40
24
30
22
19
16
-14
-24
-20
-44
-61
-68
-79
-84
-63
-61
-64
-66
-66
-51
-48
-44
-48
-29
-53
-62
-39
-46
-47
-34
-24
-21
-5
0
4
23
21
15
17
17
22
35
25
10
10
-1
4
2
-12
-13
2
-3
4
-9
-21
-17
-35
-48
-62
-75
-85
-67
-62
-58
-36
-38
-37
-26
-18
-9
-1
-9
-7
-9
-28
-14
-5
-8
-1
8
21
27
14
10
8
-13
-11
1
-6
-16
-5
8
24
37
44
54
70
64
52
37
36
47
31
24
15
7
2
3
17
26
24
0
9
8
-1
-1
23
29
29
37
16
11
23
19
-1
7
4
-6
-3
14
12
-4
1
-3
-11
-18
-23
-33
-48
-41
-28
-12
-9
1
3
7
17
26
33
50
41
38
34
21
23
15
12
34
56
53
41
58
44
34
22
11
13
7
-11
-12
-1
-19
-4
-4
-1
-7
-30
-53
-46
-47
-60
-51
-48
-54
-44
-40
-34
-19
-21
-15
-10
-24
-46
-47
-66
-81
-71
-81
-82
-75
-63
-42
-40
-34
-26
-32
-30
-2
8
2
15
20
34
39
44
46
45
49
49
49
55
57
58
43
43
52
46
42
32
36
50
46
44
34
38
42
34
25
16
22
20
10
6
-13
-18
-23
-32
-39
-27
-20
-30
-34
-46
-46
-40
-37
-55
-60
-67
-66
-68
-71
-71
-65
-72
-72
-58
-66
-57
-59
-55
-45
-39
-43
-38
-17
-5
17
20
30
45
33
38
42
37
22
22
9
4
26
31
38
65
73
62
75
73
71
67
74
68
50
42
46
41
34
49
55
59
59
50
38
21
18
30
50
70
78
90
80
56
59
72
60
47
34
22
18
8
6
9
10
-8
-17
-16
-15
-18
-22
-17
-16
-14
-23
-23
-37
-53
-68
-79
-69
-71
-73
-93
-100
-83
-84
-71
-82
-90
-67
-77
-76
-95
-101
-79
-76
-65
-52
-52
-55
-57
-67
-69
-76
-92
-92
-59
-46
-38
-27
-28
-19
-19
-32
-16
-6
-3
-8
-15
-11
-4
1
7
11
10
29
31
40
57
67
74
78
87
74
68
58
64
80
57
54
60
60
60
59
57
63
50
32
13
19
21
15
18
33
48
43
49
51
55
51
38
48
35
14
12
16
13
20
23
15
27
31
23
19
25
33
42
34
26
33
28
14
10
-2
7
26
31
18
31
37
34
29
29
16
2
-7
-11
-6
-16
-19
-40
-46
-52
-63
-58
-74
-80
-71
-72
-79
-55
-51
-56
-49
-48
-44
-46
-36
-49
-53
-63
-56
-59
-64
-51
-36
-43
-32
-19
-19
-7
-10
-23
-22
-30
-45
-42
-31
-31
-22
-18
-8
-14
-17
7
7
7
18
45
55
58
60
47
54
50
30
26
20
19
5
7
20
23
15
-2
1
12
2
1
-3
-11
-17
-10
-17
-20
-20
-28
-39
-36
-49
-41
-37
-42
-19
-17
-9
5
14
19
25
35
29
37
49
44
44
44
27
30
26
24
30
38
41
30
31
25
26
30
38
43
24
23
21
10
8
0
4
-10
-14
-18
-22
-11
0
5
2
-8
9
24
25
52
36
28
28
23
20
21
17
14
28
17
15
12
6
12
33
26
13
5
-2
7
-7
-9
-8
10
20
27
21
11
12
20
21
23
25
14
4
11
7
3
-1
-20
-19
-26
-31
-32
-46
-55
-68
-82
-99
-92
-87
-96
-89
-79
-73
-73
-84
-85
-71
-76
-69
-62
-54
-49
-38
-41
-36
-34
-53
-54
-49
-50
-59
-68
-53
-51
-53
-46
-41
-26
-20
-25
-29
-20
-8
-1
14
34
57
64
66
67
67
74
68
65
59
60
59
58
52
47
63
49
65
68
61
62
66
55
56
67
48
46
22
11
15
30
15
12
28
38
47
57
66
71
77
81
89
89
76
82
72
55
69
67
65
58
53
35
21
8
10
12
3
-6
0
7
5
-1
-14
-29
-36
-50
-52
-44
-49
-57
-70
-62
-71
-71
-82
-89
-76
-61
-60
-67
-72
-82
-79
-94
-96
-84
-85
-85
-65
-54
-53
-31
-38
-37
-20
-31
-38
-46
-30
-20
-20
-1
12
16
9
13
4
-11
-14
-16
-22
-11
20
23
20
25
18
13
23
23
28
33
27
31
27
31
29
27
34
28
26
29
21
27
31
13
20
23
18
11
4
4
12
3
-13
-26
-44
-49
-45
-23
-17
-11
-13
-11
-10
-19
-6
18
15
18
17
9
25
27
27
27
29
33
32
28
25
23
36
40
37
43
42
34
22
14
18
12
17
22
24
35
29
34
25
31
43
28
19
20
5
0
1
2
3
-2
-6
-21
-15
-11
-14
-15
-23
-32
-33
-47
-40
-54
-70
-66
-80
-54
-60
-71
-68
-69
-61
-66
-48
-32
-15
-7
1
5
6
9
3
6
9
19
29
40
44
41
18
21
24
18
29
35
44
50
52
49
47
49
37
25
35
22
24
20
16
9
-2
-7
-20
-16
-11
-3
-12
-4
4
-9
-12
-27
-28
-18
-25
-17
-13
-17
-16
-12
-10
-17
-7
-14
-19
-32
-56
-66
-60
-41
-13
-8
-3
3
5
-7
-33
-26
-25
-25
-17
-16
-2
9
11
24
11
-1
13
2
-9
-7
-8
0
-15
-17
-9
-19
-27
-28
-25
-18
6
8
0
13
11
4
5
18
17
4
3
-4
-11
-11
-9
-6
-15
-11
0
-8
3
0
0
16
26
27
27
42
35
35
49
60
72
71
80
81
86
77
68
75
60
54
46
38
32
29
19
18
19
10
4
0
-6
-2
-3
-23
-26
-30
-27
-25
-36
-30
-24
-26
-26
-25
-21
-26
-26
-27
-24
-24
-16
-26
-48
-41
-37
-20
-18
-18
-10
-5
-5
-7
-8
-5
-3
-7
-17
-28
-11
-12
-10
1
-3
12
20
18
18
29
37
25
25
22
17
8
-3
-14
-15
-24
-35
-32
-40
-34
-28
-26
-22
-8
-3
-10
-7
-11
-14
-19
-11
-6
-9
-7
-21
-15
-22
-33
-40
-41
-36
-28
-3
-9
-15
-8
-6
-12
-23
-30
-41
-42
-30
-21
-21
-8
0
3
9
3
22
32
39
47
52
46
36
36
25
20
3
5
7
3
2
-4
1
-2
8
-5
-9
-9
-9
-8
1
1
-7
14
25
33
53
75
77
70
72
74
73
72
79
78
76
72
51
42
36
34
24
23
38
32
25
21
14
0
1
-8
-23
-23
-23
-25
-27
-22
-23
-26
-29
-32
-40
-54
-49
-51
-48
-53
-58
-48
-40
-33
-23
-22
-28
-41
-57
-64
-65
-60
-56
-51
-40
-33
-39
-33
-24
-17
-11
-6
-3
-8
-18
-19
-7
-4
5
10
11
18
18
32
33
37
35
26
29
31
36
41
41
45
49
50
49
44
47
45
44
41
39
31
23
16
1
6
11
12
15
17
5
-4
-4
-19
-31
-37
-34
-36
-34
-32
-32
-27
-29
-31
-46
-42
-34
-39
-37
-41
-40
-43
-47
-35
-23
-24
-21
-15
-26
-30
-29
-39
-45
-43
-44
-40
-34
-38
-28
-27
-27
-29
-23
-19
-13
-10
3
8
5
11
22
24
26
40
41
42
47
57
54
57
57
49
51
42
38
29
33
29
21
31
28
38
37
31
23
24
32
41
46
45
49
37
42
42
50
43
34
43
34
38
29
32
29
26
25
19
15
13
18
7
2
1
-4
-6
-9
-14
-21
-20
-28
-26
-30
-36
-35
-27
-28
-21
-7
-9
-9
-7
-11
-12
-14
-16
-15
-11
-18
-22
-22
-30
-34
-38
-40
-41
-31
-33
-37
-30
-44
-41
-41
-43
-39
-40
-42
-47
-42
-48
-42
-40
-42
-27
-28
-33
-37
-43
-41
-36
-42
-33
-30
-25
-23
-20
-11
-12
-14
-16
-14
-11
-7
5
12
13
12
18
32
36
33
32
37
47
62
60
72
70
69
72
66
58
48
41
33
31
25
27
29
33
21
10
16
16
20
22
18
16
23
31
30
26
36
37
25
20
23
26
15
11
8
0
1
0
1
5
-4
-3
-17
-26
-28
-26
-26
-36
-25
-24
-35
-36
-34
-33
-29
-28
-27
-28
-30
-15
-15
-10
-7
-10
-5
-14
-24
-21
-11
-9
-6
-3
8
11
5
-1
-1
4
2
-1
-1
1
-6
-3
-9
-3
0
-1
6
9
16
17
12
12
10
6
8
5
7
9
14
17
16
9
3
3
4
-4
-7
-7
-14
-19
-15
-8
-8
-13
-2
8
7
10
9
9
7
14
13
16
11
3
-1
-7
-2
7
5
-6
-2
-3
-8
-8
-11
-10
-19
-9
-6
-8
-1
6
10
0
-5
-1
0
-2
4
3
-1
-3
-5
-10
-16
-13
-17
-22
-25
-31
-33
-30
-26
-26
-24
-23
-23
-20
-16
-20
-29
-27
-25
-20
-22
-22
-19
-16
-10
-13
-10
-6
9
22
30
33
35
38
38
38
28
34
39
39
36
43
45
39
42
28
21
23
26
21
32
29
24
29
28
22
24
31
33
33
26
20
15
13
4
0
-7
-10
-13
-17
-15
-20
-24
-32
-22
-23
-26
-17
-14
-10
-17
-20
-19
-13
-15
-18
-19
-28
-32
-31
-34
-33
-29
-28
-21
-24
-28
-27
-34
-35
-29
-26
-16
-14
-5
13
26
29
31
38
37
35
32
33
38
45
40
35
35
28
22
24
15
4
-4
-12
-15
-17
-21
-23
-24
-24
-26
-24
-21
-18
-13
-9
-9
-1
5
3
1
1
1
-7
-5
-11
-7
2
-1
-1
8
11
5
6
5
0
-3
-4
-8
1
-4
-7
-7
-9
-9
-18
-18
-18
-19
-23
-26
-24
-27
-24
-18
-14
-5
-6
-9
-5
1
6
11
11
16
23
27
22
18
20
15
13
17
21
21
14
19
22
22
20
24
26
22
25
22
20
18
15
12
18
14
17
17
11
10
4
0
-11
-14
-19
-18
-21
-24
-27
-22
-14
-16
-7
-5
-6
-9
-9
-11
-12
-13
-14
-9
-8
-11
-13
-5
-3
12
7
9
13
8
8
3
4
9
14
15
9
7
8
2
6
7
12
11
10
15
13
10
15
15
13
20
12
11
9
6
7
12
8
11
10
9
2
-4
-3
-9
-13
-21
-21
-16
-12
-14
-17
-20
-27
-30
-29
-30
-26
-24
-23
-23
-24
-27
-27
-29
-26
-24
-21
-26
-20
-12
-11
-7
-8
-5
2
5
1
3
-2
-3
-4
-4
-2
3
2
6
7
9
2
2
5
5
6
1
1
3
4
-3
2
3
7
14
14
14
13
12
5
6
8
5
3
4
10
5
10
6
9
11
10
15
17
19
22
21
22
20
24
17
14
10
12
8
2
7
-1
0
-1
11
15
18
26
22
16
17
13
8
6
3
3
4
1
-1
-6
-15
-23
-24
-25
-22
-22
-20
-20
-19
-13
-12
-8
-2
-2
3
0
-4
-4
-1
-4
-8
-4
-5
-5
-12
-11
-10
-8
-9
-10
-7
-13
-11
-8
-2
1
2
3
6
11
13
16
13
14
11
2
5
1
-3
-5
-9
-17
-22
-20
-20
-21
-13
-7
0
2
8
8
2
1
-3
-3
-4
-11
-10
-15
-17
-20
-20
-24
-19
-12
-12
-8
-7
-5
-1
1
5
7
13
17
15
19
17
17
20
21
19
16
19
15
14
19
18
16
12
17
17
15
11
12
5
0
3
-2
-6
-5
-7
-7
-3
0
3
3
4
9
15
11
10
9
10
9
14
12
10
11
12
18
18
17
18
16
9
7
10
9
2
-4
-3
-4
-11
-13
-6
-8
-13
-14
-13
-13
-19
-17
-15
-19
-20
-22
-23
-26
-26
-20
-22
-25
-26
-22
-22
-21
-13
-10
-17
-18
-15
-20
-26
-30
-32
-34
-40
-41
-39
-38
-26
-15
-10
-8
-5
2
1
5
11
14
18
19
19
18
15
20
14
13
17
18
21
15
14
20
16
12
15
21
26
28
32
34
35
30
31
26
34
29
29
32
32
36
32
40
41
42
44
43
36
25
18
10
6
1
-3
-5
-1
-4
-4
-10
-14
-17
-22
-25
-31
-33
-37
-40
-39
-38
-43
-38
-34
-31
-25
-19
-20
-16
-9
-2
-1
-1
0
-2
5
3
2
2
1
-3
-6
-6
-2
1
0
3
8
15
11
9
10
13
10
9
10
12
9
2
-4
-12
-14
-22
-28
-21
-26
-19
-14
-14
-11
-11
-8
-16
-16
-12
-11
-18
-15
-15
-20
-17
-14
-14
-20
-22
-20
-17
-17
-5
-1
-13
-15
-9
-9
-6
7
20
21
37
57
71
83
87
75
60
54
43
27
3
-27
-48
-77
-114
-143
-171
-192
-206
-206
-204
-201
-187
-160
-128
-87
-43
-1
41
73
98
124
144
169
187
191
195
199
199
200
198
192
196
193
189
190
185
179
175
164
141
125
107
83
53
30
9
-13
-37
-57
-85
-110
-122
-128
-135
-144
-138
-139
-131
-115
-109
-100
-88
-79
-70
-63
-62
-64
-63
-60
-54
-43
-33
-26
-16
-5
6
16
26
29
39
41
39
36
27
23
13
-5
-24
-41
-50
-50
-54
-55
-60
-61
-47
-43
-42
-42
-45
-40
-39
-37
-40
-48
-55
-47
-37
-31
-26
-24
-12
-2
2
0
-1
-10
-11
-10
1
7
16
27
28
56
90
125
146
171
197
236
271
280
264
237
192
140
69
-21
-137
-258
-359
-471
-558
-630
-700
-747
-749
-726
-674
-606
-529
-429
-328
-207
-76
53
166
271
393
479
543
604
656
690
728
767
776
792
821
829
830
835
829
797
777
741
674
615
521
428
321
182
60
-68
-207
-336
-462
-569
-661
-731
-777
-805
-811
-805
-771
-716
-653
-600
-547
-498
-458
-402
-344
-298
-264
-202
-137
-74
-5
36
108
157
198
231
269
292
307
339
325
302
278
241
186
124
60
-14
-95
-155
-197
-228
-234
-242
-225
-208
-161
-96
-24
63
144
241
312
397
443
437
404
334
252
158
47
-112
-320
-484
-627
-796
-923
-1036
-1142
-1192
-1172
-1114
-1041
-952
-805
-659
-486
-281
-112
46
196
357
464
552
634
695
743
793
834
860
887
922
959
976
998
1035
1028
1017
1023
972
892
809
698
591
465
352
241
101
-5
-108
-194
-270
-329
-384
-397
-394
-385
-389
-392
-384
-367
-335
-305
-297
-296
-237
-188
-151
-116
-68
-9
40
103
169
236
320
393
442
458
482
530
512
464
373
209
45
-152
-359
-580
-847
-1101
-1356
-1603
-1808
-1968
-2109
-2228
-2252
-2190
-2084
-1920
-1698
-1453
-1184
-911
-594
-277
6
287
554
816
1043
1249
1428
1567
1725
1863
1930
1980
2031
2045
2045
2025
1982
1897
1798
1704
1554
1374
1168
956
759
555
355
174
-28
-168
-280
-397
-494
-559
-550
-505
-435
-357
-283
-173
-85
-8
53
1
-93
-223
-348
-460
-641
-887
-1141
-1361
-1561
-1737
-1874
-1980
-2067
-2052
-1924
-1757
-1595
-1397
-1155
-902
-620
-324
-70
105
276
447
591
669
708
750
777
822
886
910
936
982
1053
1090
1081
1092
1063
1046
1045
997
884
772
676
553
432
290
145
20
-34
-43
-73
-96
-71
-2
83
189
273
381
478
578
647
674
701
714
662
533
379
148
-105
-319
-572
-914
-1261
-1559
-1841
-2053
-2191
-2355
-2510
-2556
-2462
-2293
-2139
-1958
-1740
-1450
-1106
-762
-444
-197
59
378
679
903
1103
1288
1455
1634
1811
1903
1964
2071
2153
2211
2217
2175
2089
2022
1969
1845
1670
1490
1284
1057
835
602
341
128
-66
-236
-332
-415
-426
-371
-294
-217
-147
-33
94
145
103
10
-137
-351
-525
-754
-1114
-1543
-1885
-2180
-2501
-2709
-2859
-3024
-3074
-2939
-2703
-2507
-2291
-2013
-1680
-1270
-832
-430
-143
173
510
833
1082
1265
1434
1548
1694
1849
1896
1920
2010
2100
2128
2149
2115
2057
2010
1957
1823
1639
1454
1220
990
753
479
209
-22
-219
-345
-443
-487
-475
-372
-246
-96
62
200
351
502
557
466
320
140
-65
-274
-567
-973
-1389
-1718
-2037
-2362
-2633
-2859
-3020
-3043
-2955
-2821
-2621
-2381
-2064
-1701
-1313
-910
-518
-185
129
448
704
912
1063
1236
1384
1547
1710
1798
1898
2010
2076
2117
2142
2117
2083
2064
1995
1865
1717
1528
1329
1105
886
672
520
392
296
235
189
221
301
392
489
610
706
811
858
809
662
452
185
-139
-482
-931
-1440
-1906
-2329
-2694
-3003
-3245
-3426
-3534
-3476
-3290
-3019
-2738
-2387
-1996
-1578
-1156
-725
-347
-65
211
488
710
879
1032
1170
1287
1392
1509
1630
1773
1914
2025
2124
2200
2230
2197
2108
2028
1853
1618
1402
1114
860
607
348
122
-15
-49
-61
37
175
292
450
644
811
982
1134
1141
1059
887
636
316
-41
-511
-1072
-1602
-2117
-2567
-2974
-3298
-3552
-3701
-3674
-3548
-3278
-3012
-2675
-2267
-1854
-1446
-1019
-625
-306
-14
261
501
643
800
958
1105
1274
1444
1620
1798
2008
2188
2327
2476
2543
2563
2521
2415
2236
1968
1677
1383
1095
773
430
156
-11
-113
-110
-40
16
175
403
648
875
1086
1202
1194
1130
920
576
209
-220
-770
-1397
-1973
-2514
-2990
-3385
-3672
-3870
-3961
-3877
-3617
-3227
-2855
-2431
-1955
-1440
-983
-510
-106
198
482
728
931
1095
1224
1345
1444
1566
1685
1802
1987
2151
2307
2465
2544
2583
2578
2533
2377
2177
1912
1561
1247
924
573
231
20
-136
-236
-204
-111
-1
190
439
676
915
1128
1209
1119
1006
748
357
-58
-573
-1163
-1774
-2342
-2884
-3337
-3680
-3925
-4056
-4049
-3909
-3600
-3215
-2851
-2378
-1870
-1398
-904
-460
-88
207
474
699
823
931
1028
1121
1224
1338
1424
1533
1723
1922
2110
2270
2380
2439
2464
2422
2311
2125
1837
1575
1313
985
701
499
341
245
290
402
471
654
887
1063
1264
1445
1463
1370
1206
889
456
22
-548
-1239
-1869
-2443
-3016
-3480
-3845
-4103
-4224
-4188
-3958
-3610
-3207
-2794
-2273
-1700
-1148
-592
-111
264
568
835
991
1037
1103
1102
1102
1157
1226
1261
1340
1484
1621
1802
1951
2048
2113
2169
2135
2020
1841
1627
1367
1071
779
484
322
171
105
144
216
320
515
776
989
1236
1402
1386
1305
1145
843
462
18
-586
-1224
-1793
-2357
-2865
-3269
-3546
-3757
-3792
-3647
-3357
-2987
-2549
-2056
-1513
-970
-442
61
494
816
1067
1272
1345
1369
1363
1319
1265
1222
1175
1132
1184
1254
1311
1410
1501
1550
1586
1552
1434
1264
1097
885
625
351
91
-88
-228
-268
-210
-111
31
235
500
740
1018
1221
1319
1301
1160
934
590
193
-347
-1016
-1662
-2261
-2814
-3310
-3662
-3954
-4076
-4018
-3803
-3477
-3074
-2597
-2043
-1421
-839
-252
261
704
1062
1369
1597
1736
1851
1917
1967
1988
2026
2062
2104
2178
2242
2298
2320
2304
2220
2146
1991
1782
1545
1248
937
601
281
5
-181
-307
-344
-326
-225
-92
78
277
484
672
763
740
604
389
25
-362
-852
-1474
-2092
-2663
-3192
-3658
-4019
-4280
-4423
-4396
-4151
-3796
-3311
-2767
-2114
-1393
-711
-14
581
1132
1583
1987
2278
2435
2578
2661
2712
2731
2717
2693
2670
2685
2675
2676
2612
2539
2414
2252
2067
1798
1513
1185
856
543
220
-39
-272
-419
-441
-435
-408
-280
-125
58
294
481
547
506
398
173
-130
-529
-1021
-1622
-2183
-2731
-3248
-3690
-4079
-4337
-4464
-4464
-4264
-3920
-3524
-3022
-2465
-1831
-1194
-521
86
606
1055
1461
1802
2019
2188
2326
2403
2450
2496
2512
2524
2547
2582
2601
2592
2518
2414
2298
2165
1929
1666
1441
1186
927
667
454
281
147
100
132
168
231
317
431
593
665
605
463
257
-14
-315
-672
-1195
-1749
-2276
-2788
-3198
-3589
-3895
-4121
-4184
-4108
-3895
-3595
-3237
-2789
-2270
-1675
-1117
-543
-30
451
883
1227
1530
1739
1937
2058
2169
2273
2352
2421
2475
2514
2527
2541
2512
2440
2356
2240
2075
1866
1667
1484
1250
1030
865
751
689
652
654
659
697
693
720
781
746
651
453
156
-210
-607
-1048
-1526
-2104
-2619
-3088
-3508
-3804
-4071
-4234
-4288
-4196
-3957
-3626
-3199
-2730
-2220
-1657
-1062
-471
90
555
945
1340
1672
1972
2166
2315
2458
2582
2633
2686
2714
2710
2712
2684
2571
2440
2289
2042
1833
1572
1296
1054
850
664
474
376
292
261
314
393
482
577
620
635
663
545
293
-38
-428
-851
-1295
-1788
-2343
-2819
-3292
-3663
-3935
-4104
-4199
-4197
-4032
-3755
-3332
-2906
-2394
-1883
-1293
-717
-167
359
794
1212
1540
1898
2142
2365
2561
2677
2814
2877
2915
2888
2878
2789
2687
2528
2289
2051
1816
1597
1270
988
680
425
264
165
108
120
175
295
487
639
751
840
915
904
790
540
129
-321
-803
-1368
-1989
-2644
-3253
-3756
-4154
-4417
-4616
-4684
-4589
-4336
-3973
-3503
-2997
-2439
-1830
-1211
-608
-39
493
929
1343
1698
2010
2261
2485
2723
2928
3098
3219
3312
3402
3460
3448
3358
3230
3029
2742
2412
2069
1663
1292
917
553
275
60
-69
-117
-33
94
266
487
717
865
1015
1098
967
729
343
-154
-723
-1328
-2053
-2803
-3477
-4093
-4571
-4955
-5159
-5247
-5128
-4864
-4464
-3929
-3347
-2684
-1998
-1280
-639
-13
554
996
1410
1736
2028
2238
2458
2635
2790
3000
3142
3289
3427
3505
3510
3502
3386
3208
2952
2583
2197
1774
1316
857
451
60
-242
-390
-436
-390
-230
10
255
569
847
1080
1195
1156
988
636
209
-367
-979
-1688
-2463
-3204
-3895
-4463
-4920
-5201
-5363
-5310
-5082
-4692
-4155
-3568
-2909
-2231
-1460
-781
-143
463
966
1398
1767
2113
2339
2581
2753
2934
3148
3318
3518
3622
3766
3836
3846
3793
3626
3407
3055
2673
2205
1705
1211
709
259
-141
-395
-534
-543
-489
-337
-133
107
366
594
775
727
591
296
-124
-591
-1173
-1855
-2625
-3311
-3932
-4445
-4841
-5119
-5263
-5256
-5006
-4595
-4114
-3499
-2809
-2073
-1333
-625
29
612
1126
1541
1899
2214
2478
2692
2880
3081
3262
3409
3556
3686
3788
3851
3804
3690
3542
3277
2960
2559
2061
1554
1043
544
76
-331
-616
-797
-841
-802
-697
-528
-351
-89
182
304
280
180
-71
-449
-857
-1374
-2042
-2734
-3364
-3964
-4446
-4788
-5047
-5162
-5060
-4794
-4369
-3803
-3174
-2492
-1762
-1040
-337
308
876
1382
1807
2170
2463
2709
2928
3126
3289
3476
3620
3751
3911
4022
4078
4062
3959
3780
3547
3213
2813
2306
1832
1344
876
429
33
-230
-392
-453
-461
-394
-313
-191
-62
64
48
-54
-305
-661
-1093
-1622
-2241
-2894
-3513
-4121
-4607
-5022
-5270
-5394
-5328
-5116
-4785
-4294
-3723
-3023
-2331
-1592
-894
-211
376
873
1325
1698
2025
2298
2569
2809
3025
3252
3442
3647
3822
3955
4109
4156
4121
4027
3824
3543
3206
2820
2345
1847
1355
896
500
182
-61
-208
-218
-196
-85
4
83
215
219
135
-82
-410
-867
-1398
-1954
-2649
-3371
-4067
-4620
-5129
-5487
-5707
-5785
-5627
-5327
-4816
-4243
-3502
-2771
-1978
-1189
-480
193
749
1268
1651
2011
2253
2499
2731
2920
3159
3344
3582
3779
4031
4216
4359
4468
4466
4419
4218
4006
3622
3186
2694
2154
1666
1180
768
381
155
4
-90
-92
-47
15
112
159
56
-102
-446
-876
-1389
-1986
-2689
-3435
-4123
-4795
-5354
-5765
-6045
-6208
-6094
-5789
-5319
-4697
-3989
-3182
-2350
-1463
-652
108
772
1313
1785
2167
2474
2683
2846
2998
3141
3244
3363
3494
3667
3845
3959
4072
4088
4055
3950
3803
3539
3180
2814
2394
1939
1458
1056
678
383
192
50
22
14
81
144
247
236
79
-172
-565
-999
-1537
-2140
-2894
-3623
-4288
-4922
-5420
-5839
-6077
-6164
-5960
-5626
-5097
-4425
-3667
-2835
-1954
-1060
-248
549
1192
1781
2239
2573
2822
2987
3123
3195
3293
3360
3410
3497
3597
3668
3727
3760
3730
3701
3572
3378
3134
2806
2452
2026
1631
1238
881
648
462
387
316
307
326
410
488
452
338
72
-262
-712
-1194
-1830
-2561
-3296
-4021
-4690
-5249
-5682
-6035
-6149
-6075
-5801
-5342
-4743
-4013
-3214
-2350
-1469
-588
228
948
1561
2068
2488
2769
3006
3120
3190
3300
3350
3397
3460
3576
3645
3726
3765
3762
3750
3676
3552
3343
3104
2769
2439
2037
1633
1284
973
738
546
439
361
355
377
427
397
299
87
-262
-656
-1162
-1773
-2511
-3216
-3940
-4652
-5288
-5837
-6214
-6450
-6452
-6282
-5871
-5320
-4638
-3803
-2895
-1949
-1033
-109
681
1410
2053
2573
2960
3231
3440
3553
3628
3666
3657
3672
3700
3714
3719
3730
3717
3698
3597
3469
3299
3056
2785
2432
2107
1753
1420
1128
885
671
518
399
328
312
304
247
105
-74
-375
-750
-1191
-1736
-2399
-3101
-3780
-4445
-5023
-5543
-5980
-6242
-6293
-6155
-5856
-5381
-4767
-4006
-3152
-2252
-1333
-434
401
1160
1828
2420
2880
3272
3566
3747
3877
3961
4028
4052
4091
4066
4040
3990
3933
3838
3696
3568
3359
3141
2880
2577
2245
1931
1650
1377
1139
938
772
602
511
449
343
161
-45
-359
-746
-1142
-1646
-2241
-2872
-3513
-4176
-4794
-5313
-5740
-6074
-6271
-6277
-6158
-5817
-5357
-4797
-4087
-3318
-2464
-1630
-789
-19
713
1379
1929
2428
2839
3186
3496
3722
3870
4011
4110
4187
4219
4210
4175
4117
4036
3956
3843
3656
3409
3181
2906
2620
2300
2023
1791
1550
1356
1206
1114
953
913
772
556
291
-136
-553
-1077
-1621
-2315
-3010
-3709
-4363
-4968
-5524
-5929
-6284
-6384
-6374
-6172
-5822
-5340
-4709
-4012
-3173
-2412
-1542
-766
-6
673
1261
1816
2207
2643
2929
3204
3404
3589
3752
3848
3933
3959
3993
3938
3915
3809
3672
3521
3329
3147
2886
2649
2371
2107
1864
1648
1463
1291
1180
1046
980
869
762
577
308
-65
-494
-931
-1494
-2126
-2805
-3465
-4102
-4697
-5197
-5623
-5929
-6076
-6028
-5857
-5502
-5024
-4438
-3757
-3025
-2230
-1430
-642
60
707
1271
1743
2141
2490
2780
3012
3190
3337
3453
3575
3646
3670
3683
3684
3612
3586
3499
3342
3220
3062
2856
2636
2460
2229
2051
1889
1711
1526
1424
1315
1186
1101
883
625
273
-92
-574
-1083
-1652
-2366
-3014
-3681
-4271
-4842
-5296
-5661
-5890
-5922
-5826
-5588
-5256
-4761
-4189
-3477
-2722
-1975
-1205
-472
191
802
1340
1768
2184
2556
2790
3006
3170
3320
3412
3517
3543
3532
3552
3462
3402
3342
3206
2998
2874
2717
2485
2339
2173
1969
1835
1770
1663
1568
1532
1413
1304
1176
929
578
199
-245
-789
-1299
-1952
-2670
-3326
-3966
-4565
-5054
-5438
-5796
-5914
-5888
-5739
-5397
-4955
-4408
-3787
-3036
-2289
-1552
-790
-76
570
1150
1643
2049
2442
2739
2950
3158
3292
3394
3476
3543
3506
3433
3395
3261
3140
3011
2862
2681
2515
2334
2140
2020
1859
1715
1628
1587
1513
1502
1469
1380
1321
1162
940
574
178
-317
-874
-1478
-2206
-2917
-3594
-4200
-4799
-5252
-5634
-5876
-5933
-5819
-5532
-5148
-4583
-3997
-3269
-2533
-1789
-1031
-313
361
946
1496
1958
2369
2719
3034
3253
3472
3627
3692
3801
3810
3762
3681
3554
3366
3191
3005
2718
2456
2214
1948
1714
1541
1344
1226
1149
1079
1056
1026
1016
971
960
827
594
300
-116
-627
-1155
-1791
-2535
-3206
-3874
-4475
-5017
-5410
-5734
-5904
-5852
-5684
-5335
-4857
-4264
-3617
-2848
-2078
-1308
-514
182
817
1392
1875
2298
2681
2973
3207
3396
3542
3690
3768
3848
3855
3829
3777
3645
3501
3336
3116
2837
2566
2284
1990
1722
1508
1290
1118
999
941
881
841
786
758
668
528
277
-108
-517
-1011
-1576
-2226
-2920
-3624
-4268
-4860
-5350
-5744
-6009
-6073
-5968
-5721
-5302
-4732
-4098
-3341
-2541
-1713
-887
-124
641
1309
1935
2422
2805
3157
3395
3598
3750
3872
3944
3991
3992
3928
3881
3800
3679
3524
3339
3119
2857
2589
2293
2022
1771
1473
1249
1074
922
805
708
599
538
479
327
99
-207
-590
-1055
-1530
-2141
-2823
-3468
-4114
-4766
-5296
-5703
-6066
-6215
-6225
-6013
-5662
-5163
-4530
-3830
-3029
-2228
-1397
-574
199
916
1565
2149
2629
3057
3425
3670
3872
4062
4187
4250
4328
4302
4257
4150
4023
3868
3681
3475
3256
3007
2731
2467
2226
1970
1716
1516
1343
1162
1033
903
759
614
439
185
-165
-542
-1035
-1537
-2117
-2768
-3436
-4091
-4711
-5285
-5747
-6120
-6316
-6367
-6243
-5959
-5520
-4971
-4343
-3558
-2741
-1882
-1006
-180
579
1285
1909
2448
2930
3313
3599
3834
4023
4135
4213
4234
4219
4171
4106
4018
3890
3746
3569
3378
3138
2895
2611
2392
2185
1941
1760
1571
1427
1278
1146
1023
902
732
518
190
-201
-658
-1212
-1781
-2482
-3186
-3891
-4564
-5193
-5732
-6143
-6435
-6521
-6472
-6258
-5890
-5397
-4786
-4077
-3238
-2406
-1538
-704
117
870
1581
2190
2706
3183
3542
3841
4067
4242
4341
4447
4456
4390
4283
4169
4036
3850
3684
3450
3202
2949
2720
2497
2279
2070
1861
1710
1534
1428
1309
1182
1051
894
692
372
-28
-509
-1013
-1580
-2230
-2970
-3663
-4359
-5044
-5597
-6088
-6473
-6683
-6706
-6575
-6304
-5860
-5313
-4648
-3863
-3027
-2149
-1269
-442
366
1120
1781
2371
2933
3431
3844
4183
4425
4637
4747
4822
4796
4737
4644
4458
4265
4038
3798
3524
3272
2976
2684
2434
2152
1959
1804
1659
1505
1444
1321
1199
1059
849
576
156
-280
-826
-1365
-2007
-2750
-3479
-4195
-4847
-5486
-5931
-6366
-6614
-6686
-6610
-6371
-6039
-5514
-4962
-4221
-3467
-2650
-1840
-1000
-132
611
1342
1987
2608
3120
3586
4008
4341
4662
4857
5024
5085
5064
4983
4829
4649
4361
4130
3800
3464
3157
2823
2548
2259
2005
1795
1676
1543
1444
1368
1236
1138
959
720
329
-112
-631
-1213
-1838
-2620
-3335
-4097
-4804
-5492
-6049
-6492
-6873
-6973
-6959
-6765
-6461
-5963
-5420
-4767
-4034
-3272
-2400
-1604
-762
2
751
1418
2065
2669
3184
3668
4034
4419
4683
4940
5097
5134
5144
5037
4902
4698
4489
4177
3891
3574
3226
2954
2657
2382
2142
1988
1843
1691
1571
1440
1322
1183
952
610
162
-342
-909
-1527
-2250
-2972
-3691
-4394
-5026
-5613
-6080
-6479
-6658
-6703
-6601
-6326
-5961
-5444
-4878
-4178
-3499
-2703
-1920
-1138
-377
334
1028
1629
2290
2823
3322
3766
4163
4502
4758
4983
5052
5085
5048
4921
4768
4556
4280
3963
3677
3326
3039
2758
2506
2298
2119
1994
1837
1764
1603
1475
1288
989
637
192
-301
-932
-1527
-2246
-3002
-3729
-4446
-5132
-5727
-6133
-6550
-6748
-6795
-6711
-6458
-6100
-5609
-5082
-4409
-3713
-2999
-2254
-1518
-803
-111
600
1249
1880
2456
2987
3474
3941
4356
4689
5003
5185
5268
5262
5165
5003
4789
4551
4248
3913
3588
3267
2977
2707
2497
2318
2212
2108
2015
1914
1770
1622
1362
1043
537
9
-608
-1289
-2039
-2864
-3624
-4396
-5076
-5702
-6170
-6558
-6795
-6817
-6722
-6470
-6140
-5645
-5122
-4476
-3815
-3115
-2406
-1729
-1052
-439
229
788
1378
1932
2455
2971
3436
3893
4273
4641
4870
5047
5150
5113
5077
4910
4670
4386
4106
3792
3464
3191
2914
2663
2462
2324
2179
2113
2073
1943
1842
1614
1282
832
310
-307
-1013
-1759
-2644
-3476
-4266
-4993
-5660
-6152
-6544
-6833
-6866
-6760
-6508
-6137
-5606
-5049
-4414
-3726
-3053
-2341
-1699
-1043
-491
85
613
1150
1664
2132
2629
3096
3554
3964
4402
4701
4902
5049
5092
5081
4968
4814
4577
4280
3961
3626
3306
3015
2766
2526
2387
2271
2179
2099
1983
1873
1646
1355
917
388
-243
-935
-1687
-2568
-3392
-4197
-4952
-5616
-6159
-6584
-6862
-6888
-6762
-6470
-6062
-5521
-4949
-4301
-3579
-2907
-2187
-1526
-889
-324
199
701
1164
1652
2097
2535
2990
3429
3800
4176
4479
4704
4865
4946
4957
4881
4769
4547
4264
3959
3603
3312
3052
2769
2559
2441
2304
2215
2136
2008
1889
1680
1371
926
412
-221
-925
-1722
-2581
-3449
-4279
-5044
-5746
-6292
-6728
-6964
-7008
-6872
-6580
-6164
-5581
-4956
-4226
-3484
-2747
-2024
-1361
-729
-176
359
810
1277
1708
2106
2533
2909
3302
3608
3981
4262
4492
4687
4782
4837
4781
4668
4457
4232
3949
3671
3387
3122
2888
2693
2559
2396
2300
2224
2098
1970
1720
1377
889
327
-310
-1024
-1849
-2747
-3625
-4476
-5219
-5918
-6453
-6860
-7051
-7049
-6885
-6552
-6125
-5559
-4918
-4137
-3416
-2674
-1938
-1235
-581
-32
501
929
1358
1755
2127
2490
2854
3214
3536
3883
4144
4360
4527
4644
4730
4702
4607
4431
4224
3954
3715
3452
3194
3018
2884
2805
2724
2679
2605
2509
2364
2124
1769
1279
718
18
-731
-1607
-2537
-3455
-4354
-5148
-5899
-6446
-6907
-7126
-7131
-6963
-6626
-6193
-5570
-4927
-4155
-3409
-2654
-1922
-1260
-612
-65
441
855
1313
1698
2045
2372
2681
3025
3358
3695
3952
4184
4317
4435
4474
4470
4398
4240
4074
3826
3609
3370
3132
2953
2802
2741
2643
2617
2558
2486
2316
2068
1705
1168
607
-86
-842
-1731
-2635
-3574
-4465
-5245
-5982
-6557
-7016
-7200
-7240
-7046
-6692
-6218
-5586
-4909
-4121
-3359
-2543
-1825
-1119
-493
59
563
967
1381
1749
2117
2468
2780
3074
3375
3662
3867
4070
4184
4281
4311
4272
4202
4068
3895
3684
3481
3257
3112
2967
2893
2835
2801
2789
2715
2684
2493
2255
1862
1343
739
47
-718
-1629
-2531
-3478
-4355
-5204
-5908
-6484
-6905
-7057
-7106
-6874
-6549
-6056
-5463
-4759
-3971
-3207
-2396
-1655
-956
-345
250
741
1167
1559
1898
2253
2566
2870
3115
3368
3608
3766
3943
4009
4057
4065
4004
3909
3743
3584
3378
3187
3015
2920
2830
2792
2763
2754
2742
2684
2621
2451
2210
1786
1256
647
-42
-833
-1728
-2628
-3539
-4390
-5179
-5866
-6449
-6868
-7036
-7060
-6897
-6586
-6107
-5528
-4830
-4080
-3325
-2554
-1816
-1099
-451
146
674
1175
1627
2025
2406
2728
3035
3282
3499
3673
3791
3876
3936
3969
3949
3880
3761
3629
3488
3321
3187
3088
3018
2984
2981
2959
2985
2963
2927
2841
2610
2300
1831
1330
654
-72
-912
-1803
-2703
-3593
-4403
-5223
-5862
-6401
-6731
-6888
-6860
-6670
-6361
-5883
-5382
-4689
-4016
-3240
-2520
-1845
-1158
-560
61
548
1064
1486
1872
2258
2599
2906
3161
3421
3557
3681
3735
3765
3718
3663
3603
3432
3307
3159
3037
2939
2880
2847
2798
2901
2928
2963
2961
2932
2830
2609
2289
1782
1243
571
-220
-1093
-1984
-2882
-3783
-4565
-5292
-5903
-6360
-6617
-6719
-6649
-6396
-6057
-5582
-5020
-4373
-3680
-2952
-2245
-1578
-908
-330
210
722
1211
1650
2055
2417
2751
3074
3307
3491
3613
3688
3688
3672
3605
3488
3391
3243
3084
2956
2885
2791
2716
2729
2744
2801
2876
2924
2946
2948
2812
2584
2194
1682
1072
358
-397
-1298
-2199
-3075
-3926
-4694
-5363
-5926
-6313
-6514
-6604
-6462
-6215
-5830
-5340
-4769
-4137
-3505
-2804
-2162
-1512
-906
-343
175
686
1170
1602
2021
2365
2718
3009
3264
3439
3568
3637
3609
3570
3450
3341
3198
3026
2843
2709
2638
2567
2576
2639
2754
2834
2988
3099
3141
3140
2940
2681
2232
1695
1047
324
-523
-1450
-2333
-3252
-4070
-4807
-5437
-5950
-6245
-6380
-6371
-6183
-5918
-5469
-5001
-4409
-3813
-3186
-2548
-1959
-1368
-835
-262
231
739
1218
1645
2065
2431
2788
3091
3325
3463
3546
3534
3453
3341
3173
2992
2787
2577
2401
2268
2214
2196
2246
2347
2503
2672
2866
3030
3129
3144
3015
2723
2235
1710
1024
216
-663
-1590
-2505
-3390
-4208
-4912
-5526
-5996
-6243
-6325
-6210
-5989
-5625
-5172
-4652
-4053
-3480
-2874
-2297
-1722
-1199
-724
-246
227
683
1100
1515
1913
2290
2621
2938
3184
3333
3463
3508
3460
3336
3167
2979
2704
2483
2304
2135
2073
2061
2135
2251
2420
2643
2844
3028
3162
3159
3050
2765
2311
1761
1079
252
-657
-1579
-2524
-3408
-4198
-4896
-5493
-5923
-6116
-6162
-6026
-5784
-5409
-4928
-4365
-3750
-3137
-2538
-1987
-1429
-927
-444
30
481
891
1265
1645
1973
2301
2613
2867
3055
3207
3269
3244
3198
3084
2920
2745
2510
2293
2127
2036
1972
1976
2045
2119
2263
2443
2614
2759
2822
2778
2580
2259
1810
1242
570
-233
-1090
-1977
-2836
-3665
-4422
-5085
-5589
-5929
-6074
-6036
-5860
-5544
-5149
-4631
-4049
-3438
-2808
-2187
-1584
-1032
-487
-9
445
852
1244
1618
1999
2341
2637
2903
3096
3220
3312
3331
3279
3205
3078
2912
2700
2519
2310
2156
2048
2020
2029
2077
2201
2335
2496
2626
2754
2758
2665
2426
2032
1544
969
251
-539
-1368
-2232
-3083
-3880
-4572
-5199
-5632
-5893
-6021
-5971
-5790
-5490
-5097
-4577
-4048
-3445
-2848
-2256
-1685
-1124
-565
-68
428
881
1285
1674
2011
2316
2611
2844
3019
3140
3183
3152
3036
2918
2775
2577
2396
2184
2031
1929
1884
1917
1964
2090
2256
2451
2605
2724
2827
2812
2685
2398
1994
1443
828
81
-739
-1557
-2383
-3142
-3877
-4484
-5022
-5383
-5579
-5618
-5502
-5314
-4989
-4631
-4163
-3674
-3156
-2621
-2105
-1572
-1054
-519
-45
459
927
1375
1798
2158
2503
2797
3038
3181
3253
3240
3152
3002
2820
2600
2355
2117
1903
1749
1659
1616
1663
1758
1901
2096
2327
2522
2688
2767
2731
2573
2252
1839
1291
625
-143
-954
-1774
-2589
-3334
-3981
-4553
-4978
-5241
-5349
-5330
-5188
-4965
-4676
-4298
-3829
-3354
-2869
-2356
-1907
-1443
-986
-531
-75
402
855
1262
1712
2111
2457
2738
2980
3140
3219
3198
3100
2943
2697
2434
2125
1880
1617
1413
1343
1305
1362
1463
1678
1899
2191
2419
2596
2729
2675
2534
2224
1820
1236
599
-157
-986
-1788
-2588
-3332
-4022
-4518
-4975
-5231
-5307
-5271
-5088
-4839
-4493
-4116
-3650
-3181
-2676
-2183
-1700
-1254
-805
-343
58
525
952
1373
1798
2195
2510
2790
3030
3146
3247
3236
3116
2962
2771
2488
2168
1911
1631
1433
1348
1330
1356
1494
1699
1893
2130
2340
2486
2553
2566
2411
2085
1688
1153
503
-245
-1068
-1905
-2689
-3389
-4021
-4544
-4951
-5160
-5216
-5128
-4959
-4700
-4356
-3970
-3514
-3058
-2587
-2117
-1663
-1236
-791
-361
73
536
960
1399
1802
2197
2549
2862
3113
3240
3313
3283
3155
2967
2757
2467
2167
1883
1630
1424
1324
1308
1323
1431
1597
1792
2035
2209
2375
2450
2433
2257
1949
1551
996
381
-381
-1153
-1952
-2698
-3398
-4008
-4482
-4908
-5088
-5164
-5075
-4892
-4596
-4224
-3858
-3369
-2908
-2417
-1960
-1479
-1041
-593
-148
212
637
1036
1442
1842
2224
2551
2831
3035
3115
3167
3120
2978
2773
2551
2259
1928
1647
1347
1116
995
935
970
1105
1317
1509
1771
1999
2169
2311
2324
2204
1898
1514
984
358
-378
-1161
-1936
-2693
-3344
-3961
-4426
-4767
-4966
-5025
-4939
-4730
-4461
-4098
-3696
-3213
-2763
-2287
-1834
-1408
-961
-554
-110
278
715
1121
1529
1954
2345
2702
2972
3212
3321
3375
3325
3167
2943
2716
2451
2124
1846
1568
1330
1175
1109
1087
1196
1391
1596
1828
2050
2250
2316
2315
2177
1887
1479
983
379
-351
-1099
-1899
-2630
-3307
-3880
-4372
-4741
-4955
-5007
-4897
-4734
-4442
-4107
-3688
-3215
-2722
-2238
-1766
-1301
-876
-438
-50
364
757
1149
1540
1894
2247
2526
2804
2998
3109
3157
3094
2951
2723
2477
2178
1865
1551
1293
1101
951
860
851
961
1128
1304
1514
1721
1919
2079
2072
1964
1726
1364
925
349
-344
-1094
-1842
-2557
-3200
-3793
-4298
-4708
-4922
-5008
-4944
-4766
-4513
-4150
-3746
-3259
-2787
-2287
-1784
-1306
-860
-421
8
409
833
1227
1610
1972
2318
2588
2861
3072
3164
3217
3142
3006
2814
2591
2310
2013
1722
1447
1222
1063
964
932
1018
1172
1357
1575
1793
2009
2153
2177
2082
1845
1476
1041
533
-141
-863
-1586
-2319
-2975
-3545
-4067
-4507
-4731
-4865
-4868
-4725
-4520
-4200
-3821
-3330
-2865
-2363
-1861
-1373
-892
-435
28
438
910
1322
1737
2115
2448
2725
2943
3130
3175
3189
3122
2969
2730
2470
2142
1831
1576
1302
1096
937
861
852
971
1144
1320
1531
1729
1933
2060
2090
1962
1693
1377
885
383
-264
-965
-1673
-2390
-3060
-3656
-4141
-4564
-4790
-4923
-4894
-4790
-4546
-4218
-3883
-3434
-3004
-2514
-2001
-1499
-1002
-509
-23
429
929
1380
1806
2202
2583
2872
3086
3290
3347
3307
3210
3023
2769
2519
2232
1901
1615
1357
1128
948
894
894
970
1155
1330
1525
1738
1924
2031
2056
1954
1696
1342
941
444
-213
-890
-1606
-2350
-3001
-3627
-4116
-4541
-4825
-4971
-5015
-4898
-4723
-4432
-4106
-3679
-3229
-2718
-2228
-1724
-1206
-706
-179
282
808
1285
1742
2179
2570
2892
3152
3373
3471
3495
3393
3246
3013
2721
2424
2069
1782
1469
1260
1044
957
971
1040
1226
1395
1607
1815
2057
2218
2237
2136
1889
1520
1092
576
-62
-777
-1520
-2241
-2925
-3547
-4092
-4556
-4854
-4985
-5057
-4981
-4791
-4505
-4179
-3748
-3309
-2849
-2303
-1802
-1287
-782
-240
253
762
1251
1699
2107
2496
2823
3061
3282
3369
3360
3305
3157
2927
2663
2331
2000
1692
1431
1184
1003
926
892
1009
1163
1389
1615
1842
2048
2203
2268
2183
1985
1627
1177
669
49
-664
-1384
-2116
-2870
-3508
-4074
-4547
-4863
-5054
-5124
-5029
-4865
-4591
-4231
-3829
-3347
-2872
-2322
-1773
-1244
-699
-188
323
845
1337
1816
2243
2607
2950
3173
3340
3423
3396
3319
3147
2901
2553
2230
1905
1561
1263
1038
846
763
784
874
1031
1236
1467
1683
1929
2135
2195
2146
1997
1666
1233
742
154
-578
-1293
-2019
-2773
-3407
-3962
-4425
-4814
-4972
-5093
-5050
-4875
-4658
-4287
-3892
-3400
-2942
-2377
-1817
-1290
-728
-177
364
842
1363
1833
2264
2653
2975
3228
3377
3484
3476
3354
3121
2875
2552
2166
1847
1518
1210
981
836
722
743
862
1017
1248
1520
1803
1999
2270
2364
2339
2177
1817
1378
866
265
-524
-1261
-1986
-2721
-3392
-3953
-4453
-4835
-5011
-5134
-5079
-4965
-4726
-4401
-4030
-3569
-3103
-2530
-1982
-1408
-827
-244
272
806
1374
1851
2334
2719
3044
3293
3470
3545
3522
3436
3206
2979
2646
2261
1910
1608
1292
1024
918
797
824
940
1114
1346
1623
1893
2075
2321
2374
2295
2132
1793
1328
812
244
-531
-1297
-2052
-2814
-3484
-4036
-4521
-4941
-5118
-5273
-5272
-5098
-4888
-4556
-4152
-3658
-3186
-2627
-2070
-1532
-963
-375
166
717
1324
1815
2301
2727
3036
3284
3471
3504
3464
3404
3186
2918
2609
2224
1854
1527
1218
966
847
777
801
985
1205
1427
1731
2005
2193
2401
2517
2433
2223
1907
1435
908
309
-470
-1267
-2016
-2786
-3477
-4025
-4495
-4890
-5098
-5191
-5160
-4989
-4746
-4429
-4038
-3569
-3103
-2546
-1953
-1405
-804
-227
330
882
1460
1992
2470
2872
3180
3427
3585
3635
3579
3441
3189
2865
2501
2095
1691
1348
1043
807
668
595
674
841
1080
1367
1670
1968
2187
2400
2470
2399
2220
1872
1401
829
211
-587
-1391
-2145
-2938
-3603
-4156
-4595
-4999
-5182
-5275
-5247
-5101
-4853
-4511
-4120
-3619
-3150
-2579
-2015
-1465
-878
-303
276
855
1450
1962
2469
2869
3200
3451
3583
3639
3568
3426
3119
2831
2453
2029
1654
1300
1004
766
709
661
739
932
1173
1484
1809
2116
2316
2531
2610
2520
2321
1957
1460
881
286
-485
-1251
-2000
-2775
-3444
-4026
-4481
-4876
-5055
-5157
-5115
-4945
-4743
-4446
-4051
-3583
-3139
-2587
-2001
-1434
-853
-258
310
890
1476
1999
2505
2921
3217
3454
3583
3606
3534
3396
3107
2778
2416
1949
1541
1187
908
684
616
591
646
869
1089
1405
1746
2062
2271
2483
2589
2451
2239
1819
1320
714
104
-683
-1483
-2209
-2978
-3589
-4113
-4545
-4945
-5103
-5177
-5188
-5002
-4775
-4466
-4075
-3598
-3152
-2614
-2053
-1496
-884
-277
324
901
1506
2032
2549
2964
3280
3553
3705
3727
3627
3478
3175
2819
2429
1992
1610
1261
976
777
694
661
745
945
1217
1539
1876
2200
2403
2603
2684
2594
2416
2037
1496
889
235
-563
-1372
-2144
-2889
-3552
-4109
-4567
-4978
-5163
-5276
-5253
-5093
-4868
-4561
-4199
-3721
-3261
-2688
-2129
-1523
-923
-315
293
895
1529
2065
2558
2968
3289
3524
3660
3672
3547
3380
3083
2717
2334
1893
1484
1141
871
639
561
581
634
899
1197
1518
1870
2206
2441
2634
2748
2644
2445
2087
1583
977
342
-423
-1266
-2038
-2806
-3476
-4030
-4502
-4943
-5172
-5249
-5286
-5156
-4944
-4608
-4246
-3783
-3283
-2748
-2137
-1549
-945
-322
297
867
1458
1966
2413
2852
3184
3398
3523
3548
3457
3284
3022
2660
2316
1929
1566
1267
1029
850
757
789
871
1099
1384
1690
2004
2297
2535
2708
2821
2724
2501
2145
1619
1019
381
-384
-1220
-1961
-2724
-3472
-4054
-4534
-4990
-5281
-5413
-5463
-5367
-5138
-4854
-4479
-3983
-3521
-2956
-2333
-1714
-1081
-454
192
768
1379
1940
2416
2810
3158
3388
3548
3585
3480
3345
3094
2751
2387
2023
1635
1321
1077
881
821
883
999
1185
1506
1791
2113
2447
2677
2839
2947
2909
2688
2371
1876
1255
628
-97
-977
-1766
-2496
-3235
-3839
-4337
-4791
-5133
-5261
-5323
-5259
-5074
-4807
-4469
-4019
-3528
-3022
-2426
-1824
-1227
-597
48
619
1180
1721
2184
2591
2917
3124
3235
3287
3185
3036
2812
2491
2164
1799
1459
1129
930
761
664
705
791
962
1248
1595
1901
2230
2493
2662
2789
2832
2637
2334
1912
1306
702
42
-750
-1544
-2271
-2991
-3638
-4137
-4593
-4969
-5160
-5230
-5223
-5077
-4827
-4516
-4085
-3594
-3072
-2461
-1823
-1179
-560
117
702
1274
1830
2301
2700
3023
3258
3358
3421
3325
3182
2966
2687
2348
2002
1682
1343
1136
968
876
876
964
1090
1325
1631
1894
2192
2425
2561
2658
2684
2512
2246
1848
1285
714
116
-594
-1375
-2091
-2826
-3519
-4039
-4542
-4968
-5247
-5376
-5433
-5310
-5104
-4821
-4398
-3919
-3424
-2841
-2185
-1557
-892
-212
431
1010
1575
2085
2513
2877
3120
3255
3322
3291
3175
3013
2762
2434
2168
1881
1564
1353
1173
1071
1063
1161
1282
1491
1781
1989
2269
2541
2656
2721
2785
2674
2412
2100
1602
1009
440
-196
-976
-1716
-2405
-3149
-3763
-4276
-4750
-5113
-5296
-5414
-5379
-5203
-4965
-4629
-4185
-3670
-3127
-2477
-1845
-1208
-518
128
732
1315
1835
2241
2627
2906
3072
3171
3175
3075
2912
2777
2506
2239
1974
1677
1470
1323
1206
1182
1279
1346
1500
1717
1932
2161
2408
2598
2660
2744
2712
2479
2209
1792
1231
653
64
-670
-1431
-2134
-2868
-3554
-4131
-4631
-5071
-5334
-5484
-5531
-5394
-5202
-4882
-4451
-3954
-3410
-2797
-2129
-1492
-813
-156
435
1020
1543
1992
2349
2646
2842
2950
3013
2973
2835
2699
2491
2230
2050
1805
1621
1517
1425
1370
1434
1552
1621
1828
2077
2264
2465
2680
2768
2825
2858
2690
2445
2136
1646
1069
505
-143
-935
-1635
-2352
-3095
-3713
-4231
-4711
-5106
-5342
-5493
-5452
-5283
-5038
-4680
-4200
-3658
-3084
-2415
-1770
-1132
-458
158
732
1268
1756
2136
2449
2671
2781
2864
2858
2780
2647
2521
2288
2087
1907
1697
1573
1485
1419
1402
1545
1621
1747
1982
2186
2380
2565
2711
2708
2774
2722
2480
2217
1841
1298
703
125
-627
-1390
-2112
-2877
-3573
-4137
-4657
-5137
-5415
-5571
-5613
-5494
-5247
-4936
-4470
-3938
-3374
-2718
-2038
-1354
-684
-46
522
1047
1534
1938
2265
2523
2694
2819
2883
2846
2762
2657
2518
2327
2172
2002
1832
1730
1651
1623
1644
1743
1825
1950
2139
2285
2437
2555
2682
2705
2702
2572
2323
2008
1534
935
339
-281
-1049
-1778
-2537
-3267
-3920
-4487
-4976
-5360
-5562
-5714
-5673
-5495
-5227
-4812
-4288
-3702
-3104
-2422
-1774
-1102
-444
142
696
1183
1631
2004
2320
2556
2698
2815
2863
2858
2779
2707
2581
2437
2295
2135
2023
1937
1889
1862
1941
2009
2099
2276
2436
2567
2705
2805
2800
2803
2733
2502
2208
1820
1271
672
55
-702
-1488
-2235
-2962
-3658
-4233
-4765
-5234
-5524
-5683
-5740
-5623
-5359
-5035
-4565
-4015
-3412
-2771
-2096
-1481
-859
-224
343
895
1369
1760
2072
2373
2555
2678
2766
2807
2755
2713
2617
2457
2338
2205
2067
1942
1930
1890
1884
1953
2020
2121
2278
2437
2530
2661
2707
2699
2684
2575
2313
1989
1548
977
385
-291
-1045
-1819
-2542
-3301
-3956
-4524
-5035
-5439
-5642
-5725
-5705
-5497
-5202
-4782
-4305
-3736
-3153
-2489
-1809
-1184
-538
44
574
1061
1481
1811
2100
2360
2544
2677
2765
2753
2678
2668
2582
2456
2375
2249
2171
2110
2073
2029
2037
2103
2161
2283
2428
2553
2663
2782
2827
2827
2792
2603
2304
1915
1411
786
150
-557
-1335
-2082
-2855
-3573
-4230
-4766
-5247
-5600
-5776
-5853
-5718
-5490
-5132
-4696
-4159
-3574
-2956
-2256
-1624
-978
-385
174
627
1073
1475
1790
2091
2279
2439
2581
2649
2673
2688
2692
2592
2514
2457
2383
2334
2319
2332
2295
2359
2412
2475
2608
2705
2789
2886
2929
2871
2877
2755
2473
2161
1734
1171
552
-74
-867
-1658
-2415
-3199
-3924
-4539
-5075
-5548
-5797
-5933
-5939
-5746
-5464
-5069
-4562
-3987
-3398
-2746
-2061
-1398
-795
-237
279
733
1180
1509
1775
2036
2226
2364
2472
2532
2530
2558
2553
2520
2499
2469
2401
2402
2454
2426
2449
2526
2594
2626
2741
2829
2879
2960
2956
2945
2902
2754
2462
2106
1640
1026
392
-291
-1089
-1894
-2674
-3462
-4158
-4756
-5301
-5684
-5923
-6000
-5923
-5695
-5360
-4902
-4343
-3774
-3147
-2470
-1820
-1213
-609
-74
393
868
1270
1583
1851
2079
2260
2412
2515
2576
2609
2641
2642
2598
2574
2542
2501
2485
2472
2471
2491
2519
2528
2585
2646
2692
2784
2845
2841
2815
2738
2515
2232
1830
1293
669
21
-729
-1537
-2316
-3142
-3880
-4546
-5093
-5536
-5857
-5990
-6008
-5838
-5568
-5165
-4659
-4070
-3457
-2812
-2139
-1533
-935
-387
129
603
1039
1416
1737
2035
2284
2486
2657
2785
2867
2921
2970
2995
2974
2913
2856
2798
2733
2709
2676
2680
2691
2706
2731
2777
2849
2917
2940
2906
2856
2698
2444
2105
1603
1023
369
-317
-1108
-1934
-2753
-3549
-4237
-4869
-5370
-5800
-6054
-6132
-6082
-5866
-5555
-5131
-4631
-4030
-3406
-2756
-2098
-1497
-937
-396
109
545
989
1362
1668
1964
2223
2414
2579
2713
2801
2876
2921
2909
2902
2900
2821
2780
2744
2689
2660
2693
2695
2705
2776
2831
2890
2930
2922
2830
2747
2563
2250
1872
1374
748
109
-602
-1423
-2202
-2970
-3750
-4440
-4984
-5454
-5847
-6025
-6078
-5971
-5700
-5336
-4849
-4292
-3683
-3080
-2450
-1824
-1249
-670
-164
318
742
1144
1474
1781
2104
2356
2560
2758
2931
3007
3130
3185
3171
3187
3144
3061
3002
2967
2880
2832
2818
2786
2782
2853
2887
2895
2963
2902
2809
2674
2422
2053
1605
1022
328
-344
-1103
-1943
-2727
-3469
-4179
-4785
-5287
-5724
-5991
-6098
-6076
-5908
-5600
-5219
-4747
-4196
-3586
-2989
-2359
-1762
-1207
-654
-166
300
748
1166
1510
1852
2161
2391
2632
2855
2999
3129
3231
3250
3283
3285
3231
3132
3061
2989
2904
2884
2849
2833
2849
2889
2900
2925
2930
2849
2751
2577
2275
1896
1404
766
115
-577
-1371
-2194
-2968
-3715
-4383
-4945
-5439
-5799
-5981
-6019
-5948
-5721
-5367
-4963
-4451
-3879
-3299
-2712
-2091
-1529
-982
-445
26
477
919
1323
1655
2011
2298
2566
2820
3002
3150
3288
3383
3373
3367
3316
3219
3156
3073
2961
2889
2857
2771
2748
2776
2742
2774
2796
2743
2632
2526
2255
1905
1479
893
218
-458
-1188
-2067
-2830
-3573
-4303
-4877
-5377
-5764
-6039
-6106
-6074
-5901
-5580
-5208
-4735
-4174
-3582
-3030
-2412
-1834
-1272
-720
-216
248
676
1112
1490
1904
2261
2578
2902
3169
3359
3536
3673
3685
3695
3667
3568
3462
3373
3225
3095
3039
2938
2881
2902
2913
2915
2926
2900
2785
2675
2512
2166
1753
1243
569
-111
-801
-1614
-2425
-3167
-3920
-4593
-5123
-5580
-5916
-6067
-6059
-6005
-5760
-5434
-5046
-4538
-4017
-3471
-2916
-2319
-1777
-1228
-696
-222
253
700
1141
1549
1984
2357
2704
3036
3251
3421
3588
3692
3662
3657
3588
3442
3362
3257
3106
3012
2953
2869
2809
2859
2827
2817
2837
2797
2690
2553
2318
1926
1506
912
214
-497
-1254
-2082
-2857
-3565
-4282
-4827
-5280
-5650
-5910
-5970
-5927
-5803
-5487
-5162
-4704
-4184
-3639
-3104
-2536
-1996
-1495
-942
-443
36
525
1026
1436
1864
2282
2607
2948
3230
3436
3579
3712
3732
3690
3667
3517
3377
3254
3119
3002
2932
2871
2803
2819
2832
2813
2841
2804
2700
2557
2387
2055
1626
1117
435
-230
-925
-1704
-2501
-3203
-3900
-4535
-5043
-5450
-5767
-5930
-5953
-5900
-5687
-5364
-5002
-4566
-4078
-3599
-3068
-2523
-1998
-1459
-909
-385
127
648
1135
1604
2065
2487
2846
3199
3474
3662
3815
3888
3857
3783
3675
3524
3393
3265
3126
3017
2935
2878
2834
2865
2877
2868
2894
2810
2687
2516
2231
1814
1359
771
68
-617
-1357
-2159
-2929
-3595
-4266
-4799
-5207
-5571
-5796
-5858
-5813
-5707
-5442
-5133
-4728
-4228
-3776
-3262
-2711
-2147
-1620
-1073
-521
11
551
1069
1547
2007
2452
2850
3195
3503
3693
3831
3945
3924
3853
3745
3603
3438
3290
3130
2973
2919
2849
2765
2747
2763
2761
2773
2746
2627
2471
2267
1886
1443
928
264
-414
-1100
-1852
-2622
-3335
-4014
-4623
-5087
-5481
-5751
-5932
-5938
-5885
-5705
-5409
-5111
-4666
-4216
-3751
-3236
-2658
-2113
-1562
-994
-466
72
602
1130
1616
2120
2569
2983
3367
3630
3825
3949
3992
3942
3890
3785
3603
3467
3321
3166
3035
2992
2938
2891
2924
2901
2893
2882
2802
2654
2488
2195
1783
1324
735
45
-622
-1336
-2148
-2882
-3553
-4200
-4730
-5123
-5466
-5727
-5797
-5794
-5692
-5449
-5165
-4818
-4378
-3911
-3430
-2893
-2332
-1790
-1233
-675
-148
393
942
1465
1967
2467
2879
3242
3560
3799
3962
4063
4074
4006
3918
3776
3598
3447
3288
3109
3011
2943
2855
2827
2839
2792
2754
2678
2523
2354
2141
1767
1334
835
188
-519
-1170
-1879
-2650
-3333
-3962
-4571
-5038
-5418
-5720
-5875
-5882
-5848
-5698
-5431
-5129
-4752
-4315
-3851
-3362
-2787
-2234
-1676
-1094
-536
15
582
1167
1714
2259
2749
3177
3552
3835
4018
4133
4209
4170
4063
3958
3787
3612
3463
3285
3148
3074
2987
2895
2873
2827
2769
2743
2668
2501
2309
2056
1662
1222
659
-25
-688
-1347
-2071
-2816
-3474
-4082
-4631
-5031
-5379
-5655
-5802
-5829
-5787
-5595
-5342
-5074
-4679
-4214
-3716
-3212
-2648
-2115
-1554
-979
-416
158
749
1329
1857
2382
2840
3221
3552
3785
3923
4006
4021
3950
3853
3719
3543
3398
3250
3088
2967
2900
2821
2778
2768
2734
2725
2677
2583
2419
2224
1933
1498
1035
463
-180
-801
-1482
-2220
-2917
-3513
-4119
-4629
-5032
-5371
-5591
-5666
-5663
-5573
-5355
-5103
-4777
-4380
-3944
-3475
-2962
-2413
-1867
-1285
-673
-69
516
1112
1668
2217
2745
3157
3511
3793
4004
4110
4174
4153
4026
3879
3685
3485
3314
3137
2980
2865
2797
2730
2673
2641
2607
2561
2481
2326
2107
1879
1535
1088
573
-22
-689
-1323
-1965
-2680
-3328
-3915
-4464
-4899
-5237
-5506
-5680
-5728
-5707
-5585
-5357
-5071
-4714
-4271
-3794
-3315
-2744
-2190
-1608
-998
-376
226
819
1421
1956
2492
2961
3337
3658
3917
4070
4140
4175
4084
3966
3823
3631
3444
3247
3086
2917
2813
2706
2607
2550
2488
2419
2348
2258
2094
1917
1684
1350
938
449
-130
-746
-1340
-1984
-2667
-3244
-3785
-4293
-4693
-5040
-5326
-5493
-5552
-5526
-5400
-5177
-4910
-4570
-4145
-3680
-3192
-2623
-2087
-1505
-868
-274
349
939
1518
2058
2578
3043
3427
3749
3985
4126
4176
4190
4084
3947
3805
3613
3430
3275
3104
2940
2832
2705
2602
2532
2493
2404
2296
2190
1991
1790
1517
1124
686
186
-411
-1027
-1620
-2274
-2932
-3515
-4078
-4581
-4943
-5278
-5538
-5669
-5693
-5653
-5481
-5219
-4910
-4530
-4099
-3644
-3127
-2538
-1953
-1353
-696
-78
550
1188
1758
2315
2838
3272
3625
3900
4087
4192
4258
4242
4112
4008
3854
3673
3491
3328
3140
2991
2901
2767
2652
2547
2451
2327
2240
2094
1893
1687
1399
1007
582
105
-499
-1075
-1631
-2287
-2916
-3464
-3991
-4473
-4841
-5184
-5442
-5579
-5627
-5578
-5419
-5164
-4828
-4434
-3974
-3485
-2950
-2354
-1755
-1135
-517
86
690
1325
1893
2409
2883
3272
3607
3845
4018
4097
4128
4076
3968
3872
3689
3497
3293
3125
2924
2762
2638
2502
2415
2343
2234
2127
2042
1878
1694
1491
1200
798
375
-124
-687
-1225
-1784
-2382
-2955
-3468
-4010
-4455
-4799
-5122
-5362
-5474
-5509
-5470
-5289
-5073
-4756
-4345
-3882
-3399
-2826
-2231
-1619
-970
-309
338
953
1558
2101
2603
3069
3424
3724
3935
4061
4114
4122
4073
3942
3823
3648
3453
3244
3058
2886
2721
2591
2467
2354
2293
2177
2091
1983
1809
1593
1389
1109
739
323
-202
-757
-1296
-1842
-2469
-3032
-3554
-4082
-4506
-4861
-5152
-5380
-5487
-5537
-5464
-5260
-5016
-4666
-4259
-3779
-3245
-2617
-1999
-1374
-723
-114
519
1110
1694
2199
2703
3135
3465
3770
3971
4073
4120
4111
4006
3864
3748
3559
3359
3194
3000
2827
2667
2541
2384
2274
2185
2073
1979
1860
1701
1494
1282
938
572
146
-384
-926
-1453
-1992
-2585
-3111
-3629
-4109
-4537
-4886
-5168
-5381
-5474
-5515
-5418
-5236
-4961
-4580
-4127
-3610
-3047
-2416
-1807
-1164
-534
96
734
1336
1924
2444
2926
3320
3639
3870
4029
4095
4099
4067
3950
3825
3682
3492
3302
3113
2924
2748
2605
2470
2351
2245
2134
1994
1890
1751
1558
1363
1124
790
409
-4
-525
-1052
-1560
-2119
-2685
-3208
-3744
-4237
-4630
-4975
-5247
-5448
-5525
-5514
-5394
-5176
-4899
-4502
-4029
-3509
-2941
-2314
-1676
-1020
-350
249
860
1452
2017
2502
2933
3291
3579
3809
3946
4032
4054
4044
3945
3832
3702
3539
3373
3224
3063
2887
2746
2576
2421
2320
2165
2037
1909
1752
1550
1351
1090
720
354
-97
-594
-1113
-1639
-2218
-2796
-3333
-3874
-4327
-4737
-5074
-5355
-5514
-5602
-5590
-5405
-5182
-4842
-4447
-3950
-3404
-2781
-2121
-1481
-787
-137
495
1091
1671
2185
2651
3096
3406
3705
3907
4014
4077
4080
4004
3867
3770
3581
3419
3274
3090
2908
2777
2644
2460
2346
2197
2053
1923
1769
1581
1374
1179
868
534
160
-305
-809
-1301
-1847
-2440
-2970
-3496
-4001
-4448
-4826
-5147
-5369
-5489
-5539
-5454
-5261
-4980
-4596
-4132
-3634
-3047
-2407
-1776
-1124
-479
156
772
1363
1904
2395
2854
3200
3477
3738
3901
3983
4018
3995
3909
3813
3702
3520
3352
3177
2991
2827
2693
2526
2387
2290
2157
1996
1850
1702
1507
1315
1044
694
346
-82
-585
-1076
-1604
-2184
-2736
-3258
-3787
-4260
-4656
-4994
-5252
-5421
-5519
-5511
-5368
-5140
-4812
-4404
-3944
-3404
-2807
-2155
-1531
-860
-213
396
998
1555
2059
2518
2939
3254
3544
3752
3883
3973
3993
3932
3821
3728
3565
3418
3239
3075
2909
2763
2659
2482
2376
2243
2114
2017
1880
1690
1475
1275
964
616
231
-261
-769
-1274
-1820
-2404
-2943
-3464
-3977
-4398
-4770
-5086
-5296
-5425
-5479
-5405
-5206
-4934
-4545
-4092
-3595
-3022
-2370
-1726
-1089
-441
171
784
1363
1884
2361
2797
3145
3423
3654
3797
3873
3907
3876
3791
3714
3583
3438
3304
3138
2955
2814
2692
2540
2431
2329
2194
2086
1981
1815
1632
1425
1153
815
447
3
-523
-1021
-1558
-2152
-2702
-3225
-3749
-4214
-4621
-4982
-5250
-5413
-5492
-5477
-5319
-5110
-4800
-4394
-3924
-3397
-2823
-2195
-1570
-914
-271
342
932
1480
1966
2435
2850
3165
3452
3663
3787
3858
3867
3812
3741
3653
3507
3349
3177
3024
2857
2712
2581
2458
2363
2252
2141
2025
1895
1707
1526
1319
1010
666
265
-206
-706
-1199
-1764
-2342
-2880
-3418
-3917
-4353
-4719
-5024
-5225
-5325
-5365
-5269
-5079
-4806
-4426
-3989
-3511
-2957
-2359
-1769
-1147
-523
76
680
1238
1759
2235
2682
3036
3309
3536
3666
3780
3813
3795
3734
3641
3513
3344
3189
3013
2869
2743
2630
2497
2386
2287
2180
2082
1963
1812
1636
1449
1164
842
491
43
-475
-1018
-1572
-2184
-2752
-3300
-3819
-4267
-4673
-5018
-5293
-5427
-5490
-5446
-5280
-5047
-4700
-4289
-3809
-3275
-2665
-2059
-1439
-815
-199
382
953
1510
1978
2453
2872
3199
3489
3703
3847
3928
3945
3875
3802
3705
3534
3405
3240
3072
2925
2796
2639
2500
2396
2273
2189
2105
1975
1783
1618
1381
1063
740
318
-171
-683
-1211
-1789
-2391
-2933
-3482
-3994
-4419
-4796
-5102
-5276
-5359
-5385
-5278
-5099
-4810
-4446
-4002
-3527
-2973
-2376
-1796
-1178
-575
10
583
1127
1619
2092
2545
2898
3186
3443
3607
3699
3733
3704
3609
3525
3347
3184
3022
2850
2691
2542
2439
2286
2212
2152
2040
1958
1861
1712
1559
1419
1191
914
579
167
-316
-824
-1359
-1935
-2461
-3003
-3521
-3949
-4338
-4674
-4930
-5051
-5121
-5088
-4922
-4712
-4396
-4000
-3555
-3073
-2498
-1923
-1343
-736
-178
357
909
1431
1882
2335
2708
2990
3263
3470
3581
3633
3635
3568
3468
3369
3202
3034
2884
2718
2535
2384
2239
2084
2007
1908
1839
1775
1686
1573
1429
1279
1020
722
380
-74
-545
-1012
-1536
-2088
-2617
-3137
-3613
-4041
-4409
-4695
-4907
-4998
-5025
-4933
-4752
-4504
-4164
-3755
-3287
-2776
-2237
-1680
-1102
-524
33
570
1084
1562
1989
2377
2697
2967
3205
3350
3457
3496
3496
3449
3354
3236
3083
2933
2778
2628
2474
2353
2217
2095
2012
1931
1843
1749
1664
1524
1399
1222
944
641
276
-175
-649
-1124
-1664
-2206
-2717
-3224
-3694
-4106
-4426
-4707
-4882
-4981
-4969
-4841
-4653
-4347
-3978
-3523
-3061
-2547
-2006
-1431
-862
-311
225
741
1251
1694
2108
2465
2777
3031
3225
3377
3429
3456
3439
3351
3238
3115
2956
2789
2637
2477
2335
2212
2091
1965
1853
1753
1652
1568
1474
1334
1201
1002
743
454
69
-377
-835
-1304
-1843
-2366
-2853
-3343
-3759
-4114
-4450
-4706
-4831
-4901
-4853
-4720
-4512
-4190
-3807
-3365
-2866
-2342
-1786
-1218
-654
-102
420
916
1392
1818
2208
2544
2831
3080
3232
3339
3394
3432
3391
3324
3244
3094
2974
2815
2679
2525
2378
2241
2119
2011
1897
1817
1715
1614
1507
1387
1221
1005
753
443
66
-376
-835
-1317
-1838
-2341
-2825
-3319
-3746
-4111
-4415
-4634
-4748
-4800
-4756
-4619
-4383
-4056
-3664
-3211
-2740
-2221
-1670
-1132
-587
-40
466
943
1380
1783
2155
2469
2740
2955
3109
3216
3251
3240
3203
3121
3012
2890
2753
2596
2430
2275
2125
2003
1892
1762
1689
1616
1529
1449
1353
1226
1072
866
601
304
-60
-471
-897
-1368
-1870
-2370
-2826
-3263
-3680
-4019
-4301
-4511
-4593
-4606
-4511
-4352
-4093
-3767
-3380
-2917
-2433
-1900
-1347
-810
-293
220
675
1135
1553
1937
2292
2565
2796
2979
3128
3224
3256
3250
3198
3088
2971
2849
2707
2543
2383
2210
2046
1902
1750
1632
1531
1445
1360
1292
1195
1073
915
699
443
132
-226
-642
-1089
-1570
-2070
-2572
-3029
-3467
-3847
-4157
-4420
-4576
-4635
-4608
-4495
-4288
-3985
-3629
-3218
-2760
-2283
-1757
-1244
-719
-203
272
744
1193
1609
1963
2284
2559
2793
2985
3128
3211
3252
3250
3199
3104
2992
2861
2716
2562
2403
2259
2115
2012
1888
1771
1704
1597
1497
1427
1312
1185
998
761
506
195
-190
-607
-1041
-1523
-2016
-2473
-2921
-3348
-3709
-4009
-4247
-4384
-4430
-4415
-4280
-4072
-3798
-3461
-3055
-2620
-2131
-1628
-1134
-636
-128
352
787
1207
1577
1915
2220
2469
2677
2833
2969
3025
3038
3009
2926
2829
2698
2557
2379
2226
2079
1926
1797
1671
1563
1486
1419
1332
1238
1150
1053
955
814
595
329
23
-357
-772
-1214
-1696
-2169
-2624
-3066
-3484
-3832
-4121
-4343
-4444
-4480
-4425
-4261
-4036
-3714
-3332
-2897
-2431
-1920
-1407
-888
-404
82
537
987
1396
1746
2093
2394
2658
2869
3032
3147
3187
3186
3165
3088
3001
2878
2726
2587
2452
2295
2157
2019
1898
1776
1687
1600
1503
1439
1347
1217
1089
920
669
376
9
-384
-809
-1256
-1749
-2228
-2649
-3085
-3482
-3806
-4067
-4279
-4375
-4411
-4343
-4212
-4011
-3721
-3365
-2952
-2534
-2045
-1559
-1068
-576
-106
357
795
1239
1602
1949
2244
2498
2722
2895
2992
3035
3070
3013
2932
2823
2704
2568
2433
2298
2154
2042
1907
1781
1656
1565
1469
1401
1352
1245
1123
990
821
588
323
-11
-393
-802
-1223
-1661
-2129
-2576
-3019
-3408
-3730
-4004
-4214
-4310
-4329
-4257
-4095
-3886
-3574
-3215
-2810
-2362
-1903
-1426
-932
-451
14
453
870
1260
1606
1947
2226
2463
2682
2863
2974
3033
3074
3056
3021
2939
2827
2701
2552
2423
2287
2160
2029
1890
1777
1676
1559
1448
1345
1238
1114
971
784
547
278
-42
-406
-802
-1199
-1633
-2065
-2479
-2886
-3257
-3552
-3793
-3989
-4113
-4142
-4113
-3999
-3794
-3505
-3183
-2817
-2414
-1979
-1524
-1084
-642
-223
218
633
1014
1383
1699
1970
2177
2358
2525
2619
2676
2709
2706
2656
2584
2504
2399
2285
2163
2057
1946
1824
1718
1616
1528
1438
1338
1245
1149
1019
876
712
486
234
-47
-390
-759
-1102
-1501
-1913
-2296
-2667
-3004
-3299
-3539
-3744
-3852
-3872
-3817
-3665
-3442
-3151
-2819
-2441
-2039
-1633
-1174
-731
-319
95
513
922
1278
1604
1897
2168
2370
2555
2705
2803
2842
2846
2863
2817
2738
2629
2499
2373
2246
2117
1964
1848
1698
1569
1441
1317
1195
1086
968
800
664
473
261
6
-273
-594
-961
-1298
-1664
-2014
-2367
-2708
-3041
-3326
-3549
-3728
-3836
-3890
-3845
-3745
-3557
-3327
-3047
-2711
-2340
-1934
-1516
-1062
-651
-219
185
574
944
1273
1575
1850
2118
2341
2509
2624
2709
2751
2746
2709
2667
2602
2507
2415
2309
2203
2060
1954
1833
1701
1571
1420
1298
1154
1025
879
715
532
326
90
-189
-485
-824
-1140
-1463
-1810
-2160
-2485
-2775
-3035
-3249
-3406
-3517
-3578
-3542
-3462
-3296
-3087
-2833
-2508
-2153
-1759
-1356
-953
-546
-137
247
625
1002
1332
1635
1899
2135
2332
2496
2626
2712
2753
2746
2719
2673
2602
2506
2400
2288
2178
2034
1900
1747
1585
1447
1313
1158
1008
859
703
533
357
165
-68
-302
-564
-864
-1193
-1519
-1844
-2182
-2495
-2796
-3052
-3274
-3448
-3555
-3630
-3621
-3557
-3433
-3225
-2969
-2673
-2340
-1968
-1568
-1156
-747
-346
26
414
796
1151
1469
1770
2018
2241
2428
2582
2698
2754
2793
2774
2754
2711
2640
2541
2445
2335
2206
2070
1924
1773
1618
1476
1302
1126
964
772
567
373
147
-71
-319
-557
-817
-1105
-1390
-1656
-1932
-2218
-2475
-2704
-2911
-3097
-3203
-3288
-3319
-3271
-3183
-3047
-2840
-2583
-2285
-1943
-1586
-1206
-815
-439
-58
339
698
1037
1365
1655
1912
2144
2339
2481
2581
2654
2690
2708
2682
2618
2544
2435
2316
2178
2039
1890
1719
1542
1368
1180
984
809
615
406
214
0
-211
-407
-620
-860
-1088
-1317
-1560
-1783
-2026
-2259
-2476
-2671
-2875
-3025
-3122
-3179
-3186
-3126
-3025
-2870
-2667
-2415
-2111
-1790
-1425
-1062
-695
-309
62
446
819
1152
1484
1777
2045
2277
2463
2600
2727
2823
2872
2898
2881
2836
2739
2648
2536
2377
2219
2040
1857
1684
1485
1275
1074
867
647
446
248
38
-163
-341
-566
-789
-993
-1234
-1479
-1696
-1923
-2168
-2390
-2597
-2758
-2890
-2997
-3056
-3084
-3059
-2978
-2858
-2689
-2460
-2178
-1886
-1564
-1223
-870
-504
-142
206
550
900
1216
1513
1778
2012
2214
2380
2529
2603
2641
2654
2636
2573
2510
2421
2296
2166
2033
1864
1686
1504
1307
1133
935
732
534
338
138
-79
-264
-460
-676
-865
-1077
-1311
-1524
-1715
-1930
-2137
-2342
-2528
-2702
-2823
-2889
-2943
-2942
-2889
-2772
-2593
-2383
-2148
-1886
-1585
-1262
-903
-547
-188
185
528
864
1179
1482
1755
2013
2237
2404
2569
2692
2773
2831
2848
2806
2733
2642
2496
2345
2182
1989
1792
1591
1375
1147
940
696
473
282
73
-136
-319
-507
-709
-901
-1085
-1291
-1508
-1687
-1886
-2092
-2274
-2420
-2554
-2658
-2724
-2775
-2781
-2718
-2641
-2501
-2320
-2125
-1908
-1659
-1387
-1079
-757
-418
-64
288
615
928
1252
1537
1790
2027
2224
2407
2566
2645
2671
2683
2637
2545
2453
2317
2157
2014
1849
1673
1484
1281
1073
874
680
479
289
103
-99
-275
-460
-699
-918
-1133
-1353
-1558
-1760
-1969
-2167
-2317
-2445
-2559
-2628
-2670
-2689
-2642
-2574
-2492
-2360
-2201
-2016
-1800
-1536
-1257
-948
-626
-309
19
342
670
988
1311
1612
1874
2118
2326
2494
2630
2712
2759
2763
2713
2633
2535
2392
2241
2075
1908
1739
1553
1376
1186
1020
847
677
510
327
129
-76
-283
-521
-758
-989
-1231
-1461
-1691
-1918
-2115
-2280
-2424
-2524
-2589
-2639
-2659
-2614
-2551
-2461
-2329
-2189
-2031
-1845
-1626
-1386
-1110
-800
-491
-180
144
456
800
1111
1394
1658
1892
2098
2253
2386
2461
2505
2510
2463
2393
2303
2169
2020
1863
1691
1522
1380
1222
1066
913
760
591
430
251
67
-124
-334
-552
-803
-1067
-1300
-1515
-1741
-1942
-2092
-2234
-2350
-2416
-2485
-2500
-2456
-2391
-2319
-2218
-2076
-1937
-1769
-1582
-1382
-1158
-927
-665
-394
-91
223
531
833
1104
1362
1600
1816
2001
2163
2289
2366
2398
2377
2323
2248
2153
2041
1914
1777
1644
1538
1421
1301
1156
1003
861
711
546
362
191
-16
-251
-478
-727
-983
-1201
-1422
-1620
-1795
-1934
-2036
-2111
-2159
-2191
-2206
-2177
-2112
-2040
-1915
-1823
-1711
-1564
-1410
-1238
-1050
-832
-608
-370
-123
141
409
685
951
1207
1440
1624
1798
1930
2037
2109
2131
2117
2082
2024
1928
1826
1705
1571
1453
1350
1229
1115
1012
874
742
592
454
294
114
-71
-291
-510
-737
-963
-1196
-1422
-1624
-1809
-1946
-2065
-2147
-2195
-2211
-2203
-2158
-2093
-2027
-1936
-1835
-1705
-1562
-1417
-1253
-1056
-859
-650
-423
-196
47
311
574
820
1057
1271
1463
1632
1766
1856
1933
1999
2034
2031
1989
1947
1867
1794
1712
1623
1542
1449
1350
1228
1132
1015
904
755
593
407
205
-10
-245
-496
-725
-957
-1173
-1367
-1544
-1675
-1794
-1892
-1949
-1968
-1971
-1951
-1930
-1870
-1797
-1707
-1611
-1496
-1362
-1216
-1061
-891
-721
-528
-309
-91
148
382
588
818
1015
1192
1349
1475
1576
1629
1681
1724
1739
1744
1736
1715
1663
1591
1513
1437
1353
1286
1201
1098
1009
871
721
542
353
148
-75
-303
-529
-749
-985
-1193
-1380
-1570
-1717
-1815
-1902
-1949
-1978
-1982
-1970
-1908
-1831
-1743
-1624
-1491
-1358
-1223
-1050
-882
-719
-545
-353
-183
-1
175
352
532
710
875
1023
1154
1250
1342
1423
1495
1539
1563
1593
1609
1604
1580
1546
1494
1428
1372
1316
1232
1122
1008
852
699
513
328
141
-63
-274
-494
-708
-915
-1084
-1249
-1390
-1504
-1602
-1655
-1684
-1698
-1678
-1639
-1577
-1498
-1428
-1333
-1206
-1080
-937
-795
-652
-504
-352
-195
-18
131
281
420
549
697
797
907
1005
1098
1170
1229
1286
1346
1396
1415
1439
1439
1424
1384
1346
1299
1220
1132
1019
899
755
597
432
277
88
-99
-291
-493
-670
-861
-1029
-1168
-1288
-1406
-1500
-1575
-1631
-1656
-1646
-1624
-1584
-1498
-1424
-1342
-1245
-1120
-980
-847
-703
-572
-440
-299
-158
-23
117
251
381
505
602
714
805
904
999
1083
1161
1232
1306
1349
1388
1416
1445
1445
1442
1405
1363
1297
1208
1112
999
891
761
613
454
270
74
-121
-309
-491
-678
-852
-1005
-1131
-1248
-1352
-1422
-1470
-1509
-1521
-1519
-1485
-1423
-1348
-1269
-1166
-1054
-939
-821
-705
-600
-501
-373
-260
-153
-62
36
142
250
363
456
559
652
750
834
914
1002
1053
1126
1185
1220
1256
1261
1226
1199
1153
1101
1032
955
873
757
640
498
357
196
33
-121
-267
-411
-549
-668
-794
-898
-974
-1037
-1086
-1110
-1121
-1110
-1087
-1064
-1021
-954
-897
-825
-740
-648
-560
-466
-363
-271
-185
-101
-17
71
136
207
273
331
386
425
481
525
566
619
668
716
764
828
864
900
919
932
928
917
906
843
784
703
613
526
418
285
148
25
-109
-235
-344
-457
-561
-659
-740
-798
-857
-899
-940
-958
-981
-984
-962
-935
-880
-828
-763
-692
-621
-535
-460
-401
-337
-275
-208
-142
-102
-65
-18
27
84
133
185
246
313
397
473
569
653
743
829
905
973
1032
1072
1072
1077
1062
1034
977
888
795
690
582
482
371
255
137
27
-84
-196
-290
-394
-496
-594
-680
-753
-824
-873
-898
-921
-939
-930
-903
-864
-817
-757
-707
-637
-568
-513
-445
-383
-320
-267
-223
-181
-137
-92
-49
-9
25
73
141
191
265
353
414
488
562
623
680
747
797
819
811
801
787
763
717
666
602
524
447
361
271
202
109
40
-23
-106
-163
-219
-292
-349
-398
-466
-496
-530
-543
-567
-581
-578
-560
-546
-535
-501
-451
-393
-340
-277
-229
-192
-179
-153
-145
-129
-121
-111
-97
-85
-45
-25
19
77
102
146
211
272
332
394
446
492
526
559
564
555
551
532
491
452
411
366
322
265
213
165
103
63
6
-41
-85
-133
-186
-248
-309
-371
-421
-462
-493
-520
-535
-528
-526
-521
-483
-442
-393
-360
-313
-289
-264
-230
-198
-189
-168
-149
-132
-122
-99
-72
-47
3
61
116
177
266
344
406
469
527
595
628
633
633
624
608
579
532
492
447
404
363
308
266
214
156
108
76
36
-12
-73
-130
-192
-249
-292
-337
-386
-420
-463
-509
-529
-545
-555
-553
-538
-511
-471
-438
-411
-370
-316
-290
-266
-240
-211
-180
-164
-147
-123
-107
-83
-59
-29
23
91
145
196
262
314
369
418
451
454
476
484
481
474
462
465
434
406
380
346
334
313
303
278
242
202
163
109
45
-40
-120
-178
-249
-295
-348
-372
-409
-429
-440
-449
-439
-432
-401
-386
-358
-318
-277
-258
-220
-191
-160
-114
-90
-62
-34
-4
7
28
61
74
110
142
184
217
263
308
339
364
371
390
405
425
437
434
437
443
427
416
410
392
370
329
285
243
206
157
94
23
-42
-111
-176
-239
-314
-388
-443
-494
-551
-587
-622
-631
-639
-619
-607
-589
-559
-543
-513
-463
-416
-385
-350
-315
-276
-241
-219
-189
-159
-131
-110
-80
-23
27
69
119
169
202
256
292
326
366
402
440
458
476
507
522
518
522
520
516
514
510
499
474
441
394
344
281
200
145
76
13
-55
-128
-196
-254
-290
-337
-380
-412
-404
-411
-415
-388
-359
-316
-288
-246
-206
-181
-173
-143
-120
-118
-112
-101
-89
-78
-66
-66
-53
-31
-9
27
63
114
154
201
247
265
282
297
303
308
320
319
337
335
325
312
304
291
269
249
211
160
113
56
-6
-69
-134
-208
-273
-338
-383
-425
-473
-509
-523
-519
-525
-493
-454
-418
-386
-331
-262
-210
-159
-122
-78
-48
-38
-29
-26
-15
-4
15
13
3
21
26
51
78
102
167
199
241
282
329
369
409
462
489
498
507
518
519
508
488
452
419
369
307
255
185
121
55
-9
-87
-170
-236
-300
-360
-424
-475
-498
-523
-539
-528
-508
-482
-437
-394
-342
-304
-256
-206
-174
-132
-105
-101
-78
-65
-54
-46
-61
-64
-68
-60
-66
-49
-18
11
61
111
157
207
250
289
318
347
380
411
453
466
458
477
478
470
440
393
358
309
258
209
134
82
8
-65
-142
-229
-284
-342
-394
-448
-460
-472
-471
-461
-437
-390
-352
-302
-243
-213
-174
-143
-110
-105
-86
-93
-93
-98
-111
-106
-113
-105
-111
-94
-85
-72
-36
-22
8
41
85
132
174
227
264
298
313
340
370
383
384
383
397
391
388
375
341
309
272
216
161
109
44
-7
-78
-143
-193
-244
-288
-323
-339
-331
-309
-284
-264
-235
-173
-124
-86
-38
-2
27
50
46
40
26
17
1
-40
-70
-89
-118
-132
-129
-127
-104
-79
-46
-4
19
70
101
131
162
202
235
237
251
257
254
246
234
213
203
183
154
124
82
44
-12
-55
-96
-137
-177
-222
-258
-302
-324
-350
-339
-327
-313
-262
-221
-184
-135
-95
-59
-42
-28
-12
-5
17
22
13
3
-8
-15
-37
-55
-74
-81
-79
-78
-60
-54
-39
-3
39
62
90
130
167
207
231
255
291
302
313
310
299
305
295
280
248
213
183
137
93
46
12
-34
-77
-120
-155
-177
-211
-226
-235
-236
-224
-212
-179
-153
-121
-110
-107
-92
-72
-56
-49
-42
-48
-54
-66
-88
-102
-103
-104
-112
-117
-109
-99
-70
-57
-49
-28
-15
2
26
56
82
108
132
159
175
181
194
216
234
229
230
214
193
177
152
121
85
51
16
-14
-44
-64
-106
-139
-150
-161
-159
-153
-130
-115
-85
-44
-10
24
46
64
79
77
84
84
54
52
33
8
-17
-25
-42
-68
-71
-89
-103
-105
-103
-84
-74
-63
-43
-32
-10
7
25
30
49
49
59
81
95
86
84
94
100
98
95
86
78
55
33
13
-2
-15
-40
-58
-82
-113
-121
-113
-115
-114
-113
-93
-69
-37
-15
6
33
38
45
45
29
9
4
-21
-42
-64
-84
-108
-136
-157
-179
-197
-188
-166
-173
-154
-142
-129
-113
-86
-66
-45
-22
7
32
62
113
150
197
235
248
263
270
270
268
256
233
219
202
178
134
90
63
34
30
9
-1
-2
-11
0
0
16
42
50
44
44
31
16
-7
-32
-49
-61
-66
-89
-100
-119
-137
-150
-168
-173
-175
-165
-159
-135
-122
-108
-93
-90
-85
-68
-50
-45
-40
-37
-20
3
25
27
42
66
70
76
86
92
81
79
71
66
62
44
44
31
25
26
29
20
16
25
35
40
36
42
27
27
21
9
15
9
-7
-11
-21
-33
-47
-79
-95
-105
-113
-115
-91
-63
-45
-26
4
10
27
47
47
59
59
62
66
67
58
41
49
47
45
57
59
64
76
86
97
91
100
100
95
95
66
59
44
20
19
12
3
4
14
15
11
1
-4
6
-8
-21
-20
-35
-61
-86
-109
-144
-164
-192
-214
-227
-232
-221
-217
-191
-177
-163
-134
-96
-74
-65
-67
-70
-62
-48
-31
-32
-29
-11
1
20
19
31
56
70
94
106
122
127
139
153
158
168
164
161
154
136
120
106
99
94
92
91
94
98
102
76
69
48
26
22
-10
-46
-59
-69
-82
-100
-109
-109
-134
-143
-144
-152
-144
-146
-139
-119
-94
-73
-62
-38
-31
-42
-38
-23
-20
-10
10
24
48
52
60
65
75
69
71
82
85
89
89
88
83
80
76
73
72
78
86
82
87
113
120
114
121
116
99
86
61
38
0
-24
-44
-70
-83
-104
-119
-129
-132
-135
-146
-146
-145
-143
-135
-124
-106
-101
-72
-59
-39
-24
-22
8
13
16
27
33
38
34
45
57
72
83
91
109
109
95
87
85
71
59
59
47
43
27
18
15
13
0
-14
-13
-9
-12
-24
-22
-34
-44
-58
-59
-54
-81
-93
-113
-139
-158
-169
-170
-180
-188
-180
-158
-153
-149
-130
-117
-98
-82
-60
-48
-36
-14
-5
20
50
65
72
83
94
108
123
137
146
150
150
135
140
139
144
150
143
157
146
130
121
115
107
99
94
84
80
64
45
36
13
9
-3
-15
-16
-32
-38
-49
-73
-89
-94
-114
-126
-130
-139
-121
-110
-111
-109
-107
-98
-103
-98
-92
-87
-79
-63
-43
-37
-13
15
33
41
57
66
79
86
95
109
102
102
104
105
102
102
102
92
81
88
92
99
117
135
127
115
106
80
66
45
22
-1
-15
-41
-61
-70
-84
-90
-100
-111
-115
-118
-104
-113
-116
-120
-101
-101
-112
-116
-121
-109
-118
-104
-98
-86
-85
-84
-63
-50
-40
-34
-20
-15
-2
0
8
23
33
35
49
61
66
80
98
99
98
100
93
109
112
119
112
86
69
78
71
61
60
51
48
20
13
-3
-20
-13
-25
-23
-44
-58
-65
-85
-84
-92
-104
-96
-83
-65
-53
-51
-49
-55
-51
-58
-71
-86
-78
-72
-76
-77
-72
-61
-62
-50
-41
-32
-14
4
-3
5
17
28
52
56
56
65
75
83
85
92
86
81
79
75
75
56
50
36
23
29
18
23
15
-6
-6
-10
-14
-10
5
-7
-6
-1
19
29
44
71
69
73
60
54
41
44
47
49
36
35
30
29
30
25
29
20
21
26
20
30
34
32
39
38
46
59
63
60
56
56
55
44
40
43
32
19
16
2
-14
-27
-50
-63
-83
-89
-113
-125
-139
-163
-166
-173
-174
-175
-176
-161
-157
-151
-149
-136
-125
-117
-92
-82
-77
-67
-53
-47
-46
-42
-35
-35
-31
-12
-13
-2
5
9
17
24
31
26
30
59
85
117
136
142
152
155
160
155
122
107
101
83
88
74
72
66
55
35
10
-8
-32
-48
-62
-62
-72
-68
-78
-81
-71
-75
-63
-66
-71
-69
-69
-56
-28
-13
3
23
31
40
46
50
47
41
29
26
29
33
25
30
31
33
28
31
30
48
64
67
67
61
70
60
66
62
68
71
66
51
39
26
23
29
43
31
21
14
0
-12
-16
-19
-42
-59
-80
-81
-80
-85
-93
-84
-82
-66
-61
-61
-40
-33
-36
-29
-6
7
21
28
33
21
17
18
-7
-17
-32
-49
-45
-46
-40
-34
-14
-2
14
18
7
9
4
8
1
1
11
7
11
9
1
8
7
21
24
24
30
38
36
30
40
39
40
32
30
21
13
15
17
28
23
17
19
16
5
-5
-6
-2
5
1
1
-6
1
10
-4
-4
-25
-34
-35
-35
-33
-31
-33
-30
-34
-18
-15
-10
-14
-29
-22
-32
-20
-3
-7
-11
-13
-4
-5
-17
-29
-36
-32
-34
-28
-18
-9
1
-6
-23
-34
-38
-58
-56
-63
-81
-59
-47
-62
-61
-63
-59
-55
-58
-36
-24
-13
-16
-3
12
4
-1
5
1
-2
-13
-7
-8
-20
-13
-18
-6
9
4
11
11
31
36
42
61
67
66
65
65
69
68
62
75
75
86
85
78
85
89
98
111
123
121
128
131
130
138
132
136
132
121
105
81
74
78
78
67
60
65
56
42
29
23
26
17
12
0
-8
-21
-29
-39
-53
-64
-81
-97
-102
-102
-120
-114
-118
-128
-137
-138
-143
-154
-144
-154
-164
-175
-179
-174
-168
-157
-143
-133
-121
-102
-96
-96
-76
-66
-49
-38
-18
1
1
3
8
23
24
30
37
35
37
41
46
61
57
54
51
57
64
69
80
85
95
102
108
95
86
87
84
87
91
107
103
98
99
97
81
59
45
18
13
5
-10
-27
-35
-43
-53
-67
-71
-66
-60
-53
-42
-37
-32
-28
-31
-26
-29
-27
-16
-8
-27
-25
-28
-31
-37
-58
-60
-60
-59
-60
-72
-77
-61
-59
-47
-41
-52
-48
-37
-42
-38
-24
-6
10
16
18
31
36
46
41
27
33
32
27
24
11
9
4
5
2
-7
-16
-25
-26
-31
-40
-40
-44
-44
-26
-26
-9
19
29
49
62
74
88
102
118
131
133
143
145
142
148
134
122
123
117
109
105
91
85
86
74
68
59
52
58
58
49
48
39
31
17
-1
-2
-20
-32
-33
-40
-51
-64
-76
-95
-112
-133
-144
-161
-167
-161
-160
-159
-157
-152
-149
-153
-153
-144
-131
-111
-100
-82
-72
-62
-56
-48
-31
-20
3
18
33
47
47
57
66
69
80
84
87
91
88
79
82
74
81
87
76
67
61
63
47
43
38
40
30
27
11
-4
-14
-24
-34
-47
-49
-53
-65
-82
-85
-93
-104
-113
-116
-111
-101
-73
-67
-57
-39
-40
-29
-20
-6
9
14
8
11
16
26
16
29
44
53
78
94
113
118
120
122
125
143
142
139
142
139
134
136
136
126
106
91
79
60
57
33
20
19
-3
-19
-29
-44
-52
-57
-62
-82
-104
-119
-141
-151
-167
-170
-167
-158
-151
-151
-155
-147
-147
-154
-147
-140
-135
-117
-105
-100
-82
-58
-52
-46
-22
-8
13
44
67
79
85
99
104
127
146
154
152
151
146
145
152
143
133
125
121
124
132
126
115
96
83
65
52
40
28
7
-5
-9
-17
-23
-30
-52
-82
-89
-90
-95
-105
-103
-121
-128
-126
-131
-130
-125
-127
-118
-103
-92
-79
-66
-50
-45
-36
-33
-23
-4
9
4
11
32
63
85
94
97
106
121
123
122
118
113
118
116
122
120
120
118
98
69
35
16
-1
-26
-45
-46
-43
-39
-57
-72
-76
-84
-95
-100
-108
-111
-122
-132
-137
-140
-145
-154
-150
-137
-133
-128
-112
-99
-75
-57
-31
-15
-5
11
25
54
75
90
103
103
105
108
121
126
134
145
153
155
159
163
157
145
138
125
115
107
82
77
57
38
19
15
3
-13
-23
-46
-69
-84
-92
-101
-95
-102
-107
-113
-130
-135
-143
-147
-138
-141
-145
-148
-152
-144
-141
-130
-114
-95
-70
-57
-31
3
22
45
82
106
119
128
149
167
170
169
177
192
196
190
190
174
176
171
158
149
130
120
104
77
62
38
9
-12
-23
-33
-40
-54
-67
-80
-102
-109
-97
-100
-117
-120
-128
-150
-158
-158
-175
-186
-204
-220
-219
-196
-181
-181
-160
-151
-130
-109
-84
-62
-48
-29
-6
4
16
44
67
82
98
113
124
129
138
139
146
160
159
151
147
149
152
156
142
131
113
108
93
72
56
46
36
23
20
15
-12
-26
-47
-58
-63
-76
-66
-75
-88
-95
-103
-109
-110
-112
-114
-109
-103
-104
-111
-102
-86
-72
-53
-33
-10
11
36
52
76
86
109
133
143
150
166
165
158
174
172
152
148
146
118
112
110
91
79
54
39
24
9
-6
-16
-33
-28
-38
-57
-80
-96
-113
-119
-144
-170
-169
-182
-186
-182
-187
-195
-197
-190
-186
-187
-181
-174
-173
-155
-147
-122
-100
-88
-64
-42
-24
-1
32
54
82
110
135
156
178
192
200
215
229
234
227
235
229
223
217
193
180
154
125
103
84
60
40
12
-3
-9
-23
-31
-43
-61
-78
-92
-102
-112
-116
-107
-120
-134
-158
-170
-172
-183
-193
-208
-212
-216
-216
-214
-195
-173
-155
-134
-118
-89
-61
-38
-15
17
47
66
97
126
158
182
189
203
206
199
190
186
186
189
190
186
185
183
180
160
143
136
119
93
80
62
46
28
10
-22
-44
-53
-79
-85
-110
-118
-129
-138
-140
-148
-158
-168
-159
-160
-160
-144
-134
-128
-120
-107
-99
-82
-64
-53
-38
-13
18
40
60
77
92
110
120
124
142
139
137
156
161
158
153
147
146
123
112
94
83
72
50
25
12
-12
-38
-57
-75
-89
-96
-100
-109
-114
-118
-118
-135
-144
-142
-156
-172
-173
-183
-194
-197
-193
-176
-175
-165
-149
-138
-120
-96
-69
-45
-26
-9
28
50
67
89
123
145
164
178
188
201
214
218
221
214
202
201
184
168
171
171
153
132
104
95
85
63
38
25
7
-21
-27
-51
-65
-68
-84
-98
-106
-111
-125
-132
-131
-141
-143
-136
-149
-150
-150
-148
-141
-131
-116
-124
-118
-107
-86
-67
-47
-32
-20
17
29
45
69
93
112
127
133
150
178
191
192
191
194
191
189
181
169
161
150
136
123
100
84
78
61
46
37
26
9
-15
-29
-54
-58
-72
-88
-100
-116
-120
-143
-153
-161
-167
-168
-179
-168
-169
-162
-159
-154
-147
-148
-143
-119
-107
-92
-79
-68
-48
-33
-21
-6
3
1
12
34
53
68
88
107
123
153
159
166
177
168
166
164
150
132
120
116
117
111
91
78
66
43
13
-3
-14
-25
-41
-60
-75
-84
-96
-129
-143
-151
-166
-182
-189
-191
-190
-179
-173
-164
-153
-148
-139
-116
-102
-93
-70
-64
-50
-29
-16
-6
22
38
54
81
103
130
136
141
164
163
177
184
185
186
171
173
156
148
141
134
119
118
111
101
89
76
70
53
39
14
2
-5
-10
-13
-29
-39
-42
-58
-87
-110
-127
-151
-151
-146
-144
-147
-149
-152
-153
-149
-135
-111
-104
-92
-74
-67
-66
-49
-42
-28
-14
9
26
45
62
67
73
89
108
116
124
132
135
138
145
145
133
126
119
107
101
84
68
72
56
37
26
21
8
1
-14
-22
-29
-28
-33
-42
-56
-74
-90
-109
-125
-140
-137
-146
-137
-127
-127
-119
-138
-138
-125
-107
-88
-73
-54
-42
-30
-31
-8
15
29
39
57
66
83
95
103
115
126
142
149
149
149
140
134
146
145
127
110
95
76
54
35
15
-5
-33
-49
-62
-80
-91
-94
-103
-108
-111
-118
-117
-111
-108
-108
-112
-119
-130
-137
-133
-145
-141
-136
-131
-121
-121
-119
-102
-88
-76
-56
-37
-23
-9
13
30
45
57
62
71
87
101
122
132
132
146
142
138
149
146
152
151
142
146
150
153
145
128
123
109
94
79
71
65
72
72
59
37
22
26
12
2
-8
-14
-26
-43
-56
-62
-66
-83
-87
-79
-95
-113
-113
-109
-108
-101
-108
-106
-100
-89
-63
-45
-33
-18
-17
1
4
19
44
54
70
67
76
72
72
75
75
72
76
84
77
61
40
31
13
-6
-9
-11
-24
-38
-56
-58
-51
-54
-58
-67
-69
-57
-62
-64
-64
-70
-72
-74
-65
-66
-67
-77
-93
-82
-82
-88
-75
-74
-69
-70
-65
-50
-34
-18
-12
-8
10
22
38
37
39
53
52
72
77
77
76
67
62
67
46
38
46
48
42
40
43
45
39
41
31
18
13
-8
-11
-17
-27
-31
-25
-33
-38
-35
-41
-46
-31
-26
-29
-21
-19
-12
-13
-18
-18
-18
-29
-39
-51
-52
-44
-49
-42
-27
-19
-12
2
11
8
14
23
21
41
57
69
77
91
108
124
136
140
154
148
141
140
136
127
121
111
100
77
65
59
35
25
8
1
-14
-29
-40
-58
-57
-66
-67
-60
-61
-68
-69
-79
-79
-88
-95
-87
-86
-85
-90
-90
-90
-93
-97
-85
-74
-66
-63
-54
-45
-38
-38
-32
-31
-22
-5
-2
7
10
37
36
31
46
52
51
44
41
48
38
34
38
29
24
5
-8
-16
-27
-39
-39
-45
-42
-34
-31
-30
-25
-11
-23
-22
-14
-13
-13
-19
-9
-1
-2
2
2
1
-9
-16
-19
-23
-13
-6
-1
9
6
3
18
15
26
22
23
22
9
13
15
9
10
19
27
36
33
44
54
44
52
53
64
81
71
77
78
81
84
67
70
57
36
35
14
15
24
21
14
12
12
-12
-18
-21
-28
-35
-45
-43
-43
-40
-39
-44
-57
-75
-82
-105
-106
-105
-111
-102
-99
-96
-93
-73
-55
-53
-44
-15
-13
-2
10
10
25
37
36
39
40
54
47
48
58
60
76
80
93
82
89
86
70
56
49
54
51
53
50
46
36
40
32
26
16
18
9
-4
-3
-18
-26
-30
-40
-53
-55
-61
-63
-63
-64
-59
-67
-75
-75
-73
-75
-67
-59
-46
-30
-31
-28
-30
-29
-13
3
5
12
24
43
46
59
55
51
49
37
29
21
25
19
34
26
7
9
22
28
22
30
40
36
33
31
28
19
14
2
-7
-16
-22
-24
-23
-33
-46
-45
-48
-33
-41
-32
-32
-52
-51
-58
-57
-60
-64
-62
-59
-52
-41
-37
-21
-9
-11
-6
8
5
23
29
21
36
30
26
27
42
37
40
41
40
34
42
32
40
47
28
29
23
15
6
3
20
31
20
21
11
-3
-7
-13
-18
-10
-21
-28
-21
-19
-27
-45
-50
-59
-53
-72
-79
-78
-76
-52
-38
-15
-11
-3
6
-7
-8
-6
-4
3
20
25
46
75
85
92
86
97
97
93
101
96
86
73
75
68
58
57
61
48
50
61
37
27
13
-3
-8
-26
-33
-29
-24
-24
-20
-25
-28
-40
-48
-67
-73
-73
-90
-88
-92
-86
-89
-88
-102
-87
-76
-61
-42
-30
-18
-16
-19
-33
-20
-14
-18
-5
-6
14
37
33
44
49
51
46
32
40
45
47
44
35
42
37
38
35
29
22
23
20
19
9
-1
7
9
14
2
-9
-28
-27
-28
-35
-41
-44
-39
-43
-39
-48
-51
-55
-63
-49
-45
-33
-28
-35
-33
-30
-20
-3
-11
-16
-7
2
5
16
32
31
47
49
45
55
57
56
65
72
70
62
55
45
37
27
32
34
43
37
34
40
41
41
43
36
13
3
-1
-5
-17
-23
-23
-33
-37
-41
-47
-51
-58
-63
-59
-44
-38
-39
-38
-42
-38
-37
-41
-32
-27
-28
-27
-25
-23
-20
-24
-15
-5
-5
6
10
14
11
18
31
25
48
57
62
75
59
55
68
60
48
49
57
55
47
35
32
38
33
42
43
32
25
20
10
2
5
5
-2
-11
-17
-12
-21
-22
-28
-34
-48
-51
-60
-70
-72
-80
-82
-74
-74
-88
-88
-78
-81
-69
-66
-63
-43
-28
-19
-17
-9
-6
13
11
5
-5
1
-1
-8
3
23
38
54
57
53
53
45
34
37
50
47
45
40
37
27
17
11
6
0
-2
0
8
7
-2
-8
-12
-15
-24
-28
-35
-39
-34
-33
-30
-35
-30
-17
-13
2
4
-4
-12
-21
-17
-11
-13
7
24
28
32
51
64
67
72
65
55
57
39
32
31
26
35
22
14
11
8
7
6
5
10
9
14
17
24
39
31
24
22
22
16
3
-1
-8
-33
-35
-40
-54
-48
-36
-29
-21
-12
-27
-33
-37
-63
-82
-84
-93
-95
-89
-81
-59
-38
-41
-34
-28
-15
5
2
12
18
7
18
25
31
34
25
33
31
28
30
21
14
19
29
39
38
47
60
55
44
42
55
58
42
21
15
22
16
16
15
12
13
7
9
14
1
-4
-9
-15
-17
-24
-39
-45
-57
-57
-51
-56
-38
-38
-34
-31
-30
-13
0
3
5
10
16
22
18
18
21
22
37
37
36
52
52
43
35
24
9
-1
-22
-26
-33
-25
-16
-23
-14
-19
-40
-58
-61
-71
-72
-78
-90
-90
-89
-73
-67
-64
-51
-39
-31
-35
-38
-37
-46
-53
-50
-45
-37
-23
-20
-6
13
9
20
37
34
41
35
36
38
38
45
43
40
47
62
80
90
94
89
89
79
66
44
32
36
22
15
20
42
57
78
84
92
96
85
81
75
79
63
60
58
43
26
9
18
3
1
14
12
6
-1
-17
-25
-36
-43
-49
-53
-52
-49
-28
-22
-27
-27
-28
-31
-38
-50
-39
-23
-18
-1
11
25
32
21
26
11
2
5
-12
-15
-16
-22
-16
-15
-14
-5
-1
-6
-15
-14
-23
-41
-46
-46
-52
-45
-53
-60
-51
-38
-31
-16
-13
-9
-24
-43
-57
-71
-74
-81
-78
-73
-80
-79
-87
-90
-84
-83
-70
-66
-53
-48
-42
-44
-43
-27
-10
-7
18
32
37
42
45
42
34
41
32
38
39
51
66
73
75
90
96
85
88
84
66
51
56
58
46
42
42
47
55
56
56
68
72
61
60
33
7
-4
-14
-27
-30
-27
-23
-34
-49
-51
-51
-43
-56
-57
-61
-73
-64
-60
-51
-48
-41
-29
-14
1
7
9
23
25
15
15
13
17
29
40
67
69
61
67
75
87
94
93
83
67
65
63
43
45
47
56
59
57
60
64
64
48
38
30
25
10
3
4
5
12
0
-6
-23
-39
-53
-69
-81
-102
-106
-107
-104
-85
-82
-96
-94
-86
-89
-81
-76
-72
-69
-73
-69
-69
-68
-67
-72
-74
-74
-76
-62
-52
-40
-35
-27
-13
-18
-19
-22
-19
-20
-20
-6
7
22
22
19
13
5
18
18
21
27
28
46
37
47
42
47
42
44
37
23
23
5
-3
-4
-12
-9
11
28
29
38
43
49
56
51
55
53
54
40
43
46
44
52
59
59
53
36
36
46
49
45
33
34
18
26
25
13
17
15
12
9
19
7
10
22
20
22
23
18
-3
-14
-23
-27
-33
-32
-38
-52
-50
-59
-77
-89
-86
-91
-95
-106
-111
-107
-98
-86
-86
-74
-65
-46
-35
-19
-20
-19
-9
-3
1
15
20
25
30
34
53
50
58
72
70
67
71
70
61
44
42
32
25
13
25
42
39
32
38
32
20
17
1
-7
-5
2
-3
8
20
22
10
5
-5
-26
-40
-49
-46
-59
-52
-52
-59
-47
-50
-37
-29
-27
-21
-18
-7
-13
-21
-19
-12
1
4
4
2
-5
-6
-5
-1
7
7
15
20
26
37
46
52
49
48
55
56
52
53
45
45
38
34
25
14
32
42
39
45
42
36
28
23
14
2
-19
-41
-44
-50
-47
-40
-30
-52
-60
-51
-54
-49
-46
-31
-19
-12
-7
-8
-10
-14
-13
-19
-15
-6
-4
-1
1
15
22
37
33
17
14
9
-2
-6
-8
-3
3
4
13
16
18
2
-3
-7
-7
-8
-17
-17
-17
-16
-18
-10
-5
-7
-7
-17
-25
-25
-20
-11
-25
-16
-14
-20
-24
-28
-28
-33
-37
-31
-23
-25
-13
-18
-11
-9
0
0
16
30
20
13
17
33
32
27
16
15
12
0
4
3
2
7
-9
-19
-13
-3
10
19
24
27
32
27
23
24
3
1
9
0
1
-9
-10
-11
-10
-8
-18
-17
-18
-16
-14
-22
-25
-22
-22
-31
-26
-24
-17
-6
-11
4
14
29
36
33
29
26
35
58
60
58
67
56
66
61
60
60
67
68
61
59
63
54
54
58
58
59
53
48
32
9
-16
-14
-15
-24
-49
-48
-61
-64
-56
-60
-59
-56
-53
-61
-60
-60
-52
-50
-54
-51
-59
-61
-58
-62
-60
-68
-60
-49
-43
-33
-22
-17
-9
-2
-1
8
2
-6
-9
-10
-10
-15
-3
10
4
8
-5
-6
-18
-27
-14
-8
-4
7
20
31
35
23
21
19
9
-4
-10
-15
-4
5
9
15
21
13
4
1
-3
-4
-1
8
8
1
-7
-7
-10
-14
-16
-9
-6
-4
-4
-5
3
5
15
13
13
23
21
25
30
28
34
36
38
32
34
46
40
27
40
36
33
41
42
52
56
55
52
50
43
33
31
28
22
22
30
32
35
47
45
30
14
-1
-3
-18
-14
-23
-30
-20
-23
-19
-29
-33
-37
-39
-38
-54
-56
-51
-52
-53
-58
-48
-46
-47
-45
-30
-28
-29
-10
-9
14
8
5
16
12
27
25
30
35
36
22
5
12
0
-22
-14
-11
-12
-8
-10
3
6
10
0
4
3
-1
0
-5
-3
-5
-17
-19
-20
-25
-28
-21
-19
-13
-17
-8
-15
-18
-20
-29
-18
-16
-16
-9
4
5
2
5
3
-1
-6
-9
-13
-12
-10
-12
-19
-5
9
25
23
20
24
5
9
1
-9
-16
-14
-7
-7
-5
0
-2
1
3
0
3
4
1
4
9
-4
-4
-5
-20
-21
-19
-29
-28
-33
-31
-37
-39
-41
-48
-50
-55
-44
-41
-29
-28
-21
-21
-11
4
11
24
27
36
35
31
39
42
55
63
54
50
59
59
58
75
74
73
67
69
66
67
73
69
81
64
69
65
57
48
49
42
32
30
29
23
21
24
16
17
7
-5
-5
7
-10
-15
-32
-35
-50
-63
-61
-73
-73
-86
-80
-76
-65
-47
-47
-56
-50
-55
-47
-43
-40
-29
-23
-35
-27
-23
-26
-17
-12
-12
-11
-1
7
13
20
28
26
38
46
35
34
41
38
27
15
9
-12
