SAMPLES:	24557
BITSPERSAMPLE:	16
CHANNELS:	1
SAMPLERATE:	16000
NORMALIZED:	FALSE
-1
-4
-2
0
5
5
3
6
15
24
24
15
20
14
2
11
11
10
6
10
10
8
14
12
5
1
7
6
2
3
-10
-6
-2
-6
-13
-13
-13
-3
-13
-22
-12
-14
-7
-11
-8
-6
-6
-4
-2
-10
-2
-3
-9
-8
-7
-1
-5
-1
-3
1
-8
-3
-2
-14
-5
13
6
15
11
17
18
21
22
9
3
4
10
14
9
2
5
-4
3
2
0
-1
5
-2
0
-5
-5
-2
1
2
2
3
-3
1
-15
-5
-5
-11
-9
-11
-11
-14
-17
-8
-8
-11
4
-4
1
12
8
5
12
0
0
4
6
2
6
19
14
19
11
15
14
10
13
16
19
16
19
13
2
9
8
4
2
4
-5
-4
-4
-5
-6
-14
-10
-2
-1
-4
-6
4
3
-2
-6
-13
-8
-11
-5
-5
-5
-6
-7
-5
-10
-14
-4
-5
-4
-6
-5
5
4
-4
-5
3
-7
-2
6
6
2
-1
-2
2
-2
-11
-3
-3
-5
-9
-5
-8
-9
-6
-5
-4
-6
-15
-7
-7
-19
-7
-8
-3
-5
-10
1
1
10
10
2
6
6
3
7
7
-1
2
-5
-1
2
3
-4
-7
4
2
4
7
6
4
0
2
15
9
10
8
12
17
4
17
18
13
4
2
4
3
7
4
-4
0
6
1
2
-3
-5
0
1
-4
1
-6
-5
-9
5
-1
3
8
2
-4
-10
-10
-3
-10
-19
-11
-12
-13
-15
-9
-13
-10
3
-2
-7
-4
-5
-6
-9
3
5
-6
-7
-9
2
9
2
0
1
-4
6
11
3
3
9
8
6
13
9
7
11
4
10
10
11
12
11
9
1
3
4
0
-9
-2
-4
0
-4
5
6
3
8
8
13
14
14
15
8
-2
7
7
7
3
2
8
-4
3
1
-6
-1
-9
-5
-1
-6
-9
-5
-12
-7
-3
-16
-7
-6
-4
-8
-9
-8
-11
-6
-13
-7
-4
-13
-5
-4
-8
-9
-2
-2
-6
-8
-5
-3
-13
-6
-4
-7
-7
-3
-6
-10
-3
-10
1
1
-9
-11
-7
-6
-5
-3
-1
-1
4
0
2
2
4
4
4
5
3
10
1
7
7
9
5
7
13
7
10
7
11
13
9
9
3
5
10
12
12
5
-2
-1
-2
-2
5
-3
-1
6
-5
2
7
7
13
10
11
10
9
2
5
8
-2
1
-1
0
3
-3
0
0
-8
-6
0
4
-6
-3
-11
-4
-4
-6
2
-14
-16
-12
-4
-7
-5
-9
-10
1
7
6
8
6
10
13
3
-1
10
0
2
4
0
-3
-3
4
-2
-4
1
0
-12
-1
1
1
-1
0
1
1
8
6
0
5
4
1
2
-7
-9
-10
-11
-11
-13
-6
-8
-8
-6
-4
-6
-8
-7
2
2
-4
6
9
4
10
10
3
-4
-4
-1
-2
2
-5
-7
-7
1
-4
5
6
-6
7
11
12
1
-2
0
-2
-3
3
-5
-6
1
-6
-4
-1
2
4
4
12
6
1
5
10
5
6
2
-9
-9
-3
-4
-3
-9
-8
-5
-15
2
-8
-11
4
0
-4
9
6
1
1
1
4
4
1
1
2
3
6
10
3
8
13
6
9
1
12
7
8
8
0
0
0
2
-8
-15
-9
-14
-18
-20
-18
-8
-10
-7
-6
-8
-7
1
5
-2
-2
1
1
0
0
-1
4
12
2
1
6
7
-5
-2
5
-2
3
8
7
12
10
5
14
16
12
12
6
10
9
6
3
4
6
1
-4
1
4
-1
6
2
-1
7
3
6
-3
-7
-7
-8
-6
-7
-11
-14
-11
-18
-14
-9
-13
-9
-10
-11
-5
-12
-2
-1
-8
4
0
0
3
0
4
-3
6
1
-1
1
5
4
3
2
9
2
4
5
0
1
4
2
1
0
3
6
6
9
4
8
2
11
12
4
1
6
1
-4
6
2
0
0
-9
-4
-2
0
-4
-7
-3
-9
-8
-9
-10
-9
-13
-10
-12
-9
-6
-9
-5
-7
-3
0
-5
1
-1
-2
15
9
2
1
6
3
1
7
11
8
5
-1
0
-2
-3
6
-4
1
4
9
13
9
8
10
4
7
7
2
5
0
12
5
-1
1
-2
6
-2
2
6
-4
-6
-4
-8
-9
-7
2
1
-11
-13
-12
0
-4
-3
-15
-18
-12
-14
-3
-4
3
4
1
4
6
3
2
7
9
6
4
10
8
5
5
8
7
2
6
6
3
4
3
7
7
-5
1
8
-3
-1
2
-9
-4
1
-3
-9
-6
-8
2
5
-2
-5
-4
0
0
-1
-6
-4
-2
2
-4
0
-7
-7
-3
-1
-4
-5
4
2
3
-5
-11
-1
5
1
6
4
7
2
6
4
1
2
2
6
-1
6
4
8
10
8
5
1
-3
-1
2
-2
1
5
4
-1
-1
-3
5
6
2
-1
-4
-2
-1
-1
-8
-14
-6
-7
-9
-3
-3
-6
-1
6
1
-1
-2
6
1
0
0
-9
-4
-7
-3
-7
-9
-6
-9
-7
-10
-14
-12
-12
-4
-2
-8
-1
-1
-6
-5
11
10
2
0
-7
-4
-3
-2
-4
-1
-1
-5
3
13
8
10
11
11
10
7
11
2
6
4
4
1
7
9
9
5
5
1
-8
-1
-2
-1
-4
-8
2
10
8
6
1
6
18
13
-4
-6
3
0
0
-6
-12
-10
-2
4
-1
-9
-5
0
3
-9
3
3
1
5
1
-3
13
19
10
5
4
10
3
5
2
-4
-7
2
-3
-2
6
5
11
12
5
12
13
8
3
0
5
0
-1
0
-4
-2
-5
-9
-6
-10
-22
-15
-14
-10
-8
-7
-7
-7
-3
-8
-1
-1
-12
-10
1
0
-6
-4
-17
-13
-4
-12
-9
-5
-20
-13
-9
-13
-9
-6
-1
-5
2
-1
1
7
0
1
7
6
4
9
7
5
3
8
8
5
5
4
4
0
-1
-6
-4
-6
-3
-2
-2
5
7
9
5
6
7
9
6
13
12
13
11
5
7
12
13
4
4
3
6
6
3
8
3
7
0
-1
-3
-1
3
-3
-9
-7
-2
-4
2
2
-3
-4
-5
1
-1
-5
0
-5
-4
-7
-2
0
0
-2
-3
3
5
-3
-2
-3
-3
9
16
15
12
16
16
12
6
9
5
5
9
11
3
-6
-11
-5
-4
-11
-11
-16
-13
-10
-17
-13
-9
-11
-4
-5
-6
2
-3
-5
-7
-13
-16
-12
-12
-14
-10
-8
2
-4
-10
-3
6
13
12
4
8
14
14
13
4
4
4
4
0
-4
-7
-4
1
-3
-6
-7
-7
-4
4
0
4
13
8
0
-2
2
5
-6
-5
6
0
3
-4
2
4
9
14
8
-1
4
5
0
-1
-5
-5
-5
-5
-4
-8
-15
-4
-5
-7
-3
-1
2
5
3
-9
0
2
-13
-5
0
-6
1
5
-8
-2
3
-2
5
-3
-5
4
0
3
7
10
9
9
2
12
17
11
18
7
-3
-1
3
7
8
6
5
7
2
7
15
4
1
0
-1
-8
-11
-14
-13
-11
-4
-4
-3
-1
-12
-11
-8
-4
-2
-5
-11
-8
4
-4
-9
-6
4
15
12
9
2
12
4
4
9
9
14
7
3
-10
-7
-2
1
-3
-4
2
3
2
-4
-9
-10
-11
-9
-8
-7
-14
-13
-1
-6
-1
9
10
10
4
-7
-13
-10
-13
-17
-11
-11
-2
7
-3
-4
4
8
8
10
4
0
13
9
9
18
10
7
9
12
10
9
13
2
5
5
-3
-1
3
-12
-4
10
6
11
11
6
0
2
1
7
1
-3
-5
-5
-10
3
12
8
7
-2
-6
-7
1
-13
-6
-2
-10
-3
-1
-4
-9
-14
-15
-15
-8
-11
-6
-3
-8
-5
5
1
-9
-2
-8
-16
-6
-10
-19
-7
-8
-2
-14
-14
-2
-2
1
14
7
2
12
3
-1
-1
-4
-12
-3
-7
-6
6
3
1
5
5
0
15
9
4
6
0
-10
0
3
7
9
10
21
22
24
22
19
12
9
6
-2
-3
-4
-5
-5
6
10
7
5
2
5
3
0
11
9
-1
4
9
1
6
10
0
5
5
-6
-6
-6
-13
-12
-11
-11
-7
-7
-4
-4
-5
0
12
7
-1
-7
-16
-6
-11
-14
-10
-5
-4
1
5
10
7
11
6
0
6
1
11
10
1
-3
1
4
5
-4
-11
-9
-12
-6
-5
3
-2
-7
-6
-4
-3
-8
-8
-11
-14
-12
-12
-19
-15
-14
-13
0
-1
-8
-3
-2
0
12
4
7
15
8
15
17
3
5
18
8
15
12
10
16
12
-1
7
12
7
12
12
4
17
16
7
12
-2
-8
-14
-22
-23
-22
-26
-27
-17
-14
-10
2
-2
-5
-1
-2
-1
2
2
4
-2
1
1
4
9
-1
-4
-5
-7
-1
3
7
3
6
5
2
-5
-10
-8
-2
0
-2
0
4
7
2
10
6
11
10
-1
2
7
2
7
6
2
12
8
4
6
3
-1
8
10
-3
-7
-9
-20
-17
-9
-5
-9
-10
-6
-2
-3
-5
0
0
-8
-6
-2
-4
2
2
-2
5
1
0
16
9
5
10
9
5
8
7
-6
3
11
2
-1
-2
3
2
2
8
-3
-5
-4
-5
0
13
1
2
7
0
4
6
3
-6
-12
-10
-6
-5
-7
-10
-6
-8
-5
-4
-3
-7
-12
-13
-11
-11
-5
0
6
4
2
3
0
11
9
-1
5
-1
-8
3
7
7
0
9
9
4
6
-8
-7
2
7
8
3
4
9
4
-2
-6
-1
-7
-4
2
-4
-10
-11
2
-1
-2
-3
-6
-5
-7
-18
-12
-7
-6
3
0
-6
4
13
14
18
15
0
12
17
10
19
12
7
15
12
20
12
2
13
5
-3
-2
6
2
3
0
-11
-7
2
-1
-8
1
-13
-14
-15
-26
-22
-20
-18
-17
0
-9
-15
-4
-6
-1
-8
1
-1
-6
-2
-6
2
-1
10
13
8
6
13
12
8
4
-5
-1
-1
-4
1
3
-3
4
12
11
5
7
4
12
15
5
9
-2
-12
-16
-10
-12
-22
-12
0
-6
-9
-2
-3
-5
2
-1
-4
-10
-15
-17
-7
-8
-8
3
2
1
7
12
9
12
16
14
8
9
16
17
13
12
16
16
17
26
19
17
17
12
6
3
6
-1
-3
2
-5
-2
5
-2
0
-5
-7
-13
-3
0
-18
-11
-16
-19
-12
-20
-20
-22
-16
-9
-11
-13
-11
-7
-8
-7
-2
-3
-15
-9
-12
3
9
2
1
0
2
0
0
-4
-10
-4
0
-6
8
14
13
18
13
11
4
-4
0
-4
-8
-2
1
-8
-8
-3
-9
-3
-4
-4
1
1
2
-1
-3
0
-5
0
-3
0
9
2
0
-8
-4
1
6
1
8
8
9
12
17
19
13
7
1
2
-3
-1
3
-4
-5
0
-1
8
4
7
8
4
3
0
-3
-12
-4
-2
-4
-1
0
1
2
5
3
-3
-5
-5
-9
-12
-5
-7
-8
-12
-5
8
1
4
5
-2
-5
1
0
4
3
-1
-3
0
2
6
12
13
15
8
20
21
16
10
8
5
6
3
8
15
3
15
15
9
11
14
3
-1
3
-10
-4
-6
-18
-16
-17
-11
-7
-9
-16
-9
-1
-6
-10
-12
-20
-16
-18
-11
-9
-8
-8
-2
-1
4
2
1
-3
-7
-5
-11
-3
-4
4
-2
-3
-2
-2
2
8
14
7
5
8
-3
1
5
0
2
-2
-8
-10
-5
-18
-11
-8
-8
-6
-10
-4
-9
-8
-8
-9
-8
-3
3
-4
-2
1
-3
2
-1
1
4
10
5
12
10
7
13
11
13
8
14
12
5
6
3
-1
3
4
2
3
-1
6
7
7
8
9
7
11
5
3
2
0
2
2
2
-8
-9
0
2
4
8
7
9
11
0
-1
2
1
-1
-3
-1
-6
1
0
2
5
7
5
0
2
4
5
1
2
-1
1
4
-2
1
3
-5
-4
-5
-4
-1
-9
-4
-5
-8
-7
-12
-5
0
-9
-1
0
-9
-10
-2
-6
-15
-11
-10
-8
-8
-8
-10
-3
-5
-1
0
-4
6
6
2
6
4
6
9
1
0
1
8
7
12
10
2
3
7
9
5
9
4
2
0
2
-3
0
-3
-3
0
-2
5
-1
-3
-2
-9
-8
-10
-5
-9
-13
-3
-6
-8
1
-4
-5
0
-3
-4
-4
-5
-4
-5
-3
-5
2
0
2
4
-1
4
-1
-4
0
-1
-1
0
0
-3
5
1
5
12
7
3
8
3
4
12
10
14
11
7
1
4
3
0
-1
-3
-6
-3
1
-1
-5
-2
2
-4
-4
-3
-3
-11
-10
-12
-7
-4
-2
-2
-1
-7
-6
2
-3
3
3
4
4
3
4
4
0
6
6
3
17
10
11
9
12
10
3
3
-5
-5
-9
-8
-4
6
4
2
8
-2
7
5
4
-1
1
2
-2
2
-4
-3
-4
-2
0
-6
-1
0
2
3
-4
0
-2
-8
-1
-4
-8
-4
-2
1
2
9
10
9
11
6
2
0
-4
-5
-3
-10
0
1
2
6
5
6
9
7
2
-1
-9
-8
-12
-12
-7
-9
-4
4
-5
-4
-2
-9
-4
-6
-2
-11
-9
-6
-5
2
4
8
6
6
2
-1
-1
-5
-9
-11
-11
-12
-12
1
-5
-2
-3
-3
-5
-6
-3
-4
4
2
3
1
1
5
4
7
4
4
7
5
6
9
3
-2
2
-4
-5
-4
-7
-3
1
6
5
1
-1
1
2
6
3
5
6
7
8
2
5
2
4
4
6
1
7
13
1
4
5
-1
-1
9
12
10
16
9
13
4
2
11
11
14
5
2
6
3
-8
0
-6
-8
-2
-6
0
0
-3
2
-6
-3
-8
-8
-2
-10
-6
-9
-8
-8
-11
-2
-7
-8
-5
-5
-5
-6
-4
1
2
-1
9
-1
-2
2
-4
-1
-8
-7
-11
-13
-3
-5
-1
2
0
-5
5
3
4
7
1
1
-1
-1
-2
-6
-4
-6
-4
5
5
3
-1
1
0
-3
-5
-8
-14
-9
-4
-5
1
-1
6
4
2
-3
-6
-2
-2
-1
-7
-5
-1
0
3
5
5
3
14
12
8
13
7
7
7
2
1
3
-2
3
6
7
4
2
-4
-5
-6
-2
-5
-11
-15
-5
-12
-10
-7
-6
-3
-9
-10
-12
-8
-14
-9
-4
-1
0
1
-2
2
3
8
12
11
15
12
18
12
15
16
17
19
13
11
4
7
7
1
2
1
3
6
9
4
6
7
9
9
7
9
8
6
3
7
2
-2
4
1
0
-2
-5
-10
-8
-5
-6
-3
0
0
2
-6
-7
1
-4
-8
-1
0
-4
-4
-6
-7
-10
-4
-3
0
0
8
-2
-2
4
-2
-2
-6
-2
-3
-4
-5
-10
-17
-8
-9
-6
-5
0
4
1
11
2
-1
-1
-3
-3
-8
-6
-10
-7
-9
-12
-10
-8
-9
-8
-3
-2
-2
-6
-1
-6
-1
3
-2
2
1
0
-3
-4
0
-1
-4
-6
-7
-5
-3
2
0
-1
2
0
5
6
4
7
2
6
4
-3
-2
-5
-4
-1
4
3
8
10
12
8
13
9
5
9
1
6
0
-2
0
0
6
0
-4
-4
-3
1
4
5
1
2
1
5
8
9
8
6
6
9
3
9
12
2
7
12
9
11
8
13
8
2
12
7
5
6
3
-5
1
4
1
2
4
-1
-4
-5
-9
-14
-12
-15
-15
-13
-4
-1
-7
-4
-2
0
3
3
-1
2
2
-7
-7
-8
-7
-7
-5
-4
-1
1
1
-2
-5
-3
-2
-6
0
-3
-2
-2
-6
-4
-5
-4
-1
-5
-8
-7
-13
-12
-4
-3
-2
-1
-5
-5
-1
-2
-3
11
10
4
5
2
0
-5
3
4
-6
0
5
-3
4
4
2
3
-5
5
5
2
11
6
5
1
9
3
5
8
3
3
-2
-4
-8
1
-1
-2
3
0
-7
-11
-8
-7
-11
-1
-5
-3
0
-2
-1
-1
1
1
-3
-7
2
-1
0
1
5
8
7
15
6
9
5
5
4
-3
3
1
10
5
7
4
-1
3
1
-5
4
3
3
6
-1
-1
2
2
-8
0
-6
-3
1
-6
-3
-2
-2
1
-1
-1
2
-2
1
0
-3
2
5
3
7
5
2
0
-2
-5
-7
0
-1
-3
4
0
-4
-6
1
4
0
3
6
2
-5
0
-3
-4
-6
-2
-3
-4
2
1
0
-2
-3
-5
0
0
-5
-4
-4
-2
-3
-9
-6
-2
1
2
3
1
2
6
2
6
2
-6
2
-2
-9
-9
2
-1
-1
5
6
2
5
9
6
3
9
14
12
5
5
-1
-2
0
-4
1
4
-2
4
4
1
3
-7
-5
-2
-5
0
3
2
2
-2
3
1
2
3
1
-3
-5
0
-4
-3
2
0
0
0
0
-9
-8
-8
-8
-9
-6
-1
-2
0
-3
3
0
3
1
-2
0
-2
-2
0
-3
-2
2
-7
1
3
1
10
0
4
2
-2
-1
-3
-3
-6
-3
-3
2
1
0
-5
-4
-2
4
4
-4
2
4
3
4
5
0
-4
-2
-6
-7
-3
-2
-1
4
1
-2
0
0
1
3
8
5
9
2
1
2
0
3
1
1
-3
-7
-5
-3
-4
-10
-8
-5
-9
1
3
1
1
1
0
3
3
1
1
-8
1
1
2
10
6
9
8
8
5
5
0
-1
-3
-2
1
-3
-8
-2
2
-4
3
5
0
3
2
6
12
6
3
4
5
5
4
3
1
6
7
2
5
-3
-1
-1
-10
-3
1
-3
-4
0
6
4
7
6
2
-6
-6
-5
-5
-1
2
5
2
-4
-5
-4
-6
-1
6
4
-5
-4
-6
-3
-5
-2
2
-2
3
4
4
5
3
-3
2
3
5
7
4
8
1
2
0
-1
2
5
8
2
1
0
-4
-2
-3
-7
-8
-6
-8
-4
-3
-5
-2
-4
-8
-6
-9
-16
-5
-9
-10
-8
-9
-7
-12
-11
-8
-9
-11
-17
-14
-10
-8
0
-6
-8
2
3
7
12
9
10
7
7
6
0
0
1
1
7
6
4
5
7
4
5
8
8
12
6
10
13
4
8
10
2
7
5
-3
5
-2
-3
0
-3
0
-2
1
4
5
0
2
6
0
3
6
1
9
2
3
3
-2
2
6
3
5
-2
-6
0
-7
-2
-3
-4
-7
-3
-1
3
6
6
9
7
8
5
9
0
1
4
-5
0
0
-3
-2
-1
1
-2
-5
-4
-1
-7
0
-3
-7
1
4
2
0
1
0
0
2
-5
-6
-10
-10
-1
-5
-3
-1
-5
0
0
-5
0
-4
2
7
7
-4
-6
-5
-4
-8
-9
-7
-1
-4
-6
-3
-11
-2
-7
-11
-4
-2
-8
-6
-11
-8
-9
-11
-3
-3
-2
-8
-12
-16
-12
-13
-11
1
-3
9
7
-1
10
1
4
6
7
11
10
8
16
14
14
16
10
12
9
15
14
13
13
10
9
9
5
6
3
1
3
4
6
4
3
1
-1
0
0
1
-2
-1
4
-2
4
0
-6
1
-4
-8
-8
-4
-7
-6
-4
-5
3
1
-1
4
3
0
6
6
6
3
0
0
-2
2
3
1
-5
-9
-8
2
-1
3
2
-3
4
-1
0
-3
-2
-5
-1
3
3
4
7
-7
-11
-13
-20
-13
-13
-9
-11
-13
-6
-9
-5
-4
-2
0
-1
-1
-6
0
-1
4
4
3
5
6
9
3
5
5
5
12
7
12
11
11
11
2
3
-1
2
-3
-8
-7
-1
1
-1
-3
-2
1
3
-2
-9
-2
-1
-1
3
3
4
4
0
-3
-12
-11
-4
-2
-2
7
-1
-2
-3
-8
-5
-6
-4
3
7
4
3
7
5
3
2
2
8
6
6
5
-2
0
0
-3
1
1
7
5
7
3
-1
0
0
-2
-5
-1
-4
-8
-7
-10
-8
-4
-5
-1
-2
3
6
2
2
5
4
3
6
-1
-2
3
-2
-4
-2
-6
-2
-9
-7
-2
-4
1
-1
-2
2
5
3
6
2
2
-5
0
-1
-10
-6
-5
-12
-5
-6
-12
-6
-4
-5
-6
1
1
-2
-6
-3
-7
-11
-1
3
-2
-4
-7
-7
-5
0
5
4
3
8
8
6
11
8
11
14
22
18
15
18
5
5
5
3
13
15
20
16
16
13
8
11
12
15
15
17
13
9
3
-1
-4
-3
-12
-14
-9
-11
-13
-17
-17
-18
-12
-11
-10
-4
-12
-10
-9
-17
-13
-13
-10
-10
-13
-21
-16
-13
-12
-8
-5
-4
-2
-7
-4
0
-8
-3
6
2
4
1
-4
-3
-6
-4
-5
-9
-9
-3
-5
-1
-1
1
5
9
13
19
14
7
9
6
-2
-2
2
2
2
5
0
-1
-2
-1
-6
-3
13
12
8
8
5
2
8
12
14
18
17
10
2
1
-6
0
3
8
10
3
7
0
2
1
4
6
-1
3
6
3
-3
2
5
-2
0
6
3
7
-1
-1
1
-2
0
-2
1
4
2
-2
-5
-7
-11
-13
-10
-6
-8
-7
-3
-8
-5
-4
-4
-8
-7
-4
-9
-12
-9
-6
-6
-2
0
-1
3
1
2
1
-9
0
-8
-8
-3
-7
-5
-4
-3
1
-3
0
5
2
4
5
1
2
3
6
13
13
17
15
13
9
7
8
11
23
13
12
13
4
-1
-5
-3
-1
0
1
-2
-3
-1
-6
-8
-5
-8
-8
0
1
2
1
-2
-1
-9
-13
-10
-4
-11
-14
-10
-6
-1
0
0
-2
-7
-9
-3
-6
-6
-6
-5
-3
-8
-6
-6
-2
1
-5
-2
0
2
5
-2
9
7
8
3
0
-2
-7
-5
-8
-5
1
3
1
8
4
2
0
4
-2
0
16
11
6
9
3
-1
3
4
1
0
2
4
4
4
-2
-3
-2
-3
1
9
4
2
-4
-5
-7
-7
-2
-1
-8
-2
-2
-2
1
2
3
-4
2
1
-1
-4
1
-3
2
1
4
6
-4
-2
-1
1
2
2
4
5
5
8
-1
0
0
-1
-5
1
3
3
7
9
9
3
11
10
9
7
11
13
9
6
1
0
7
5
2
3
-2
-8
-7
-3
-10
1
5
-1
3
2
-3
-6
-4
-3
-4
-2
2
-2
-2
-4
-10
-5
-5
-5
-2
4
1
-3
-1
-5
-6
-4
0
5
6
1
-2
-9
-9
-8
-9
-6
-6
-8
-10
-11
-8
-13
-14
-11
-11
-6
1
-5
-3
-3
-8
-10
-11
-3
-1
-2
-5
-10
-6
-3
-7
-8
-6
-3
-2
1
3
6
7
2
3
-4
-4
2
-1
2
4
2
5
3
0
7
4
2
4
1
7
5
4
10
7
5
9
11
17
16
12
12
10
11
15
16
14
13
15
12
13
10
1
2
-2
-2
2
-1
-6
-5
-4
-4
1
0
-2
-1
8
5
10
7
9
3
-2
1
-7
0
4
5
1
0
6
-3
-1
-8
-6
-5
-8
-6
-12
-8
-12
-11
-7
-6
-4
-3
-3
-7
-11
-10
-7
-4
0
-3
1
-3
-2
4
-1
5
6
4
4
3
3
0
1
-2
4
1
4
5
-3
-5
-3
-1
-1
2
2
1
-2
-10
-13
-9
-10
-9
-16
-12
-6
-13
-8
-5
-7
-8
-3
-3
-5
-2
-1
2
-3
3
2
4
-1
2
6
-1
0
3
10
18
18
15
12
1
7
3
3
8
11
12
14
9
2
0
-9
-4
0
-2
1
-4
4
3
3
-1
-2
-2
-5
-1
-7
-7
-4
-5
-3
-2
-4
-5
-2
-8
-7
-12
-16
-7
-12
-10
-9
-5
2
0
-1
4
-3
0
7
6
6
9
12
5
5
5
3
8
9
14
15
18
21
12
11
7
7
6
2
7
10
4
6
8
4
2
-2
-1
1
3
0
-3
-1
0
-8
-12
-7
-12
-9
-7
-4
-5
-9
-9
-15
-15
-15
-16
-13
-10
-8
1
2
2
6
5
6
1
5
5
-1
4
6
2
-2
-2
3
0
6
5
5
6
5
3
2
-4
-1
-2
-4
2
-1
3
4
-2
0
-1
1
3
-3
-3
-12
-11
-3
-6
-4
-1
-6
-8
-8
-2
-6
-2
3
4
7
5
5
1
4
3
5
0
-1
4
-3
-4
-5
-5
-1
0
-2
0
-1
4
3
2
12
3
0
6
-1
-7
-4
1
-4
-2
5
-4
-7
-11
-11
-10
-9
-8
-5
-4
4
1
1
-3
-6
-4
-3
-1
0
9
7
9
4
8
2
1
7
5
-3
6
7
2
0
-4
-3
-6
3
1
-1
7
6
9
7
11
9
4
9
6
2
1
8
1
0
7
2
0
6
4
-3
-3
-4
4
-1
1
3
5
7
-2
-9
-7
-7
-5
-6
6
12
14
14
7
4
0
2
0
2
5
6
5
3
2
-7
-1
5
-5
-6
1
-1
1
2
-1
-3
-4
1
-4
-9
-5
-6
-5
-6
-15
-13
-15
-14
-16
-17
-12
-9
-7
-12
-13
-16
-9
-10
-8
0
2
5
3
2
1
1
8
8
6
6
12
10
12
9
8
17
18
14
16
11
7
10
7
4
8
3
0
2
-6
-6
-8
-11
-6
-3
-9
-7
-8
-10
-6
-14
-12
-12
-10
-5
-4
2
-1
0
-1
-4
-11
-8
-8
-5
3
0
4
8
5
0
2
2
-6
-2
-2
1
11
12
13
11
8
6
3
8
7
10
13
9
4
5
-1
-2
2
2
2
7
8
3
2
-4
1
-1
-4
-4
-3
-1
0
-1
-2
3
1
-4
-7
-4
-6
-1
-2
4
-4
-5
-1
-6
-9
-6
-6
-8
-4
-1
-3
-7
2
8
8
9
12
7
6
0
-3
-4
2
9
4
3
3
1
7
1
-1
-2
1
12
9
6
3
0
3
-1
-11
-11
0
3
-3
-6
-12
-9
-8
-7
-7
-2
5
5
7
-5
-2
-2
1
3
6
5
11
11
6
6
6
8
1
6
4
10
6
4
3
-2
-9
-4
-8
-9
-9
-4
-6
-11
-5
-13
-15
-18
-19
-14
-13
-14
-12
-17
-13
-10
-9
-5
-12
-8
-10
-8
-5
-7
1
0
4
-1
4
4
5
8
7
4
9
14
15
14
12
13
9
11
11
11
17
8
7
11
3
7
0
3
4
-5
-4
-4
3
0
2
1
-3
-2
-5
-3
-5
-8
-9
-11
-3
0
-2
1
-4
2
-3
3
6
5
10
9
11
6
11
12
5
10
11
11
11
3
7
3
2
4
0
-1
4
9
2
1
-2
0
4
5
1
3
1
-1
2
-4
-6
-4
-6
-4
-8
-6
-11
-8
-4
-12
-2
-7
0
0
-2
0
-8
-6
-9
-4
-9
-9
-6
-5
-4
-5
-8
-10
-7
-8
-2
-2
-1
2
-5
-3
-4
0
-1
2
1
1
5
2
8
-1
3
-1
-2
-5
-5
-1
-2
-5
-3
-2
-2
-1
-1
-4
0
-3
-2
4
-3
-1
0
1
-5
-2
-2
-1
0
-2
1
-4
-2
-1
-2
-1
3
3
6
7
7
5
8
3
4
6
3
9
7
6
7
5
4
7
5
4
4
8
8
7
8
6
11
9
6
4
0
2
4
2
1
-1
7
2
-2
-10
-11
-6
-7
-8
-2
-4
-1
6
-4
3
3
-4
-3
-3
-5
-3
-3
-4
-8
-6
-1
-3
-3
-3
-3
3
9
10
11
8
4
4
5
5
4
2
3
2
-2
-3
-6
-6
-10
-8
-9
-11
-5
-10
-9
-13
-6
-8
-8
-9
-11
-10
-6
-7
-8
-2
-2
-1
0
1
1
4
2
1
5
3
2
5
5
3
3
-1
1
-5
1
10
7
10
5
5
5
4
8
10
8
19
11
7
11
9
12
7
8
1
0
-5
-1
-8
-5
-2
-4
-2
-9
-5
-10
-7
-10
-17
-16
-9
-8
-7
-3
0
2
-1
0
-3
-5
-8
-9
-8
-10
-4
-1
1
0
0
5
10
9
7
11
8
9
7
6
4
9
4
3
8
8
6
1
1
-2
-1
0
-1
-2
1
0
-3
-6
-2
-3
-5
-4
-3
1
-5
-3
-2
-5
2
2
4
2
-1
3
2
7
4
0
4
-1
8
6
7
6
9
10
9
5
5
7
2
8
1
-2
-3
1
-3
-3
-3
-2
-9
-9
-6
-3
-7
-4
-3
-2
0
-7
-4
-6
-5
-8
-7
-6
-9
-6
-5
-8
-12
-8
-7
-4
-5
-3
-3
1
0
-3
0
-3
-4
-2
-4
-5
-7
-6
-4
-5
-3
1
4
6
6
5
6
9
5
8
6
5
7
3
5
2
2
6
4
2
1
3
3
0
4
4
6
8
7
10
8
9
9
6
7
2
-3
3
2
-2
-2
-5
-6
0
4
4
0
-1
5
2
5
5
6
8
5
3
4
4
5
9
11
11
8
7
2
2
5
-3
-8
-4
-4
-6
-8
-8
-12
-14
-12
-13
-13
-7
-9
-13
-12
-12
-9
-10
-9
-3
-6
-4
-7
-5
-5
-8
-13
-12
-4
-2
-2
-6
-1
0
-1
-5
-5
3
1
-1
-2
4
8
1
-1
6
7
3
5
6
7
4
3
8
10
6
6
6
6
5
0
0
0
-4
-2
-4
0
1
-2
0
-2
-6
-5
-4
-6
-9
-4
1
1
0
2
3
7
8
6
11
8
6
1
2
-1
-4
-5
-6
-3
-4
-2
6
-3
-2
0
-6
-4
-3
-4
-10
-2
-1
1
4
2
2
3
0
2
0
4
4
-1
1
-2
3
-3
-2
3
4
7
5
15
16
10
12
12
8
8
10
10
11
15
17
12
16
17
12
11
8
3
0
2
-2
3
3
1
4
5
4
8
-3
-1
1
-7
-3
-9
-7
-10
-9
-9
-10
-8
-11
-12
-17
-11
-13
-23
-18
-17
-21
-22
-20
-16
-17
-16
-15
-15
-14
-10
-11
-11
-11
-10
-9
-4
0
-1
5
2
6
9
9
9
6
6
6
7
3
6
11
7
7
4
5
5
6
8
1
3
4
0
-1
2
0
-7
-4
-3
-4
-3
-1
-4
-6
-6
-6
-5
-3
2
-3
-1
2
-2
2
3
9
8
8
14
6
7
9
7
4
5
7
5
8
8
6
9
7
4
3
2
0
1
4
3
0
2
2
-2
-3
-3
-2
-4
-4
0
-2
-2
-4
1
-2
-1
5
-3
-1
3
4
7
9
13
11
9
13
3
5
-1
2
9
7
2
7
8
6
5
9
16
6
5
5
0
-5
-6
-4
-10
-12
-5
-5
-8
-11
-9
-11
-13
-7
-9
-9
-6
-5
-6
-3
-4
-1
-2
-3
-1
-5
-3
-8
-5
-9
-9
-5
-8
-6
-7
-4
-2
-7
-3
2
-2
4
4
6
3
2
5
1
3
4
6
6
4
3
4
3
3
1
2
-2
-1
-3
-5
-3
-6
-2
-6
-2
-5
-2
-3
-2
-4
-10
-11
-7
-10
-13
-10
-7
-10
-11
-3
1
-1
-3
3
-2
0
0
4
7
4
7
10
9
12
15
11
9
11
17
6
7
9
5
9
6
10
5
9
8
-2
3
3
-3
-1
-5
0
-8
-7
-4
-15
-6
-4
-1
-4
-7
-1
-1
-5
-7
-3
-1
0
6
14
6
4
7
7
12
9
4
8
11
7
8
12
12
9
6
12
4
7
12
5
2
1
4
3
1
3
1
-5
-2
-5
-3
-5
-8
-10
-9
-7
-13
-5
-9
-10
-13
-15
-13
-17
-14
-15
-18
-14
-14
-10
-12
-11
-4
-5
-4
-2
4
6
7
4
7
2
5
5
-2
0
-1
1
-4
6
3
4
3
2
4
0
5
9
5
6
5
5
5
1
2
2
3
7
8
6
3
3
0
-1
2
-1
-5
-2
-3
-10
-6
-6
-6
-5
-3
0
-4
-6
-6
-11
-9
-8
-12
-12
-12
-4
-3
1
7
7
7
7
8
5
3
3
7
4
1
3
1
5
8
11
7
7
7
4
5
2
3
4
2
3
1
-3
2
10
2
-3
2
-2
-12
-6
-3
-4
-6
-6
-3
-4
-3
0
4
-2
-6
-3
0
-1
-4
-2
2
-3
0
9
7
5
8
8
6
2
8
3
6
6
11
11
-1
4
4
5
-1
2
5
0
-4
0
-1
-2
0
-1
-2
-3
-4
-4
-8
-4
-5
-9
-4
-5
-1
-4
6
4
2
-3
2
-5
-4
-1
-8
3
-5
0
4
-7
-12
-10
-5
-3
1
5
3
4
1
4
2
-3
-1
-1
-3
-3
0
4
4
-2
-3
-8
-5
-1
-2
3
-5
-4
-2
-3
-4
0
1
-6
2
7
5
6
5
7
10
5
10
9
12
8
4
9
4
3
0
1
-5
-4
-6
-4
-1
-1
0
-4
-3
-2
-2
-5
-2
-5
-7
-6
-5
-3
-4
-2
0
-3
-3
-1
0
-9
-5
-3
-11
-10
-8
-13
-15
-8
-6
-8
-10
-7
-11
-11
-10
-7
-6
-5
3
-1
-3
4
2
3
3
-1
3
9
9
7
9
15
13
10
15
13
11
10
9
6
6
4
7
7
6
9
9
11
6
7
4
9
10
15
10
11
8
7
12
5
6
-1
-1
-3
-4
-4
-10
-6
-5
-10
-2
-4
-4
2
2
2
2
3
2
2
2
3
0
1
2
-3
-2
-4
-1
-1
-1
0
0
-1
-6
-2
-1
2
-1
-6
-4
-5
-7
-6
-3
1
-2
3
-1
-4
-3
-4
-4
-9
-8
-11
-10
-8
-9
-13
-10
-8
-7
-3
-10
-3
-5
-5
-2
-9
-11
-4
-1
-7
-5
-7
-7
-5
-9
-6
-6
-4
-4
-3
-2
0
6
10
11
7
5
6
5
2
6
6
8
8
7
4
1
2
2
4
2
8
7
7
7
11
10
7
6
6
3
3
0
-1
-4
-6
-2
-1
-3
-2
-5
-1
-3
2
7
3
10
8
13
19
18
10
10
13
7
14
11
8
7
6
7
3
5
5
4
4
-2
-2
-3
-5
-11
-12
-10
-12
-16
-23
-25
-23
-19
-17
-13
-10
-12
-11
-8
-7
-10
-9
-1
-4
-5
-8
-7
-9
-8
-5
-6
-8
-4
-9
-8
-1
1
0
4
14
13
11
8
14
10
12
13
8
11
8
7
5
4
7
9
9
9
9
7
2
3
-1
-2
-5
-1
0
-1
3
2
-2
-6
-4
-3
-7
-9
-4
-1
-3
-2
-1
2
5
8
16
11
12
12
8
11
11
7
2
5
2
-6
-2
-5
-6
-8
-4
-6
-6
-3
0
1
3
6
6
9
5
-3
-4
-4
-2
-5
-7
-10
-15
-17
-13
-8
-14
-14
-9
-15
-7
-2
-6
3
5
3
4
-2
-8
-10
-8
-10
-14
-14
-8
-4
-4
2
-3
3
8
15
23
22
21
27
24
20
12
6
8
8
12
7
3
0
-2
-2
-11
-6
-3
-13
-11
-15
-20
-16
-18
-20
-11
-6
-6
-7
-4
2
-3
-2
11
23
13
22
35
27
25
34
30
14
7
11
9
1
3
7
-3
-27
-41
-48
-61
-45
-41
-25
-11
-8
1
-1
-3
-13
-12
-1
17
35
38
45
45
33
23
20
12
14
32
43
27
25
17
4
-8
-25
-26
-35
-62
-72
-75
-79
-65
-55
-41
-36
-29
-23
-10
2
4
19
21
32
40
45
45
36
35
29
24
24
31
37
35
26
21
22
12
6
-2
-2
-3
-25
-31
-53
-65
-69
-60
-48
-35
-15
-3
6
7
3
9
9
0
6
29
49
53
50
41
43
29
23
23
30
34
38
44
47
31
29
20
4
-12
-26
-38
-71
-97
-93
-90
-83
-50
-30
-19
-12
-2
2
-1
-2
10
23
34
46
59
49
42
41
35
21
13
4
19
23
20
29
16
-4
-10
-17
-37
-21
-21
-53
-99
-110
-113
-106
-82
-50
-20
4
9
16
27
21
26
27
31
59
75
85
71
49
48
35
22
21
23
35
43
50
54
44
26
5
-11
-16
-11
-11
-52
-94
-121
-141
-134
-125
-82
-35
-16
-4
19
21
6
8
28
38
41
59
89
86
67
56
39
7
-6
7
29
27
31
53
51
17
6
-1
-25
-32
-22
-29
-72
-126
-130
-122
-112
-81
-35
0
-18
11
34
10
-12
14
50
49
68
100
104
80
58
55
22
-5
13
32
30
45
76
84
59
39
27
2
-26
-38
-12
-24
-118
-183
-168
-149
-161
-127
-32
8
-23
-1
49
23
-15
5
36
39
63
102
92
71
46
43
6
-43
-11
12
19
38
71
95
66
12
9
10
-4
-10
41
44
-41
-133
-179
-157
-172
-155
-55
10
-9
8
40
32
-30
-37
20
19
20
84
113
88
64
50
36
-25
-32
16
21
25
52
106
89
32
19
20
-22
-33
7
35
4
-87
-175
-182
-152
-157
-130
-19
45
18
31
90
49
-41
-2
41
19
19
123
150
71
62
83
32
-48
-15
61
57
49
129
168
106
40
40
8
-51
-59
-25
-2
-19
-108
-226
-240
-200
-228
-212
-76
19
-7
33
90
42
-39
-9
50
-1
15
117
159
81
47
64
-4
-68
-57
-20
-20
10
92
116
93
81
84
44
-10
-21
7
43
64
30
-98
-202
-220
-209
-223
-151
-2
43
7
61
102
10
-84
-32
14
15
66
163
174
106
82
81
-19
-87
-52
-15
15
65
149
134
89
95
52
-33
-69
-49
-18
36
93
48
-113
-249
-279
-280
-297
-216
-38
37
-12
25
121
44
-87
-74
25
19
40
194
231
145
107
77
-32
-120
-57
2
4
95
202
216
134
97
80
37
-43
-52
24
62
65
99
40
-222
-358
-313
-305
-326
-183
65
117
2
79
136
-41
-175
-42
87
27
138
286
234
93
73
53
-119
-189
-88
-9
-2
101
217
189
146
114
53
-22
-70
-15
50
104
146
164
102
-210
-463
-414
-324
-378
-268
53
165
16
20
157
-18
-271
-143
60
37
65
293
358
175
71
62
-71
-229
-146
-5
50
139
264
273
185
87
19
7
-64
-103
-6
128
163
184
227
64
-348
-585
-482
-425
-457
-268
132
169
-28
92
184
-142
-392
-146
105
40
92
380
405
147
48
88
-86
-257
-139
34
114
188
341
348
183
94
24
-17
-94
-80
74
164
176
208
264
211
-171
-605
-664
-532
-523
-418
-50
256
186
61
149
101
-250
-311
79
236
180
331
586
432
99
43
-43
-356
-467
-259
-116
-126
15
185
104
-79
-112
-161
-278
-246
-79
124
217
329
407
381
286
67
-60
-87
-91
-100
35
209
176
113
99
-27
-243
-370
-378
-345
-264
-66
101
144
135
95
5
-66
-97
-98
-22
66
133
241
285
248
110
-45
-128
-201
-193
-125
-16
19
60
121
82
33
-3
-74
-81
-79
14
121
187
219
201
153
2
-94
-170
-242
-240
-224
-145
-59
-23
-9
-30
-82
-140
-159
-94
-22
3
80
166
202
195
165
75
2
-70
-79
-42
1
2
56
109
102
38
-15
-39
-79
-79
22
81
88
129
122
123
54
-5
-56
-66
-111
-91
-6
56
44
93
84
-70
-92
-74
-108
-87
-1
56
17
21
50
14
-67
-125
-89
-90
-107
-111
-46
36
45
42
63
40
-16
-14
-14
6
7
14
65
53
-15
-21
6
-54
-38
-2
-3
-17
38
135
126
90
69
52
53
26
1
11
7
-2
-35
-47
-37
-60
-53
-112
-140
-142
-96
-46
17
58
32
76
79
72
54
48
57
22
-3
1
-27
-62
-43
-3
-24
-36
-37
-42
-32
-15
30
-7
17
70
51
23
40
27
19
50
54
20
-17
-51
-97
-92
-101
-85
-70
-53
-14
11
29
45
97
134
94
26
19
11
42
53
8
1
25
3
1
33
9
-44
-53
-55
-58
-29
-1
23
51
53
63
-11
-17
40
30
73
59
31
10
10
14
-22
-44
-47
-33
-22
0
-21
-1
24
14
10
-24
-2
-12
6
-26
-52
-16
-9
-4
-12
-52
-58
-40
-38
4
6
-5
-19
-3
1
-49
-75
-78
-34
34
16
-11
24
15
12
-24
-40
-9
-16
32
74
101
77
81
114
40
-22
2
1
-22
9
-3
-1
-54
-18
-10
-52
15
-4
31
51
58
5
-24
-6
-42
-96
-118
-109
-100
-60
-50
-64
-64
-50
-42
-12
-16
-34
-31
-8
72
87
58
58
105
87
40
46
23
-37
-36
-28
0
11
-3
47
95
88
95
94
90
93
43
21
-13
31
-12
-60
-61
-85
-90
-68
-73
-119
-94
-53
-31
-52
-37
5
-9
28
36
44
57
10
36
45
61
30
7
-25
-23
-1
16
35
48
77
106
91
85
88
72
67
38
31
57
96
50
54
68
28
-56
-34
-20
-29
8
-4
14
-58
-43
-7
-73
-64
-81
-71
-93
-87
-44
-69
-78
-118
-97
-87
-124
-85
-59
-39
7
23
0
-43
-19
-39
-33
16
30
-35
-16
12
-4
-12
-38
8
32
-22
-63
16
74
-12
-18
40
-45
-92
-8
79
11
7
45
65
-3
-47
-9
1
-11
33
76
9
-158
-120
69
69
20
107
221
207
78
141
177
34
28
112
132
71
70
122
107
24
36
44
-72
-77
-99
-67
34
31
68
97
66
-15
20
-35
-101
-82
-68
-67
-28
7
-29
-65
-98
-93
-148
-160
-168
-146
-69
-49
-73
-57
-92
-136
-120
-161
-154
-121
-92
-82
-57
-36
-50
-26
-36
-89
-73
-10
57
93
113
145
150
198
227
205
214
192
197
193
239
302
236
238
236
152
132
66
40
-63
-87
-38
-29
-12
16
9
15
56
4
-6
35
145
270
346
343
-74
-792
-1181
-1172
-1276
-1392
-1004
-376
-233
-257
59
207
-54
-106
286
467
467
715
1044
1042
770
622
483
55
-278
-322
-282
-299
-121
138
183
188
269
295
144
50
76
173
229
376
520
561
515
392
212
55
56
0
43
165
298
353
396
451
454
292
106
20
-24
-151
-240
-257
-271
-195
-155
-441
-1388
-2189
-2165
-2149
-2474
-2167
-1174
-577
-635
-212
402
134
-245
116
642
566
638
1241
1549
1253
1002
963
479
-126
-452
-457
-489
-358
179
613
695
725
915
826
311
210
430
430
449
707
1110
1208
1064
954
720
201
-95
-78
-74
47
200
327
379
254
25
-297
-598
-694
-694
-688
-521
-291
-105
95
197
64
-133
-240
-259
-333
-280
18
157
111
41
3
-239
-621
-818
-790
-959
-1083
-838
-544
-500
-704
-955
-1141
-1239
-1198
-995
-719
-229
162
282
601
630
505
402
267
206
187
335
468
517
525
570
493
435
428
259
147
301
496
569
663
761
842
816
686
491
425
373
431
753
1132
1351
1464
1662
1694
1414
938
608
507
186
-289
-442
-957
-1485
-1134
-56
-307
-2276
-3077
-2607
-3261
-4373
-3294
-1484
-1236
-1191
226
959
39
-347
368
453
-123
259
1250
1449
861
774
1123
524
-360
-582
-633
-744
-418
530
885
805
1312
1932
1750
1146
786
607
666
725
699
1053
1273
1162
929
957
666
-155
-256
-33
87
-36
308
680
443
87
37
-115
-304
-132
256
540
666
944
1417
1510
975
529
202
-337
-957
-954
-1240
-2506
-3899
-4405
-4592
-4807
-4698
-3973
-2738
-1717
-1230
-596
287
619
528
1002
1694
1752
1783
1922
1696
1251
970
739
307
-292
-431
-315
-145
120
248
307
527
1028
1302
969
762
1043
1247
1483
1678
1960
2234
2447
2542
2232
1898
1632
1454
903
415
260
95
-214
-378
-498
-746
-375
-14
250
964
1859
2103
1801
1797
1265
359
-138
-300
-573
-745
-1012
-1950
-4537
-6728
-7057
-7142
-7602
-6769
-4344
-2607
-2040
-886
549
616
262
1146
2005
2088
2279
3028
3632
2993
2071
1624
922
-464
-1388
-1132
-839
-920
-23
1078
1335
1365
2031
2207
1518
1140
1004
1409
1967
2218
2248
2477
3082
2779
1878
1349
939
454
285
479
671
961
909
1033
1179
1218
1288
1827
2130
1240
489
342
-136
-940
-983
-734
-775
-822
-784
-2061
-5211
-7067
-6848
-7116
-7763
-6441
-3617
-2441
-2481
-1446
-202
-920
-1391
128
1499
1471
1963
3788
4428
3101
2230
2355
1306
-232
-783
-401
-178
120
1178
2066
1734
1296
1504
1356
560
79
764
1695
2098
2398
3019
3301
2804
2273
2236
1827
794
881
1841
1675
845
985
1434
1123
781
747
861
845
984
767
517
157
-653
-867
-719
-1049
-1347
-1024
-1014
-2440
-4931
-6320
-6296
-6844
-7463
-6320
-4207
-3090
-2897
-1545
-352
-866
-951
613
1355
1302
2295
3562
3537
2767
2547
2453
1517
542
269
112
24
614
1310
1535
1452
1606
1927
1671
816
516
777
1162
1404
1785
2324
2412
2716
2720
2354
1602
904
963
1216
1330
966
1156
1978
2110
1948
2039
2022
1958
1786
931
132
-276
-405
-754
-1279
-1305
-1106
-1209
-1406
-2103
-4555
-6956
-7320
-6965
-7433
-7177
-4744
-2804
-2863
-2259
-953
-1222
-2085
-1093
583
512
372
2552
4272
3417
2681
3537
3095
1246
493
864
671
159
1546
2738
2318
1602
1901
1879
555
-444
-109
839
1182
1642
2676
3141
3081
2713
2469
2105
969
517
1527
1949
1261
1408
2398
2268
1158
1082
1414
1108
679
750
130
-550
-787
-765
-669
-1054
-953
-594
-907
-1564
-2763
-4786
-6283
-6724
-6664
-7232
-6724
-4389
-2808
-3086
-2523
-1072
-903
-1333
-497
797
1169
1356
2417
3053
2267
1872
2082
1679
529
64
669
993
685
1186
2162
2246
2113
2434
2338
1214
656
1238
1689
1524
1929
2978
3361
2983
2792
3060
2599
1572
1813
2595
2119
1431
2245
2775
1800
1123
1785
1907
1006
649
394
-452
-1000
-971
-954
-979
-1184
-1243
-1033
-1146
-1714
-2652
-4354
-6404
-7311
-7073
-7509
-7839
-6002
-3707
-3578
-3465
-1847
-945
-1490
-1262
226
865
1158
2521
3836
3585
3050
3095
2501
1551
650
141
500
971
1198
1795
2201
2357
2497
2573
2034
932
1061
1700
1760
1853
2592
3267
3463
3443
3086
2848
2289
1629
1701
1704
1535
1113
1475
2009
1776
1560
1727
1622
1094
668
-180
-443
-122
-252
-547
-805
-945
-1258
-1308
-1453
-2061
-3504
-5415
-6657
-7166
-7513
-8282
-7348
-5449
-4369
-4302
-3255
-2178
-2052
-1248
-290
578
1498
2850
3781
3641
3513
3235
2688
1944
1002
125
180
726
873
1398
1908
2074
2112
2215
2155
1816
1325
1726
2289
2668
2807
3068
3876
3927
3272
2846
2695
2163
1699
1641
1519
1475
1844
2396
2496
2322
2559
2148
1278
439
-490
-943
-868
-776
-610
-643
-856
-881
-1039
-1567
-2305
-2780
-4535
-6544
-7463
-7554
-8213
-8428
-6635
-5050
-4690
-4103
-2723
-2080
-1580
-480
674
1596
2449
3571
3877
3371
2855
2508
1785
867
349
718
1238
1055
1501
2270
2171
1985
2637
2862
2246
1719
2238
2680
2350
2453
3061
3599
3541
3239
3011
2739
2080
1700
1878
1787
1625
2125
2763
2633
2384
2599
2321
1184
377
-383
-939
-818
-649
-775
-709
-439
-638
-1204
-1621
-2116
-2652
-3678
-5782
-7387
-7555
-7879
-8604
-7770
-5821
-5089
-4956
-3586
-2069
-1781
-1174
229
1351
2134
2657
3230
3737
3308
2291
1810
1636
1040
479
552
1215
1401
1478
1798
2106
2167
2347
2660
2449
2139
2318
3074
3192
3427
3755
4061
4096
3805
3568
2880
2161
2229
2275
1928
1768
2160
2696
2707
2725
2601
1798
575
-851
-1726
-1688
-1496
-1219
-638
-76
-284
-850
-1244
-1784
-2669
-3565
-4874
-6815
-7851
-8067
-8271
-8591
-7459
-5797
-5148
-4529
-3099
-1905
-1596
-440
1206
1932
2457
3614
4330
3829
3079
2525
2030
1472
1086
806
867
1221
1318
1610
1604
1614
1735
2223
2176
2063
2320
2610
2909
3201
3478
3271
3737
3884
3464
3083
2627
2284
1812
1963
1846
1782
2198
2757
2917
2940
2336
1063
86
-987
-1624
-1421
-789
-659
12
725
344
-272
-609
-1219
-2855
-3964
-5740
-8001
-8685
-8169
-8487
-8691
-6697
-4712
-4874
-4828
-2733
-1702
-1628
-486
1444
2748
2879
3630
4384
3805
2389
2014
1900
901
-9
285
1532
1508
1617
2406
2575
2317
2230
2290
1970
1539
1851
2795
3225
3366
3846
4465
4490
3741
3070
3083
2638
2025
2215
2450
2275
2260
2775
3048
2643
2456
2115
676
-736
-1485
-1761
-1624
-1395
-932
-287
38
-344
-1038
-1629
-2573
-3419
-4163
-6258
-8279
-8316
-8174
-9170
-8900
-6502
-5428
-5686
-4240
-2064
-1975
-1839
207
1789
2093
2618
4017
4485
3562
2636
2680
2538
1510
640
957
1631
1205
1473
2273
2079
1697
2256
2568
1947
2117
2796
3474
3777
4151
4145
4451
4823
4055
3125
3061
2602
2093
2389
2257
2114
2407
3144
3021
2576
2636
1888
561
-626
-1156
-1417
-1317
-1072
-418
329
-195
-989
-1240
-1879
-3242
-4060
-4526
-6534
-8602
-8392
-8017
-9189
-8868
-5994
-4753
-5173
-3910
-1741
-1246
-1018
609
1800
2069
3040
4084
3484
2898
2882
2207
1695
1276
1053
1244
1662
1963
2299
2476
2395
2414
2640
2802
2013
2162
3468
3615
3512
3874
4074
3762
3710
3521
2744
2380
2462
2454
2076
1914
1995
2273
2807
2793
2410
2602
1776
138
-769
-1492
-2038
-1685
-1010
-713
-868
-1006
-1125
-1473
-2130
-3053
-3823
-4331
-6206
-8423
-8805
-8827
-9268
-8700
-6914
-5287
-4189
-3145
-1706
-702
-125
547
1775
3259
3257
3119
4164
4283
2749
2209
2644
1866
650
831
1916
1348
1175
1801
1964
1863
1913
2471
2633
2418
2738
3729
4185
3941
3744
4409
4298
3544
3308
3232
2760
2156
2494
2579
2444
2136
2628
3406
3065
2067
1297
417
-1447
-2360
-1982
-1650
-1546
-734
244
-54
-742
-1190
-1867
-3012
-3865
-4868
-6238
-7775
-8757
-9047
-9038
-8343
-6854
-5129
-4438
-3670
-1975
-1004
-845
272
2044
2599
2707
3314
3386
2638
2137
2144
1673
1518
1753
1916
2088
2148
1982
1923
2091
2011
2041
2248
2737
2951
3205
3803
3856
3643
3637
3665
3364
3100
3080
3113
3078
2810
2921
2863
2404
1998
2250
2734
2525
1794
1246
471
-982
-1620
-1435
-1213
-1417
-1073
-276
-318
-829
-1139
-1440
-2301
-3405
-4384
-5869
-7981
-8984
-8829
-9148
-9114
-7639
-5613
-4521
-3741
-2093
-890
-487
155
1178
2212
2698
2788
3278
3375
2673
2141
2386
2115
1038
998
1823
1516
855
1956
2471
1885
2286
3265
3367
2813
3435
3855
3633
3666
4066
4080
3931
3737
3253
3360
2916
2293
2223
2221
1843
1723
2162
2405
2345
2058
1312
92
-965
-1529
-1785
-1533
-1168
-875
-494
-397
-955
-1413
-1968
-3095
-3865
-4301
-5800
-8111
-8586
-8225
-8894
-9084
-6918
-5009
-4896
-3854
-1576
-429
-298
780
2042
2756
3127
3473
3752
3889
3202
2395
2752
2828
1674
1110
2003
1820
840
1334
2119
1951
1607
2546
3328
3314
3279
3782
4100
3269
2764
3110
3318
2458
2330
3147
3097
1986
2165
2610
1851
1306
1724
2156
1865
1851
1765
1049
-278
-1242
-1495
-1307
-1564
-2087
-1387
-683
-1306
-1824
-1726
-2134
-3338
-3946
-4697
-6864
-8829
-8601
-8403
-9121
-8533
-6058
-3767
-3610
-2762
-781
154
-219
411
1867
2433
2578
3597
4477
3682
2838
2955
2993
2029
912
1246
1823
1413
1142
1757
2259
2456
3143
3619
3453
3352
3891
3861
3281
2913
2968
3129
3234
2922
2464
2591
2380
2025
2014
1958
1690
2000
2536
2457
2277
2195
1618
589
-505
-1235
-1680
-1519
-1493
-1585
-1259
-988
-1470
-1818
-2114
-2942
-3482
-3838
-5183
-7351
-8178
-8282
-8918
-8988
-7272
-5522
-4662
-3284
-1549
-662
-532
338
1498
2015
2303
3099
4082
3925
3255
3142
3237
2399
1537
1195
1184
983
649
1113
1682
2219
2440
3061
3683
3548
3024
3318
3516
2513
2280
3050
3175
2508
2710
3200
2529
1741
1999
2296
1684
1437
1947
2555
2329
1965
1764
1287
15
-1428
-1499
-1363
-1882
-2006
-913
-417
-1428
-1653
-951
-1538
-3444
-3974
-3663
-5738
-8705
-8853
-7447
-8473
-8982
-6104
-3678
-4223
-3872
-1353
-339
-787
342
2482
3064
3079
3852
4553
4273
2874
2493
2946
2348
1077
1125
2030
1580
1145
2240
3044
2818
3047
3918
3904
2733
2817
3315
2921
2109
2080
2823
2917
2221
1855
2538
2159
1439
1874
2347
1733
1439
2504
2850
2033
1927
1978
907
-313
-1370
-1885
-1859
-1981
-2001
-1281
-810
-1563
-1815
-1895
-2671
-3815
-4130
-4834
-6957
-7959
-8069
-8286
-8747
-7760
-5714
-4501
-3872
-2529
-1096
-410
-109
753
2291
2950
3255
3856
4367
3752
2816
2909
2317
1350
923
1098
1121
1240
1722
1752
2336
2965
3104
2742
3009
2983
2426
2618
2574
2212
2346
2940
3029
2806
2910
3131
2777
2486
2253
2112
2099
2061
2149
2535
2764
1926
1598
773
-1137
-2186
-2069
-1924
-2070
-1379
-661
-873
-1068
-1121
-2230
-3179
-3294
-3788
-5387
-7464
-7925
-7693
-8333
-8662
-6573
-4626
-4605
-4068
-1878
-922
-1616
-55
2245
2281
2380
4074
4714
3546
2911
3268
2756
1560
1253
1369
1522
1532
1324
2082
2424
2143
2372
3117
2841
1968
2213
2962
2438
1708
2465
2989
2774
2760
3113
3059
2708
2583
2663
2464
2200
2248
2577
2827
2565
2455
2165
817
-732
-1530
-2092
-2498
-2465
-1821
-1452
-1370
-1219
-983
-1045
-1654
-2415
-2946
-3976
-6317
-8462
-8701
-8464
-8865
-8068
-5794
-4529
-4180
-2885
-1537
-1636
-1034
1080
1989
2180
3427
4507
4169
3883
3764
3201
2714
1981
1191
1057
1214
1080
1279
2258
2433
2456
3097
3303
2272
1807
1983
1899
1745
1772
2319
2880
3212
3118
3083
3058
2758
2311
2345
2301
1850
2045
2650
2780
2420
2136
1079
-497
-1591
-2659
-3046
-2507
-1602
-1152
-689
-22
-353
-1260
-1947
-2391
-3189
-4046
-5565
-7304
-7886
-8349
-8865
-8150
-6350
-5216
-4980
-3258
-1317
-1422
-1170
875
2153
2035
3080
4547
4661
3710
3910
4142
2873
1705
1632
1775
1114
715
1481
2282
1768
1802
2942
2888
2044
2019
2565
2165
1567
2212
2650
2416
2717
3233
3215
3054
2784
2602
2504
1968
1634
1994
2383
2416
2548
2629
1542
-59
-571
-1343
-2537
-2135
-1205
-1000
-823
-383
-450
-671
-1218
-2114
-3254
-3923
-4598
-6998
-8611
-8056
-8222
-9224
-8218
-5619
-4737
-4736
-2951
-910
-982
-612
1276
2223
2733
3359
4230
4194
3587
3039
2820
2080
1042
872
1013
1358
1016
1466
2372
2250
2436
2873
2751
2288
2659
2639
2396
2265
2425
2956
3033
3283
3172
3115
3126
2974
2678
2446
1899
1885
2380
2129
2284
2800
2783
1687
485
-620
-1819
-2089
-1769
-1714
-1926
-771
-348
-993
-1194
-1578
-2697
-3675
-4138
-6123
-8215
-8520
-8237
-9064
-8584
-6406
-4965
-4530
-3294
-1892
-1582
-821
361
1370
2133
3034
4234
4605
4157
3329
3021
2610
1797
789
812
1482
1534
1804
2059
2370
2785
3069
2573
2237
1912
1785
2012
2153
2193
2236
3279
3870
3437
3201
3292
3078
2693
2389
1933
1883
2221
2648
2740
3019
3006
2008
945
-489
-1986
-2379
-1701
-1741
-1332
-754
-557
-868
-1491
-1916
-2831
-3564
-4375
-5688
-7617
-8704
-8654
-8752
-8833
-8093
-5937
-4529
-4206
-2867
-1160
-353
473
1885
2936
3627
3816
4208
4238
3497
2662
2296
2086
1276
833
1106
1781
1551
1740
2305
2345
2451
2790
2789
2233
2020
2036
2407
2356
2037
2553
3249
3129
2628
2648
2868
2432
2018
2246
2095
1594
2128
2626
2786
2924
2640
1707
471
-978
-1754
-1669
-1703
-1767
-1241
-529
-823
-1315
-1263
-1976
-3576
-4168
-4633
-6612
-8603
-8726
-7974
-8470
-8484
-6372
-4490
-4376
-3654
-1622
-912
-1035
290
2173
2572
2839
4240
4834
3926
2932
3047
2808
1629
725
1126
1442
1266
1440
2206
2446
2276
2867
3046
2448
1897
1949
2147
2143
2229
2786
3465
3605
3385
3220
3103
2947
2401
2350
2245
1887
2076
2571
2833
2937
2943
2325
1026
-92
-1489
-2512
-2177
-1574
-1478
-1250
-435
-864
-1560
-2050
-2880
-3933
-4627
-5476
-7456
-8902
-8793
-8564
-9004
-8082
-5925
-4492
-4094
-2924
-1126
-702
-352
1231
2652
2885
3290
4430
4543
3538
2415
2482
2172
1004
687
1208
1810
1485
1954
2697
2699
2595
2730
2637
1933
1958
2064
2256
2508
2956
3300
3599
3928
3566
3060
2870
2826
2439
2148
2146
2417
2753
3189
3561
3245
2658
1498
231
-1071
-2052
-2159
-1956
-1675
-1678
-1082
-761
-1479
-2368
-2869
-3731
-5027
-5733
-7042
-8628
-8988
-8591
-8624
-8230
-6370
-4932
-4424
-3314
-1767
-1253
-188
1309
2198
3206
4073
4379
4128
4090
3323
2296
2094
1985
1308
1054
1861
2104
1892
2201
2533
2599
2820
2419
1895
2070
2238
2180
2410
3033
3264
3606
3787
3379
2887
2935
2695
2147
2462
2678
2259
2816
3621
3408
3260
3158
2005
391
-660
-1679
-2338
-2079
-1757
-2044
-1894
-1548
-1753
-2347
-2977
-3655
-4341
-4818
-6528
-8463
-8503
-8430
-9301
-8849
-6846
-5571
-4878
-3430
-1759
-1352
-630
831
1428
2435
3599
3966
4037
4375
3648
2536
2682
2556
1604
981
1948
2019
1319
1790
2364
2566
2485
2664
2515
2307
2207
2133
2320
2539
2682
2991
3776
3553
3097
3141
3292
2821
2564
2663
2483
2656
2792
3180
3306
3206
2372
954
-177
-1411
-2399
-2544
-2122
-2055
-1722
-1300
-1637
-1937
-1985
-2917
-4303
-4767
-5500
-7699
-9108
-8352
-8257
-9057
-7745
-5297
-4695
-4651
-2805
-1250
-1149
-483
1499
2548
2738
3890
4751
4251
3761
3721
3109
2394
1958
1638
1568
1599
1545
1590
2202
2517
2437
2615
2678
2174
1896
2285
2299
2331
2758
3033
3419
3669
3385
3247
3495
3302
2808
2809
2879
2349
2403
3174
3042
2603
2706
1707
-268
-1058
-1641
-2459
-2496
-2110
-1792
-1768
-1852
-2003
-2088
-2641
-3807
-4485
-4620
-6289
-8870
-8976
-7871
-9003
-9524
-6646
-4390
-4632
-4055
-1275
-48
-820
279
2535
2891
2692
3990
4906
4263
3238
3206
3143
1747
767
1125
1528
1146
1025
1926
2668
2389
2607
3354
2867
2067
2220
2703
2439
2221
2991
3823
3901
3817
4113
3879
3479
2997
2743
2739
2474
2504
3162
3676
3382
2828
2086
641
-906
-1809
-2249
-2491
-2209
-1595
-1500
-1663
-2045
-2652
-2908
-3533
-4770
-5152
-5912
-8151
-9247
-8350
-8696
-9551
-7600
-4880
-4782
-4777
-2288
-701
-963
-24
1977
3150
3625
4065
4217
4111
3320
2655
2451
2125
1278
892
1761
1830
1544
2047
2599
2768
3292
3358
2546
2402
2948
2784
2066
2641
3519
3457
3806
3984
3366
3153
3348
3080
2654
2412
2733
2833
2807
2779
2654
2832
2109
516
-488
-1376
-2563
-2681
-2387
-2718
-2602
-1825
-1832
-2263
-2548
-2906
-3424
-4313
-5889
-7802
-8640
-8285
-8935
-9121
-7408
-5657
-5171
-4240
-2600
-1719
-1161
235
1760
2014
2975
4571
4920
4473
4143
3800
3102
2361
1623
1225
1022
1586
2128
1830
2053
2753
3421
2869
2165
2368
2424
1956
1842
2554
2637
2726
3602
4178
3368
2776
3155
3213
2527
1975
2334
2761
2783
2558
2680
2862
2151
1128
346
-878
-2422
-2482
-2053
-2703
-2842
-1642
-1315
-2324
-2650
-2836
-3749
-4587
-4625
-6060
-8382
-8613
-7832
-8491
-9170
-7302
-4762
-4101
-4038
-2019
68
248
552
2212
3605
3500
3521
4552
4645
2972
2531
3089
2368
1098
680
1542
2022
1536
1593
2560
2846
2632
2653
2719
2706
2115
2354
2595
2108
2009
2971
3727
3272
2963
3555
3757
2840
2610
2790
2524
2200
2668
2978
2638
2241
1650
836
-559
-2001
-2741
-2401
-2364
-2768
-2272
-1612
-1745
-2245
-2467
-3119
-4282
-5011
-6387
-8260
-8745
-8327
-8772
-8844
-7037
-5276
-4740
-3853
-2210
-1168
-560
604
2017
2951
3705
4215
4448
4353
3733
3030
2685
2263
1529
1050
1402
1825
1868
2159
2619
2932
2843
2745
2719
2470
2169
2258
2764
2754
2739
3309
3709
3510
3204
3385
3150
2649
2346
2277
2002
1718
1880
2136
2337
2242
1868
1111
-70
-1346
-2094
-2367
-2364
-2584
-2328
-2008
-2195
-2571
-2752
-2820
-3535
-4247
-4954
-6392
-8190
-8613
-8426
-8852
-8210
-5903
-4172
-3799
-2842
-931
-12
160
988
2295
3128
3610
4136
4405
4140
3453
2905
2512
1976
1159
997
1378
1505
1477
1818
2508
2818
2762
2701
2582
2334
2053
2015
1979
2110
2749
3416
3661
3410
3421
3245
2891
2460
2026
1861
1686
1814
1913
2210
2545
2544
1889
718
-436
-1461
-2110
-2488
-2546
-2358
-2214
-1984
-1923
-2228
-2811
-3381
-3893
-4903
-6299
-7613
-8445
-8702
-8649
-8139
-7012
-5546
-4119
-3382
-2614
-1291
-54
557
1202
2662
3843
3814
4190
4676
3724
2647
2586
2297
1261
693
1452
1980
1627
2095
2881
3216
3119
2876
2789
2482
2005
1999
2315
2344
2481
3045
3701
3651
3063
3278
3496
2718
2036
2060
2007
1879
1846
2016
2320
2243
1743
895
7
-1045
-2218
-2487
-2134
-2440
-2558
-1927
-1636
-2256
-2683
-2890
-3417
-4545
-5329
-6414
-7916
-8800
-8438
-7622
-7192
-6308
-4525
-2963
-2556
-1904
-611
472
1009
1705
3135
3951
3945
4299
4410
3604
2722
2543
2316
1373
690
1559
1928
1776
2111
2939
3072
2754
3000
2717
1998
1683
2116
2185
1992
2474
3121
3273
3293
3219
2898
2636
2248
1894
1709
1460
1445
1924
2287
2127
1923
1526
546
-916
-1936
-2493
-2720
-2373
-2421
-2496
-2061
-1779
-2150
-2736
-3224
-3959
-4885
-5858
-7301
-8382
-8377
-8033
-7831
-6844
-5087
-3937
-3105
-2036
-851
-16
752
1885
2834
3595
4182
4369
4492
4220
3285
2530
2291
1683
879
846
1554
1778
1570
2103
2866
2985
2645
2444
2351
2129
1638
1712
2216
2226
2393
3130
3557
2920
2427
2790
2490
1548
1438
1875
1570
1058
1610
2308
2174
1974
1591
751
-672
-1772
-2197
-2394
-2383
-2170
-1495
-1086
-1429
-1870
-2483
-3502
-4382
-5081
-6550
-8195
-8503
-7960
-8025
-7653
-5948
-4363
-3369
-2852
-1844
-314
654
1038
1938
3530
4308
3943
4064
4406
3417
2240
2222
1815
864
520
1071
1582
1555
1963
2449
2641
2781
2699
2248
1954
2006
2080
2070
2391
2848
3199
3334
3240
2970
2613
2249
2160
1813
1341
1450
1660
1615
1762
2050
2167
1780
1032
161
-1145
-2228
-2510
-2569
-2634
-2320
-1999
-1665
-1865
-2233
-2713
-3454
-4494
-5725
-7047
-8023
-8310
-8382
-7775
-6851
-5784
-4270
-2745
-2107
-1687
-395
925
1387
1824
3474
4393
4249
4336
4318
3589
2693
2151
1413
876
815
909
1008
1733
2266
2092
2624
3212
2616
2047
2269
2045
1677
1937
2389
2475
3024
3437
2812
2694
2857
2180
1479
1558
1421
1147
1430
1690
1686
1943
2324
1844
1084
379
-587
-1828
-2507
-2610
-2418
-2213
-1937
-1538
-1350
-1835
-2652
-3170
-3980
-5354
-7111
-7865
-7905
-8345
-8375
-7233
-5335
-4085
-3435
-1930
-477
-225
479
1921
2499
3020
3981
4711
4417
3891
3554
2803
1834
1083
683
643
1410
1366
1412
2259
2605
2525
2522
2396
1991
1767
1957
2035
1927
2178
2543
2938
3112
2725
2365
2676
2489
1514
1423
1503
1198
1194
1779
2118
1983
2281
2063
791
-479
-1256
-2220
-2728
-2390
-2485
-2205
-1545
-1454
-1851
-2331
-2554
-3520
-4392
-5241
-6686
-8217
-8200
-7499
-7739
-7036
-4999
-3089
-2599
-2030
-479
808
1231
1741
2875
3646
4110
4032
4164
3925
2794
2207
2225
1347
187
550
1125
1135
1184
1945
2609
2662
2604
2348
1829
1704
1830
1503
1739
2183
2300
2736
3129
2696
2138
2302
2210
1599
1265
1532
1579
1536
1832
1868
1934
1843
1267
434
-359
-1644
-2696
-2420
-2275
-2429
-2118
-1451
-1255
-1707
-2213
-2676
-3568
-4828
-6235
-7547
-8180
-8501
-8230
-7328
-6119
-4466
-2958
-1898
-780
430
952
1679
2749
3250
3492
4120
4594
3961
3380
3297
2388
1001
969
916
137
625
1684
1959
1991
2752
3060
2493
2166
2040
1562
1329
1758
1812
2342
2935
2961
3039
3201
2666
2247
2195
1693
1154
1043
1404
1311
1482
1973
2041
1726
1239
295
-1046
-1991
-2578
-2732
-2653
-2478
-1970
-1352
-1400
-1877
-2235
-2980
-4190
-5363
-6663
-7772
-8361
-7883
-7538
-7184
-5094
-3077
-2531
-1641
252
910
855
1896
3322
3295
3308
4533
4374
3190
2947
2690
1419
529
423
493
642
808
1343
1974
2490
2379
2150
2484
1987
990
1336
1860
1428
1354
2434
2918
2440
2649
3160
2706
1867
2001
1960
1368
1092
1342
1971
1995
1890
2283
1892
359
-985
-1346
-1894
-2625
-2572
-1853
-1577
-1837
-1558
-1312
-1877
-2873
-3750
-4482
-5490
-7602
-8452
-7574
-7375
-7679
-6216
-3609
-3045
-2837
-1024
640
667
1188
2897
3549
3759
4014
4145
3908
3133
2074
1660
1561
794
171
697
1759
1279
1176
2264
2718
2003
1793
2230
1872
1616
1605
2023
2046
1982
2389
2929
2829
1949
1889
2331
1915
1091
1444
2146
1633
1259
2050
2569
2082
1595
1280
575
-944
-2059
-2002
-1982
-2409
-2640
-1783
-1127
-1508
-2157
-2044
-2157
-3833
-5561
-6727
-7786
-8635
-8102
-7182
-6503
-5028
-2873
-1470
-1320
-452
1200
1728
1361
2347
3913
4116
3682
4012
4350
3262
2100
1817
1423
368
-139
445
946
1125
1306
2059
2629
2149
1523
1483
1396
957
1189
1750
1876
1928
2721
3171
2486
2098
2335
2012
1297
1226
1388
1246
1258
1572
1778
1927
1924
1642
1147
386
-1093
-2248
-2187
-2267
-2678
-2311
-1379
-988
-1084
-1594
-1986
-2845
-4177
-5491
-6952
-8238
-8421
-7742
-7069
-6215
-4398
-2086
-1557
-1313
645
1660
1030
1730
3413
3607
3211
3955
4569
3464
2357
2347
1495
235
377
508
193
797
1760
1927
1857
2175
2383
1575
1158
1434
1206
986
1768
2307
2399
2633
3082
3116
2454
2100
2120
1915
1600
1637
1708
2010
2338
2409
2548
2305
1559
420
-994
-2120
-2619
-2715
-2366
-2081
-1880
-1424
-1328
-1669
-2481
-3209
-3867
-4913
-6854
-8160
-7889
-7839
-8102
-7283
-5029
-3544
-3141
-1632
153
518
838
2124
3159
3310
3333
4072
4477
3778
2987
2584
2301
1403
472
494
988
974
882
1278
1749
2042
1878
1837
2015
1937
1646
1636
1894
1988
1999
2430
2861
2739
2635
2546
2169
1778
1633
1472
1298
1461
1858
2155
2287
2044
1568
982
-113
-1569
-2194
-2253
-2421
-2608
-2283
-1907
-1768
-1943
-2418
-2694
-3418
-4395
-5681
-6933
-8048
-8231
-7567
-7117
-6149
-4087
-2385
-2140
-1208
518
1240
1007
1889
3505
3602
3358
3740
4173
3574
2565
2287
1894
1231
570
701
886
936
920
1213
1860
1645
1598
1795
1741
1512
1640
1878
2134
2463
2780
2817
2651
3091
2774
2277
2377
2202
1734
1533
1871
2013
1929
2031
2396
1987
1180
549
-644
-1803
-2567
-2604
-2233
-2388
-2265
-1299
-986
-1855
-2302
-2354
-3530
-5297
-6306
-7132
-8436
-8443
-7123
-6726
-6184
-3825
-2128
-1997
-1383
418
1386
1316
2267
3566
3885
3598
3812
3847
3056
2052
1740
1455
800
455
789
1106
1149
1377
1644
1888
1894
1839
1491
1521
1837
1706
1804
2399
2525
2486
3079
3259
2684
2575
2824
2324
1609
1925
1976
1427
1530
2047
1883
1609
1484
941
-3
-1096
-2026
-2339
-2143
-2382
-2412
-1544
-1179
-1736
-2252
-2470
-3360
-4528
-5260
-6785
-8353
-8135
-7371
-7640
-6914
-4477
-2704
-2327
-1446
288
1184
1369
1998
2702
3488
3977
3844
3888
3880
3039
2086
1915
1518
432
139
1100
1248
849
1435
2040
1783
1705
1801
1529
1540
1923
1913
1904
2428
2794
2838
3112
2995
2545
2604
2469
1640
1208
1577
1499
1317
1838
2240
1961
1661
1334
399
-1070
-1980
-2252
-2115
-2210
-2500
-1997
-1344
-1663
-2291
-2304
-2419
-3584
-4811
-5715
-7351
-8741
-7987
-7313
-7836
-6498
-3193
-1672
-2026
-635
1578
1479
1095
2572
3584
3283
3527
4267
3966
2991
2602
2394
1676
922
562
638
982
1142
988
1241
1973
2146
2033
1869
1582
1707
1874
1922
1876
2181
2952
3304
3024
2996
3178
2891
2464
1886
1707
1688
1514
1804
2137
2091
2108
1921
1019
-128
-1307
-2235
-2720
-2716
-2788
-2879
-2213
-1453
-1593
-2450
-2439
-2819
-3969
-5310
-6804
-8030
-8565
-8292
-7997
-6969
-5012
-3311
-2262
-1055
-115
260
967
1898
2368
2754
3672
4112
3880
3691
3259
2550
1843
1508
914
733
855
918
1342
1656
1859
1937
2290
2288
1460
1287
1931
1820
1590
2308
3049
3127
3267
3659
3494
3027
2788
2476
1868
1487
1251
1091
1533
1768
1718
1812
1478
414
-863
-1712
-2498
-2887
-2404
-2187
-2172
-1569
-1095
-1450
-2005
-2443
-3353
-4346
-5082
-6724
-8567
-8231
-7296
-8062
-7607
-4714
-2607
-2539
-1396
1088
1510
1011
2572
3728
3049
2990
4054
4160
3014
2382
2626
1951
950
849
792
852
1063
1065
1318
1691
1869
2000
1871
1801
1698
1633
2148
2113
2065
2901
3442
3317
3213
3424
3204
2546
2239
2087
1440
935
1312
1663
1594
1544
1543
1268
361
-995
-1976
-2400
-2433
-2487
-2451
-1978
-1567
-1428
-1683
-2304
-2759
-3057
-4353
-6423
-7514
-7906
-8647
-8661
-7429
-5992
-4533
-2784
-1567
-651
503
1349
1648
2337
3373
3408
3400
3997
3798
2645
2169
2046
1369
589
393
655
758
1041
1569
1860
2151
2491
2402
2124
1960
1863
2110
2089
2025
2697
3436
3504
3440
3425
3322
2809
2224
2103
1636
1259
1387
1609
1773
1909
1788
1501
1009
-413
-1828
-2450
-2605
-2751
-2870
-2533
-1589
-949
-1031
-1662
-2186
-2519
-3821
-5516
-6964
-8191
-8662
-8364
-7886
-6946
-5145
-3448
-2178
-995
-154
490
1360
2304
2517
2618
3774
4395
3583
3279
3277
2582
1618
1261
854
387
630
1215
1469
1533
2036
2184
2179
2262
1706
1267
1786
2006
1599
1812
2817
3329
3316
3625
3764
3257
2766
2443
1961
1577
1546
1632
1962
1934
1653
1569
1203
-31
-1422
-2181
-2690
-2994
-2856
-2517
-2033
-1511
-1125
-1472
-2023
-2692
-3861
-4757
-5696
-7238
-8796
-8363
-7129
-7137
-6659
-4130
-1895
-1689
-1320
232
1453
1426
1933
3225
3714
3577
3793
3999
3285
2250
1712
1710
1224
366
443
907
1108
1037
1194
1663
1935
1901
1733
1919
1730
1843
2259
2404
2513
2911
3425
3770
3638
3297
3021
2716
2491
2013
1802
1885
1958
1906
1946
1743
1079
725
9
-1427
-2637
-2777
-2515
-2830
-2718
-2036
-1501
-1386
-1397
-1990
-3063
-3985
-4828
-6433
-8110
-8382
-7747
-7463
-7268
-5854
-3930
-2635
-2025
-993
474
1181
1525
2206
3173
3526
3243
3473
3919
3186
1831
1859
2170
1221
487
1000
1519
1310
1474
2127
2072
1705
1857
1822
1532
1528
1818
2306
2566
2738
3012
3611
3898
3523
3198
3125
2606
1979
1759
1737
1672
1737
2159
1978
1347
844
57
-1184
-2321
-2998
-3035
-2790
-2670
-2376
-1712
-1392
-1601
-2049
-2467
-3248
-4525
-5601
-7011
-8173
-8254
-8145
-7894
-6567
-4807
-3855
-2986
-1306
111
246
1196
3066
3419
3274
4018
4456
3841
3141
2744
2389
1843
1262
1148
1127
1325
1294
1542
2161
2109
1928
2247
2263
1625
1685
2004
1917
1969
2674
3174
3034
3220
3663
3536
2954
2639
2279
1985
1769
1567
1747
2157
1820
1503
1416
555
-865
-1753
-2102
-2839
-3209
-2626
-2203
-2179
-1739
-1415
-1579
-2108
-2913
-3599
-4406
-5744
-7444
-8307
-7674
-7308
-7879
-6820
-4128
-2797
-2900
-1736
558
1213
851
2080
3600
3420
3370
4046
3917
3015
2442
2429
1912
1055
1027
1209
1293
1355
1344
1508
1970
2044
1736
1869
1950
1814
2048
2451
2411
2411
3160
3441
2755
2823
3173
2446
1882
1981
1837
1511
1662
1977
1902
1847
1794
1074
52
-976
-1934
-2884
-3138
-2689
-2452
-2390
-1931
-995
-1012
-1705
-2217
-2686
-3616
-5046
-6085
-7168
-7973
-7909
-7218
-6630
-5799
-4259
-2707
-1815
-1280
-113
1268
1973
2145
2884
3703
3776
3382
3329
3176
2066
1902
2016
1226
897
1139
1357
1349
1534
1747
1776
2020
2108
1762
1681
2023
2085
2108
2565
2863
2977
3240
3465
3435
3154
2897
2794
2511
2006
1731
1941
1983
1693
1576
1615
820
-371
-1140
-1907
-2768
-2718
-2264
-2351
-2153
-1671
-1585
-2029
-2156
-2352
-3194
-4206
-4945
-5851
-7693
-8105
-7326
-7454
-7429
-5668
-3206
-2869
-2591
-406
1156
725
1563
3310
3392
2937
3459
3840
2780
2142
2375
2147
1195
988
1379
1360
1155
958
1448
1682
1558
1667
2114
2181
1474
1772
2462
2213
1811
2610
3484
3071
2695
3164
3420
2578
2045
2242
2139
1524
1427
2045
2204
1479
1120
1281
-109
-1867
-2286
-2255
-2646
-3028
-2508
-1997
-1904
-1844
-1598
-1734
-2405
-3149
-4120
-4988
-6379
-7673
-7781
-7248
-6956
-6583
-5049
-3087
-2174
-1904
-674
1140
1893
1982
2657
3826
3799
3045
3371
3607
2478
1648
2021
1849
994
579
1220
1458
1114
1236
1883
2158
1669
1484
1932
1958
1435
1882
2718
2563
2402
3230
3617
2851
2590
2985
2634
1966
1849
1979
1801
1681
1900
2012
1767
1374
613
-363
-1402
-2438
-2523
-2157
-2489
-2565
-1656
-1148
-1632
-1770
-1829
-2743
-3897
-4675
-5330
-6513
-7762
-7968
-7306
-6849
-6606
-5064
-2745
-1953
-1767
119
1795
1403
1759
3281
3454
2870
3300
3713
2801
2014
2112
1652
1004
920
816
736
1334
1646
1317
1820
2369
1858
1732
2261
2208
1614
2218
2944
2440
2441
3228
3126
2849
3014
2760
2326
2166
2014
1703
1476
1605
1750
1614
1518
888
-64
-665
-1533
-2839
-3066
-2444
-2444
-2542
-1922
-1179
-1540
-2281
-2308
-2616
-3834
-5103
-5811
-6564
-7601
-8177
-7484
-6514
-6026
-4715
-2970
-1905
-1036
191
1182
1856
2491
3091
3625
3834
3663
3138
2994
2880
2069
1520
1748
1355
762
1155
1494
1305
1557
2149
1931
1774
2276
2295
2032
2244
2521
2303
2630
3056
2762
2749
3195
2951
2428
2562
2380
1906
1933
2043
1811
1668
1826
1747
903
-13
-967
-2064
-2843
-3180
-3077
-2609
-2014
-1365
-748
-823
-1552
-2116
-2663
-3785
-5164
-5860
-6460
-7267
-7605
-7155
-6866
-6366
-4791
-3477
-2779
-1551
106
1135
1700
2489
3395
3759
3530
3393
3150
2599
2095
1737
1436
952
779
1043
1127
860
1049
1383
1516
1527
1505
1744
1868
2045
2337
2518
2677
2839
3064
3062
2813
2617
2698
2739
2239
1897
2129
2226
1728
1495
1764
1697
1138
681
174
-575
-1589
-2398
-2454
-2159
-2224
-2255
-1407
-722
-1232
-1839
-1715
-2324
-3832
-4644
-5061
-6526
-8007
-7819
-7057
-7220
-6900
-4707
-2665
-2316
-1717
305
1805
1548
1799
3169
3473
2879
2878
3231
2765
1907
1597
1715
1435
633
569
1233
1360
1014
1247
2122
2191
1676
2058
2550
2483
2381
2909
3281
3032
3075
3443
3359
2742
2649
2743
2399
2076
1815
1854
1743
1387
1363
1347
956
427
175
-151
-1429
-2607
-2563
-2454
-2807
-2751
-1796
-1122
-1315
-1586
-1785
-2126
-3099
-4106
-5264
-6382
-7271
-7826
-7669
-7326
-6638
-5026
-3036
-1760
-866
336
1596
2107
2230
2812
3222
3363
3276
3104
2726
2229
1829
1380
1032
534
399
717
1138
1019
987
1745
2282
2134
1890
2187
2451
2209
2113
2459
2713
2706
2935
3043
2839
2509
2355
2348
2085
1717
1522
1628
1500
1177
1005
1240
1051
342
-206
-740
-1617
-2167
-2187
-2280
-2147
-1785
-1359
-1317
-1522
-1692
-2145
-3172
-4051
-4614
-5565
-6840
-7709
-7479
-6950
-6823
-5706
-3937
-2443
-1360
-339
625
1409
1937
2369
2631
2817
3071
2767
2660
2448
1813
1194
1186
1032
368
287
797
1231
1114
1266
1925
2267
2292
2246
2384
2354
2397
2624
2755
2879
2952
3279
3539
3166
2797
2867
2535
2040
1640
1505
1297
1024
1115
1218
960
516
127
-724
-1549
-2484
-2740
-2095
-1844
-1692
-1187
-627
-991
-1669
-1892
-2357
-3453
-4323
-4817
-6033
-7425
-7833
-7381
-7127
-6317
-4402
-2538
-1560
-678
737
1547
1668
2007
2787
2891
2695
2885
2925
2470
1631
1375
1388
745
12
303
731
659
692
1449
2190
2025
2180
2737
2733
2327
2289
2721
2655
2252
2453
2853
2695
2520
2613
2568
2283
1783
1647
1467
1039
1020
1248
1205
959
877
543
-174
-1140
-1904
-2288
-2335
-2092
-1877
-1380
-847
-904
-1292
-1599
-2287
-3194
-4160
-5060
-5829
-7130
-7798
-6995
-6347
-6056
-4651
-2163
-1189
-1284
13
1368
1027
1137
2516
2694
2502
2928
2973
2420
1818
1502
979
706
607
334
407
1159
1256
973
1812
2458
2404
2431
2711
2641
2508
2690
2678
2768
2888
2927
2777
2880
2749
2111
2008
1963
1512
959
904
631
558
821
897
699
328
-33
-690
-1170
-1886
-2277
-1970
-1623
-1646
-1611
-1050
-1232
-1867
-2251
-2735
-3724
-4812
-5447
-6153
-6972
-7317
-6871
-5965
-4683
-3329
-2200
-992
194
765
921
1299
2052
2518
2527
2539
2617
2576
2113
1508
1147
764
345
288
454
443
570
1265
1905
1931
2042
2595
2893
2702
2645
2652
2669
2851
2840
2776
2709
2710
2691
2645
2296
1691
1423
1297
939
505
528
732
769
745
609
482
46
-596
-1412
-1700
-1650
-1768
-1693
-1291
-1144
-1498
-1567
-1700
-2462
-3393
-4057
-4639
-6085
-7260
-7260
-6592
-6276
-5560
-3580
-1968
-1247
-888
152
935
1030
1215
1842
2559
2567
2323
2351
2375
1486
647
545
426
-43
-263
421
956
1057
1514
2208
2526
2605
2990
3029
2804
2876
3116
3126
2890
2885
2976
2681
2163
1944
1935
1664
1222
1168
1320
1096
697
726
936
830
544
355
260
-276
-1232
-1542
-1325
-1394
-1517
-1099
-791
-1314
-1818
-1796
-2435
-3504
-3881
-4181
-5316
-6849
-7097
-6584
-6584
-6444
-5033
-2978
-2180
-1796
-424
1065
832
939
2447
2863
2213
2341
3064
2339
1122
1203
1397
499
-167
315
640
718
831
1607
2524
2511
2516
3033
3199
2573
2389
3021
2949
2264
2405
3227
3063
2354
2420
2626
2145
1228
1044
1227
811
290
356
802
738
417
415
371
-407
-1101
-1354
-1739
-2020
-1890
-1416
-1226
-1096
-1144
-1535
-2087
-2735
-3228
-4224
-4902
-5847
-6811
-6698
-6480
-6279
-5300
-3448
-2140
-1778
-760
925
1089
834
1859
2555
2076
1999
2695
2478
1507
1345
1376
816
327
325
298
649
1312
1598
1967
2676
3207
2917
2702
3014
2905
2540
2450
2700
2708
2552
2792
2685
2283
1836
1661
1372
846
710
704
495
291
573
682
665
760
537
-202
-780
-1206
-1782
-2146
-1988
-1401
-1192
-1206
-1152
-1186
-1567
-2575
-3333
-3566
-4175
-5294
-6436
-6550
-6143
-6319
-5998
-4346
-2838
-2431
-1696
-236
616
446
1162
2517
2503
2084
2579
2844
1951
1110
1131
1045
280
-7
552
902
905
1268
2046
2458
2379
2794
3144
2978
2614
2619
2862
2669
2659
2605
2608
2499
2029
1768
1633
1305
926
931
965
803
616
796
1059
956
978
718
264
-13
-583
-1335
-1575
-1394
-1365
-1483
-1296
-1021
-1323
-1639
-1920
-2610
-3206
-3398
-4346
-6125
-6869
-6234
-5850
-6288
-5677
-3433
-2014
-2222
-1448
431
1043
896
1615
2863
2750
2140
2475
2618
1478
617
929
872
91
-258
476
1021
929
1402
2381
2719
2871
3165
3279
3004
2554
2543
2508
2223
2044
2454
2728
2483
1950
1824
1698
1040
675
868
859
404
431
768
853
804
810
711
509
8
-860
-1461
-1717
-1992
-1973
-1595
-1283
-1305
-1424
-1549
-2047
-2817
-3855
-4702
-5539
-6864
-7313
-6723
-5816
-5272
-4466
-2542
-1397
-1072
-372
754
1218
1205
1869
2614
2539
2126
2551
2444
1552
922
741
456
50
188
543
1099
1939
2696
2889
3043
3382
3208
2986
2781
2631
2574
2624
2686
2584
2422
2175
1925
1565
1110
554
403
630
475
96
136
338
466
650
662
641
607
535
-203
-1473
-1800
-1618
-1776
-1816
-1387
-1187
-1247
-1326
-1729
-2432
-3297
-3863
-5093
-6589
-6849
-6512
-6115
-5311
-3999
-2623
-1490
-615
248
720
1031
1810
2207
2414
2668
2728
2728
2428
1821
1272
787
103
-210
-145
180
453
1123
2089
2562
2763
2987
3094
2610
2318
2194
1982
2053
2179
2207
2141
2108
1746
1371
1174
769
434
279
404
330
300
573
853
990
959
705
487
305
-591
-1539
-1710
-1335
-1459
-1613
-1135
-895
-1062
-1519
-1841
-2199
-2921
-3993
-5385
-6239
-6879
-7114
-6445
-5575
-4679
-2972
-1285
-933
-443
995
1672
1046
1625
3162
2715
2173
3052
3139
1741
1281
1397
579
-285
-107
483
737
1535
2219
2490
3178
3516
3135
2813
2806
2459
2161
2236
2105
2315
2564
2551
2100
1717
1368
740
399
314
197
147
483
485
425
927
1263
926
674
257
-603
-1476
-2059
-2014
-1984
-1801
-1510
-1255
-1238
-1839
-2353
-2651
-3182
-4349
-5509
-6359
-6879
-6801
-6485
-5876
-4455
-2571
-1531
-1004
81
1030
1153
1538
2350
2665
2846
3315
3287
2386
1890
1794
896
151
195
316
398
902
1515
1926
2377
2767
2875
2756
2863
2715
2230
2376
2432
2100
2023
2231
2177
1782
1356
1081
816
419
223
111
268
338
96
493
1046
995
817
947
600
-623
-1652
-1957
-1950
-2034
-1719
-885
-571
-1053
-1405
-1489
-2306
-3317
-3749
-4437
-6224
-7242
-6359
-5677
-6137
-5106
-2339
-1091
-1565
-807
1287
1154
301
1684
3075
2668
2433
3253
2909
1635
1127
1096
358
-328
-156
218
742
1268
1779
2383
2899
3011
3022
3031
2603
2228
2434
2686
2319
2249
2881
2818
2106
1704
1446
792
324
97
25
223
355
533
833
1161
1133
1187
1054
515
-118
-876
-1627
-1959
-1735
-1794
-1877
-1410
-1074
-1501
-1915
-2111
-2833
-3671
-4401
-5724
-6810
-6684
-6312
-6431
-5709
-3612
-2319
-2240
-970
544
894
1071
2075
2867
2682
2904
3213
2975
2266
1568
1061
775
512
28
222
863
1396
1742
2208
2667
2998
3141
3161
2845
2586
2751
2689
2389
2096
2048
2030
1890
1499
1105
910
611
544
410
285
323
473
858
863
766
887
857
317
-336
-1031
-1694
-1821
-1571
-1418
-1445
-1085
-861
-1280
-1944
-2533
-3257
-4140
-4943
-6492
-7344
-6898
-6544
-6262
-5361
-3673
-2157
-1413
-595
504
1005
1275
1946
2604
2901
2786
2801
2903
2203
1264
927
822
264
-93
238
990
1287
1792
2599
2890
3036
3349
3211
2708
2566
2490
2485
2457
2443
2251
2230
2312
1850
1344
1185
1067
806
718
801
795
876
1118
1431
1383
1089
831
654
23
-1112
-1601
-1378
-1552
-1884
-1541
-1031
-1370
-2145
-2142
-2526
-3435
-4252
-4948
-6143
-7382
-7497
-6675
-6187
-5367
-3635
-2238
-1417
-597
-1
529
970
1599
2077
2454
3059
3197
2736
2399
2126
1305
619
386
270
282
580
1355
2225
2670
3025
3481
3849
3494
2950
2846
2761
2253
2105
2619
2670
2272
2104
2154
1630
813
573
582
281
178
351
623
939
1082
1047
995
680
40
-476
-1301
-2088
-2086
-1539
-1688
-1859
-1329
-1457
-2180
-2634
-2980
-3714
-4270
-4825
-6216
-7209
-6754
-6678
-6807
-5176
-3582
-2826
-1462
-66
199
456
1858
2560
2190
2852
3923
3237
2674
2929
1989
817
700
654
76
-5
909
1507
1834
2493
2983
3386
3710
3217
2731
2925
2708
2278
2517
2702
2420
2363
2471
1961
1207
1048
833
322
223
437
373
647
838
855
1173
1219
645
237
-4
-1046
-2071
-1961
-1693
-1931
-1691
-1087
-941
-1473
-1942
-2541
-3299
-3976
-4935
-6017
-6891
-7081
-6720
-6397
-5913
-4311
-2194
-1583
-1355
163
1389
1097
1306
2811
3527
2810
2853
3810
2885
1137
914
1049
96
-520
-3
564
958
1537
2181
2805
3391
3381
3089
3101
2967
2442
2531
2881
2364
2027
2587
2411
1468
1172
1227
700
161
385
579
368
639
1208
1397
1425
1390
1137
642
-72
-972
-1463
-1578
-1687
-1728
-1487
-1314
-1414
-1657
-1938
-2536
-2954
-3464
-4701
-5634
-6420
-7177
-7114
-6367
-5716
-4646
-2848
-1600
-1306
-647
711
1112
1025
2043
2910
2942
2989
3100
2803
1979
1080
759
625
-85
-613
75
1228
1332
1445
2707
3642
3142
2936
3450
3053
2269
2517
3080
2606
2281
2725
2652
2103
1562
1397
1131
853
660
709
1002
1036
1108
1546
1826
1397
1162
1250
415
-931
-1522
-1516
-1789
-2043
-1656
-937
-1044
-1704
-2102
-2582
-3431
-4585
-5512
-6048
-6991
-7485
-6456
-5648
-5680
-4663
-2461
-1461
-1783
-954
961
986
485
2088
3539
2884
2430
3417
3331
1392
310
839
445
-755
-560
737
1227
1345
2055
3028
3147
2793
3010
3230
2815
2275
2652
3117
2795
2529
2893
2916
2170
1407
1135
860
389
287
671
794
752
1019
1497
1461
1017
807
804
246
-680
-1245
-1524
-1422
-1468
-1288
-1082
-1028
-1307
-1869
-2530
-3419
-4026
-4539
-5806
-7134
-6920
-6343
-6429
-6170
-4229
-2564
-2405
-1875
-104
693
360
1348
2627
3008
2912
3138
3383
2801
1929
1231
766
224
-162
-328
124
883
997
1706
2642
2982
2833
2974
3111
2679
2556
2640
2717
2584
2926
2906
2406
2219
2007
1454
732
452
484
479
344
565
989
1074
1162
1364
1152
546
298
-120
-1017
-1806
-1824
-1415
-1386
-1124
-724
-967
-1914
-2598
-3098
-3627
-4432
-5783
-6604
-6451
-6660
-7187
-6265
-4252
-3210
-2882
-1481
48
74
335
1588
2131
2298
3087
3567
2953
2470
2195
1422
522
206
-34
-550
-128
713
895
1324
2285
2861
2931
2859
2836
2895
2774
2530
2601
2726
2829
2930
2716
2241
1840
1501
1197
765
432
562
659
725
807
872
1099
1469
1352
752
369
-108
-923
-1515
-1450
-1286
-1259
-1013
-909
-1390
-1790
-2263
-3102
-3777
-4356
-5664
-7191
-7176
-6501
-6409
-6221
-4557
-2479
-1897
-1660
-383
910
1087
1225
2090
2934
2951
2963
3269
2910
2011
1259
977
584
-240
-761
59
1017
830
1110
2438
3031
2532
2670
3377
2649
2095
2789
2844
1940
2242
2905
2446
2012
1825
1507
890
902
818
367
487
939
877
871
1239
1281
1061
916
246
-541
-899
-1168
-1491
-1279
-1113
-1073
-942
-1144
-1806
-2550
-3019
-3672
-4583
-5853
-6966
-7037
-6892
-6850
-6056
-4264
-3021
-2237
-908
-13
-50
707
1888
1921
2086
3208
3560
2846
2647
2379
1390
510
80
-203
-321
-127
387
1041
1783
1987
2391
3289
3113
2486
2713
3054
2390
2158
2767
2694
2348
2683
2831
1862
1181
1216
957
577
374
455
810
867
569
880
1431
884
229
535
340
-1043
-1530
-739
-985
-1698
-1156
-497
-1236
-2109
-2458
-3042
-3917
-4719
-5989
-7131
-6929
-6635
-6814
-6214
-4009
-2530
-2570
-1513
508
801
149
1331
2806
2514
2309
3504
3767
2298
1778
2123
967
-274
-88
52
-272
137
1001
1666
2103
2568
2890
3083
2956
2486
2440
2842
2766
2388
2974
3323
2523
1971
2214
1807
889
861
1083
645
289
604
860
685
852
1368
1306
807
458
-3
-660
-1352
-1510
-1388
-1425
-1287
-990
-1088
-1638
-2097
-2705
-3688
-4928
-6268
-7116
-7416
-7008
-6568
-5874
-4244
-2478
-1695
-1305
-250
748
960
1188
2231
2895
2681
2933
3326
2734
1760
1228
841
63
-876
-934
-318
104
418
988
1932
2473
2588
2653
2712
2448
2340
2726
2647
2514
2972
3245
2859
2371
1954
1619
1198
760
598
673
774
844
924
1187
1412
1421
1262
945
378
-322
-1048
-1479
-1375
-1263
-1080
-835
-658
-1075
-1693
-2462
-3443
-4166
-4934
-6472
-7531
-6862
-6268
-6443
-5472
-3066
-1670
-1620
-867
458
705
537
1062
2167
2843
2850
3049
3391
2920
1671
1046
710
-117
-956
-763
-65
345
824
1577
2345
2698
2883
2860
2740
2531
2293
2373
2529
2668
3044
3327
3090
2515
2160
1806
1151
777
752
629
509
725
945
1028
1344
1401
966
573
91
-855
-1746
-1563
-1343
-1527
-1102
-444
-494
-1162
-1889
-2804
-3858
-4978
-6281
-7392
-7414
-6804
-6517
-5690
-4275
-3079
-2285
-1527
-850
-582
71
967
1475
1932
2800
3382
3229
3115
2752
1914
933
347
-192
-720
-522
118
838
1211
1798
2361
2647
2614
2387
2275
2230
2443
2479
2885
3015
3034
3318
3019
2337
1742
1526
1254
980
551
657
1029
917
848
1046
1229
961
624
648
339
-544
-865
-785
-1245
-1490
-1087
-729
-871
-1438
-1904
-2602
-3439
-4104
-5384
-7097
-7357
-6604
-6664
-6342
-4675
-2817
-2166
-1511
-129
338
140
770
1684
1768
2130
3051
3452
3007
2409
2039
1410
357
-572
-772
-720
-522
25
838
1521
1859
2377
2822
2653
2216
2327
2753
2602
2458
2907
3470
3391
2889
2843
2480
1634
1038
1017
744
375
420
849
964
819
1032
1259
1017
394
106
-390
-1232
-1640
-1303
-1145
-1225
-836
-610
-1111
-2008
-2767
-3806
-4932
-6007
-7319
-7589
-6884
-6208
-5937
-4568
-2369
-1346
-1298
-401
829
823
635
1449
2474
2716
2686
3325
3632
2692
1794
1308
599
-420
-867
-563
-152
240
976
1707
2306
2728
2572
2456
2577
2346
2054
2590
2939
2915
3185
3467
3091
2439
2290
1793
940
730
624
259
315
555
488
757
1205
950
466
414
70
-739
-1253
-1384
-1320
-1034
-864
-1098
-1086
-1220
-2262
-3370
-3818
-4872
-6743
-7465
-6956
-6896
-6750
-5344
-3387
-2360
-1664
-653
53
331
458
1087
1710
2194
2605
3119
3464
3154
2555
2125
1311
169
-555
-687
-521
-285
363
1228
1890
2392
2739
2700
2564
2466
2373
2528
2717
2700
2839
3245
3275
2763
2310
2194
1707
1041
830
567
390
332
328
171
450
860
632
319
98
-252
-819
-1237
-1424
-1545
-1288
-1017
-981
-897
-1234
-1949
-3027
-3988
-5116
-6631
-7527
-7098
-6979
-7067
-5342
-2907
-1987
-1662
-176
899
410
454
1587
1836
1828
2825
3511
3310
3143
2726
2079
1115
69
-659
-867
-710
-630
-67
1250
1968
1879
2521
3035
2435
2063
2393
2448
2273
2486
3255
3644
3241
2854
2982
2454
1458
913
980
672
48
282
695
420
498
1186
957
291
249
324
-580
-1449
-1285
-1078
-1254
-1063
-642
-703
-1430
-2249
-2841
-3952
-5665
-6972
-7438
-7361
-7030
-6037
-4320
-3139
-2088
-784
3
80
600
1257
1498
1448
2110
3067
2967
2799
2834
2562
1660
589
-196
-604
-978
-1063
-438
473
954
1394
2160
2779
2320
1841
2323
2360
2008
2370
2967
3059
3275
3366
3084
2702
2159
1487
979
707
292
56
502
629
347
684
1195
763
277
318
-49
-889
-1420
-1418
-1295
-1190
-1052
-769
-863
-1445
-2379
-3138
-4082
-5879
-7453
-7509
-6986
-7066
-6260
-4238
-2391
-1637
-1086
213
1012
633
705
1755
2233
2206
2688
3498
3370
2589
2527
2132
730
-263
-478
-762
-915
-383
469
1119
1630
2461
2810
2579
2543
2532
2610
2651
2576
2799
3262
3449
3035
2841
2603
1872
1077
747
389
-226
-188
278
355
172
613
981
611
79
-113
-306
-917
-1356
-1304
-942
-892
-1097
-1082
-1029
-1585
-2724
-3510
-4155
-5594
-7196
-7386
-6358
-6170
-6117
-4328
-1945
-1231
-1080
339
1494
1171
945
1799
2527
2355
2473
3185
3287
2546
1870
1455
777
-271
-1101
-831
-453
-199
97
958
1950
2059
2066
2240
2408
2007
1850
2370
2707
2708
2888
3395
3262
2529
2137
1876
1236
677
556
497
214
35
342
474
581
734
692
342
15
-251
-792
-1186
-1214
-970
-839
-717
-630
-693
-1341
-2280
-3096
-4134
-5810
-7172
-7091
-6651
-6625
-5811
-3804
-2234
-1627
-862
326
800
619
1141
1765
1967
2181
2628
2989
2812
2274
1889
1398
401
-546
-806
-634
-577
-428
645
1431
1593
2119
2568
2397
2014
2292
2359
2353
2659
3132
3449
3416
3411
3001
2437
1691
957
571
310
13
-68
239
414
330
476
570
387
214
73
-394
-1077
-1464
-1243
-1061
-1248
-1119
-672
-967
-1768
-2586
-3472
-4812
-6497
-7174
-6845
-6689
-6364
-4684
-2680
-1815
-1323
246
1216
687
743
1816
2021
1718
2293
3098
3027
2531
2604
2350
1215
187
-195
-516
-800
-829
-215
640
1098
1428
1914
2234
1886
1782
2229
2350
2183
2548
3135
3122
2811
2764
2698
2024
1001
534
594
354
-153
43
463
304
290
766
774
144
-9
131
-522
-1293
-1209
-974
-904
-1053
-1207
-1005
-1161
-2102
-3145
-3598
-4780
-6554
-7053
-6312
-6119
-6222
-4637
-2316
-1502
-1312
-100
1166
956
567
1471
2221
1979
2077
3016
3110
2350
2222
2193
1260
35
-392
-310
-565
-484
246
925
1345
1769
2318
2526
2101
2140
2539
2506
2466
2856
3336
3305
3028
2754
2483
1991
1319
803
638
474
109
58
387
393
375
749
765
177
-214
-261
-773
-1545
-1636
-1476
-1381
-1340
-1308
-1320
-1516
-2090
-2855
-3559
-5068
-6677
-7026
-6692
-6502
-5942
-4277
-2506
-1466
-506
387
734
1075
1355
1417
1715
2135
2533
2682
2657
2661
2336
1604
1022
414
-371
-670
-621
-194
234
501
1213
1888
1895
1953
2147
2158
2136
2307
2730
2909
3156
3390
3226
2658
2118
1644
929
497
222
-81
-119
23
160
236
518
742
558
251
98
-107
-788
-1164
-1091
-999
-996
-896
-742
-930
-1556
-2382
-3405
-4342
-5427
-6627
-7026
-6214
-5680
-5237
-3641
-1754
-1022
-682
613
1372
952
953
1849
2038
1788
2329
2933
2687
2214
2170
1667
770
-69
-504
-534
-486
-322
208
942
1312
1449
2018
2296
2047
2002
2249
2365
2411
2729
3008
2975
2731
2565
2286
1648
844
359
336
38
-195
244
642
425
665
1169
836
203
289
290
-700
-1406
-1063
-933
-1264
-1271
-1169
-1129
-1591
-2459
-3396
-4286
-5447
-6500
-6662
-6262
-5898
-4845
-3254
-2064
-1094
82
690
777
1056
1637
1582
1547
2180
2591
2380
2172
2297
1956
1117
444
43
-351
-739
-804
-348
171
562
948
1669
1916
1726
1767
2075
1986
1895
2389
2913
2767
2620
2756
2533
1896
1243
961
569
7
-185
71
72
-291
-156
440
429
25
101
300
7
-639
-909
-922
-919
-1057
-963
-877
-1061
-1499
-2069
-2809
-3844
-4776
-5454
-5955
-6025
-5285
-4398
-3591
-2192
-620
108
405
1156
1771
1615
1526
1888
2181
2054
1988
2139
2095
1786
1330
714
230
-197
-579
-593
-373
31
295
780
1516
1780
1777
1879
2163
2135
2158
2298
2459
2518
2515
2592
2384
2143
1668
1127
617
343
-19
-390
-261
-57
-96
143
598
619
390
517
546
-136
-775
-817
-827
-1127
-1162
-1092
-1182
-1629
-2133
-2771
-3681
-4727
-5681
-6110
-5853
-5326
-4772
-3496
-1840
-739
-318
411
1250
1280
946
1288
1773
1656
1655
2061
2259
2010
1606
1319
891
124
-488
-628
-310
-255
-121
504
1220
1523
1710
2039
2186
2164
2145
2301
2484
2480
2498
2580
2477
2172
1902
1683
1130
492
126
-65
-305
-600
-529
-251
-70
76
156
104
-36
-70
-455
-1011
-1259
-1073
-963
-995
-973
-1159
-1386
-1685
-2399
-3337
-4105
-4787
-5371
-5489
-5138
-4459
-3561
-2198
-1008
-312
284
794
1021
913
960
1073
1221
1709
2025
2007
1809
1766
1486
717
213
-206
-430
-472
-231
27
380
923
1356
1770
1865
1865
1989
2071
2055
2040
2358
2540
2662
2729
2622
2332
1896
1503
899
342
4
-62
11
61
154
407
581
535
444
564
410
-50
-304
-547
-925
-862
-776
-897
-937
-1026
-1465
-2191
-3023
-3823
-4410
-5104
-5446
-5129
-4381
-3564
-2750
-1524
-447
-117
27
576
767
727
859
1204
1547
1624
1694
1707
1506
1039
654
167
-455
-757
-718
-515
-504
-191
584
909
1101
1488
1747
1714
1734
2025
2100
2111
2290
2606
2720
2567
2453
2113
1621
997
446
-16
-367
-416
-275
-187
-56
224
394
434
386
275
258
105
-294
-698
-784
-711
-852
-893
-949
-1286
-1999
-2619
-3219
-3848
-4411
-4714
-4579
-4078
-3374
-2728
-1950
-962
-403
-207
246
754
746
598
980
1408
1461
1367
1586
1545
1104
743
510
36
-409
-453
-296
-218
78
660
989
1241
1580
1761
1647
1688
1908
1910
2014
2299
2434
2508
2536
2390
1955
1539
1223
835
313
-96
-222
-86
40
87
452
834
758
607
548
403
14
-480
-718
-764
-855
-1072
-1019
-1013
-1403
-1985
-2455
-3058
-3649
-4123
-4450
-4382
-3951
-3358
-2809
-2012
-1087
-594
-401
-150
64
137
165
417
817
1100
1236
1506
1722
1354
930
732
373
-233
-340
-103
2
230
722
1151
1319
1482
1591
1530
1453
1423
1542
1753
1924
1966
2128
2327
2170
1698
1437
1274
700
221
221
38
-205
-56
263
353
307
463
373
220
95
-199
-501
-574
-677
-937
-847
-617
-739
-1191
-1477
-1852
-2593
-3126
-3337
-3640
-3895
-3720
-3193
-2738
-2283
-1625
-942
-566
-236
50
152
295
458
686
1043
1254
1321
1336
1251
821
390
50
-85
-164
-218
88
438
733
1092
1539
1711
1690
1782
1799
1658
1624
1692
1692
1808
1957
1991
2006
1874
1531
1209
866
412
123
81
31
137
473
784
842
747
550
226
-17
-284
-625
-788
-741
-863
-955
-917
-1011
-1273
-1815
-2356
-3001
-3591
-3764
-3860
-4077
-3853
-3187
-2495
-2008
-1478
-687
-240
-80
34
257
307
289
514
859
1061
1001
1142
1195
705
231
42
-20
-253
-332
-13
561
1125
1483
1961
2177
2125
2123
2033
1900
1749
1698
1831
1928
1968
2158
2172
1979
1739
1522
1239
985
844
805
664
635
748
552
180
-97
-443
-857
-1114
-1321
-1368
-1302
-1340
-1362
-1383
-1673
-2098
-2485
-2954
-3608
-3892
-4072
-4334
-4220
-3656
-3145
-2760
-1776
-747
-537
-370
307
694
537
488
843
1157
1302
1414
1556
1644
1455
1250
1088
891
677
538
701
872
958
1188
1563
1887
1980
2087
2274
2191
2013
1934
1713
1546
1670
1758
1671
1628
1680
1431
1144
940
698
485
337
342
249
25
-176
-379
-712
-987
-1322
-1531
-1344
-1281
-1406
-1453
-1409
-1729
-2141
-2372
-2636
-3059
-3406
-3758
-3859
-3844
-3835
-3449
-2850
-2104
-1491
-598
37
267
677
969
956
890
1152
1197
1068
1235
1381
1214
1140
1223
1109
931
871
712
654
664
693
789
989
1196
1325
1553
1742
1785
1744
1826
1814
1810
1829
1916
1954
1816
1820
1726
1544
1263
1149
1040
732
428
189
-91
-390
-444
-529
-913
-1125
-1081
-1190
-1427
-1582
-1611
-1754
-1878
-1989
-2370
-2674
-2823
-3220
-3546
-3693
-3596
-3527
-3390
-2916
-2244
-1703
-1136
-336
362
642
864
1342
1426
1254
1212
1335
1268
1274
1274
1230
1337
1248
1043
1041
1072
880
697
774
901
702
810
1103
1422
1660
1850
2101
2281
2360
2207
2238
2334
2337
2246
2189
2063
1730
1544
1265
791
355
-61
-617
-1085
-1424
-1676
-1785
-1769
-1641
-1603
-1591
-1666
-1992
-2360
-2558
-2786
-3004
-3076
-3082
-3041
-3134
-3198
-3257
-3327
-3204
-2898
-2488
-2155
-1604
-770
5
473
891
1472
1984
1900
1719
1831
1708
1469
1416
1652
1751
1777
1930
2017
1811
1501
1258
993
753
545
375
539
824
1010
1335
1671
2012
2192
2394
2447
2342
2435
2415
2305
2253
2232
1968
1648
1341
856
236
-427
-977
-1510
-1948
-2170
-2073
-1864
-1906
-1906
-1832
-1955
-2355
-2615
-2682
-2973
-3169
-2984
-2698
-2867
-2938
-2715
-2729
-2919
-2918
-2535
-2254
-2092
-1543
-670
-182
240
899
1438
1378
1252
1492
1523
1298
1149
1278
1350
1377
1455
1686
1805
1644
1641
1726
1472
1119
1040
1179
1232
1221
1670
2118
2346
2577
2857
3050
3130
3181
3222
3147
2730
2064
1671
1215
399
-283
-529
-671
-1148
-1452
-1583
-1862
-2195
-2428
-2551
-2691
-2972
-3190
-3121
-3156
-3395
-3310
-2920
-2871
-3013
-3072
-3082
-3075
-2963
-2875
-2686
-2239
-1725
-1446
-1238
-846
-535
-219
251
837
1224
1594
1983
2170
2179
2197
2296
2332
2232
2244
2250
2284
2257
2303
2326
2194
2146
1983
1752
1456
1357
1513
1510
1635
2024
2287
2615
2947
3098
2964
2617
2027
1444
920
239
-235
-289
-520
-1023
-1319
-1533
-1875
-2450
-2756
-2848
-3157
-3318
-3277
-3320
-3388
-3213
-3050
-2843
-2806
-2889
-2975
-2979
-2996
-2857
-2576
-2392
-2047
-1576
-1274
-1113
-989
-828
-636
-451
-87
537
1129
1510
1876
2405
2764
2780
2771
2913
2819
2512
2464
2558
2443
2197
2200
2303
2182
1853
1691
1540
1461
1439
1401
1727
2047
2203
2475
2750
2584
2151
1796
1263
655
166
-102
-139
-366
-578
-575
-694
-1209
-1743
-2052
-2567
-2990
-3190
-3186
-3316
-3475
-3318
-3136
-3037
-3006
-2878
-2816
-2806
-2797
-2718
-2466
-2175
-1832
-1433
-1112
-983
-993
-999
-933
-963
-863
-553
-106
461
972
1364
1895
2276
2437
2485
2618
2726
2593
2453
2451
2346
2233
2353
2445
2312
2144
2104
1892
1754
1623
1604
1756
1848
1994
2099
2114
1871
1439
1132
827
409
164
103
40
-163
-143
-153
-332
-603
-983
-1329
-1814
-2303
-2670
-3003
-3153
-3183
-3083
-3038
-3135
-3086
-2919
-2898
-2767
-2536
-2250
-1911
-1592
-1380
-1169
-1003
-1019
-1001
-886
-690
-616
-505
-160
40
178
682
1026
1264
1705
2087
2280
2386
2612
2719
2717
2542
2438
2385
2149
1913
1929
1914
1718
1702
1707
1617
1575
1619
1485
1432
1382
1262
1173
821
523
331
152
49
-77
-124
88
1
-349
-384
-634
-1253
-1554
-1719
-1935
-2197
-2294
-2353
-2457
-2598
-2850
-2938
-2850
-2817
-2822
-2582
-2227
-2089
-1960
-1417
-1228
-1293
-1029
-762
-937
-1019
-962
-871
-769
-584
-205
108
412
621
882
1162
1378
1651
1954
2155
2231
2381
2459
2409
2348
2254
2155
2064
1926
1850
1894
1959
2036
2088
2042
1875
1699
1617
1539
1370
1125
1023
781
409
168
51
28
18
-37
-27
-106
-372
-607
-787
-1121
-1429
-1514
-1647
-1866
-2138
-2383
-2447
-2556
-2753
-2856
-2720
-2562
-2640
-2365
-2028
-1908
-1786
-1574
-1315
-1243
-1178
-1001
-955
-818
-665
-602
-367
74
309
536
926
1032
1036
1131
1156
1233
1464
1647
1873
2088
2177
2167
2164
2031
1892
1769
1689
1671
1488
1445
1514
1482
1479
1504
1393
1334
1250
1115
936
688
421
229
162
100
13
12
-8
-98
-288
-486
-753
-1033
-1244
-1440
-1555
-1592
-1717
-1891
-1930
-1967
-2178
-2327
-2275
-2255
-2276
-2103
-1896
-1771
-1512
-1331
-1215
-1048
-1018
-1042
-896
-711
-584
-427
-289
-142
22
139
355
562
657
758
866
1027
1286
1554
1851
2151
2222
2187
2080
1915
1778
1575
1416
1292
1258
1222
1217
1241
1185
1179
1133
1080
1018
1001
915
749
587
372
147
-9
-196
-318
-292
-324
-390
-449
-546
-698
-847
-1086
-1308
-1353
-1453
-1601
-1762
-1883
-1956
-1995
-1987
-1893
-1731
-1580
-1483
-1326
-1100
-1033
-961
-892
-788
-758
-555
-350
-194
-55
142
263
368
586
542
472
512
570
498
558
759
966
1221
1439
1618
1797
1796
1685
1566
1404
1264
1096
1025
875
759
858
911
861
823
820
673
522
452
393
238
219
266
167
117
34
-140
-219
-222
-354
-402
-455
-602
-705
-833
-933
-1050
-1059
-1067
-1178
-1261
-1353
-1475
-1450
-1406
-1354
-1239
-1104
-1003
-938
-742
-551
-461
-328
-250
-204
-142
-139
-39
-2
12
110
158
177
222
222
241
318
407
510
638
793
864
955
1048
1045
1029
949
858
699
593
554
556
573
579
627
669
547
398
285
209
273
265
306
279
216
152
116
-45
-159
-170
-244
-339
-455
-489
-591
-557
-453
-442
-424
-471
-641
-832
-959
-1107
-1169
-1221
-1197
-1132
-1021
-873
-721
-508
-416
-292
-239
-99
14
-19
70
197
279
328
327
320
385
453
496
508
555
622
684
752
838
881
953
1092
1063
1017
967
805
675
582
533
414
349
301
280
278
106
86
65
-68
-114
-120
-188
-289
-308
-262
-279
-297
-312
-411
-525
-572
-554
-559
-492
-425
-385
-377
-379
-498
-570
-636
-684
-677
-745
-843
-867
-805
-733
-566
-459
-307
-153
30
174
265
310
393
455
494
580
604
615
520
488
476
461
491
518
508
510
515
525
589
649
626
636
621
568
535
406
368
254
135
39
-33
-62
-145
-141
-183
-278
-385
-473
-517
-609
-662
-646
-670
-686
-662
-630
-535
-459
-310
-262
-255
-215
-215
-210
-259
-202
-179
-167
-245
-324
-398
-501
-518
-549
-595
-532
-416
-327
-193
-92
52
227
326
404
417
339
306
275
209
208
371
491
603
693
682
778
750
753
778
697
689
813
769
776
761
681
663
541
428
318
265
208
87
30
33
-7
-75
-188
-236
-347
-358
-423
-529
-582
-601
-654
-719
-723
-688
-643
-614
-601
-563
-609
-613
-624
-623
-637
-626
-566
-495
-480
-498
-480
-447
-446
-435
-493
-459
-424
-368
-187
-98
63
158
265
247
321
422
491
611
721
773
834
904
1023
990
1090
1194
1149
1138
1029
992
916
873
810
809
758
657
552
476
364
184
128
37
-91
-131
-207
-347
-436
-559
-657
-765
-850
-930
-985
-1009
-1036
-913
-815
-752
-722
-647
-580
-550
-464
-526
-577
-503
-501
-475
-442
-335
-239
-249
-190
-136
-161
-181
-193
-226
-231
-178
-118
46
158
153
208
265
295
306
338
405
422
448
554
629
650
695
768
767
782
814
761
748
758
775
772
740
742
663
554
493
381
193
-6
-71
-218
-309
-324
-357
-394
-478
-515
-579
-604
-700
-753
-806
-741
-704
-642
-557
-542
-500
-485
-456
-467
-442
-474
-582
-546
-574
-582
-473
-385
-277
-225
-161
-130
-112
-187
-151
-61
-42
45
157
278
313
346
358
402
352
370
372
402
474
514
593
730
838
890
918
873
873
810
744
751
728
679
643
631
584
565
486
361
237
42
-73
-125
-223
-341
-412
-414
-437
-412
-458
-549
-572
-583
-624
-636
-624
-630
-637
-599
-542
-581
-573
-511
-558
-544
-495
-475
-438
-363
-322
-332
-248
-205
-195
-151
-93
-78
-118
-179
-128
-72
-11
104
195
259
274
309
399
410
400
450
474
545
599
674
665
677
667
629
627
621
555
589
613
530
456
440
460
370
317
263
197
97
-5
-148
-320
-385
-472
-547
-585
-632
-659
-622
-591
-558
-542
-498
-562
-631
-647
-673
-622
-577
-574
-563
-491
-534
-533
-454
-422
-444
-344
-245
-272
-278
-188
-149
-177
-115
-12
40
127
119
116
184
169
225
345
446
518
571
523
546
586
576
565
629
579
566
687
740
760
775
782
741
722
665
669
594
554
555
508
520
410
295
230
137
15
-125
-247
-362
-388
-472
-486
-490
-513
-471
-453
-462
-466
-409
-432
-419
-414
-371
-373
-394
-369
-370
-357
-314
-346
-402
-434
-433
-464
-459
-333
-317
-270
-198
-200
-206
-236
-236
-207
-177
-112
-83
-44
13
70
87
77
83
88
131
153
187
263
297
349
367
414
431
421
467
440
467
437
465
473
483
536
455
414
346
233
167
80
-61
-99
-113
-110
-128
-194
-249
-247
-281
-287
-252
-226
-204
-290
-274
-277
-273
-331
-284
-231
-268
-217
-215
-232
-237
-168
-207
-246
-195
-226
-259
-253
-244
-189
-105
-109
-152
-60
-8
-79
-42
34
27
61
87
88
123
111
211
251
216
266
286
349
329
330
376
408
387
397
448
427
432
456
438
413
347
312
290
221
137
88
11
-39
-46
-109
-137
-203
-217
-277
-281
-328
-342
-287
-255
-255
-280
-230
-200
-142
-92
-32
74
20
39
13
6
6
-64
-52
-104
-120
-135
-113
-142
-142
-120
-108
-120
-149
-164
-86
-18
-24
26
13
-3
-42
-46
-52
-91
-175
-213
-213
-183
-126
-66
12
128
178
169
145
109
165
180
175
173
194
239
250
278
262
236
216
195
153
49
63
61
-6
-25
-33
-6
-10
18
13
47
66
122
139
125
126
95
73
63
83
36
-13
-64
-154
-158
-208
-285
-268
-287
-334
-308
-324
-299
-280
-303
-268
-216
-268
-232
-184
-245
-267
-300
-333
-376
-344
-302
-263
-200
-165
-66
-23
-1
122
184
190
255
314
348
376
342
389
418
402
402
375
399
356
267
280
184
145
157
108
78
103
113
135
157
123
119
127
122
121
177
214
220
216
263
260
191
188
162
71
17
-36
-60
-78
-114
-209
-210
-270
-304
-339
-371
-373
-375
-314
-249
-221
-211
-193
-145
-143
-298
-311
-368
-319
-281
-261
-209
-173
-111
-74
-88
-70
-66
21
87
71
121
137
96
22
37
108
143
153
170
140
88
78
8
16
66
68
83
63
105
85
21
84
85
77
143
187
185
209
295
332
293
318
330
329
291
269
250
157
194
180
69
-2
-63
-155
-248
-271
-413
-445
-476
-507
-473
-448
-410
-364
-322
-370
-321
-313
-302
-261
-259
-231
-160
-180
-208
-213
-174
-154
-148
-43
-41
-46
-11
60
64
102
218
279
263
264
386
376
446
439
438
424
386
375
317
288
280
280
256
276
304
266
246
287
275
330
358
323
338
336
270
150
145
85
52
39
-27
-110
-147
-214
-250
-337
-392
-418
-467
-501
-540
-512
-536
-565
-515
-430
-395
-412
-403
-405
-405
-393
-403
-383
-383
-334
-249
-171
-152
-132
-92
-35
-18
4
101
161
213
218
215
202
246
275
283
341
346
381
384
388
425
434
363
306
277
246
238
214
243
270
205
180
140
140
74
49
101
101
169
110
123
104
68
80
46
-64
-163
-207
-310
-411
-489
-517
-485
-452
-424
-427
-392
-338
-313
-244
-177
-179
-146
-52
-82
-97
-48
-31
-49
-89
-83
-89
-68
-58
-73
-54
3
50
112
181
215
272
291
301
351
298
280
274
290
295
284
275
273
273
287
277
245
280
293
366
326
327
340
291
258
248
235
201
213
157
97
27
4
-33
-74
-132
-240
-238
-248
-324
-364
-355
-398
-353
-346
-407
-416
-430
-452
-447
-428
-411
-416
-419
-435
-429
-422
-374
-335
-371
-308
-278
-219
-164
-138
-71
-66
-62
-28
-78
-33
9
-6
82
101
180
254
257
249
276
329
284
362
390
402
392
424
452
419
418
422
427
425
382
362
318
258
181
153
116
102
151
72
43
45
48
44
13
-13
-56
-79
-139
-193
-227
-218
-267
-342
-298
-314
-390
-467
-445
-379
-425
-393
-385
-371
-356
-291
-212
-198
-146
-138
-82
-65
-77
-74
-55
-44
-10
22
54
119
147
118
134
197
218
278
330
313
363
357
378
388
388
366
345
358
344
312
289
280
284
227
187
178
136
93
78
59
44
-11
-40
-48
-60
-50
-39
-66
-142
-156
-183
-219
-300
-311
-303
-321
-324
-312
-349
-389
-399
-341
-347
-359
-243
-215
-190
-202
-185
-129
-109
-89
-66
-68
-61
-87
-26
12
-16
-24
-27
-7
-14
16
47
54
94
133
72
77
147
133
169
161
172
157
178
213
195
254
294
254
258
227
249
258
187
203
172
171
180
162
150
75
37
47
6
-38
-22
29
-17
-90
-75
-46
-56
-87
-117
-118
-136
-163
-198
-221
-201
-218
-269
-295
-284
-260
-184
-198
-154
-152
-151
-166
-175
-120
-95
-71
-63
-27
-44
-17
-4
12
51
98
119
183
246
269
291
305
266
224
218
208
196
228
282
256
292
228
200
205
215
228
210
221
217
204
114
93
6
-21
3
-21
-55
-95
-105
-173
-183
-271
-333
-373
-328
-275
-365
-380
-292
-293
-313
-316
-348
-336
-300
-261
-292
-287
-230
-253
-261
-211
-203
-145
-157
-114
-70
-30
-50
-57
-24
76
94
92
91
129
197
196
229
231
224
172
191
250
198
196
233
231
261
267
256
276
321
336
334
371
364
368
337
304
267
253
263
191
118
32
-19
-105
-164
-239
-275
-239
-244
-240
-251
-231
-242
-219
-199
-211
-223
-209
-185
-234
-222
-197
-161
-192
-205
-218
-197
-177
-92
-95
-74
-34
-57
12
13
30
-24
33
73
9
26
106
98
95
69
88
99
111
164
199
220
268
276
259
233
211
249
196
188
174
114
120
129
150
156
137
163
166
163
112
106
58
-28
-63
-82
-116
-157
-182
-205
-211
-228
-218
-222
-261
-293
-236
-254
-236
-219
-229
-221
-279
-269
-274
-255
-228
-221
-177
-204
-196
-140
-115
-88
-81
-46
-46
-29
0
-1
26
-2
28
74
63
108
121
105
126
180
212
220
284
277
227
237
244
226
224
215
204
197
173
229
166
103
100
149
176
163
186
172
182
196
212
149
96
41
-15
-50
-154
-205
-201
-270
-339
-343
-358
-374
-364
-293
-262
-234
-216
-190
-173
-204
-224
-187
-166
-146
-75
-42
-85
-81
-65
-107
-138
-75
-25
15
87
146
183
181
136
188
232
193
208
260
224
239
274
239
255
272
280
246
268
292
290
275
265
313
301
319
305
284
231
179
141
103
19
-53
-79
-122
-184
-201
-203
-248
-294
-350
-364
-409
-389
-426
-382
-358
-394
-370
-362
-346
-357
-335
-343
-283
-319
-275
-266
-310
-271
-220
-213
-219
-94
-27
-31
24
21
62
122
130
166
192
258
238
209
252
241
240
245
218
217
224
254
278
304
330
262
276
252
192
167
142
134
64
55
56
67
72
48
43
68
46
-21
-15
-34
-79
-117
-136
-156
-119
-101
-125
-161
-151
-168
-163
-149
-138
-119
-172
-179
-142
-97
-126
-139
-127
-76
-22
-79
-92
-27
0
-17
-39
1
11
31
15
2
8
42
87
64
63
76
93
82
119
50
97
141
177
217
243
275
310
327
373
394
346
324
283
291
236
212
175
136
122
94
35
41
35
-19
-67
-96
-123
-122
-88
-141
-147
-186
-206
-265
-322
-326
-365
-359
-392
-420
-469
-419
-416
-363
-346
-320
-273
-262
-211
-220
-183
-167
-148
-112
-94
-62
-43
-14
5
27
21
51
73
113
128
145
180
219
255
261
273
227
266
293
303
269
285
238
237
215
199
188
129
115
53
49
0
-31
-19
-14
-50
-38
-40
-14
30
-4
-14
-9
-43
-81
-68
-94
-147
-154
-143
-143
-114
-105
-60
-65
-77
-105
-140
-145
-155
-112
-64
-103
-82
-50
-55
-45
-67
-62
-10
-12
-23
-25
10
46
32
32
105
130
112
112
123
113
108
120
123
90
105
110
80
100
142
112
70
86
40
52
52
25
28
5
-37
-8
10
54
40
20
39
20
19
8
54
39
6
56
58
28
21
-8
12
13
-21
29
49
23
69
46
42
-13
-15
-38
-78
-124
-142
-74
-114
-80
-75
-100
-123
-105
-99
-74
-51
-71
-65
-74
-104
-89
-50
-47
-62
-36
16
21
41
53
56
38
68
67
40
69
68
28
10
9
1
30
58
53
21
54
73
57
103
41
-16
-16
-19
-33
-71
-73
-42
-20
-56
-59
-26
-53
-60
-55
-76
-92
-26
-60
-64
-42
-60
-56
-73
-91
-104
-157
-182
-153
-208
-223
-189
-178
-162
-182
-152
-105
-101
-59
7
16
18
81
95
120
164
161
169
181
189
157
176
205
195
236
236
243
222
209
164
159
148
139
167
131
148
148
118
84
82
94
73
32
2
-33
-34
-43
-27
-18
-33
-61
-30
-21
-61
-72
-62
-69
-98
-62
-55
-72
-89
-39
-11
-61
-82
-59
-87
-158
-145
-160
-143
-153
-115
-39
-98
-93
-52
-59
-49
-66
-28
-32
-9
25
13
26
55
32
30
54
34
29
73
89
58
77
104
105
83
95
53
54
38
26
-10
-48
-62
-25
-33
-59
-33
-55
-75
-42
10
-9
-76
-60
-67
-87
-45
-52
-50
-59
-2
-23
-25
-20
-37
-28
32
44
70
127
108
80
68
67
41
39
20
25
-33
-73
-61
-63
-86
-78
-15
-36
-63
-51
-28
-71
-101
-57
-47
10
38
53
78
57
38
59
36
20
48
37
56
60
45
50
26
18
22
-10
32
35
14
59
16
40
56
32
29
52
42
54
5
-28
-31
-42
-29
-65
-84
-93
-74
-78
-64
-57
-59
-66
-69
-23
-24
-7
24
-1
-4
12
38
32
35
54
14
28
80
48
59
86
68
104
119
89
99
57
47
34
10
2
-26
-54
-63
-50
-43
-11
2
0
-29
-34
8
-15
23
2
-31
37
5
-1
-36
-2
-84
-119
-83
-126
-126
-115
-92
-104
-73
-69
-44
-40
11
-1
-55
-8
22
44
55
90
108
104
106
95
138
97
117
97
91
95
71
101
104
75
56
42
33
14
-4
34
3
30
44
28
56
33
-32
-26
-65
-87
-67
-55
-56
-39
-13
-39
-71
-103
-88
-92
-124
-75
-42
-44
-50
-24
-8
-67
-56
-55
-42
-87
-60
-33
-46
-77
-64
-42
-103
-81
-65
-50
-61
-32
-9
14
30
24
32
79
25
9
0
33
-21
-40
-31
-43
-38
-69
-30
-22
-31
-20
9
-10
-6
33
3
20
-16
6
13
-24
-23
3
17
-35
34
23
-8
-2
16
7
-1
8
20
61
71
43
119
108
85
143
174
177
135
115
109
112
168
159
118
115
97
88
82
-2
2
-9
-16
-30
-27
8
-16
-5
-29
-26
-68
-83
-99
-124
-137
-149
-166
-164
-132
-82
-33
-1
-11
-15
7
14
16
56
62
65
122
84
37
42
37
-8
65
68
44
98
111
153
107
107
104
114
131
113
71
46
78
89
68
66
113
113
101
44
35
2
4
-28
-102
-84
-96
-115
-126
-194
-202
-147
-231
-220
-195
-262
-255
-242
-248
-271
-289
-261
-248
-209
-241
-185
-131
-173
-123
-106
-78
-118
-71
19
1
-38
-23
-28
20
24
36
94
99
98
75
91
41
72
87
85
99
113
112
142
188
162
127
140
141
129
132
149
159
140
123
125
115
82
83
103
116
75
45
69
107
39
30
84
21
1
14
38
0
-11
-7
-6
-63
-174
-132
-90
-98
-145
-128
-77
-124
-145
-67
-50
-101
-100
-17
22
-26
-22
33
42
5
55
54
80
99
80
70
48
38
58
69
71
33
45
66
26
37
70
71
107
117
110
95
68
62
87
65
1
33
-6
-25
-44
-42
4
42
54
66
66
20
16
-7
-24
-35
-25
-22
-54
-45
-59
-115
-121
-154
-157
-164
-228
-232
-226
-200
-253
-216
-160
-156
-154
-112
-70
-52
-74
-90
-41
-39
-59
11
70
40
34
32
64
42
17
67
61
93
64
102
120
138
74
53
70
39
37
48
18
-42
-47
-18
-9
-50
-19
6
-11
15
31
25
84
67
57
135
102
77
54
48
25
18
43
33
31
3
7
28
21
-5
-44
-18
-34
-67
-13
-5
-48
-75
-43
-39
-58
-76
-37
-23
-27
-42
-19
29
-40
-29
9
46
59
22
70
54
73
66
78
81
12
54
93
133
152
132
174
149
111
108
86
75
44
31
-3
9
-42
-30
-22
-32
-68
-55
-25
-70
-32
-10
-1
-63
-78
-50
-95
-137
-125
-78
-45
-126
-114
-45
-80
-123
-100
-80
-121
-126
-97
-121
-152
-149
-85
-103
-122
-108
-47
-26
-70
-34
37
-9
-44
51
28
-26
18
19
51
49
49
111
119
135
110
95
95
39
79
54
52
67
99
86
69
112
62
78
81
63
42
63
100
92
24
43
62
-5
-12
4
21
15
6
58
40
1
-16
41
66
-31
-18
2
-23
-39
-83
-48
-48
-50
-53
-58
-44
-76
-64
-88
-104
-125
-101
-101
-85
-48
-60
-30
0
12
17
23
48
29
41
10
35
55
-18
-12
52
25
26
66
58
21
43
13
62
90
70
99
60
69
-2
-7
25
3
1
28
25
-6
-22
-40
-2
20
-9
28
29
24
23
18
75
38
-16
23
57
28
-6
-29
-32
-51
-117
-109
-65
-113
-136
-95
-78
-131
-122
-59
-71
-124
-92
-84
-121
-133
-127
-56
-76
-117
-80
-21
-32
-63
-36
10
39
25
72
123
104
67
132
146
109
92
106
164
61
54
126
111
82
71
68
51
58
-12
20
60
17
12
59
52
4
23
56
65
5
-13
-30
-44
-73
-84
-90
-74
-117
-120
-80
-83
-87
-64
-54
-42
-25
-57
-4
2
-38
-17
0
13
-45
-38
-17
-14
21
0
-35
-4
22
26
45
55
31
47
33
34
21
-2
39
70
55
32
55
93
81
4
64
85
85
70
129
126
53
32
83
56
-34
-18
20
30
-14
-15
27
-27
-74
-32
-5
-80
-64
10
-6
-39
-70
-20
-40
-51
-56
-31
-46
-99
-86
-59
-94
-134
-63
-19
-82
-92
-12
-14
-70
-40
-10
-23
-10
16
39
-5
-30
27
34
27
15
28
38
31
-1
9
43
35
49
68
93
76
93
118
98
92
78
77
89
71
67
70
72
60
46
31
1
-10
-35
-41
-36
-84
-81
-101
-95
-132
-148
-107
-115
-119
-100
-98
-97
-85
-64
-54
-62
-65
-41
-13
-35
-33
-21
-25
-44
-67
-59
-17
-39
-53
-31
-18
-7
-13
12
29
4
23
75
66
84
72
104
107
69
48
55
50
55
53
63
95
56
31
46
77
49
60
88
88
69
71
89
92
68
17
47
1
-24
-19
-24
-35
-43
-76
-41
-41
-81
-66
-61
-37
-47
-48
4
4
-16
33
30
33
31
26
29
39
39
6
28
54
33
28
51
69
37
15
51
11
-9
-7
2
29
1
-20
23
-9
-45
-13
-24
-34
-51
-36
-16
-40
-16
5
-35
-19
-29
-59
-50
-37
-78
-52
-60
-86
-81
-92
-83
-94
-99
-67
-79
-60
0
-21
-14
9
-29
-26
7
-39
-24
5
-26
-9
17
27
31
54
57
47
29
62
69
43
56
39
28
22
-7
5
11
-16
-13
-11
-8
-43
-62
-60
-29
-53
-59
-1
-2
-12
-4
8
28
4
16
55
42
25
25
73
51
32
40
50
15
-1
44
52
13
26
30
26
17
10
44
21
15
27
27
30
-11
-2
36
-13
-35
-10
3
0
-11
-31
4
11
-28
-22
-1
-26
-25
13
7
-31
-24
-12
-11
-37
-27
-11
0
-17
-22
-4
5
-11
12
15
1
22
29
55
22
32
41
55
27
32
48
46
52
46
65
62
32
61
41
36
50
49
15
6
-21
-35
-23
-36
-30
-71
-54
-48
-67
-70
-70
-54
-51
-78
-56
-48
-80
-57
-28
-47
-65
-56
-34
-39
-57
-37
-26
-57
-80
-64
-15
-26
-13
37
50
35
57
69
62
40
47
85
14
14
53
28
37
12
3
-4
-22
-9
1
-5
-26
-7
11
4
-25
-13
-9
-11
-1
14
18
3
16
6
23
20
19
23
25
10
34
23
12
8
3
-1
-9
7
-10
-17
0
23
2
-9
-20
-3
10
-15
-22
-10
-1
-9
-9
-15
-13
18
6
0
38
38
4
17
39
14
12
35
51
33
12
30
19
25
-2
-16
-26
-41
-49
-43
-25
-31
-20
-7
-19
-26
-38
-35
-50
-57
-54
-57
-54
-63
-38
-23
-34
-36
-18
17
2
1
19
-1
12
12
36
35
32
32
42
53
50
67
68
71
38
34
25
30
31
20
56
38
25
32
41
35
14
23
9
-11
-28
-14
-4
-5
5
18
17
8
17
2
21
13
0
1
-17
-33
-29
-36
-50
-63
-48
-33
-44
-45
-42
-34
-19
-19
-11
10
4
14
37
30
11
-11
-1
-2
-8
0
6
3
16
4
7
22
-8
20
6
11
-5
-14
9
8
-12
-29
-9
-28
-34
-48
-55
-55
-72
-62
-55
-58
-49
-34
-44
-53
-32
-43
-41
-35
-28
-26
-13
1
-5
-9
8
-7
8
26
-9
14
4
-4
1
16
12
16
34
28
24
38
38
23
31
35
30
45
49
48
55
55
48
43
49
35
8
0
8
-6
-5
8
11
27
35
23
16
10
18
18
21
19
6
7
1
12
7
23
30
28
41
28
38
29
26
54
47
41
40
49
32
25
44
26
32
19
-11
-6
-14
-17
-17
-24
-39
-27
-12
-23
-36
-48
-51
-48
-55
-41
-30
-60
-73
-50
-52
-65
-51
-52
-50
-38
-43
-46
-50
-49
-39
-27
-26
-15
0
-1
-3
-17
-8
-16
-21
-19
-9
-3
-14
9
12
14
29
37
25
23
46
31
25
37
43
31
22
21
26
19
11
-3
-11
-16
-31
-16
-21
-20
-27
-10
0
-4
-6
-10
-2
0
-8
-9
-1
-13
-8
-2
4
-10
-16
2
1
-16
-11
6
-5
3
13
5
18
3
2
12
11
10
14
34
29
15
25
25
15
20
23
30
15
21
21
17
5
-4
11
-8
-22
-22
-27
-38
-41
-29
-31
-49
-37
-16
-15
2
4
16
15
-1
16
4
10
26
26
44
39
28
32
43
31
28
48
47
69
67
59
57
55
41
30
16
10
0
6
-1
-7
-2
-15
3
-9
-29
-30
-42
-34
-31
-30
-19
-44
-38
-50
-31
-38
-48
-42
-40
-35
-51
-38
-34
-39
-37
-19
-31
-30
-28
-22
-9
-5
-16
-21
1
5
20
36
34
30
48
50
50
67
61
70
74
48
34
28
25
12
4
10
11
3
-3
-8
-11
-8
-29
-41
-44
-46
-44
-50
-66
-71
-72
-67
-77
-56
-65
-77
-64
-62
-67
-58
-57
-60
-44
-43
-23
-13
8
9
13
33
37
38
52
52
64
75
64
74
68
74
72
68
61
52
37
26
31
28
18
7
16
21
4
21
7
-6
-17
-32
-40
-45
-32
-34
-27
-29
-24
-28
-18
-10
-11
8
29
28
44
33
18
18
28
29
10
19
24
20
23
39
40
33
29
38
28
24
36
35
34
20
19
20
21
17
16
7
1
14
2
-12
-7
-8
-8
-12
-10
-10
-18
-20
-15
-24
-28
-30
-28
-26
-21
-33
-44
-34
-39
-42
-43
-38
-31
-38
-33
-39
-42
-38
-34
-22
-19
-23
2
19
12
15
18
6
-7
3
-11
-5
8
-5
-4
-5
-8
-16
-14
-20
-15
-14
-11
2
-11
-18
-12
-15
-12
-7
-9
-25
-20
-9
-10
-12
-19
-14
-22
-21
-29
-12
-10
-27
-20
-3
2
6
14
30
22
17
31
26
36
22
33
40
33
44
46
49
49
72
66
66
65
61
60
52
51
42
36
27
22
14
4
-8
-4
-6
2
1
-14
-1
-13
-16
-19
-10
-12
-12
-21
-35
-21
-30
-49
-35
-19
-15
-32
-35
-23
-19
-21
-23
-18
-16
-9
-6
-2
-4
10
27
29
26
35
37
32
41
40
34
31
31
14
22
-2
-9
-3
-14
-18
-19
-18
-20
-14
-22
-15
-12
-7
-22
-14
-25
-21
-15
-33
-35
-43
-36
-46
-38
-37
-31
-33
-19
-6
-8
3
12
21
14
17
34
45
45
40
31
38
27
7
11
5
-15
-22
-11
-21
-41
-24
-25
-22
-19
-23
-30
-22
-31
-32
-37
-38
-28
-15
-24
-18
-1
-6
-2
-15
-5
-9
3
14
14
14
3
4
-2
13
21
25
34
28
25
30
23
17
20
12
19
24
22
24
40
48
43
47
43
39
36
27
25
23
16
7
-1
2
-20
-24
-9
-26
-36
-32
-31
-39
-46
-41
-33
-35
-33
-29
-21
-3
-8
-2
12
11
6
5
2
8
6
7
13
29
19
12
25
23
-1
3
24
18
12
6
11
4
-1
5
25
11
-2
-9
3
3
-10
-4
2
-4
-12
3
8
-1
-14
-5
-4
-10
-7
19
11
2
14
13
13
5
24
26
28
18
19
16
5
7
15
6
-4
-1
-7
-10
-5
-14
-20
-21
-20
-20
-32
-32
-28
-34
-31
-41
-35
-31
-42
-29
-29
-29
-35
-32
-21
-25
-25
-25
-21
-26
-17
-8
-12
-6
-9
-22
-20
-13
-11
-4
0
0
5
6
6
28
37
41
54
63
62
61
59
62
53
39
33
33
28
30
32
26
19
14
9
9
-3
-16
-8
-9
-13
-21
-13
-11
-21
-19
-20
-15
-27
-17
-17
-8
-16
-23
-10
-19
-17
-26
-6
-9
-12
-7
0
2
-1
10
13
2
6
0
6
5
-3
9
12
16
4
13
9
17
1
13
14
-11
-12
-11
-11
-28
-6
8
3
9
14
11
14
2
1
7
-2
6
10
9
7
1
13
14
-5
-6
4
-7
-11
-4
-3
-1
2
0
4
-7
-15
-15
-6
-30
-20
-5
-15
-4
-5
-1
-12
-6
-9
0
-5
-16
-14
-13
-12
-17
-12
-15
-20
-6
-1
3
-15
2
7
2
10
10
11
13
24
18
9
18
19
9
18
10
14
7
8
11
16
15
3
2
9
9
7
7
7
9
-1
-1
-2
-9
-1
5
0
-12
-17
-14
-31
-26
-17
-22
-22
-15
-12
-11
-14
-18
-24
-20
-9
-11
4
8
6
7
11
17
20
23
28
20
31
33
24
14
22
25
29
28
26
32
29
28
22
24
22
18
9
8
0
-11
-14
-17
-15
-11
-17
-22
-22
-25
-34
-47
-35
-28
-35
-28
-23
-30
-30
-27
-37
-38
-24
-18
-10
-9
-4
0
-2
-7
1
-3
10
20
5
6
3
-3
2
15
16
23
21
24
22
15
14
11
7
15
11
13
7
2
14
15
14
3
4
-1
-10
-16
-14
-10
-24
-10
-6
-12
0
4
4
-6
-3
6
-2
-1
-1
-5
-10
5
5
-4
-1
2
-10
-11
11
12
6
7
20
13
15
25
15
22
25
9
16
16
11
15
9
1
8
5
-3
-7
-8
-8
-6
-7
-10
1
-9
-16
-16
-15
-11
-14
-16
-17
-21
-20
-17
-17
-20
-20
-20
-10
0
4
13
4
2
11
8
-3
-1
4
12
13
15
12
10
5
2
5
6
12
8
9
10
12
18
7
-2
-2
-3
-6
-6
-13
-14
-20
-18
-22
-17
-13
-19
-19
-13
-22
-20
-18
-19
-15
-22
-13
-7
-8
7
11
10
5
13
18
22
28
23
30
30
41
41
46
49
55
57
53
51
50
38
28
38
33
21
14
6
-9
-18
-28
-33
-43
-45
-48
-54
-53
-62
-67
-61
-62
-58
-52
-51
-61
-53
-42
-39
-32
-26
-22
-22
-5
-21
-19
-2
12
20
17
27
42
66
56
53
54
57
52
54
55
47
53
44
39
24
21
16
6
10
-7
0
-6
-15
-19
-24
-29
-21
-24
-34
-17
-10
-25
-18
-13
-20
-21
-16
-23
-31
-23
-22
-34
-30
-19
-21
-20
-14
-14
-11
-2
18
18
19
33
30
36
31
35
38
31
29
25
11
11
16
15
9
6
5
-1
-3
-5
-17
-12
-11
-6
-2
-12
-14
-11
-21
-37
-48
-43
-38
-45
-39
-37
-30
-19
-9
0
1
3
19
25
17
19
33
27
21
28
27
35
39
35
35
41
51
45
43
35
38
41
37
32
26
26
17
7
-8
-12
-9
-20
-22
-26
-32
-30
-25
-22
-31
-28
-32
-23
-23
-23
-24
-20
-25
-42
-23
-29
-29
-16
-15
-19
-12
-8
-13
-8
2
-3
0
6
3
14
13
5
5
10
13
19
21
21
29
20
16
12
1
3
-5
-11
-20
-22
-18
-25
-20
-23
-23
-11
-14
-16
-8
-9
-17
-12
-8
-4
-7
-3
-5
2
0
-4
3
7
15
15
15
12
13
16
19
15
14
23
13
17
27
21
23
26
16
8
9
9
1
4
3
9
13
16
12
12
10
5
5
-6
-6
-4
-10
-5
-5
-4
-9
-8
-9
-9
1
-1
-3
2
-7
-4
4
-4
2
-1
-1
4
5
-7
4
6
7
7
0
11
9
10
11
4
3
6
0
1
-6
-2
-3
-2
-3
-10
-14
-10
-13
-4
-6
-9
-8
-19
-17
-22
-24
-10
-16
-19
-13
-17
-9
-6
-11
-12
-5
-11
-11
-11
-3
1
2
9
1
2
6
8
14
6
11
12
7
6
0
-6
-4
2
2
3
-3
-2
3
3
-2
1
-7
-7
0
-10
-11
-10
-9
-9
-10
-20
-25
-13
-15
-13
-10
-9
-3
2
12
13
12
15
17
11
18
24
22
32
33
30
24
26
17
10
10
8
10
8
10
13
8
10
12
2
4
8
5
-8
-2
-4
-13
-6
-2
-18
-18
-19
-16
-19
-22
-21
-23
-13
-12
-17
-12
-9
-10
-11
-15
-17
-14
-13
-6
3
2
14
15
9
11
11
7
14
14
21
24
22
22
20
20
15
16
17
14
13
9
4
9
-9
-10
-14
-10
-7
-5
-2
-4
-1
-1
4
1
9
8
3
6
7
-3
-1
4
3
3
2
-4
-6
-6
-16
-15
-12
-15
-7
3
1
2
6
7
14
14
8
9
9
3
3
2
1
-2
-3
-5
-6
-9
-9
-15
-19
-15
-16
-19
-19
-19
-19
-20
-27
-11
-16
-24
-17
-16
-22
-21
-21
-10
-4
-8
-5
-8
-2
-5
5
4
-5
3
7
14
19
24
37
33
20
20
18
10
14
21
17
14
12
10
5
13
8
7
2
-3
-3
-6
-6
-3
1
-2
-2
-7
-12
-14
-17
-19
-24
-19
-5
-4
-3
6
7
6
9
12
9
12
7
12
10
5
11
17
11
11
9
11
13
5
8
5
4
7
9
9
7
4
6
4
-2
-6
-12
-8
-9
-14
-16
-14
-13
-16
-15
-25
-21
-23
-30
-24
-22
-10
-4
3
1
-2
9
5
4
2
1
4
5
11
13
9
10
11
1
11
9
9
6
18
17
3
11
6
9
6
5
4
-3
0
-4
-6
-5
-5
-2
-1
-11
-10
-9
-13
-5
-13
-7
-9
-5
-1
0
-1
-5
-3
3
-1
-3
6
8
10
11
4
1
1
4
1
8
8
1
8
8
20
24
24
25
23
15
11
5
8
1
-10
-7
-12
-18
-16
-18
-17
-15
-24
-16
-25
-32
-29
-21
-24
-24
-9
-13
-12
-12
-7
-11
-11
-7
-4
-2
5
6
7
15
15
10
9
16
14
5
1
10
11
9
6
8
9
3
6
5
9
6
9
10
-1
-1
3
7
1
-6
-8
-12
-13
-10
0
6
0
1
1
-5
-2
-5
-1
-3
-7
-11
-7
-1
-4
2
0
6
1
6
13
11
11
19
18
16
19
24
24
27
24
25
25
23
14
12
12
4
0
1
1
-1
0
-9
-7
-15
-19
-13
-11
-15
-17
-10
-11
-11
-16
-17
-24
-25
-25
-26
-29
-30
-32
-26
-16
-19
-21
-15
-7
-7
2
0
-2
5
10
9
16
18
23
23
13
16
23
20
19
15
14
13
7
12
9
9
8
7
0
1
0
-3
-1
-4
-2
-3
-7
-7
0
-5
-2
7
3
3
0
-9
-5
-4
-10
1
-2
-2
-2
1
8
2
0
-4
-1
-3
5
1
3
9
1
4
2
0
-3
-7
3
7
6
9
11
7
3
3
1
-2
-4
-6
-9
-9
-6
-3
-4
-5
-7
-10
-19
-24
-22
-22
-20
-22
-19
-15
-18
-14
-9
-8
-9
-2
-2
-2
-2
-1
0
8
4
4
11
11
3
3
5
5
3
4
4
8
14
15
17
10
13
14
19
20
12
12
14
7
13
10
2
-6
-8
-4
-7
-9
-13
-14
-14
-11
-16
-13
-11
-5
3
-3
-2
-2
0
3
-5
11
14
14
25
20
19
14
14
13
9
12
13
13
9
6
3
5
4
-4
-4
-5
4
2
6
3
-2
1
-2
-1
-5
-4
-4
2
-5
-2
2
-1
-2
-10
4
0
-3
6
1
6
5
4
4
7
7
10
7
2
4
7
3
0
-6
-9
-2
-8
-11
-14
-18
-10
-12
-14
-12
-17
-10
-13
-24
-24
-22
-19
-18
-16
-17
-24
-18
-7
-10
-15
-19
-17
-11
-19
-20
-15
-16
-11
-4
-5
-7
-2
5
7
6
8
8
10
10
9
8
6
6
15
21
18
23
22
16
18
19
17
18
12
10
14
14
19
19
17
14
5
5
4
1
2
-3
-4
-11
-10
-1
-7
-9
-7
-6
-13
-13
-5
-5
-5
-8
-4
-2
1
5
2
2
-3
-2
4
0
-2
5
6
11
5
12
26
19
21
22
13
7
19
20
14
14
10
6
13
7
4
5
3
-1
-2
1
-4
-8
-11
-10
-11
-2
-6
-13
-9
-14
-14
-13
-17
-17
-14
-16
-18
-11
-17
-14
-7
-5
-4
2
5
-6
-4
-5
-4
1
12
12
14
18
17
13
11
11
6
13
12
8
12
12
14
9
10
-5
-12
-6
-15
-23
-21
-21
-20
-27
-27
-30
-28
-27
-34
-28
-28
-21
-19
-15
-15
-17
-11
-13
-11
-15
-5
-8
-9
-4
-3
6
7
0
6
-3
-3
1
7
4
8
15
15
20
25
25
19
19
20
21
20
19
28
24
24
24
17
17
17
15
5
6
7
4
4
4
0
7
-2
-3
-5
-5
-2
-3
-3
-1
1
0
-2
-7
-4
-9
-9
-7
-7
-10
-8
0
-3
-2
-1
2
5
-1
-3
2
-1
3
9
11
2
1
4
-4
-2
-5
-4
-4
1
0
-1
3
-1
-4
-8
0
3
4
3
6
9
6
2
-1
2
2
-3
-2
-1
-1
-1
1
4
3
-1
7
12
8
7
4
1
-5
-7
-11
-11
-12
-15
-13
-10
-18
-13
-19
-19
-14
-18
-21
-18
-6
-10
-7
-3
4
6
4
9
2
2
4
2
5
4
11
15
10
12
16
17
17
18
22
18
15
15
15
7
8
4
-2
-7
-10
-6
-7
-5
-9
-9
-5
-10
-11
-11
-8
-10
-14
-7
-7
-9
-8
-13
-20
-20
-16
-9
-4
-2
2
6
6
4
5
2
4
10
9
7
18
19
17
13
15
15
8
10
11
3
10
11
8
12
6
6
2
-6
-5
-6
-2
-3
-12
-12
-13
-12
-18
-17
-19
-19
-20
-19
-20
-19
-15
-9
-6
-6
-3
-1
-3
-3
-4
2
-1
0
9
4
1
1
-2
2
0
-3
7
2
7
10
9
11
13
17
15
16
12
16
16
12
8
5
2
-2
-2
0
-7
4
0
-7
0
-3
-7
-3
0
-7
-5
0
-1
-1
4
1
-2
-7
-6
-13
-10
-12
-7
-2
-1
-1
-3
9
9
8
7
12
11
7
12
7
7
8
11
11
17
10
8
11
7
5
8
10
7
10
6
10
8
8
4
2
-5
-10
-7
-10
-8
-15
-19
-20
-11
-13
-19
-16
-19
-21
-18
-16
-15
-10
-5
-10
-16
-11
-11
-3
-3
-1
2
-1
5
10
9
10
9
6
8
13
12
17
16
9
10
1
0
2
2
2
1
5
-2
-1
-2
0
1
-5
-2
0
-3
6
-1
-4
-4
-6
-13
-13
-11
-9
-9
-15
-12
-12
-3
1
6
7
8
6
8
13
8
8
8
5
2
6
