SAMPLES:	26076
BITSPERSAMPLE:	16
CHANNELS:	1
SAMPLERATE:	16000
NORMALIZED:	FALSE
14
12
15
12
14
10
9
5
5
9
9
7
4
4
14
7
-7
7
8
1
1
0
2
2
1
0
0
-3
0
9
5
-1
8
5
2
0
-4
-2
-7
-7
-8
-9
-5
-3
-3
-2
-3
-7
-1
1
-5
-3
-1
-3
-11
-6
-10
-14
-10
-12
-12
-5
-8
-12
-8
-6
4
-4
-2
3
-1
0
1
3
-1
-3
1
-1
-6
-10
-9
-3
-4
-10
-6
-4
2
-3
2
1
4
0
0
4
2
5
7
9
6
10
4
2
-2
2
0
6
2
1
9
4
3
5
3
-3
-3
-5
-6
-4
-2
-7
-3
-9
-12
-8
-6
-7
-5
-8
-11
-8
-10
-10
-8
-2
2
4
0
5
9
1
5
3
11
7
1
10
4
6
4
13
9
15
18
16
19
10
8
1
7
6
4
0
-5
0
0
1
-3
-2
3
-6
-7
1
-1
-4
-4
-3
-7
-5
3
-6
-15
-13
-8
-13
-14
-10
-12
-10
-5
-5
-6
-5
-2
4
4
1
2
9
10
8
8
5
0
5
5
2
3
1
-1
-1
1
3
5
2
4
3
-3
7
3
1
0
2
1
0
7
5
0
0
2
-4
-9
-1
3
-3
-2
-2
0
-1
-3
1
4
3
0
3
3
8
7
8
4
7
10
8
9
14
9
3
7
10
3
5
3
5
0
2
4
1
3
0
-5
-6
-2
-8
-2
-4
-8
-10
-12
-19
-11
-15
-19
-14
-14
-5
-17
-12
-7
-2
-1
-8
-10
-6
4
-1
-7
-5
2
7
9
0
-3
10
11
10
4
9
4
6
11
6
-1
-1
11
5
0
1
0
3
0
-8
-10
-13
-7
-11
-15
-11
-10
-6
-10
-9
-6
-7
-3
-1
-1
1
3
8
13
14
9
16
12
13
7
3
11
2
4
0
-2
4
1
-5
1
-4
-3
2
-2
4
7
2
4
6
3
6
3
1
6
8
6
3
3
-1
-3
-2
1
-4
-8
-6
-4
-3
-6
-2
-7
-8
-6
-9
-9
-6
-7
-7
-5
-4
-3
-7
0
3
3
2
-1
3
8
4
5
2
2
-3
0
6
5
5
4
9
3
9
6
7
9
4
9
8
8
6
10
12
5
9
7
4
2
5
2
5
-6
-7
-6
-10
-7
-8
-10
-6
-12
-9
-8
-8
-14
-16
-8
-12
-7
-5
-6
-11
-3
-1
-3
-4
-3
2
4
8
6
5
8
5
2
2
-1
-2
-2
0
5
-3
6
5
4
3
6
7
-1
-5
3
5
-3
-5
4
-3
-4
-3
-2
0
-4
-6
-8
-7
-8
-4
-6
-2
-1
5
-1
-4
0
0
0
-1
-2
-5
-7
-6
-7
-7
-4
-2
2
4
11
6
9
9
4
8
7
12
11
12
2
2
2
-1
3
0
-3
-2
-3
-6
-8
-6
-2
-6
-7
-4
1
0
0
-1
-4
-6
-2
2
0
-5
-7
-2
-4
-1
1
3
9
9
3
3
4
14
16
11
11
8
11
16
8
9
12
5
10
8
4
6
10
9
1
-2
1
0
4
-2
-6
-5
-3
-7
-10
-10
-8
-8
-9
-8
-14
-10
-7
-11
-16
-6
-3
3
2
-7
-3
-3
-3
-2
1
-1
-5
-1
-2
-1
-1
0
1
1
1
3
5
8
9
4
7
6
0
9
3
1
3
-2
-3
-6
2
-1
-4
-4
-6
-9
-7
-7
-12
-8
-9
-12
-9
-12
-12
-5
-7
-6
-9
-6
-7
-9
-3
-6
-10
-9
-4
-3
-4
-7
-2
-3
-1
4
4
4
9
7
9
15
9
11
10
12
15
12
15
13
13
14
11
17
15
16
17
12
14
8
9
3
5
13
7
8
10
8
-1
-8
-1
-1
-6
-8
-8
-8
-7
-5
-7
-6
0
-7
-1
-6
0
-6
-2
1
-1
2
-5
4
2
-1
-8
-8
-4
-10
-13
-10
-9
-4
-2
-1
2
3
5
5
2
0
6
5
1
-2
0
1
2
0
-3
-3
-5
-3
-8
-4
-11
-10
-5
-5
-6
-8
-8
-7
-11
-13
-3
-5
-9
-7
-4
-2
-8
-7
-7
-6
5
0
-3
1
5
-3
3
6
3
2
4
7
4
5
2
5
9
7
13
6
8
15
11
8
3
4
3
-6
-5
-8
-14
-4
-5
-6
-6
-1
-2
-2
-6
-6
1
-5
-4
-4
0
-2
-4
2
1
1
-3
1
2
3
5
3
3
7
6
14
15
14
18
15
17
17
18
13
18
8
9
10
7
7
7
8
3
6
0
2
1
0
1
5
0
-1
-1
-3
-5
-3
-3
-5
-5
-6
-9
-14
-12
-10
-13
-16
-13
-13
-15
-11
-8
-10
-10
-6
-6
-11
-8
-7
-3
-7
-7
-10
-9
3
3
-7
-8
3
-1
3
1
0
0
4
0
-2
4
1
4
6
1
0
5
9
7
4
-1
4
3
2
0
1
9
0
4
-2
-5
0
4
-3
-8
-6
0
0
-4
-4
-2
1
2
8
4
4
10
10
13
15
9
12
6
2
2
4
-1
0
9
3
-2
-2
-1
2
1
1
3
-1
0
1
-2
4
2
2
-3
-2
-4
-1
-1
-2
-1
-7
-7
-5
-1
-6
1
-6
-3
-1
-1
-4
-8
-7
-1
-4
-4
0
1
2
-1
-4
-2
1
-2
-1
-2
2
-3
0
-1
-1
0
-3
-1
-5
-3
-2
-3
-4
-4
-4
2
-1
1
5
3
8
4
5
7
7
5
2
5
3
-2
-3
0
-8
-6
-3
-2
1
-2
1
0
-3
-3
-1
-1
-4
-5
-2
-5
-6
-1
-3
-5
5
1
-1
4
1
1
-1
5
-1
-6
-2
-4
0
5
0
2
3
1
2
-2
-3
-6
0
1
-3
-7
-8
-7
-8
-7
-6
-5
-5
-2
-6
-3
-2
4
1
4
8
10
10
13
11
5
8
9
12
12
12
15
14
13
10
10
9
9
12
14
14
7
10
8
4
7
5
5
6
8
3
-1
5
3
-3
-2
-5
-2
1
0
3
-1
-4
-3
-6
-10
-6
-15
-15
-16
-14
-14
-13
-14
-16
-12
-9
-8
-5
-5
-6
-3
-2
0
2
7
7
9
9
5
0
0
1
0
0
-1
1
2
-3
-1
-1
-5
0
-1
-4
-3
-2
-6
-6
-11
-8
-7
-5
-7
-12
-6
-11
-9
-12
-18
-16
-16
-15
-14
-11
-8
-10
-9
-6
-2
-5
-5
-3
1
3
3
4
6
7
5
8
10
13
14
14
17
15
17
14
17
16
17
16
15
14
9
6
4
4
3
3
-3
-8
-7
-8
-6
-6
-10
-8
-7
-9
-8
-4
-3
-3
-3
-1
1
-1
-1
-3
-4
-8
-4
-1
-3
-2
1
6
10
9
7
13
14
13
6
12
14
11
19
13
13
15
13
18
15
18
12
11
12
9
1
0
0
0
5
-2
-6
-5
-4
-13
-12
-8
-14
-18
-15
-16
-17
-16
-16
-11
-6
-5
-4
-7
-8
-7
-7
-10
-6
-8
-10
-11
-9
-7
-7
10
5
2
2
8
10
8
12
11
7
8
5
-1
0
0
-1
-5
-5
-5
-5
-5
-3
-7
-6
-7
-7
-12
-8
-7
-8
0
-8
-5
-3
-4
-8
-6
-4
-9
-5
-5
1
-3
-4
1
5
1
2
8
8
6
10
9
8
8
7
8
8
6
7
5
7
0
8
6
4
3
0
1
-1
0
-4
-1
2
-4
-5
0
1
-6
1
-1
-4
-1
0
4
4
3
3
5
2
7
8
9
7
8
8
10
12
6
4
3
6
5
1
4
2
1
-8
-3
-6
-4
-5
-6
3
-5
-6
-4
-6
-7
-8
-13
-8
-10
-10
-7
-10
-7
-12
-13
-9
-9
-6
-4
-6
-5
-4
-8
-5
-4
-4
-2
-1
2
6
4
7
11
8
9
14
10
10
7
9
8
5
4
8
7
3
7
7
11
12
9
9
9
10
8
12
8
3
4
3
6
-2
2
2
-5
-10
-10
-12
-13
-11
-13
-13
-10
-7
-9
-11
-6
-8
-11
-9
-5
-7
-6
-4
-2
-3
1
0
0
2
1
2
2
6
2
12
16
10
15
16
14
17
8
6
5
2
7
3
8
6
6
4
3
3
-1
-2
-6
-6
-7
-9
-6
-2
-6
-13
-6
-11
-11
-10
-11
-12
-13
-11
-9
-11
-6
-7
-5
0
-5
-2
-5
-6
-8
-9
-12
-14
-19
-15
-17
-10
-9
-8
-1
3
0
4
4
5
12
12
8
8
14
7
4
5
4
1
3
6
3
4
9
4
6
2
1
7
7
9
4
9
4
6
8
4
6
4
0
1
4
2
3
8
10
7
4
9
10
12
8
1
3
0
-6
0
-6
-3
-2
6
-1
-1
5
5
9
4
8
5
3
7
6
6
8
8
7
5
6
4
6
-2
0
-1
-1
1
-2
-2
-6
1
-4
-2
-11
-8
-11
-10
-4
-12
-5
-3
-7
-2
-2
-4
-8
-5
-10
-11
-9
-10
-12
-13
-19
-18
-12
-14
-8
-8
-9
-7
-4
-8
-9
-9
-2
-5
-2
0
1
2
3
3
0
-2
-2
0
-1
3
1
2
1
5
7
4
6
6
9
11
10
8
6
10
1
-1
-1
-6
-5
-10
-6
-4
-4
-8
-11
-9
-10
-7
-4
1
1
2
5
6
2
0
-1
-2
-4
-3
3
0
2
6
3
4
6
12
7
8
10
8
7
7
6
10
9
10
13
9
11
15
7
9
6
7
11
12
11
9
11
12
11
10
13
11
6
8
9
6
7
7
3
2
-3
-5
-2
-3
-4
-3
0
-5
-2
-1
-4
-8
-6
-5
-8
-4
-3
-7
-7
-10
-14
-14
-14
-11
-15
-18
-18
-18
-18
-16
-11
-15
-16
-11
-12
-8
-10
-5
-8
-9
-5
-9
-2
-6
1
0
-1
-1
-2
-4
-1
-2
-6
-10
-7
-3
-3
-3
-3
0
1
-4
1
2
2
3
3
1
-7
1
1
3
0
3
4
3
4
3
3
2
6
6
5
11
13
13
11
7
11
6
9
9
10
7
8
10
8
8
10
11
9
11
8
8
3
3
8
2
-3
1
1
3
2
-2
1
2
5
-1
1
0
-1
-1
-2
-5
-11
-7
-8
-10
-11
-10
-14
-13
-14
-17
-12
-9
-9
-10
-10
-6
-9
-8
-5
-4
-1
-3
1
0
-3
3
5
4
6
3
6
8
9
9
14
15
12
17
14
15
13
9
15
15
15
13
14
12
11
13
9
4
-3
2
-3
-1
-1
-3
-1
-3
-8
-6
-7
-8
-6
-7
-7
-9
-11
-10
-13
-14
-12
-11
-8
-5
-11
-9
-10
-10
-8
-7
-9
-6
-4
-1
2
-2
-4
0
3
2
4
6
9
12
8
9
9
11
15
13
9
2
3
5
1
-2
3
6
1
-1
0
-4
-6
-10
-7
-10
-14
-15
-14
-17
-18
-17
-11
-10
-10
-8
-9
-6
-7
-2
-3
-4
-1
-1
-4
-4
-1
-8
-2
-6
-1
0
2
4
7
11
14
10
14
14
13
16
9
11
8
10
8
12
8
11
11
9
15
9
10
9
16
10
7
15
8
4
6
2
-3
-2
0
-4
-3
-8
-5
0
-8
1
4
-1
0
2
0
-2
-1
-5
-5
-4
-1
-4
-3
-3
0
-2
-3
0
0
-3
-7
-1
-1
-3
-4
-2
-3
-8
-9
-8
-11
-12
-16
-14
-9
-15
-18
-11
-10
-16
-14
-9
-12
-10
-10
-13
-9
-2
1
-3
0
-1
0
1
0
4
3
7
9
6
3
8
8
8
7
7
8
6
2
7
4
5
7
9
3
6
4
2
3
3
5
4
6
6
7
6
5
7
5
5
9
9
11
7
8
10
7
6
3
2
1
-6
-2
-2
-3
-2
1
4
1
2
5
8
3
3
1
4
0
-1
-1
-6
-2
-4
-4
-4
-5
-7
-8
-4
-5
-6
-3
-3
-6
-4
-2
-9
-8
-8
-9
-5
-6
-9
-7
-2
0
-3
-1
2
0
0
0
1
4
6
6
5
7
9
8
5
3
2
0
-3
-3
0
-3
1
-4
-6
-4
-11
-5
-1
-3
-3
-2
-8
-3
-5
-3
-1
-6
-3
-1
-4
-5
-5
-6
-7
-1
0
-6
-5
-3
-4
-3
0
3
1
3
11
14
15
14
15
14
20
17
16
15
16
13
9
13
15
14
17
20
14
10
13
9
7
4
0
-4
-3
-2
-7
-4
-11
-14
-12
-11
-15
-11
-10
-15
-17
-21
-22
-23
-18
-15
-16
-14
-13
-8
-12
-9
-11
-11
-8
-9
-6
-7
-5
1
1
3
5
5
6
5
5
5
8
9
12
11
14
17
15
14
13
10
10
10
13
12
4
6
8
12
5
7
3
1
5
2
-1
-1
-2
-6
-2
-4
-9
-3
-4
-15
-7
-9
-9
-6
-2
-5
-2
0
0
1
-3
-7
-3
-2
-8
-8
-8
-1
-8
-10
-5
-3
0
-5
2
4
3
2
2
6
3
3
10
8
6
5
6
-1
-5
-4
-7
-10
-9
-9
-11
-12
-12
-3
-8
-8
-4
-1
4
2
0
0
3
4
5
7
2
1
7
6
2
7
10
9
8
11
11
10
10
13
15
8
9
11
11
5
6
6
-1
-3
-6
-8
-10
-9
-13
-6
-5
-9
-5
0
-1
-1
3
0
1
-5
-3
-2
-1
2
1
1
1
-3
4
5
1
5
-1
1
-5
-1
3
6
9
4
8
8
1
0
1
0
0
4
5
0
2
2
-4
-1
0
-2
-2
-1
0
-6
-6
-8
-10
-10
-12
-11
-9
-13
-5
-12
-14
-8
-10
-9
-13
-10
-6
-8
-8
-4
-7
-5
1
2
0
3
5
3
9
7
-1
6
7
8
7
2
4
8
6
5
4
5
2
-1
2
2
3
4
12
4
0
4
1
12
1
4
5
0
5
-8
-11
-10
-3
-4
-6
-3
-6
-3
-4
-6
-8
-7
-6
-7
-2
-1
2
5
1
4
-3
3
7
3
10
4
9
6
1
0
3
0
-3
-4
-3
-2
-3
-1
4
2
3
4
7
5
1
8
5
3
5
6
4
1
2
-1
7
-1
-1
-2
-1
-2
-6
0
5
3
0
-2
4
4
-2
2
3
8
8
8
7
9
10
11
5
2
2
-3
0
-1
1
3
2
1
4
2
2
-1
-3
2
-1
-6
-3
-3
-4
-3
-6
-10
-12
-5
-7
-12
-13
-8
-5
-10
-8
-3
-1
0
1
-1
5
4
3
-1
-6
-7
-8
-15
-15
-8
-10
-6
-4
-5
-4
-4
-1
1
2
3
3
1
0
2
0
0
3
9
4
3
3
6
5
5
10
7
10
4
7
10
3
0
1
4
-6
-3
-3
-5
-8
-9
-6
-12
-5
-5
-2
-2
5
4
3
1
-4
3
-2
-3
-2
-5
-6
-4
0
-2
-6
-2
1
2
6
6
5
5
9
12
8
8
10
7
12
8
5
4
2
-2
-6
-1
-2
-3
-8
-6
-6
-7
-5
-7
-3
-4
-5
-5
-2
-2
0
3
2
8
4
8
4
5
3
0
-1
-2
-3
-3
-3
-3
-3
-5
-7
2
2
-1
0
-2
-5
-3
5
2
-5
5
5
-1
0
0
2
-1
2
7
5
3
4
6
12
7
2
3
2
3
1
1
-6
-6
-3
-6
-6
-6
-6
-6
-5
-5
-4
-9
2
-2
-7
-3
1
2
2
8
4
5
6
-1
3
3
3
7
8
3
1
7
7
9
2
3
11
9
8
8
6
3
-1
-4
-3
-1
-7
-6
-5
-6
-5
0
2
-1
3
1
3
1
6
2
5
3
6
3
-5
0
-5
-4
-6
-8
-7
-7
-11
-11
-2
-3
-3
0
-3
3
1
0
1
-3
1
1
-1
3
1
0
3
0
-9
-5
-7
-12
-9
-9
-12
-15
-12
-15
-8
-4
-10
-6
-3
-3
-3
-5
1
3
2
0
6
10
9
13
16
11
9
14
11
7
6
8
5
4
3
5
5
-3
1
-1
-4
-6
-5
-2
-1
-3
-5
3
2
3
1
2
8
8
1
4
2
0
2
1
0
-4
0
-1
-1
-2
0
0
-5
-7
-9
-2
-7
-7
-3
-3
-2
-5
0
-3
1
2
5
3
5
7
7
8
10
11
9
11
8
1
-3
0
0
-1
-3
-3
2
-3
-6
-4
-9
-10
-8
-11
-9
-5
-9
-7
-9
-5
-4
-3
-5
-2
3
-2
0
-3
-1
-2
-1
2
-1
0
-1
3
0
-2
-1
8
7
7
10
14
14
10
9
9
17
8
12
10
8
3
4
3
1
0
-4
-4
-3
-3
-3
-3
-2
-1
2
-2
-3
0
-5
-8
-9
-8
-11
-15
-9
-11
-13
-16
-16
-12
-14
-13
-11
-11
-8
-8
-1
-2
-10
-5
-1
-2
2
5
6
5
7
11
8
12
12
12
16
13
15
15
13
9
11
10
10
14
6
7
11
10
3
2
6
5
9
8
3
1
-1
-2
-2
-4
-1
-6
-8
-8
-11
-12
-14
-9
-12
-11
-9
-10
-8
-10
-11
-7
-9
-3
-1
0
-1
3
0
1
6
5
8
5
10
9
10
14
8
16
12
8
11
9
5
6
11
10
4
3
2
1
6
3
5
4
-1
-2
-3
-1
-2
-7
-6
-9
-13
-14
-11
-13
-12
-12
-16
-13
-11
-12
-6
-4
-6
-5
-11
-6
-1
-1
-6
-6
3
-3
-5
-5
-3
-2
-8
-8
-5
0
-6
-2
3
3
1
-1
6
7
4
9
4
6
4
5
9
6
7
7
5
12
5
4
4
2
2
3
3
0
7
8
4
4
7
4
3
0
1
-6
-6
-6
-11
-12
-10
-11
-7
-16
-14
-7
-7
-7
-8
-5
-12
-12
-6
-7
-1
-2
-6
-6
-3
-6
1
3
2
5
6
4
6
12
13
13
15
16
11
12
19
21
16
15
15
10
9
10
11
14
10
12
10
7
8
5
3
5
2
-3
3
-2
1
2
0
-1
0
-4
-5
2
-5
-3
-4
-8
-10
-14
-12
-9
-13
-6
-5
-5
-5
-6
0
-1
0
-2
4
-2
-3
4
-1
-3
-1
0
-7
-7
-10
-13
-12
-10
-7
-9
-7
-6
-5
-2
-1
2
1
-1
2
4
-2
1
2
2
0
1
3
2
0
-2
-6
2
-2
-3
0
2
0
3
3
-3
-2
0
-6
-7
-7
-6
-2
-6
-4
-1
4
1
4
9
4
2
0
-1
3
-5
-1
0
0
1
-2
-2
-1
3
-4
-3
-2
3
3
6
4
5
7
0
4
7
2
5
2
2
4
4
1
4
9
0
7
5
6
5
-3
1
2
1
-1
-1
-1
0
-6
-6
-2
-5
-11
-11
-9
-7
-5
-12
-1
-6
-8
-9
-11
-11
-8
-6
-9
-9
-8
-8
-1
-1
-1
-4
4
3
1
2
6
13
5
11
16
14
9
15
20
21
21
17
22
21
19
16
18
19
18
15
16
16
14
11
5
9
10
5
4
3
4
-2
-4
-4
-7
-11
-17
-12
-14
-12
-13
-12
-8
-11
-7
-11
-11
-7
-11
-16
-8
-6
-12
-8
-5
-3
-2
-2
-1
3
0
1
4
-2
-6
-3
-7
-6
-3
-4
-3
-5
-6
-8
-12
-8
-11
-10
-8
-10
-6
-3
-7
-5
-5
-7
-9
-8
-9
-7
-5
-3
-4
-1
-5
-3
-1
-3
-1
-5
-1
1
-1
-5
-3
-3
-4
-7
-4
0
2
5
2
2
2
5
5
10
9
8
8
8
13
10
7
11
6
0
7
5
6
5
3
0
2
-1
0
2
1
3
4
2
-1
2
3
2
4
4
4
4
3
4
6
0
3
6
-7
1
0
2
1
1
2
5
7
6
8
9
10
9
4
3
10
3
5
7
2
1
11
7
-2
8
9
9
7
4
1
0
-3
-5
-2
0
-3
-7
-4
-5
-9
-8
-3
0
0
-1
-2
1
8
0
2
8
3
3
2
5
1
-2
5
-4
-1
2
1
0
-7
-4
-7
-7
-11
-10
-16
-12
-17
-12
-16
-18
-13
-15
-14
-14
-19
-19
-19
-19
-18
-23
-18
-18
-10
-16
-11
-11
-15
-6
-6
-4
-1
2
4
6
10
8
10
13
18
18
17
18
23
22
16
21
16
16
20
15
12
13
9
11
12
11
9
11
9
1
1
-3
-3
-3
-1
-4
-4
-2
-3
-8
-11
-12
-9
-16
-11
-12
-13
-15
-9
-4
-9
-9
-9
0
-2
-2
5
8
6
8
10
12
15
18
18
20
20
21
15
17
20
19
20
14
12
13
8
3
8
7
3
1
7
3
0
1
6
2
-2
-4
-3
-2
-12
-12
-11
-14
-18
-17
-14
-14
-16
-18
-12
-16
-14
-7
-9
-5
-9
-1
-3
-4
-5
-2
-2
-2
-4
-10
-5
-7
-9
-5
0
-8
0
1
1
1
6
4
3
2
4
4
5
1
-2
0
-4
-6
-6
-9
-8
-6
-4
-7
-7
-3
-1
-2
0
0
2
3
-2
1
2
-3
2
2
2
-4
-4
-1
0
1
0
0
-1
-1
-9
-7
-3
-3
-3
-3
-5
-6
-4
-1
-4
-9
-7
-10
-10
-11
-12
-7
-7
-11
-7
-2
1
5
7
7
10
8
10
15
11
12
10
13
12
11
12
14
7
6
8
5
10
7
12
7
3
5
4
3
2
7
1
3
0
-3
0
1
2
1
5
2
5
7
7
4
11
15
9
9
8
11
6
4
7
1
-2
4
3
3
3
3
6
4
5
2
9
13
9
18
14
8
10
9
13
9
5
3
0
2
1
-6
-5
-6
-2
-4
-4
-6
-10
-1
-12
-18
-12
-15
-12
-10
-13
-20
-9
-15
-15
-12
-17
-15
-16
-12
-15
-11
-11
-10
-8
-14
-13
-19
-15
-12
-12
-8
-14
-10
-9
-7
-6
-9
-9
-6
-4
-6
-3
-2
2
8
4
3
0
1
6
8
3
3
5
12
6
1
5
10
-1
5
4
-1
-2
2
1
-2
-2
-3
-5
-4
1
-3
-1
0
0
-4
-5
-2
-1
-2
-2
0
4
9
6
6
8
9
8
3
5
6
8
8
11
11
11
12
12
16
9
6
8
11
6
7
7
3
15
11
4
7
14
13
11
13
10
12
16
9
10
12
5
11
6
2
3
1
2
-1
-3
-2
-5
-1
-1
-9
-7
-10
-7
-9
-13
-8
-13
-10
-9
-14
-11
-11
-9
-10
-14
-11
-11
-11
-14
-12
-10
-13
-13
-7
-3
-5
-4
-1
-4
-3
-4
-7
2
3
-2
-3
5
3
3
0
3
1
-1
2
-2
3
-1
1
0
5
0
-3
1
1
-3
0
2
1
2
3
0
1
-4
-4
-3
1
-1
1
1
1
4
-1
2
-2
1
-4
-3
2
-1
-2
3
2
-6
1
0
0
2
6
6
9
7
4
16
10
11
15
14
7
10
10
4
3
-2
2
-6
-8
-7
-7
-2
-6
-4
-1
-1
-8
-8
-5
-8
-6
-7
-5
-10
-7
-7
-10
-5
-2
-8
-5
-1
-8
-4
0
2
6
11
11
9
17
11
8
7
5
2
8
6
10
17
12
13
7
10
10
12
12
5
5
5
5
5
0
5
-4
-6
-8
-14
-9
-11
-13
-11
-19
-19
-20
-16
-12
-20
-13
-11
-13
-10
-12
-10
-5
-3
-4
-6
-7
-8
0
4
3
2
0
5
3
1
2
1
9
2
4
3
2
4
1
4
-1
-5
-1
2
-3
-8
3
3
-1
0
2
9
9
11
8
15
12
13
16
13
13
17
14
10
14
13
11
9
12
8
6
3
-1
4
3
0
-1
-2
-9
-7
-6
-4
-5
-9
-6
-3
-6
-9
-10
-7
-7
-6
-3
-4
-4
-5
-4
-5
-7
-5
-6
0
-6
-8
-7
-5
-8
-7
-7
-12
-4
-3
-2
-1
0
0
6
4
1
5
6
3
8
2
7
8
5
7
10
6
7
7
7
7
8
6
4
0
1
-2
-2
0
-5
-6
-8
-3
-7
-11
-10
-9
-16
-15
-12
-10
-16
-11
-12
-12
-14
-8
-3
-9
-2
-8
-8
-3
-1
4
2
0
1
4
8
9
13
10
12
10
12
16
11
12
12
13
9
13
12
7
9
6
7
3
-1
8
2
4
7
5
4
2
2
0
2
-2
-2
-3
-6
-6
-12
-10
-8
-13
-13
-7
-13
-10
-9
-3
-2
-2
5
0
0
2
0
-1
-4
1
-1
-1
-2
-6
0
1
1
5
7
3
5
3
-1
5
4
3
4
7
6
1
3
1
0
1
3
1
0
1
0
3
0
6
-1
-1
-3
-6
-5
-9
-4
-3
-7
-5
-1
-2
-8
-4
-5
-9
-3
-2
-2
-3
0
0
-1
2
2
2
4
6
9
7
5
6
12
11
11
12
9
12
4
8
8
-1
-2
-1
-4
-8
-2
-6
-8
-6
-8
-8
-7
-10
-4
-3
-5
-6
-9
-7
-11
-9
-12
-9
-4
-10
-9
-4
-4
-12
-7
-6
-3
-4
-2
-2
-6
-7
-3
0
-3
-4
3
7
3
4
8
5
1
7
12
12
10
8
15
12
11
7
9
9
7
12
3
8
7
3
3
5
6
7
9
11
7
5
6
8
10
1
2
2
1
0
-2
4
2
-1
-2
1
3
-4
-5
0
-7
-3
3
4
-3
-4
-1
-7
-6
-4
-6
-9
-11
-9
-10
-14
-12
-10
-14
-10
-8
-3
-10
-5
1
-5
-2
4
-1
1
1
-1
0
-4
-5
-3
-3
-7
-6
-7
-6
-7
-4
-5
-2
-1
-1
3
2
2
3
8
7
8
8
5
3
2
0
0
5
5
2
3
5
2
2
0
2
-1
-4
-1
0
-4
-6
-6
0
1
0
5
4
3
-2
5
0
3
11
5
6
8
10
8
13
11
8
10
10
4
6
11
8
8
12
10
10
7
5
7
7
-2
-2
-1
-3
-7
-7
-12
-12
-10
-11
-12
-8
-8
-8
-9
-6
-8
-8
-11
-8
-8
-2
1
-5
-1
-5
-10
-14
-14
-16
-22
-13
-12
-13
-12
-10
-12
-6
-5
-1
-1
0
7
0
2
4
4
2
6
5
8
7
9
8
9
12
9
8
6
8
10
8
6
8
11
10
10
9
7
11
7
4
-1
2
-5
-3
1
-3
-4
-4
0
0
-5
-8
-5
-2
2
-2
4
4
1
4
1
1
0
1
2
2
2
3
6
8
10
9
9
9
13
10
11
14
10
4
5
3
3
3
5
3
-2
4
-3
-3
-2
-2
-4
-11
-5
-5
-6
-10
-8
-7
-7
-8
-8
-7
-11
-9
-9
-10
-8
-4
-12
-13
-15
-12
-5
-10
-10
-3
-5
-2
0
0
4
-1
-3
1
1
-6
-6
-2
-4
-5
-2
0
2
0
1
3
0
-2
-4
4
2
1
2
3
-1
-1
-1
-1
-4
-4
2
4
0
2
-3
-3
-2
-10
-9
-7
-5
-7
-2
-3
-3
3
4
2
1
5
4
7
5
7
8
5
7
3
2
1
-2
0
0
0
4
4
4
7
10
5
8
10
10
6
4
6
4
2
2
1
3
1
0
4
3
2
2
7
4
9
9
7
11
5
6
9
7
8
12
12
6
8
9
8
8
7
7
1
7
7
2
-2
5
2
3
-1
-5
2
-8
-2
-6
-10
-9
-7
-11
-9
-10
-12
-12
-16
-15
-16
-14
-16
-18
-18
-21
-20
-16
-18
-17
-13
-10
-5
-3
-4
-2
1
-1
1
6
6
1
9
10
9
10
12
8
11
12
9
9
5
5
5
3
4
0
2
8
6
7
5
4
5
0
-4
0
-4
-5
-4
-8
-13
-14
-13
-11
-14
-9
-9
-12
-8
-9
-8
-6
-4
-2
1
0
0
4
0
-2
-5
-5
-9
-10
-1
-5
-6
-1
-2
-1
-2
0
5
3
5
6
8
5
8
10
6
4
3
7
6
1
1
3
3
2
0
1
3
1
1
-1
4
3
2
7
6
4
3
5
3
6
6
3
3
4
4
2
5
-3
1
1
2
4
1
7
3
6
3
2
4
0
8
5
10
7
3
8
9
9
9
14
9
9
6
9
13
14
11
8
9
4
4
-4
-1
0
-2
-3
-7
-6
-14
-11
-13
-10
-8
-7
-5
-12
-13
-15
-20
-17
-15
-20
-21
-19
-23
-22
-21
-16
-9
-11
-4
-3
-4
-4
-1
0
0
0
4
7
0
2
4
0
-1
7
10
4
10
16
11
9
15
13
7
10
14
9
7
7
4
8
5
3
1
3
-3
-2
1
-1
0
-2
-6
-10
-13
-10
-11
-16
-12
-14
-15
-12
-11
-9
-8
-5
-4
-1
3
-1
2
4
2
1
0
2
0
-6
2
2
0
5
0
1
1
6
6
10
8
11
9
10
12
9
9
10
9
4
3
1
-1
-3
1
-2
-6
-5
-4
-1
-2
1
0
-3
-2
-3
-3
-3
-3
-6
-2
-3
-3
-3
-2
-5
1
4
-1
3
1
-2
-4
9
4
2
4
2
5
1
5
3
5
0
1
2
0
2
4
0
2
8
6
3
3
9
6
7
3
3
-1
0
4
1
1
4
2
2
4
2
6
7
2
3
3
0
0
-2
2
-2
-2
-2
-9
-10
-5
-6
-6
-3
-2
-5
-5
-4
-1
-4
-5
-8
-4
-7
-11
-8
-6
-8
-10
-6
-10
-8
-11
-7
-9
-4
-4
-3
-4
-3
-1
-5
-3
-4
-5
-3
2
-2
0
2
-1
2
2
5
2
1
9
6
6
6
6
10
10
5
11
10
6
7
8
8
6
8
6
10
8
9
8
4
4
5
6
12
8
-4
-8
-4
-3
-4
-6
1
2
0
6
2
-11
-16
-19
-13
-9
-6
8
-1
-6
-5
-10
-16
-7
-7
-7
-2
1
5
3
-2
-3
-3
-3
-3
-3
-5
-4
6
4
4
6
3
4
4
3
3
-2
0
3
1
2
1
-1
-6
-8
-9
-8
-7
-2
1
0
-4
-4
-3
-5
-3
0
0
0
3
7
6
6
7
9
7
11
12
16
15
12
15
11
13
12
13
13
11
11
12
13
11
10
9
5
11
-1
2
2
-6
-2
-7
-5
-12
-9
-7
-13
-19
-17
-12
-17
-13
-14
-15
-11
-8
-9
-13
-10
-7
-10
-11
-9
-4
-6
-1
-4
0
0
-4
0
0
3
0
4
3
1
1
2
2
1
3
-1
0
-2
3
0
-4
2
4
1
0
3
5
5
5
7
5
0
-1
3
-4
-7
-9
-7
-5
-5
-4
-7
-3
-2
-3
-7
-6
-4
-5
-5
0
-1
-2
-2
-3
2
-1
6
2
4
5
3
9
7
10
10
16
15
15
14
15
16
13
14
17
9
8
4
0
4
-2
-2
-2
0
-2
-5
-6
-8
-3
-3
-3
-4
-2
-2
-4
-5
-3
-7
-8
-2
-2
-3
1
3
2
4
1
-1
0
-1
3
3
-2
3
4
4
2
2
2
2
5
-1
-2
0
-1
-4
-8
-4
-4
-4
-4
-5
-3
-3
-1
-2
-4
-5
-9
-6
-5
-6
-6
-5
-1
-4
-5
-3
-5
-3
-2
-6
1
1
-2
-4
3
4
3
7
8
9
8
7
10
6
7
10
7
4
4
0
-1
-2
-6
0
0
-4
-8
-1
-2
-6
-7
-5
-5
-4
-4
-6
-6
-4
-2
-2
-2
-5
-3
-4
-4
-2
-5
-1
-4
0
-4
-1
1
-1
-3
-6
-8
-5
-6
-7
-7
-8
-7
-10
-6
-3
-6
1
2
3
4
5
7
10
10
7
7
9
10
6
10
11
10
8
4
6
5
1
7
7
6
6
9
10
5
7
6
6
7
6
9
9
10
12
8
9
7
2
4
5
4
5
1
-1
-1
-4
1
-1
-1
-4
-5
-1
-2
-3
-4
-4
-1
-2
-1
-2
-8
-10
-8
-9
-9
-11
-8
-12
-16
-10
-13
-8
-11
-7
-8
-11
-10
-7
-10
-13
-12
-13
-11
-17
-13
-13
-9
-9
-8
-4
3
4
6
6
5
8
8
6
8
13
4
6
6
6
4
5
5
6
7
10
8
8
18
15
17
22
22
21
19
17
16
11
8
8
7
5
2
0
-3
-2
-6
-5
-7
-14
-8
-15
-14
-11
-14
-17
-14
-12
-5
-6
-7
-9
-7
-5
-12
-9
-11
-11
-9
-12
-7
-5
-4
-4
0
0
-6
-1
1
3
2
1
3
1
4
3
7
8
9
8
4
0
2
6
6
6
3
2
3
3
2
3
1
2
0
0
2
1
0
-1
4
4
6
6
5
5
10
10
4
5
9
7
10
6
9
5
2
5
2
9
11
15
15
14
5
5
4
0
3
2
4
-1
-2
-7
-7
-4
-8
-5
-7
-4
-7
-6
-3
-5
-12
-4
-5
-6
-6
-10
-8
-12
-17
-14
-12
-10
-13
-13
-12
-15
-10
-5
-4
-2
1
-2
-3
-5
-7
-6
-5
-2
4
0
0
9
0
-6
-4
1
-2
1
1
2
-3
-4
1
-5
-1
-1
2
7
0
2
3
-1
-2
-2
1
-1
3
4
3
2
4
1
-5
2
0
0
4
5
2
4
13
10
14
9
10
5
11
10
4
6
8
9
10
7
8
8
9
9
9
8
4
7
5
4
-6
-1
2
-2
2
1
-2
-5
-3
-3
-9
-7
-10
-12
-8
-6
-7
-6
-4
-13
-8
-4
-10
-13
-16
-9
-5
-5
-8
-6
-8
-6
-7
-3
-3
-4
-1
-3
5
4
2
-2
2
2
5
7
7
11
5
7
8
6
8
5
6
0
2
4
9
7
9
10
7
7
7
3
1
5
1
3
5
3
-3
-3
1
-4
-6
-4
-5
-6
-5
-9
-4
-4
-4
-4
-4
1
2
-1
4
6
1
3
0
0
1
3
0
5
2
1
3
-3
0
1
-4
-1
-1
2
-5
-4
1
-5
-2
-4
0
-5
-3
-7
-5
0
-6
-11
-7
-12
-10
-13
-12
-11
-12
-8
-4
-8
-10
-2
-4
0
-10
3
4
8
7
2
10
10
11
10
13
12
16
16
17
14
15
16
17
14
13
16
13
11
9
9
3
6
11
8
5
1
1
-1
-4
-3
-9
-5
-11
-6
-7
-11
-14
-11
-8
-14
-12
-12
-7
-11
-13
-13
-11
-8
-9
-10
-10
-8
-7
-8
-4
-5
-3
0
-1
3
0
-1
-1
2
0
3
6
6
5
2
1
0
-4
-3
-1
-3
0
3
-1
1
6
1
0
-1
1
1
-1
3
4
2
3
1
-4
-1
0
1
6
7
5
3
7
11
7
12
14
13
10
12
14
13
18
14
20
17
12
15
11
10
11
14
9
7
5
0
-1
-2
-6
-7
-7
-12
-15
-16
-17
-13
-16
-19
-15
-13
-14
-17
-16
-16
-21
-23
-16
-17
-13
-14
-13
-9
-9
-9
-6
-8
-4
-10
-9
-2
-5
-3
3
3
-1
5
4
9
7
7
3
10
11
6
5
5
9
7
6
10
5
5
5
3
6
-2
3
6
8
5
8
9
6
4
5
6
2
5
3
4
-2
-1
-2
1
0
0
1
0
0
4
6
2
4
3
2
3
7
5
5
3
-1
0
0
-3
-3
-4
-6
-5
-4
1
-2
1
4
4
5
2
-5
-5
-6
-8
-10
-10
-11
-12
-8
-13
-16
-14
-14
-11
-14
-15
-18
-15
-9
-10
-7
-5
-6
-5
0
-3
0
5
3
11
12
9
13
9
8
10
12
8
9
10
12
8
12
14
8
11
7
9
5
6
5
1
-1
0
1
-1
-3
1
1
-3
-3
0
1
-3
2
-1
8
6
5
2
4
1
3
7
2
5
6
8
3
5
2
3
5
8
8
9
9
6
6
4
5
5
3
1
1
-2
-4
-4
-9
-9
-9
-13
-8
-11
-14
-17
-13
-16
-15
-14
-15
-12
-11
-15
-16
-13
-11
-8
-10
-7
-10
-11
-6
-5
-1
-4
0
5
8
8
9
9
10
10
11
11
11
11
13
14
17
10
9
11
5
6
7
2
5
-2
0
3
-3
-4
-4
-5
-7
-7
-10
-7
-12
-10
-14
-8
-12
-9
-11
-9
-3
-10
-7
-2
1
-6
2
0
-4
-2
3
5
4
-1
1
7
0
0
2
5
3
9
16
8
6
12
15
6
10
13
7
4
1
2
1
-1
1
-3
-7
-2
-3
-4
-10
-9
-3
-5
-2
-2
1
2
3
5
1
4
5
8
0
5
3
0
0
-4
1
0
3
3
4
3
8
6
5
12
6
8
8
9
8
4
9
4
2
3
5
-3
-5
-4
0
0
0
-7
-5
-3
-3
-3
-4
-1
2
1
-4
0
-6
-3
-2
0
0
-4
-3
-6
-5
-5
-2
-3
-4
0
0
-6
-6
-3
-5
-4
-6
-5
-5
-5
-9
-5
-4
-10
-4
-4
-3
-6
-3
-5
-4
-2
-3
-3
-3
0
-3
-2
0
-1
-1
3
4
-3
3
7
6
6
7
5
5
10
10
6
5
7
5
-2
2
2
3
1
1
0
1
1
-2
3
-1
-5
-3
-4
-5
-3
-5
0
-2
-4
-8
-7
-11
-9
-9
-7
-11
-8
-4
-8
-5
-7
-6
-3
0
3
3
0
1
2
4
-2
4
2
4
8
3
8
8
8
7
3
5
4
5
9
11
12
5
7
5
3
3
7
5
2
8
5
6
2
0
3
1
-2
-1
-1
3
4
2
4
3
1
7
7
9
6
5
3
2
1
3
3
1
3
2
-2
-3
-1
-7
-8
-6
-7
-7
-7
-6
-7
-11
-10
-5
-5
-7
-6
-5
-7
-9
-7
-8
-5
-2
-5
-3
-1
2
-3
-4
2
0
-2
-2
-1
4
3
4
6
1
3
3
-1
0
1
3
7
11
6
7
6
8
8
4
7
4
5
1
-1
-6
-3
-7
-4
-4
-4
-8
-15
-16
-16
-16
-15
-15
-14
-8
-6
-10
-11
-5
-7
-5
0
-4
-3
0
-2
-5
-4
-1
-1
1
6
3
2
10
10
14
8
11
15
15
16
13
11
11
6
8
8
1
5
-1
1
0
1
3
-3
1
4
-2
-5
-6
-5
1
-2
0
-3
-1
-5
-1
1
-1
3
5
8
4
7
8
10
11
8
9
5
6
4
2
2
3
1
6
4
4
10
15
4
7
7
6
6
-2
6
3
0
-2
-4
-7
-2
-1
-7
-9
-6
-8
-10
-9
-9
-7
-4
2
-3
0
2
-5
-6
-6
-9
-9
-10
-4
1
-5
-1
-3
-2
-1
3
2
2
0
-1
3
3
1
6
0
1
0
0
0
-6
1
-11
-15
-15
-18
-24
-19
-13
-14
-13
-6
-5
-12
-7
0
10
11
14
21
16
14
9
4
0
2
5
7
5
4
6
3
1
-1
-5
-7
-5
-8
-27
-44
-41
-43
-44
-37
-16
-9
-12
-5
-2
-3
-13
3
18
22
30
34
35
23
14
12
11
6
7
12
16
17
14
10
0
-2
-4
-7
-6
-4
4
8
3
-1
4
1
0
-1
-1
1
6
17
26
24
25
22
12
13
6
7
11
7
12
12
7
6
-1
-7
-10
-11
-8
-2
3
4
5
1
5
0
-6
-3
-1
-5
4
8
12
7
4
12
3
-7
-5
-6
-7
2
-4
1
-16
-12
-4
-16
-12
-6
-8
0
5
-6
7
10
13
2
-1
7
12
-3
3
8
-3
4
2
-4
-2
-1
-13
-5
-10
-7
-11
-17
-14
-7
-17
-16
-12
-14
-15
-13
-15
-9
-7
-14
-11
-8
-10
-8
-8
-9
4
0
-5
5
6
5
6
4
6
6
5
3
6
2
12
9
2
9
10
12
8
2
3
2
6
4
4
1
-4
1
-5
-6
-9
-8
-5
0
-2
-7
-6
-6
-12
-10
-5
-7
-6
-7
-8
-8
0
-7
-8
-8
-10
-3
-7
-4
-2
-5
-2
-7
-4
-3
-4
-2
5
5
8
4
5
9
3
7
16
15
18
19
23
25
20
23
18
16
22
17
16
21
20
23
22
26
26
20
21
20
14
13
17
13
4
11
10
11
8
-1
-3
-7
-9
-17
-18
-18
-25
-23
-20
-25
-23
-18
-18
-14
-16
-19
-14
-19
-22
-19
-17
-11
-13
-21
-17
-10
-12
-13
-8
-6
-7
-8
1
-1
-9
-3
4
-1
-2
2
2
2
-2
-1
-3
-3
1
-2
-1
-1
0
3
2
2
2
4
4
5
-1
-6
-5
-6
-2
0
0
-5
-2
-4
-1
-1
0
5
-2
1
5
3
1
11
11
6
9
11
4
8
6
6
3
9
3
7
13
14
15
12
13
10
9
8
7
7
6
9
7
6
2
3
0
2
3
-3
7
2
-1
-3
-5
-7
-11
-13
-11
-11
-13
-13
-14
-18
-13
-15
-16
-14
-14
-13
-11
-14
-14
-12
-11
-9
-9
-14
-4
-1
0
-3
-2
1
0
5
8
3
-3
1
3
6
1
10
12
14
16
15
19
15
13
13
14
6
9
13
7
5
6
4
10
7
13
15
8
12
9
8
5
5
0
6
5
0
7
3
5
2
2
6
7
6
5
3
5
6
4
5
2
9
-2
3
2
-7
-4
-6
-6
-7
-5
-9
-3
-5
-1
-6
-12
-7
-9
-12
-10
-6
-12
-15
-12
-12
-13
-14
-22
-21
-27
-22
-20
-17
-17
-13
-11
-12
-13
-9
-2
-1
2
0
-2
4
6
-5
-2
2
-1
-4
-1
-4
-2
-5
-1
1
-1
-1
-1
-1
-1
-3
6
5
3
-1
4
8
1
8
9
4
6
9
7
11
8
9
7
9
9
10
12
7
12
12
8
10
10
7
11
14
12
9
5
1
2
6
-2
-1
2
8
10
8
4
9
3
1
2
-5
-6
-6
-5
-3
-2
-6
-7
-1
-1
-2
2
2
-1
-4
2
4
3
1
0
6
2
0
-6
0
1
-3
0
2
0
3
1
-4
-8
-8
-3
-4
-5
-2
-7
-4
-1
1
3
3
1
4
5
-3
-4
3
-1
-4
-2
4
-2
0
7
4
2
-2
3
4
-1
0
0
-4
-5
-4
2
1
3
0
2
-5
-3
-2
-6
-4
-7
-7
-2
-8
-12
-4
-6
-12
-7
-11
-11
-11
-8
-8
-12
-15
-8
-3
-6
-5
-8
-5
1
-2
1
4
6
5
5
5
5
5
7
11
6
3
1
8
-1
-6
1
5
-2
-7
-1
0
-12
-11
-1
-8
-12
-6
-5
-10
-6
-4
3
2
-4
2
5
1
6
8
7
7
7
15
11
14
18
17
16
12
20
21
15
15
21
16
8
7
4
6
-5
-2
0
-4
1
-1
1
-4
-3
-1
-10
-11
-8
-5
-10
-7
-4
-1
-5
-10
-7
-10
-13
-13
-9
-10
-6
-5
2
3
-4
5
3
4
-1
1
7
2
4
12
12
5
2
8
2
-8
0
5
0
3
5
3
4
3
1
2
1
-2
-6
3
-3
-4
0
4
-3
-5
0
-7
-3
-3
-3
0
5
-1
-3
4
1
-5
4
10
8
1
5
4
3
-3
-9
6
1
-1
-4
-1
1
-9
3
6
-4
-6
-11
-7
-9
-14
-7
-12
-8
-16
-12
-9
-12
-19
-13
-7
-16
-14
-2
-6
-13
-2
-4
3
5
5
2
3
9
3
4
14
2
8
14
4
4
4
5
-5
-3
13
9
3
10
15
11
12
14
15
20
22
16
18
22
19
8
21
21
11
14
10
12
1
7
12
7
-2
-8
-7
-15
-21
-21
-17
-17
-15
-11
-15
-19
-32
-25
-23
-36
-32
-16
-23
-29
-15
-5
-12
-9
-6
0
-1
-7
4
8
13
5
12
22
15
4
15
13
-3
-2
10
0
1
8
18
10
4
12
11
-3
-10
0
9
0
-9
5
6
-9
-9
6
-2
-4
5
17
1
1
9
8
5
-6
-2
2
-1
-14
-6
0
1
-5
15
13
-3
5
19
6
-12
12
18
8
10
14
17
6
-11
1
20
2
-15
10
13
-10
-11
14
12
-19
-7
12
-7
-16
-10
-5
-18
-18
-11
-12
-17
-18
-13
-13
-6
-17
-7
11
-12
-10
6
7
-3
-17
-3
8
-13
-7
6
-4
-14
-1
5
-9
-13
3
8
-7
2
7
6
1
7
23
8
7
14
9
4
8
10
18
22
13
4
7
19
15
14
28
19
-4
3
0
-15
-9
20
14
-20
-17
12
3
-26
-21
-5
-9
-19
-9
-8
-14
6
10
0
-11
-6
-3
-8
-14
-3
8
0
5
10
-2
-13
2
9
-16
-28
-11
-8
-5
-11
-26
4
3
-20
0
18
-1
-8
7
-2
-13
-15
-10
-3
9
4
-7
15
13
-21
-17
5
-19
-20
14
11
-17
0
26
7
-19
0
13
4
17
21
18
23
23
-4
16
28
18
24
20
11
-9
21
22
-13
19
20
4
2
7
-4
-18
4
0
-19
-11
-3
-1
9
5
-8
19
21
-12
6
-5
-23
-20
5
4
-4
1
18
15
6
21
9
6
3
-7
-13
2
-12
-31
-23
3
-28
-41
-21
-17
-30
2
45
-6
-17
10
13
-9
-16
-2
-11
-24
-2
-3
16
8
-1
27
18
2
-5
12
-15
-29
-17
-33
-6
31
11
-37
-35
-25
-46
-51
-40
-32
-7
6
3
20
28
31
38
33
4
16
39
7
-17
5
35
41
33
43
21
-13
15
25
-15
-20
3
17
12
0
6
-20
-37
-18
-16
-16
-8
0
25
-4
-39
10
31
-6
-7
22
14
0
13
30
22
23
33
37
38
9
-2
21
19
-19
-19
2
-110
-228
-120
23
-11
-26
118
160
26
-11
62
23
-69
-16
60
26
-25
7
53
-3
-66
-6
18
-73
-77
10
39
-22
18
109
54
-9
31
63
-19
-72
-6
45
28
-4
28
26
-81
-169
-173
-192
-248
-238
-122
-85
-129
-76
-6
-62
-121
-72
-11
-36
-26
56
97
90
97
130
171
147
131
202
235
195
223
306
295
276
334
331
240
195
178
113
54
54
65
96
114
109
75
14
-69
-76
-45
-71
-44
-99
-324
-562
-658
-711
-822
-809
-620
-399
-340
-320
-177
-68
-113
-111
17
102
107
125
233
224
162
153
170
125
30
-9
37
85
76
118
255
358
337
348
376
311
233
236
229
212
215
265
295
278
261
226
162
120
42
25
26
-2
24
51
16
-65
-56
-82
-174
-217
-137
-138
-154
-99
-13
-6
-12
34
21
13
17
18
6
-9
-57
-82
-78
-91
-81
-96
-99
-302
-711
-953
-942
-887
-884
-732
-333
-39
-48
49
188
130
55
102
203
234
219
244
250
207
100
11
65
68
-57
-72
100
185
246
365
447
495
515
502
360
211
218
244
283
320
393
495
471
342
294
202
52
34
80
31
-43
32
88
59
49
77
112
135
169
114
69
68
39
27
34
-2
-107
-105
-258
-870
-1396
-1417
-1365
-1612
-1456
-836
-444
-404
-205
167
130
-9
146
360
246
175
411
559
432
293
335
282
164
-31
-74
-5
27
210
386
450
480
548
588
360
146
224
186
136
218
363
436
545
624
548
432
303
250
159
122
75
16
1
-22
-89
-127
-255
-326
-207
-168
-191
-142
54
217
246
263
273
279
179
44
-73
-126
-289
-406
-531
-1148
-1877
-1972
-1774
-1980
-1936
-1200
-539
-405
-178
346
446
324
454
663
582
463
586
664
550
328
367
346
97
-103
-128
10
123
245
429
616
725
786
808
670
430
243
354
439
373
494
754
851
804
797
776
623
427
271
191
78
10
-10
18
-30
-151
-111
-87
-69
-6
95
402
499
429
473
407
201
37
-181
-321
-354
-680
-1560
-2460
-2514
-2573
-2989
-2758
-1851
-1254
-1059
-572
46
123
65
406
548
382
510
727
732
513
396
547
481
234
154
138
99
111
394
626
633
839
1177
1083
663
518
519
497
443
590
885
1325
1481
1429
1488
1398
980
856
1020
517
-166
-30
222
-129
-428
-270
-212
-291
-224
-148
36
148
299
454
511
273
201
307
-47
-580
-718
-598
-1122
-2533
-3651
-3773
-3655
-4131
-3938
-2451
-1302
-1247
-853
435
817
371
544
1174
1334
952
1020
1391
1344
674
506
872
669
-146
-327
267
241
265
797
1111
1166
1414
1484
1113
772
575
570
683
763
789
1075
1557
1305
1027
1186
1068
747
725
880
582
318
296
16
-249
-435
-708
-650
-341
-303
21
553
511
502
951
901
373
337
368
-179
-717
-744
-675
-1459
-3509
-4870
-4285
-4128
-5298
-4707
-2151
-1069
-1638
-438
1408
955
187
949
1585
896
295
947
1581
1132
542
1018
1364
548
-411
-107
375
-29
231
1166
1414
1409
1884
2129
1540
942
1152
1213
1035
1071
1553
2323
2321
1912
2186
2374
1462
724
1036
878
-358
-816
78
191
-736
-656
73
17
-166
145
642
587
474
770
562
157
-194
-467
-518
-739
-1189
-1144
-1799
-4234
-5844
-5577
-5850
-6962
-5902
-3299
-2440
-2011
-142
984
621
865
1462
1477
1415
1734
1838
1822
1805
1140
871
812
156
-573
-300
27
209
893
1384
1774
2366
2605
2260
1817
1552
1066
658
812
785
1103
1818
2128
2200
2356
2255
1820
1509
1252
703
690
588
-307
-535
-98
-359
-604
110
334
347
688
795
658
812
943
369
170
272
-319
-883
-704
-902
-1455
-2432
-4796
-6288
-5985
-6312
-7258
-5819
-3130
-1955
-1613
10
1430
1473
1325
1302
1716
1930
1329
1265
1800
1539
649
824
881
-202
-1212
-633
112
-28
492
1497
2329
2867
2985
2689
2350
1845
1196
1019
904
804
1426
2164
2295
2293
2530
2265
1763
1449
929
273
85
327
327
-162
-354
-15
352
151
0
954
1440
673
456
1211
933
71
-31
84
-419
-962
-800
-827
-1283
-2904
-5237
-6136
-6105
-6813
-6878
-5134
-3454
-2407
-1160
186
775
978
1259
991
1066
1317
1052
938
1343
899
196
461
451
-562
-1161
-327
181
319
1107
1894
2214
2711
3031
2570
1867
1058
880
1075
847
633
1306
2213
2417
2290
2527
2413
1832
1595
1042
346
471
428
-262
-602
-57
169
119
468
1287
1593
1186
1117
1199
869
-287
-409
-61
-704
-1614
-1342
-1268
-2102
-2404
-3940
-6057
-6485
-5607
-6312
-6761
-4181
-1652
-1546
-1005
1180
2022
1487
1260
1799
2007
1343
957
1253
1563
922
389
987
1108
37
-422
497
730
774
1187
2026
2746
2896
2785
2258
1910
1408
913
592
435
693
1218
1691
1951
1882
1811
1818
1488
1038
359
231
700
624
-180
-455
325
865
453
159
791
1076
581
358
794
648
-402
-225
373
-294
-1256
-900
-596
-1267
-2186
-3791
-5705
-6211
-6149
-7029
-6589
-4138
-2389
-1995
-648
980
1081
1015
1314
1176
988
1179
1165
1122
1071
743
864
1131
450
-287
-59
515
473
800
1596
2082
2728
3248
2908
2219
1834
1444
962
761
686
906
1654
2092
2144
2159
2043
1778
1693
1353
328
-4
687
440
-730
-1035
-97
429
177
84
565
1100
789
298
367
222
-484
-870
-621
-961
-1836
-1401
-683
-972
-2166
-4030
-5068
-5202
-5713
-6764
-6166
-3661
-2129
-2000
-676
1446
1884
1454
1692
2017
1699
1177
1557
1641
952
674
1139
1313
608
-246
-5
750
483
374
1082
1872
2185
2287
2601
2022
1405
1529
1336
734
588
952
1405
2050
1897
1509
1848
2146
1460
536
346
157
76
165
203
-28
341
732
626
801
1278
1696
1212
750
339
-264
-747
-892
-784
-1072
-1249
-1011
-899
-1633
-3543
-5550
-6259
-6281
-6711
-6974
-5325
-2638
-1604
-1008
727
2125
1840
1521
1714
1561
1021
983
1252
1165
1021
1108
1283
1179
636
-152
39
607
1080
1565
2070
2932
3367
3314
2826
2047
1546
1093
485
144
61
482
1403
1749
1528
1698
1806
1353
817
475
-394
-646
-53
-85
-480
-78
584
481
566
668
916
1007
483
-241
-605
-818
-1203
-1203
-641
-600
-692
-399
-587
-1469
-3627
-5697
-6035
-5972
-6706
-6413
-3955
-2051
-1756
-408
1467
1561
1101
1720
1772
1334
1360
1490
1481
1484
1102
616
718
618
-662
-992
130
336
349
1614
2766
2827
3142
3352
2523
1621
1264
655
294
433
667
1160
2229
2538
1842
2089
2125
1174
515
562
121
-28
527
643
853
1208
1368
1370
1651
1527
877
751
421
-684
-1155
-1078
-1462
-1419
-1070
-916
-908
-904
-888
-2415
-4847
-6372
-6470
-6601
-7152
-6097
-3463
-1829
-1527
-30
1717
1772
1092
1242
1812
1580
1070
1397
1857
1612
1282
1187
1211
383
-596
-149
650
550
977
2255
3244
3111
2847
3025
2252
1407
943
762
275
164
1077
1959
1996
1692
2277
2411
1200
488
266
123
-359
-396
87
332
609
678
1026
1192
846
672
891
448
-696
-1247
-946
-1100
-1370
-907
-529
-510
-640
-1004
-1758
-3787
-5800
-6253
-6407
-7161
-7008
-4491
-2616
-1963
-619
1465
2236
1725
1903
1997
1898
1570
1420
1604
1562
1151
793
842
552
-331
-769
181
640
739
1648
2673
3590
3596
3337
2787
2177
1426
738
371
32
470
1167
1890
1954
1928
2194
1899
1241
705
357
-129
-99
115
26
49
627
1208
1042
748
800
1382
1217
198
-576
-746
-1071
-1429
-1370
-1214
-912
-649
-642
-1131
-2013
-4271
-6032
-6177
-6591
-7415
-6265
-3410
-2049
-1520
142
1754
1926
1681
1579
1443
1601
1626
1048
878
1409
1091
600
716
369
-262
-241
489
724
1115
1903
2792
3461
3335
2944
2345
2071
1533
723
411
525
1015
1327
1553
1665
1718
1909
1769
1049
347
-148
-243
94
346
411
597
1217
1364
1015
755
859
868
132
-581
-1160
-1346
-1469
-1784
-1808
-1457
-1036
-977
-1177
-1164
-2493
-5083
-6194
-6159
-6641
-7013
-5274
-2984
-1981
-1133
627
1766
1714
1808
2055
2270
1864
1477
1818
1995
1279
863
1270
1083
109
-326
468
563
568
1712
2611
3246
3465
3570
3204
2385
1611
951
739
410
141
676
1537
1675
1541
2037
2098
1279
969
645
-41
-472
-431
-23
282
719
939
976
886
544
550
409
-261
-818
-716
-803
-1357
-1294
-914
-1062
-1136
-845
-972
-1807
-3412
-5406
-6615
-6686
-6872
-6883
-5108
-3106
-1907
-761
955
1856
1751
1803
1952
2025
1824
1618
1724
1731
1184
772
941
522
-241
-21
611
617
1014
2256
2978
3367
3662
3624
3075
2485
1781
1068
822
373
227
863
1376
1278
1195
1763
1841
1270
859
562
226
-64
-41
275
519
663
779
736
615
254
453
518
-377
-1041
-1106
-1463
-1866
-1537
-1010
-1094
-1218
-613
-827
-1788
-3610
-5645
-6300
-6253
-6738
-6839
-4772
-2529
-1655
-518
1549
2173
1653
2073
2109
1678
1717
1699
1248
1103
1208
741
476
518
96
-393
566
1359
1442
2489
3340
3640
3739
3617
2609
1820
1464
534
-64
290
738
681
1586
2211
1641
1719
2220
1840
782
309
162
225
621
703
730
1044
1084
620
705
759
129
-547
-668
-1156
-2144
-2043
-1585
-1632
-1538
-998
-716
-979
-1264
-2749
-5105
-6330
-6313
-6708
-7263
-5873
-3612
-2222
-1378
259
1558
1616
1663
1916
1860
1551
1831
2061
1714
1407
1476
1420
740
353
256
560
803
1390
2432
3092
3411
3903
4056
3172
2326
1947
1413
731
282
463
1068
1352
1612
1752
1755
1755
1319
975
692
130
-212
233
393
198
468
776
460
-36
-92
226
290
-513
-1243
-1124
-888
-1570
-1917
-908
-546
-1186
-782
-151
-951
-3549
-5654
-5913
-6361
-7674
-7404
-4884
-2797
-2204
-1024
1175
2055
1423
1407
1732
1593
1321
1260
1656
1519
978
1240
1391
619
15
126
733
874
1195
2183
2879
3743
4243
3896
3274
2810
2139
1229
706
404
768
1459
1752
1826
1874
2219
2124
1502
860
363
217
42
-340
-396
166
546
578
639
466
542
779
601
-567
-1598
-1834
-2110
-2330
-2162
-1703
-1533
-1031
-510
-894
-1909
-3611
-5713
-6908
-7180
-7458
-7163
-4928
-2447
-1477
-443
1372
2239
1695
1436
1625
1671
1728
1618
1573
1878
1911
1537
1499
1325
516
176
1110
1478
1598
2688
3773
4198
4407
4367
3285
2295
2104
1144
230
540
855
942
1617
2096
1533
1602
2020
1347
249
41
-232
-363
28
-34
89
833
955
204
97
146
-162
-135
-733
-1677
-1479
-975
-1786
-2327
-1470
-901
-1180
-996
-858
-2066
-4192
-6057
-6715
-6780
-7467
-6961
-4326
-2173
-1818
-790
1460
2061
1315
1422
1889
1841
1474
1301
1341
1536
1396
1100
1296
938
341
490
1215
1374
1448
2730
3606
3775
3941
3668
2907
2376
1953
916
333
544
744
1074
1637
1525
1512
2380
2341
1046
638
828
211
-98
6
50
322
989
1143
646
421
80
157
91
-1028
-2221
-1666
-1229
-2071
-1869
-771
-474
-899
-667
-794
-1983
-3985
-6052
-6715
-7111
-7632
-6953
-4411
-2510
-1845
-157
1722
2040
1652
1689
1553
1721
1742
1381
1301
1885
1889
1056
1148
1045
435
137
834
1327
1558
2886
3960
4218
4203
4159
3461
2327
1602
663
154
368
420
1039
1939
1938
1815
2553
2684
1122
426
842
75
-976
-438
603
499
351
792
948
473
-6
280
64
-1184
-2140
-1955
-1723
-2165
-2101
-1263
-858
-1056
-702
-785
-2202
-4745
-6530
-6632
-7065
-7632
-6586
-4040
-2311
-1485
-155
1197
1664
1385
1444
1835
1948
1613
1559
1998
1881
1161
1322
1794
1001
253
758
1538
1453
1932
2926
3458
3846
4034
3575
2691
2184
1398
475
248
447
455
1161
2149
1948
1790
2342
2001
725
167
203
-293
-455
145
353
445
907
1064
643
235
106
83
-411
-1543
-1868
-1280
-1636
-2225
-1532
-935
-1733
-1545
-600
-1434
-3166
-4725
-5977
-6926
-7305
-7027
-6260
-4316
-2162
-1226
-177
1321
1826
1492
1483
1871
2124
1885
1522
1580
1718
1610
1162
1284
1747
1133
900
2090
2243
2096
2994
3890
4093
3788
3702
3068
2203
1475
762
559
582
532
1080
2020
1876
1537
2072
1924
802
404
436
-15
-87
299
488
457
700
691
334
113
-50
-38
-392
-1315
-1695
-1529
-1709
-2179
-1655
-937
-1264
-1259
-616
-948
-2628
-5012
-6363
-6294
-6473
-7470
-6530
-3472
-2174
-2422
-505
1709
1133
724
1970
2054
1158
1604
1936
1340
1348
1464
1213
1158
1059
622
717
1471
1216
1516
2572
2835
2941
3651
3512
2185
2099
1977
902
547
939
990
1244
2111
2132
1717
2113
1900
899
569
486
-51
-166
253
359
604
1216
1237
738
774
1002
437
-589
-1127
-1168
-1304
-1794
-1827
-1415
-1325
-1392
-1194
-973
-1129
-2331
-4393
-6276
-6951
-7251
-7692
-6938
-4587
-2403
-1115
187
1357
1728
1623
1483
1384
1544
1502
1314
1622
1904
1702
1584
1677
1545
1236
1281
1189
1378
2358
2815
2488
2927
3758
3163
2064
1780
1543
738
307
408
721
1313
1822
2096
2296
2189
1585
1168
660
-10
-346
26
353
248
526
641
493
373
381
418
62
-961
-1803
-1584
-1426
-1938
-1727
-584
-304
-838
-825
-490
-1007
-3227
-5637
-6601
-6453
-6973
-7515
-5520
-3037
-2285
-1577
753
2028
1140
1154
2162
2117
1429
1542
1923
1905
1531
1304
1256
1357
943
572
851
1365
1694
2167
2895
3130
3060
3320
3090
2181
1598
1450
914
573
716
999
1326
1653
1876
1881
1888
1571
830
543
487
-45
50
581
774
624
492
299
-78
-90
187
92
-303
-762
-1153
-1268
-1422
-1740
-1568
-1023
-794
-852
-612
-738
-2707
-5465
-6342
-6119
-7175
-8146
-5995
-2969
-2722
-2450
164
1778
756
138
1535
2267
1146
647
1622
2083
1222
652
1777
2334
914
394
2090
2218
957
1592
3191
3131
2377
3164
3366
2326
1500
1210
1053
606
434
840
1826
2076
1736
2413
2643
1735
818
848
552
-7
84
143
303
627
754
293
171
565
478
121
-455
-1117
-1479
-1155
-1417
-1506
-901
-618
-525
-240
56
-821
-2709
-4896
-6397
-6795
-7059
-7261
-5894
-3293
-2285
-1613
307
1399
868
789
1459
1654
1528
1399
1467
1862
2021
1404
1163
1811
1309
290
780
1500
1197
1467
2324
2398
2505
2935
2304
1540
1454
1050
437
396
862
1011
1684
2070
1836
1828
2102
1492
604
713
498
513
893
1125
1063
1166
1166
365
36
187
81
-339
-790
-1311
-1659
-1370
-1313
-1441
-1019
-636
-658
-313
-222
-1214
-2577
-4582
-6278
-7315
-7540
-7436
-6567
-4578
-3318
-2030
-708
82
283
1172
1566
1082
1659
2158
1800
1377
2040
1959
1532
1797
1543
1146
1405
1845
1611
2265
2668
2379
2895
3482
2824
1938
2300
1892
991
981
1345
1243
1469
2071
2182
2228
2165
1838
1291
978
577
519
1038
1174
886
1059
1152
382
44
85
-7
-478
-1087
-1686
-1916
-1555
-1755
-1700
-1077
-521
-840
-1199
-824
-1450
-3138
-4897
-6010
-6681
-7065
-7263
-6392
-4316
-2854
-2119
-1051
380
793
457
927
1669
1219
1005
1863
2017
1346
1252
2012
1849
951
1427
1886
1604
1780
2700
2868
2528
2881
3222
2674
1565
1391
1531
908
481
800
1633
1849
1845
2230
2500
2183
1591
1323
1033
690
651
843
986
1089
805
475
331
87
-144
-361
-779
-1359
-1519
-1378
-1490
-1382
-935
-598
-569
-628
-459
-765
-1210
-2732
-5258
-6339
-6216
-7199
-8250
-6482
-3931
-2983
-2197
-244
1036
922
1379
1717
1612
1955
1951
1641
1670
1951
1774
1439
1626
1674
1204
1390
1941
1772
1992
2484
2648
3000
3160
2739
2187
1861
1461
1041
754
715
798
1596
2137
1670
1833
2581
2070
1101
993
842
591
904
1105
925
960
702
56
31
260
-396
-1153
-1080
-1500
-2026
-1732
-1614
-1441
-714
-269
-778
-811
-951
-1716
-3300
-5560
-6588
-6594
-7107
-7915
-6341
-3617
-2588
-2408
-592
1026
562
720
1320
1376
1465
1690
1798
2206
2253
1813
1779
1933
2030
1358
1412
1889
1892
2335
2463
2614
3446
3645
2505
1741
1795
1523
638
317
961
1332
1618
1978
2114
2182
2193
1620
1083
1087
802
414
600
1115
786
412
555
287
-46
-222
-375
-656
-814
-1265
-1423
-1146
-1100
-1177
-937
-362
-421
-636
-926
-1239
-2675
-5361
-7102
-6745
-6953
-8292
-6704
-3635
-2637
-2484
-206
1696
1088
1101
1939
1951
1522
1668
1389
1672
2265
1691
1573
1811
1574
966
1284
1633
1470
1886
2594
2439
2452
3120
2290
1472
1672
1383
433
496
964
969
1489
2158
2622
2521
2473
2020
1499
1345
624
428
1053
908
301
676
833
-38
-356
244
211
-569
-1229
-1356
-1087
-1098
-1277
-1026
-137
127
-460
-507
-881
-1695
-3638
-5962
-7260
-7459
-7497
-7931
-6152
-3587
-2560
-1858
111
1207
409
691
1577
1568
938
1349
2012
2002
1929
1662
1564
1776
1475
655
936
1360
1639
1953
2411
3059
3228
3115
2479
2076
1459
895
1167
1258
1146
1502
2669
2969
2341
2428
2406
1572
960
793
386
324
866
1161
935
771
629
377
62
-184
-624
-1040
-916
-1242
-1613
-1532
-1180
-538
-441
-714
-658
-669
-1468
-2037
-3246
-5661
-7321
-7038
-6989
-7933
-6766
-3981
-2756
-2297
-502
765
595
1224
1906
1834
1750
2094
2396
2261
2066
1683
1726
1804
1192
527
1186
1841
1401
2075
2848
2581
2830
3542
2875
1812
1816
1892
1300
999
1331
1516
1920
2602
2389
2083
2159
1744
1265
842
261
279
843
784
404
535
469
-182
-309
11
-214
-871
-796
-825
-1405
-1558
-1533
-1372
-1091
-723
-656
-454
-544
-1297
-3339
-5927
-6754
-6887
-7889
-8087
-6070
-3661
-2845
-1897
101
932
720
1384
1868
1706
1841
1867
1821
2110
2230
1879
1781
1861
1379
870
1213
1588
1371
1877
2555
2397
2940
3395
2466
1741
1870
1558
1111
1024
1081
1857
2250
2218
2216
2628
2532
1559
1307
1300
219
-24
986
414
-79
493
473
-216
-335
-145
-425
-645
-1094
-1346
-1394
-1326
-1479
-1207
-408
-826
-1174
-881
-1149
-2435
-4459
-6387
-6880
-6899
-7941
-7452
-4918
-3244
-3078
-1637
677
839
384
1597
2074
1484
1842
2218
2341
2393
2078
1905
2229
1993
1000
887
1691
1562
1435
2516
2841
2542
3100
3213
2382
1848
1391
989
1063
870
810
1875
2643
2223
1948
2835
2341
1002
1193
1286
452
638
1070
624
429
418
-223
-676
-205
-280
-598
-377
-728
-1522
-1172
-1391
-2213
-1454
-394
-806
-1189
-703
-1142
-2845
-4712
-6330
-6963
-6761
-7271
-7226
-4852
-2634
-2632
-1523
884
1310
765
1474
2274
1743
1469
2050
2154
1820
1814
2019
1853
1501
1246
1341
1573
1407
1694
2319
2363
2329
2870
2809
1940
1385
1385
1158
580
726
1205
1627
2028
2125
1897
2181
2093
1080
748
996
894
578
889
1000
619
205
139
-117
-402
-188
-330
-750
-1203
-1538
-1458
-1337
-1474
-1329
-827
-637
-722
-867
-1162
-2380
-4503
-6008
-6671
-7262
-7855
-6886
-4470
-3089
-2665
-959
1366
1289
736
1695
2347
1668
1433
2328
2319
1768
2009
2296
1830
1512
1396
1224
1483
1532
1622
2141
2798
2960
2711
2697
2443
1910
1313
1223
1009
941
1266
1684
2009
2074
2164
2409
2114
1263
824
929
829
493
487
712
615
106
-179
-251
-575
-658
-598
-1077
-1592
-1625
-1436
-1557
-1378
-960
-746
-483
-512
-850
-1696
-2980
-5344
-6934
-6892
-7432
-7980
-6426
-4064
-3344
-2515
-169
1205
929
1185
2230
2178
1715
1725
1981
2122
1817
1638
1978
2106
1078
581
1396
1848
1234
1622
3225
3350
2839
3053
3201
2329
1408
1259
1139
878
713
1211
1990
2230
1965
2128
2636
2024
1004
856
950
381
210
321
82
9
-24
-479
-743
-446
-282
-330
-607
-983
-1096
-1163
-1283
-1556
-1264
-789
-977
-805
-595
-845
-2758
-5668
-6608
-6421
-7528
-8374
-5973
-2846
-2182
-2030
363
2296
1229
959
2062
2165
1597
1588
2033
2066
1782
1940
2460
2123
1591
1119
1283
1723
1126
1416
2307
2475
2781
3159
2742
1842
1480
1328
1045
284
645
1853
2064
1865
2127
2638
2465
1293
760
896
220
59
421
339
84
195
316
156
-251
-500
-130
-498
-1083
-1533
-1674
-1237
-1292
-1584
-1446
-1143
-824
-606
-1146
-1743
-3313
-5700
-6743
-7184
-7883
-7687
-5902
-3469
-2226
-1505
231
1717
1360
903
1468
2288
1978
1328
2116
2545
1819
1965
2552
1988
1334
1300
1492
1375
1179
1673
2139
2551
2986
2783
2660
2600
1935
1288
1201
951
872
1440
1959
2118
2245
2686
2414
1581
1143
750
246
211
340
426
652
604
298
-280
-526
-678
-898
-809
-844
-1132
-1234
-1086
-805
-1082
-1279
-1065
-718
-820
-1458
-1933
-3454
-5747
-6840
-6553
-7308
-8204
-5968
-2892
-2262
-2177
460
2521
1224
856
2557
2614
1452
1755
2447
2279
1853
2066
2135
1739
1260
920
1342
1657
1373
1349
2619
3009
2341
2725
2816
1876
1211
1373
1283
569
792
1854
2159
1904
1741
2207
2386
1282
387
450
494
54
64
387
168
-35
55
26
-354
-266
175
-173
-911
-1330
-1538
-1576
-1584
-1419
-1201
-723
-523
-885
-1080
-1614
-3730
-6218
-6628
-6520
-7747
-7787
-5089
-2650
-2546
-1786
811
2323
1406
819
2061
2635
1473
1029
2128
2500
1452
1347
2454
2262
715
635
1749
1604
1083
1808
2879
2992
2715
2731
2527
2041
1435
990
995
1052
946
1542
2417
2273
1904
2421
2621
1415
650
509
224
84
44
119
259
354
-97
-492
-447
-422
-311
-121
-287
-888
-938
-856
-1447
-1737
-1117
-832
-796
-812
-1295
-1271
-2960
-5946
-6735
-6289
-7485
-8429
-5984
-2829
-2415
-2276
749
2331
1139
1083
1750
2025
1643
961
1749
2598
1969
1824
2401
2412
1377
619
1356
1299
635
1783
2935
2676
3077
3506
3086
2532
2025
1536
1215
915
938
1395
2002
2145
1995
2659
2649
1408
933
784
125
-235
-43
60
0
291
209
-309
-332
-311
-344
-495
-765
-1067
-848
-1056
-1907
-1645
-862
-956
-1330
-979
-717
-1672
-3632
-6086
-7011
-7116
-7871
-8131
-6076
-3250
-2589
-1797
709
1626
922
1712
2486
1841
1628
1945
2207
1824
1737
1821
1832
2193
1830
1003
1319
1856
1193
1480
2222
2325
2888
3391
2996
2131
1985
1761
959
588
907
1214
1743
2252
2080
2261
2530
1610
858
726
265
-164
-69
139
-234
-136
314
-57
-480
-234
87
-330
-654
-880
-1270
-1346
-1379
-1232
-679
-350
-365
-418
-560
-1331
-3829
-6277
-6800
-7390
-8292
-7841
-5437
-3014
-2240
-1095
1065
1688
885
1237
1752
1579
1146
1476
2116
1816
1772
2351
2423
1819
1462
1176
1258
1218
1168
1812
2218
2813
3333
3278
2842
2240
1908
1582
1064
632
880
1648
2106
1934
1962
2613
2410
1426
1025
768
110
-76
96
150
-178
-1
179
-178
-539
-436
-29
-52
-557
-1171
-1124
-1092
-1773
-1835
-1181
-818
-817
-611
-593
-1750
-4374
-6441
-6636
-7277
-8524
-7659
-4406
-2447
-2611
-978
1811
1936
506
1362
2269
1421
1001
1660
2145
1752
1972
2462
2425
1933
1571
1410
1425
1448
1114
1636
2531
2851
3152
3242
2817
2387
2139
1345
742
832
1368
1699
1896
2315
2241
2085
2042
1434
551
312
95
-116
-67
-161
-350
-236
30
-555
-1227
-748
13
-522
-1134
-905
-966
-1169
-1737
-1835
-1134
-825
-823
-827
-795
-1745
-4531
-6362
-6275
-7093
-8373
-7155
-4280
-2795
-2403
-541
1746
1526
852
1748
1975
1307
1224
1830
2323
2065
2139
2693
2622
1700
1054
1170
1235
812
955
1976
2632
2639
3136
3471
2705
2111
1823
1435
715
474
1207
1898
1913
1847
2330
2847
2180
1084
773
772
309
-57
531
821
373
224
298
-190
-883
-637
12
-146
-740
-925
-815
-1127
-1675
-1786
-1234
-871
-896
-762
-1152
-2973
-5635
-6802
-7010
-7956
-8492
-6567
-3535
-2434
-2089
-209
1900
1755
731
1351
2344
1877
1164
1591
2385
1997
1633
2451
2680
1417
637
1221
1561
914
988
2227
3026
3169
3166
2945
2569
2226
1579
1185
1059
1084
1517
2067
2237
1930
2296
2858
2065
600
443
546
240
-63
-162
127
203
-31
-264
-479
-820
-654
-404
-856
-1454
-1482
-1072
-1219
-1591
-1241
-1164
-1155
-651
-998
-2238
-4153
-5900
-6522
-6936
-8107
-7958
-5463
-3364
-2600
-1199
973
1861
1938
2252
2178
1879
2073
1952
1515
1702
1733
1832
2187
1901
944
943
1839
1555
1157
1889
2624
2870
3259
3210
2515
2398
2267
1403
947
1120
1102
1384
1967
2137
1778
2198
2582
1610
919
722
551
399
212
18
14
130
-30
-481
-789
-749
-532
-256
-640
-1255
-1321
-1307
-1727
-1697
-1025
-802
-722
-567
-898
-2585
-5353
-6483
-6395
-7608
-8762
-6730
-3421
-2715
-2596
-192
2112
1677
1099
2010
2582
1978
1261
1646
2246
1790
1253
2001
2570
1481
539
1250
1854
952
886
2345
3290
3088
3063
3249
2966
2208
1669
1555
1093
696
1163
1964
2087
1724
1986
2367
1913
868
448
527
279
-103
41
322
420
255
74
-178
-635
-663
-423
-645
-1217
-1412
-1315
-1431
-2033
-2162
-1523
-1046
-1264
-1414
-1683
-3081
-5559
-6853
-6699
-7554
-8004
-6031
-3428
-2642
-2113
143
1997
1555
947
1925
2544
1917
1496
1706
1979
1816
1822
2009
1968
1706
1540
1797
2073
1760
1795
2897
3450
3091
2941
3210
2875
1977
1522
1571
1117
796
1591
1766
1529
1649
1946
2057
1488
726
506
502
192
-79
-107
382
361
-237
-226
-450
-777
-504
-627
-1020
-1099
-1205
-1384
-1650
-1880
-1945
-1698
-1284
-1148
-1609
-1923
-3403
-5849
-6772
-6600
-7321
-7677
-5656
-3101
-2330
-1933
638
2464
1622
1395
2362
2842
1824
1326
1899
2022
1728
1927
2157
1945
1743
1447
1655
1879
1799
2038
2593
3269
3246
2966
2710
2561
2153
1514
1037
912
1231
1338
1335
1636
1870
1690
1787
1960
1396
637
726
782
287
-72
-10
306
-9
-611
-769
-628
-440
-898
-1245
-1123
-1602
-2098
-1746
-1776
-2076
-1510
-983
-1246
-1773
-2115
-3663
-6150
-7118
-7170
-7672
-7508
-5930
-3519
-1879
-1265
212
2206
2275
1125
1501
2675
2045
805
1640
2609
1767
1460
2185
2033
1240
1213
1604
1789
1817
2321
2984
3325
3359
2965
2693
2606
2093
1581
1336
1055
1347
1958
1936
1764
2128
2432
2079
1413
1002
963
943
589
362
451
469
124
-254
-406
-558
-815
-638
-470
-1155
-1693
-1562
-1772
-2268
-2111
-1365
-1309
-1739
-1507
-1197
-2726
-5415
-6451
-6248
-7103
-8244
-6877
-3829
-2592
-2152
-305
1592
1913
1475
1498
1966
2033
1561
1494
2050
2137
1715
1842
2227
1417
772
1368
1919
1664
1989
2772
3381
3619
3248
2890
2497
2310
1660
974
994
946
1069
1669
1748
1628
1977
2396
1781
1120
1023
773
521
658
524
187
425
483
-12
-338
-411
-750
-940
-1125
-2009
-2381
-1785
-1840
-2430
-1942
-936
-935
-1257
-1216
-2036
-4414
-6249
-6720
-6908
-7513
-7642
-5361
-2691
-2328
-2166
419
2203
1249
597
2021
2870
1531
1266
2473
2387
1595
1937
2456
1815
1004
1247
1986
1781
1593
2426
3464
3820
3386
3158
3071
2418
1640
1354
1198
1009
1089
1441
1938
1605
1676
2293
2279
1601
897
936
759
451
459
458
371
400
351
-244
-623
-643
-796
-1124
-1663
-1921
-1917
-1912
-1929
-2032
-1707
-1283
-1267
-1578
-2088
-2936
-4835
-6503
-6837
-6849
-7459
-6859
-4419
-2634
-2208
-952
1008
1420
1113
1539
1640
1539
1667
1779
1746
1804
1874
1919
1828
1825
1428
1234
2119
2542
2314
2738
3794
4005
3527
3114
2812
2461
1670
1301
1330
1293
1394
1798
2170
1910
1392
1912
2315
1178
456
950
962
578
465
572
567
460
296
-124
-616
-812
-888
-1205
-1830
-2697
-2360
-1989
-2573
-2654
-1571
-1050
-1511
-1777
-1657
-2847
-5586
-6954
-6737
-6959
-7773
-6898
-3772
-2034
-2136
-975
1295
1870
929
1003
1996
2161
1488
1490
1969
2102
1822
1659
1907
1692
981
977
2053
2337
1870
2713
3887
3814
3286
2951
2455
2168
1767
1190
1271
1665
1813
1824
2268
2119
1443
1993
2518
1252
380
869
1012
604
386
504
812
787
280
-144
-132
-368
-938
-1236
-1197
-1693
-1834
-1384
-1654
-2111
-1816
-1515
-1865
-2025
-2190
-3118
-4935
-6522
-6929
-7323
-7395
-6506
-4418
-2489
-1826
-659
1086
1470
783
1218
1899
1722
1468
1487
1811
1709
1580
1424
1400
1542
1308
1166
1944
2463
2245
2794
3691
3627
3339
3375
2880
2007
1878
1671
1035
1216
1857
1825
1919
2225
2021
2037
2160
1463
591
927
1156
562
508
1064
810
209
-67
-494
-865
-1201
-1483
-1596
-1486
-1927
-2336
-2115
-1828
-1946
-1913
-1334
-1511
-2045
-2328
-3434
-5549
-7146
-7305
-7113
-6834
-6136
-4228
-2182
-1491
-740
658
1278
1011
1437
2238
1966
1418
2052
2298
1411
1422
2076
1785
1340
1721
1715
1621
2369
2883
3074
3262
3877
3772
2855
2538
2199
1448
1140
1536
1503
1467
1972
2361
2266
1751
1576
1834
1292
664
650
841
934
696
512
792
605
-22
-425
-795
-959
-1181
-1478
-1431
-1705
-1767
-1446
-1857
-2192
-1826
-1399
-1511
-1963
-1970
-2384
-4552
-6671
-6694
-6121
-7044
-7188
-4406
-2202
-2402
-1347
1035
1189
528
1397
2154
1472
1087
1808
1714
1009
1291
1772
1481
1400
1580
1617
1751
1730
2155
2770
3074
2868
2822
3202
2906
2112
1779
2073
1600
1074
1365
1851
1870
1527
1830
2526
2386
1352
1242
1752
1316
556
676
1037
571
-1
-254
-264
-641
-998
-967
-1080
-1090
-1306
-1461
-1757
-2236
-2097
-1765
-1658
-1726
-1732
-1722
-2684
-5253
-6951
-6394
-6654
-7707
-6505
-3607
-2275
-2320
-613
1542
1009
355
1540
2062
1316
836
1427
1991
1625
1064
1651
2511
2093
1067
1766
2811
1968
1841
3198
3514
2997
3202
3376
2796
1926
1324
1524
1476
972
899
1832
2404
1426
1277
2557
2373
953
1100
1680
910
358
554
716
424
-41
-145
-41
-383
-1099
-1385
-1299
-1698
-2405
-2013
-1452
-2004
-1979
-1224
-1105
-1343
-1471
-1931
-2806
-4702
-6285
-6735
-6813
-7168
-7016
-4421
-1830
-1770
-1260
1599
2428
428
385
2173
1990
148
496
2339
1890
872
1809
2745
1990
1153
1508
2188
1719
1219
2143
3288
3143
2475
3010
3314
2324
1537
1714
1478
588
946
1842
1734
1506
2171
2547
2104
1499
1255
1328
1129
556
507
792
491
152
11
-13
-449
-955
-775
-934
-1427
-1711
-1510
-1368
-1503
-1441
-913
-689
-1042
-1798
-2212
-2616
-4729
-6814
-6557
-6113
-7428
-7246
-3916
-1913
-2532
-1331
1611
1833
317
888
1803
1395
850
1020
1534
1764
1356
1057
1817
2179
1287
1154
2216
2299
1682
1999
2866
2930
2585
2532
2319
2105
1668
1266
1354
1209
1049
1845
2373
1871
1703
2684
2631
1477
1240
1325
720
248
414
56
-313
-50
40
-404
-776
-736
-793
-849
-939
-1222
-1005
-480
-1066
-1578
-1184
-915
-1310
-1577
-1635
-2235
-4368
-6632
-6973
-6727
-7421
-7256
-4500
-2217
-2141
-1318
920
1269
350
855
1528
1142
903
1496
1772
1554
1679
2169
2318
2117
1863
1698
2102
2131
1915
2165
2636
2830
2723
2625
2240
1824
1842
1609
1022
1147
1797
1988
1907
2072
2247
2271
1998
1640
1113
594
464
414
123
-25
85
468
502
46
-233
-586
-943
-986
-881
-1157
-1251
-1025
-1127
-1771
-1839
-1214
-1117
-1387
-1588
-1874
-3789
-6454
-6911
-6360
-7060
-7236
-4871
-2442
-2223
-1640
421
1047
361
954
1420
1119
1104
1288
1434
1496
1762
1929
2128
2306
1982
1540
1840
2009
1713
1992
2223
2607
2926
2820
2434
1931
1821
1685
1286
1022
1252
1656
2104
2065
1461
1885
2227
1407
1034
1286
772
50
138
383
-265
-582
-26
60
-520
-841
-640
-614
-550
-1116
-1562
-985
-826
-1650
-1549
-626
-624
-899
-1242
-1352
-2769
-5643
-6916
-6402
-6646
-7992
-6580
-2886
-1692
-2446
-834
1777
1044
-157
966
1543
728
915
1859
1917
1656
2166
2688
2430
1770
1187
1427
1756
1349
1167
1921
2669
2929
3335
2954
2130
2287
2210
1213
837
1490
2059
2116
2364
2539
2396
2208
1857
1521
1220
851
419
536
461
-312
-287
426
-69
-724
-610
-601
-991
-929
-684
-1173
-1050
-708
-1089
-1347
-1112
-824
-972
-1263
-1687
-2323
-4123
-6152
-6848
-6710
-7334
-7554
-4928
-2349
-2321
-1798
759
1735
613
725
1775
1794
1147
1721
2612
2237
1776
2174
2759
2051
956
1067
1671
1359
397
781
2120
2526
2122
2266
2723
2120
1337
1491
1485
823
865
1902
2265
1613
1578
2652
2566
1165
790
1233
589
-233
-251
-290
-609
-807
-538
-270
-599
-594
37
171
-190
-461
-191
-276
-842
-1242
-1140
-1052
-979
-985
-1355
-1774
-2518
-4612
-6611
-6754
-6538
-7382
-6931
-4123
-2038
-1917
-1133
1124
1616
767
989
1533
1281
1228
1782
1981
2229
2478
2556
2488
2333
1937
1333
1378
1391
952
1045
1978
2469
2291
2403
2662
2219
1620
1563
1290
862
1227
2099
2319
2119
2065
2188
2319
1548
711
617
602
-111
-760
-719
-600
-281
-308
-103
109
-14
-146
-168
-366
-928
-1055
-912
-827
-1053
-1318
-945
-509
-739
-1425
-2118
-3826
-5949
-6805
-6958
-7849
-7671
-4860
-2774
-2331
-1252
801
1454
972
1157
1478
1552
1442
1621
1805
2229
2498
2373
2689
2509
1516
1042
1051
899
415
753
1747
2466
2668
2493
2601
2569
2042
1148
871
1197
1182
1346
2199
2346
1893
2291
2414
1645
657
419
127
-723
-803
-807
-964
-767
-455
-195
112
117
-47
234
-56
-859
-1099
-560
-546
-1072
-911
-280
-371
-679
-985
-1617
-2795
-5047
-6972
-7081
-6984
-7703
-7024
-4101
-2037
-2065
-1053
1569
1888
694
1143
2281
2008
1625
2294
2592
2603
2838
2864
2401
1864
1082
465
509
483
543
1136
2069
2573
2634
3024
2667
1801
1543
1372
1039
957
1463
1990
2479
2487
2387
2421
1924
1051
332
91
-567
-873
-498
-430
-899
-547
168
-225
-230
235
484
283
67
-166
-464
-507
-815
-1055
-910
-722
-813
-1007
-1192
-1981
-3928
-5962
-6961
-7056
-7469
-7928
-6007
-2842
-1828
-1834
274
2115
1224
601
1522
1993
1284
1164
2315
2829
2396
2365
2679
2628
1340
259
607
873
168
253
1631
2550
2466
2448
2732
2482
1711
1188
1139
1094
1195
1307
1839
2666
2524
2150
2188
1735
604
-44
-202
-680
-1041
-736
-450
-620
-508
92
303
282
431
471
515
254
-367
-448
-480
-504
-613
-500
-364
-635
-740
-1184
-2844
-5291
-6525
-6778
-7299
-7823
-6771
-3809
-2173
-2098
-695
1545
1534
557
1365
2361
1682
1290
2763
3117
2039
2179
2865
2189
819
392
480
443
-4
263
1524
2141
2251
2478
2975
2325
1347
1280
1300
653
392
1232
1995
2319
2136
1980
2052
1796
707
-402
-305
-392
-1109
-1351
-713
-385
-489
-35
352
602
679
943
853
349
-107
-350
-525
-851
-974
-1007
-689
-625
-892
-955
-1755
-3536
-5617
-6608
-6725
-7228
-7196
-5521
-3294
-1924
-989
407
1528
1415
1216
1467
1555
1647
1876
2384
2724
2624
2519
2548
1956
887
287
26
-106
13
429
1127
1786
2553
3037
2593
2108
1974
1512
1053
842
1031
1749
2238
2348
2236
2107
1672
1105
437
-124
-637
-920
-566
-687
-796
-289
136
374
439
423
475
543
445
33
-178
-245
-264
-268
-452
-746
-695
-419
-878
-1741
-2761
-4947
-6977
-7033
-6714
-7720
-7253
-4097
-1915
-1845
-889
1431
1982
952
1208
2193
2066
1597
1993
2520
2463
1975
1844
2046
1401
264
-233
81
341
244
621
1650
2520
2680
2523
2522
2306
1813
1441
1300
1314
1413
1841
2369
2328
2037
1624
1348
775
65
-423
-706
-531
-497
-501
-385
-39
359
496
468
560
829
987
630
287
153
-263
-537
-698
-864
-780
-440
-685
-1363
-1709
-2954
-5533
-6983
-6753
-7165
-7960
-6432
-3615
-2021
-1466
-49
1688
1770
1576
2010
2195
1912
1684
2010
2313
1803
1633
2058
1617
397
-85
-51
-78
-251
331
1111
1632
2483
2999
2593
2075
2051
1596
879
651
833
1238
1772
2019
1840
1923
1894
1139
247
-57
-282
-896
-990
-563
-531
-357
173
474
531
684
993
974
740
759
563
500
466
187
-316
-841
-923
-823
-1161
-1749
-2059
-2608
-4756
-6750
-6698
-6611
-7565
-6846
-3430
-1658
-1749
-220
2214
2049
943
1782
2557
1782
1219
1988
2343
1741
1571
1757
1593
1002
343
-129
90
516
303
839
1953
2675
2704
2730
2770
2263
1812
1559
1282
899
1345
1787
1729
1807
1706
1431
1102
630
-131
-420
-481
-728
-863
-735
-516
-450
-211
116
396
619
667
934
1082
450
-31
137
-256
-1026
-1325
-1156
-954
-1243
-1322
-1416
-2561
-4607
-6394
-6765
-6798
-7221
-6615
-3971
-1639
-1340
-358
1849
2580
1716
1718
2570
2414
1828
1895
2126
1562
1431
1421
913
476
70
-203
-8
203
290
1008
1994
2601
2580
2478
2310
1813
1480
1054
477
723
1349
1465
1430
1517
1377
1129
844
373
-210
-654
-657
-727
-1024
-805
-134
373
633
805
1217
1461
1208
1113
823
666
308
-272
-411
-454
-817
-867
-323
-568
-1599
-2303
-2964
-4958
-6766
-6838
-6324
-6430
-5581
-3039
-1155
-482
446
1643
2211
1660
1311
1596
1947
1553
1217
1823
2036
1463
1204
1169
592
-378
-445
20
-61
439
1319
1809
2410
2755
2519
2077
1967
1581
1052
1025
1103
937
1327
1935
1574
957
1268
1029
71
-188
-62
-300
-549
-276
-78
-82
355
731
627
1094
1260
1033
1112
993
179
-201
-117
-830
-1411
-1362
-1013
-892
-1184
-1467
-2240
-3683
-5707
-6986
-6688
-6771
-7241
-5218
-1871
-1034
-1009
1141
2693
1633
1120
1972
1897
1161
1459
1898
1427
1403
1591
1299
1036
451
-321
-144
359
119
384
1725
2597
2706
3086
3221
2463
1784
1587
927
417
550
740
1121
1129
836
1107
1240
552
-359
-243
-70
-724
-710
-167
-62
-7
575
1064
1331
1438
1396
1460
1115
253
-240
-115
-245
-879
-927
-193
-280
-771
-1113
-1641
-2936
-5230
-6843
-6665
-6748
-7349
-6153
-2747
-1084
-1086
790
2801
2234
1351
2166
2410
1465
1294
1691
1627
1366
1158
923
857
530
-716
-867
87
-37
-268
867
2163
2331
2498
3011
2708
1790
1225
939
554
359
773
1299
1358
1334
1486
1338
721
279
237
-492
-1248
-908
-357
-515
-334
621
1237
1300
1378
1655
1636
1232
813
586
499
80
-343
-425
-399
-874
-1012
-691
-1131
-2420
-4381
-6214
-7082
-7179
-7253
-6855
-4671
-1944
-836
-77
1261
2253
2065
1666
1683
1856
1645
1268
1646
1556
1070
1118
1215
697
-193
-513
-270
-182
106
821
1485
2500
3368
3323
2822
2499
2165
1310
798
594
244
644
1131
1160
814
1146
1453
830
136
-268
-453
-797
-949
-937
-893
-200
545
1158
1443
1255
1281
1379
902
-73
-517
-123
-117
-719
-991
-577
-373
-914
-1440
-1528
-2392
-4751
-6565
-6668
-6643
-7015
-5746
-2854
-1108
-459
1164
2588
2458
1932
1823
1833
1580
1461
1554
1542
1531
1472
1406
1146
637
-62
-239
-184
-189
315
1268
1684
2274
3041
2898
2284
1907
1425
489
-20
222
416
535
897
1191
1130
1134
772
89
-165
-479
-883
-1067
-828
-382
-61
320
862
1454
1732
1474
1256
1353
1029
97
-288
-147
-660
-1173
-798
-281
-671
-1388
-1437
-1863
-4231
-6459
-6777
-6426
-6862
-6603
-3910
-1379
-787
113
2053
2455
1617
1400
1511
1358
916
930
1642
1694
1389
1414
1549
1345
214
-286
228
139
-20
885
1919
2537
2700
2989
3025
2389
1417
1189
896
276
350
688
893
798
920
1350
903
360
396
-87
-608
-631
-495
-430
-234
116
520
1068
1497
1411
1289
1106
621
-205
-535
-473
-723
-1014
-745
-132
-226
-888
-1464
-1824
-3802
-6729
-6826
-5946
-6870
-6982
-4062
-1155
-1012
-283
2196
2739
1578
1751
2211
1479
1061
1230
1517
1772
1540
1254
1485
1475
389
-335
280
546
-128
631
2020
2359
2569
3231
3069
2143
1762
1280
610
244
-3
88
507
645
316
592
1076
431
-311
-308
-467
-943
-750
-471
-459
-52
585
883
1160
1290
1096
1029
687
-204
-943
-876
-838
-1314
-1015
-273
-164
-436
-1019
-1528
-2834
-5176
-6579
-6338
-6206
-6723
-5324
-2192
-496
-553
972
2960
2174
1004
1574
1894
962
768
1638
2014
1589
1572
1871
1655
886
54
158
713
220
267
1586
2475
2486
2754
3134
2575
1748
1234
969
412
259
573
666
826
840
649
654
417
-139
-452
-369
-419
-586
-298
-83
93
479
830
788
710
933
932
510
108
-420
-570
-527
-1071
-1325
-538
-60
-641
-1067
-969
-2121
-4646
-6261
-6344
-6582
-6987
-5718
-3243
-1236
-295
654
2262
2800
1866
1422
2011
1916
945
975
2028
2112
1290
1417
2036
1396
353
203
603
523
431
1170
2323
2719
2853
3315
3119
2275
1437
988
514
-74
-386
116
485
277
229
588
580
-210
-707
-498
-687
-1158
-819
-269
-171
-97
500
913
952
851
718
527
-8
-649
-787
-810
-1041
-1016
-481
-443
-840
-918
-1184
-2212
-4031
-5558
-6219
-6348
-6166
-5506
-3925
-1720
-481
257
1184
2058
2259
1601
1282
1894
1833
1169
1559
2256
1887
1396
1492
1513
643
-65
213
363
449
858
1339
2214
2993
2820
2650
2599
2024
1171
622
340
-17
185
418
453
461
839
953
398
48
-280
-621
-523
-462
-493
-17
478
647
838
1066
1167
937
724
555
-33
-457
-647
-787
-1140
-1185
-756
-443
-921
-1604
-1515
-2395
-4771
-6158
-5557
-5380
-6654
-5567
-2135
-671
-1062
539
2721
2271
982
1533
2275
1368
633
1254
1957
1843
1447
1804
2145
1354
179
325
850
376
164
1361
2604
2378
2539
3286
2857
1933
1469
1048
365
12
148
391
578
670
842
848
528
-169
-556
-577
-892
-1019
-464
-317
-516
44
514
454
415
788
786
122
-35
-210
-1035
-1646
-1488
-1342
-1305
-957
-753
-772
-1262
-2337
-3891
-5632
-6137
-6011
-6087
-5436
-3427
-1433
-511
518
1789
2229
1817
1921
1898
1215
1143
1593
1873
1801
2082
2289
1935
1624
1195
710
388
684
999
1123
1686
2322
2885
2959
2618
2102
1796
1444
568
-86
-4
400
115
-7
578
705
117
-99
8
-467
-1193
-1058
-399
-332
-390
15
630
919
661
378
664
609
-56
-438
-367
-594
-937
-880
-734
-714
-974
-1149
-1351
-1846
-2955
-4604
-5643
-5659
-5656
-5525
-4518
-2779
-886
233
719
1620
2372
2116
1490
1292
1544
1689
1613
1737
2145
2027
1830
1596
1257
1027
412
112
595
1014
1095
1524
2544
2935
2595
2229
2018
1753
949
294
131
240
304
186
295
648
514
271
185
-206
-594
-711
-618
-486
-360
-130
345
531
635
695
591
513
364
-124
-590
-751
-851
-1050
-1190
-1027
-874
-964
-1367
-1875
-2492
-3574
-5212
-6096
-5640
-5306
-5529
-4246
-1390
-192
-380
839
2258
1870
1050
1422
1605
1125
1257
1927
2001
1986
2400
2227
1698
1405
866
423
541
893
1031
1353
2301
3016
2762
2536
2264
1857
1325
628
91
62
333
356
234
297
560
507
72
-308
-319
-545
-843
-715
-439
-434
-255
609
841
555
445
637
653
55
-369
-755
-926
-1126
-1320
-1088
-697
-280
-399
-1088
-1799
-2827
-4407
-5901
-6223
-5461
-5092
-4523
-2447
-416
214
346
1134
2086
1731
747
1010
1835
1610
1351
1839
2463
2383
1756
1856
1694
692
376
514
571
777
1242
1998
2616
2764
2610
2344
1959
1347
716
366
313
69
119
685
516
236
806
898
-20
-485
-216
-347
-924
-771
-70
57
17
539
734
537
402
280
142
-288
-755
-778
-775
-1162
-1324
-998
-781
-1093
-1414
-1918
-2681
-3928
-5180
-5695
-5459
-5002
-4778
-3344
-1552
-753
-161
921
1664
1272
1359
1888
1629
1133
1420
1803
1747
2131
2324
2134
1721
1540
1240
645
637
1084
1574
1766
2214
2695
2750
2292
1697
1482
1131
730
365
372
740
377
80
376
653
420
28
80
43
-289
-805
-814
-575
-493
-460
-56
489
442
361
469
482
105
-237
-463
-625
-964
-1217
-1058
-796
-941
-1138
-1326
-1754
-2547
-4005
-5302
-5545
-5594
-5807
-5160
-3169
-1374
-780
66
1504
1816
1242
1425
1887
1564
1487
1843
2117
1970
1866
2007
1612
1282
1134
625
497
982
1216
1346
1852
2406
2868
2737
2359
2024
1705
1194
602
276
329
464
213
395
578
579
478
185
-60
-348
-873
-1092
-814
-727
-758
-336
418
828
681
635
665
399
-73
-595
-971
-887
-903
-984
-895
-743
-559
-720
-1380
-2101
-2958
-4357
-5308
-5704
-5589
-4844
-3581
-2220
-998
286
1087
1327
1419
1918
1642
1049
1467
1943
1823
1671
2066
2254
1636
1020
1164
947
293
308
892
1228
1346
1818
2450
2546
2193
1895
1602
975
582
248
131
373
267
159
413
651
449
45
-51
-95
-444
-752
-509
-218
-180
-6
431
790
699
625
727
606
204
-280
-534
-565
-970
-1293
-1069
-719
-733
-1281
-1436
-1585
-2604
-4447
-5577
-5445
-5453
-5811
-5058
-2502
-829
-1102
-176
1839
2028
877
1144
2091
1466
946
1703
2144
1819
1716
1855
1741
1342
623
407
942
964
680
1287
2167
2384
2197
2418
2281
1688
1602
1281
703
615
788
564
488
782
797
622
606
106
-278
-419
-654
-868
-705
-318
-285
185
715
611
583
937
900
297
31
-350
-912
-1036
-1097
-1207
-1030
-766
-944
-1567
-1771
-2285
-4163
-5392
-5672
-5799
-5831
-5207
-3264
-1570
-706
343
1622
1961
1488
1521
1699
1642
1370
1624
2048
1867
1939
2082
1800
1447
1152
708
537
596
812
1055
1534
2285
2600
2572
2418
2137
1682
1111
767
585
469
360
531
677
407
411
488
239
-255
-646
-655
-747
-836
-686
-368
47
271
564
820
778
708
598
319
-230
-722
-848
-842
-941
-1090
-959
-608
-859
-1580
-2349
-3562
-5276
-5976
-5783
-6053
-6067
-4129
-1619
-1043
-617
1202
2378
1688
1461
2032
1993
1516
1430
1689
1860
1799
1728
1650
1465
951
363
429
764
421
454
1480
2335
2334
2370
2672
2472
1858
1328
966
579
485
562
599
665
779
856
967
765
36
-445
-429
-705
-1045
-959
-597
-320
115
762
1155
1225
1132
962
479
-206
-852
-946
-1000
-1256
-1100
-543
-454
-892
-1324
-1760
-3260
-5422
-6170
-5821
-6202
-6499
-4621
-2081
-958
-614
894
2326
2113
1450
1546
2076
1767
1351
1897
2378
1975
1582
2050
1967
1114
494
697
924
707
854
1426
2144
2701
2665
2381
2327
2053
1392
918
821
720
656
914
945
552
473
642
240
-339
-585
-818
-826
-719
-807
-687
-210
108
-23
106
519
679
593
521
189
-338
-704
-1177
-1448
-1303
-1248
-1273
-976
-1081
-1846
-3006
-4417
-5623
-6046
-5924
-5744
-5003
-3001
-1290
-656
691
1999
2122
2175
2244
2000
1888
1870
1707
1745
1647
1747
1690
1337
1243
850
596
748
688
709
1234
1554
1998
2372
2059
1999
1940
1537
936
652
716
631
357
534
735
511
459
448
237
-203
-581
-513
-375
-631
-528
-162
141
465
655
789
1005
899
437
324
138
-316
-632
-924
-835
-928
-1002
-1059
-1556
-1941
-2854
-4828
-5772
-5350
-5697
-6028
-4493
-2451
-1598
-885
735
1814
1708
2019
2318
1960
1910
1769
1420
1796
1880
1494
1546
1692
1332
616
604
834
501
669
1388
1634
1860
2277
2160
1722
1664
1391
1001
821
709
712
684
628
428
404
363
8
-193
-256
-525
-781
-538
-216
-411
-362
119
291
331
494
636
653
574
495
-46
-775
-868
-841
-1406
-1685
-1169
-929
-1552
-2193
-2690
-4144
-5825
-5626
-5047
-5534
-5041
-2621
-729
-517
175
1811
2439
1893
1896
2149
1860
1556
1612
1613
1470
1520
1856
1688
1009
796
881
854
783
811
1183
1633
1996
2181
2199
2062
1838
1629
1350
867
430
785
1138
734
263
642
1007
312
-405
-154
95
-475
-760
-392
-204
-409
-191
262
448
379
363
616
581
-140
-825
-685
-798
-1214
-1186
-825
-893
-1330
-1678
-2311
-3699
-5254
-5756
-5704
-5597
-5348
-4261
-2338
-1024
-305
1015
2078
2161
2111
2088
1893
1734
1771
1718
1747
1935
1846
1473
1402
1415
703
394
1024
1093
1003
1497
2048
2185
2174
1942
1689
1516
1321
1055
926
1066
1010
1015
1059
666
308
325
111
-366
-543
-329
-385
-645
-486
-154
-147
-457
-239
146
230
239
391
639
477
-50
-619
-845
-1029
-1527
-1710
-1378
-1465
-1975
-2387
-3070
-4606
-5512
-5116
-5082
-5618
-4309
-1910
-1261
-1085
555
2084
1894
1609
2057
2312
1919
1504
1443
1655
1619
1218
1225
1666
1278
532
746
1369
1047
771
1396
1952
1949
1897
2044
1856
1773
1473
1185
1056
1087
1086
957
892
542
314
373
53
-316
-466
-383
-332
-497
-495
-344
-390
-374
-118
55
185
448
618
435
194
-139
-413
-831
-1120
-1135
-1174
-1410
-1580
-1716
-2114
-3174
-4738
-5255
-4749
-5002
-5445
-3927
-1706
-906
-560
1013
2474
2168
1769
2402
2475
1902
1659
1727
1668
1379
1274
1397
1312
876
702
908
1088
1132
1305
1510
1814
2212
2078
1680
1643
1773
1352
928
1010
1064
911
963
897
528
275
206
-89
-652
-692
-416
-411
-540
-329
-159
-258
-420
-365
-198
-216
-68
146
156
-14
-219
-610
-952
-1361
-1569
-1453
-1455
-1658
-1853
-2135
-3052
-4810
-5599
-4915
-4931
-5377
-4175
-1731
-838
-917
366
1871
1761
1280
1941
2363
1920
1649
1822
1994
1693
1324
1473
1735
1322
691
904
1593
1277
1054
1813
2325
2148
2151
2254
1874
1596
1542
1325
1158
1238
1336
1343
1346
929
564
562
326
-329
-536
-300
-346
-446
-318
-213
-490
-435
-415
-605
-454
-292
-131
-4
-120
-279
-410
-685
-1193
-1568
-1663
-1724
-1887
-2135
-2403
-2900
-4043
-5134
-5216
-4849
-4848
-4649
-2825
-944
-531
369
1801
2418
2171
2099
2333
2212
1613
1405
1685
1611
1315
1357
1462
1260
815
856
1348
1203
1358
1891
1884
1993
2235
2305
1849
1462
1509
1364
1136
1056
1005
1082
1115
1008
519
344
186
-364
-529
-701
-771
-495
-166
-251
-442
-229
-285
-513
-463
-101
-23
-93
106
-186
-579
-757
-1010
-1365
-1454
-1511
-1595
-1508
-1702
-2530
-3925
-4718
-4641
-4703
-5267
-4900
-2698
-1005
-1115
-230
2043
2403
1307
1806
2789
1846
950
1691
1928
956
845
1647
1501
901
822
1035
1227
1200
1078
1500
2100
1922
1795
2037
1948
1353
1209
1432
1019
708
1032
1230
943
760
699
663
463
-14
-354
-352
-212
-423
-414
-116
-104
-139
-38
-119
-320
-199
-132
-345
-303
-213
-408
-686
-837
-1072
-1468
-1556
-1676
-1907
-2240
-2757
-3693
-4698
-4847
-4796
-5003
-4701
-3290
-1682
-793
-175
764
1817
2223
1906
1740
2156
2341
1642
1291
1692
1715
1206
1248
1442
1149
1046
1307
1541
1335
1388
1618
1975
2266
1939
1679
1847
1850
1163
959
1211
1107
1114
1292
1062
715
780
735
139
-194
-125
-205
-414
-581
-707
-846
-904
-897
-657
-373
-326
-216
258
261
-200
-204
-134
-726
-1309
-1360
-1452
-1714
-1720
-1814
-2299
-2890
-3968
-4937
-4981
-4981
-5031
-3940
-2229
-1188
-631
814
2067
1820
1875
2477
2129
1400
1468
1665
1307
980
1338
1645
1181
1144
1478
1285
1000
996
1394
1518
1376
1823
2253
1912
1641
1739
1345
889
989
892
842
1236
1361
1090
901
846
532
150
-167
-377
-498
-500
-603
-601
-520
-564
-694
-436
-145
-268
-91
238
93
-272
-155
-291
-1024
-1299
-1151
-1360
-1672
-1804
-2061
-2690
-3423
-4253
-4875
-4534
-4353
-4565
-3523
-1699
-652
-281
646
1873
2115
1489
1272
1723
1604
889
920
1548
1760
1264
1395
1898
1487
810
966
1261
925
821
1305
1767
1823
1758
1826
1868
1589
1224
1088
1177
1089
999
1178
1320
1149
970
768
335
53
-268
-612
-611
-588
-578
-590
-475
-418
-477
-404
-146
100
333
530
422
182
218
-221
-730
-867
-1046
-1408
-1927
-2109
-2344
-3051
-3929
-4737
-4837
-4473
-4389
-4125
-2931
-1390
-633
-52
799
1662
1830
1645
1516
1566
1672
1398
1113
1535
1833
1249
1257
1656
1323
786
992
1402
1220
1350
1750
1959
1839
1845
1791
1476
1279
1064
996
1213
1170
1089
1242
1191
688
347
305
4
-565
-736
-766
-904
-1072
-982
-683
-854
-709
-516
-234
-70
166
593
550
383
157
12
-404
-1037
-1185
-1181
-1377
-1883
-2125
-2090
-2848
-4184
-4707
-4314
-4200
-4561
-3693
-1784
-1017
-858
454
1782
1626
967
1474
2148
1471
823
1425
2120
1794
1234
1527
2097
1497
606
780
1138
694
496
1293
1723
1339
1509
2161
1855
1304
1448
1523
1295
1134
1101
1151
1326
1109
637
503
434
-162
-618
-371
-489
-803
-770
-694
-694
-661
-445
-154
240
536
566
817
825
164
-336
-381
-816
-1384
-1192
-1026
-1458
-1754
-1832
-2468
-3534
-4558
-5044
-4888
-4696
-4292
-3268
-1697
-687
-140
878
1639
1329
1293
1701
1363
1023
1401
1632
1399
1570
1979
1714
1290
1388
1010
356
592
847
714
1136
1616
1905
2134
2176
1893
1601
1746
1424
965
979
1269
1120
951
1068
903
381
-38
-236
-460
-595
-869
-890
-706
-535
-587
-519
-92
149
167
316
511
502
335
163
-54
-299
-507
-695
-980
-1387
-1637
-1955
-2329
-3159
-4228
-4656
-4645
-4615
-4590
-3867
-2291
-1081
-589
143
1130
1526
1255
1116
1423
1474
997
980
1637
1724
1055
1212
1656
1218
477
436
717
510
521
821
1139
1519
1724
1565
1530
1698
1540
1212
1328
1392
1192
1210
1264
959
645
669
353
-113
-329
-523
-712
-647
-653
-862
-649
-134
21
324
771
923
1028
1143
902
627
482
164
-206
-533
-731
-1154
-1366
-1698
-2333
-2733
-3229
-4133
-4642
-4588
-4563
-4206
-3081
-1974
-1079
-70
753
986
1306
1613
1254
1146
1476
1346
1029
1321
1646
1302
945
1160
918
396
394
486
520
678
962
1226
1567
1629
1677
1795
1695
1333
1167
1308
1140
899
986
1086
780
574
496
127
-278
-404
-573
-639
-474
-382
-259
-6
27
-33
361
770
653
711
929
834
571
232
-187
-592
-720
-952
-1540
-1756
-1857
-2268
-2574
-3263
-4343
-4688
-4082
-4258
-4486
-3193
-1556
-1120
-675
725
1349
1120
1339
1582
1308
1156
1151
1345
1454
1099
1078
1453
1314
559
158
540
586
298
698
1225
1268
1577
1996
1852
1723
1669
1567
1282
1017
814
733
822
581
245
251
334
-118
-272
-128
-433
-539
-192
-196
-419
-128
263
315
528
906
944
1005
932
643
179
-150
-550
-864
-837
-1234
-1639
-1619
-1884
-2506
-2869
-3418
-4188
-4378
-4060
-4076
-3770
-2288
-1170
-708
275
1342
1551
1432
1718
1368
1094
1281
1138
1115
1260
1491
1178
1143
1260
734
434
599
646
524
711
1179
1419
1672
1880
1655
1552
1456
1243
961
846
751
678
802
602
161
113
130
-203
-507
-469
-340
-404
-205
7
-64
225
424
587
741
795
830
871
812
501
385
198
-236
-679
-812
-1077
-1727
-1963
-2012
-2532
-3057
-3455
-3913
-4102
-3987
-3627
-3061
-2023
-851
-270
215
1017
1403
1228
1096
1144
1239
1148
938
969
1085
978
734
640
681
317
110
268
319
291
619
1019
1237
1443
1485
1487
1537
1482
1060
923
1066
918
517
467
507
250
59
-31
-242
-483
-528
-540
-426
-469
-335
86
321
472
832
1174
1283
1258
1179
912
509
152
-168
-562
-780
-731
-968
-1374
-1499
-1674
-2153
-2730
-3373
-3780
-4174
-3993
-3348
-2695
-1841
-898
81
777
1076
1111
1202
1287
1034
855
1067
1368
1266
976
1139
1130
706
474
445
137
-27
260
568
671
908
1378
1624
1631
1580
1222
933
933
838
542
549
728
652
486
373
288
104
13
-269
-416
-379
-451
-413
9
245
221
639
1069
909
955
1212
958
539
352
23
-419
-619
-839
-1167
-1210
-1095
-1500
-2110
-2342
-2460
-3198
-3698
-3646
-3151
-2811
-2702
-1608
-227
42
-131
799
1701
938
227
1055
1440
432
312
1314
1365
650
677
917
688
276
5
17
350
373
340
1031
1511
1279
1266
1715
1527
1034
886
988
727
408
604
624
493
347
348
165
-168
-311
-275
-287
-438
-249
124
380
499
758
1162
1285
1048
1023
952
504
51
-164
-417
-870
-1113
-991
-1157
-1533
-1745
-1985
-2204
-2627
-3247
-3596
-3351
-3044
-3009
-2397
-1196
-346
-216
324
1100
1025
621
621
1012
885
414
693
1299
1038
569
843
1065
490
22
235
445
251
390
891
1249
1306
1383
1638
1643
1393
1049
1046
1039
716
320
439
493
109
76
253
96
-165
-119
-130
-351
-294
-116
-110
27
449
735
1093
1386
1153
859
836
502
-165
-304
-290
-596
-910
-883
-1009
-1265
-1609
-2032
-2276
-2495
-2891
-3114
-2968
-2818
-2510
-1804
-822
-337
-21
588
897
826
616
528
638
650
564
471
819
750
407
191
275
201
-287
11
395
342
430
894
1215
1127
1127
1369
1407
1240
1122
977
919
809
538
516
498
446
314
385
237
77
130
-122
-171
-106
10
195
330
663
950
1243
1380
1414
1248
965
717
287
-177
-575
-801
-1002
-1216
-1424
-1518
-1743
-2015
-2302
-2541
-2841
-3031
-2981
-2768
-2241
-1584
-1002
-377
122
398
580
588
510
276
344
452
521
610
668
796
778
484
322
311
73
-30
58
258
397
685
1037
1144
1215
1237
1161
964
793
624
512
427
255
137
207
317
398
174
23
28
-178
-194
-270
-277
-17
230
333
620
1096
1155
1161
1281
1169
634
201
316
43
-505
-491
-285
-605
-1098
-1179
-1422
-1855
-2029
-2060
-2228
-2451
-2362
-1894
-1459
-1185
-716
5
358
129
257
596
463
103
381
621
493
495
720
806
491
292
402
292
-41
-37
107
278
355
551
879
1005
918
918
909
697
371
224
256
181
98
275
357
287
256
142
53
40
-121
-261
-140
-2
-6
17
414
812
836
1012
1227
1339
1026
781
648
329
120
-293
-546
-760
-1022
-1428
-1655
-1617
-1839
-2184
-2077
-1941
-2068
-1994
-1348
-744
-554
-269
236
407
187
155
312
327
156
310
581
569
473
592
635
398
279
330
377
301
325
464
557
703
871
917
877
807
765
710
489
331
242
168
216
186
295
397
446
456
351
136
-15
-96
-296
-379
-213
26
145
434
641
631
534
501
326
-27
-279
-425
-708
-991
-1167
-1286
-1422
-1693
-1874
-1951
-2116
-2236
-2219
-2091
-1883
-1489
-1069
-728
-342
170
344
307
518
708
542
386
687
993
874
787
1055
1061
876
829
850
712
540
636
700
746
743
923
1064
1068
1054
1061
1119
940
806
720
666
553
527
514
590
667
610
473
239
42
-155
-194
-229
-273
-228
-243
-262
-297
-172
-121
-258
-243
-268
-382
-711
-915
-1145
-1361
-1494
-1642
-1673
-1833
-1916
-1919
-2032
-2044
-1877
-1470
-1155
-912
-467
109
485
461
692
992
935
804
905
923
652
594
776
825
748
878
1107
1126
1018
957
957
948
796
741
953
1054
988
1025
1161
1185
1105
1086
979
750
663
484
411
409
278
108
-18
-154
-607
-857
-854
-1077
-1334
-1328
-1113
-1140
-1184
-1074
-1089
-1152
-1206
-1383
-1448
-1424
-1616
-1880
-1809
-1741
-2024
-2055
-1719
-1685
-1682
-1372
-934
-759
-595
-179
127
404
733
1026
1319
1564
1672
1755
1811
1844
1737
1636
1559
1512
1556
1484
1490
1494
1579
1546
1391
1367
1335
1184
1190
1257
1241
1215
1304
1415
1329
1301
1223
1042
951
781
439
195
-16
-474
-895
-1066
-1303
-1535
-1690
-1750
-1917
-2115
-2138
-2253
-2302
-2260
-2253
-2156
-1897
-1776
-1805
-1893
-1923
-1970
-1969
-1971
-2029
-2010
-1804
-1535
-1170
-867
-577
-179
58
232
479
748
866
1175
1497
1694
1797
2107
2352
2245
2151
2256
2122
1843
1743
1706
1664
1645
1706
1742
1675
1568
1548
1359
1256
1146
1059
1040
1046
988
1006
1153
1233
1137
1019
947
608
117
-368
-826
-1202
-1522
-1801
-1986
-2113
-2212
-2319
-2398
-2509
-2598
-2626
-2671
-2664
-2613
-2415
-2259
-2181
-1933
-1725
-1677
-1641
-1491
-1441
-1357
-1185
-945
-709
-365
-50
168
446
573
739
796
945
1069
1235
1421
1610
1832
1999
2131
2222
2255
2204
2144
2005
1881
1771
1667
1615
1577
1516
1505
1454
1477
1405
1360
1403
1309
1183
1170
1142
1065
1028
899
741
616
304
25
-261
-687
-1029
-1159
-1396
-1727
-1869
-1943
-2166
-2333
-2390
-2611
-2740
-2638
-2602
-2679
-2628
-2518
-2444
-2353
-2117
-1794
-1588
-1462
-1218
-1041
-925
-887
-750
-452
-248
-158
93
380
426
526
770
957
1014
1252
1488
1547
1626
1826
1971
2007
2111
2215
2174
2036
1905
1781
1730
1693
1687
1682
1738
1696
1654
1686
1645
1500
1361
1378
1269
1155
1058
939
758
501
195
-13
-345
-681
-806
-1029
-1362
-1612
-1745
-2009
-2306
-2533
-2676
-2844
-2933
-2959
-3027
-2941
-2776
-2761
-2719
-2443
-2219
-2125
-1832
-1547
-1423
-1193
-847
-610
-519
-257
-103
-45
74
264
381
522
760
905
1127
1320
1464
1578
1775
1894
1932
2076
2257
2285
2228
2279
2192
2096
1994
1947
1889
1819
1711
1690
1791
1698
1575
1571
1509
1349
1291
1235
1051
834
668
469
220
14
-185
-283
-411
-646
-878
-1094
-1353
-1772
-2021
-2219
-2454
-2716
-2765
-2775
-2846
-2845
-2780
-2662
-2580
-2500
-2417
-2286
-2114
-1928
-1694
-1401
-1134
-848
-594
-446
-285
-240
-202
-54
96
235
466
768
989
1082
1233
1283
1350
1417
1472
1513
1628
1718
1786
1971
2009
2026
2074
2043
1922
1874
1810
1626
1456
1466
1393
1379
1382
1317
1220
1108
1018
769
581
401
126
-6
-110
-320
-431
-518
-693
-889
-1061
-1243
-1471
-1646
-1832
-2007
-2214
-2292
-2303
-2306
-2239
-2168
-2123
-2125
-2020
-1951
-1905
-1789
-1566
-1400
-1224
-1028
-736
-528
-372
-221
-43
99
135
239
390
585
710
881
1010
1162
1184
1194
1213
1211
1295
1362
1500
1575
1621
1730
1864
1849
1793
1779
1753
1653
1507
1455
1404
1369
1315
1250
1230
1161
1019
826
648
450
200
118
21
-141
-228
-253
-441
-609
-762
-931
-1076
-1241
-1415
-1583
-1642
-1717
-1817
-1938
-1981
-1999
-2021
-1986
-2012
-2001
-1890
-1801
-1733
-1580
-1374
-1156
-973
-788
-588
-446
-327
-132
-2
101
204
271
398
474
514
637
719
818
903
892
921
1008
1035
1099
1314
1447
1563
1631
1677
1594
1528
1429
1325
1252
1123
1023
972
934
783
706
647
649
559
443
360
216
179
96
-7
-66
-110
-188
-293
-387
-501
-634
-764
-808
-921
-938
-1013
-1071
-1134
-1165
-1234
-1338
-1351
-1330
-1403
-1394
-1318
-1287
-1252
-1193
-1095
-998
-921
-802
-662
-471
-353
-229
31
88
214
294
332
371
424
474
482
508
666
721
743
883
918
992
1039
1075
1103
1151
1144
1104
1035
962
936
888
822
746
710
653
542
497
431
338
267
162
99
74
-30
-132
-155
-191
-191
-200
-267
-297
-353
-371
-412
-518
-554
-617
-696
-794
-897
-931
-948
-1027
-1043
-1054
-994
-922
-874
-873
-769
-686
-609
-489
-378
-234
-163
6
79
143
221
248
279
295
316
313
368
400
381
416
481
509
512
573
527
563
577
604
672
693
714
724
783
772
632
668
638
478
413
380
202
107
176
125
19
-12
-31
-50
-100
-114
-111
-178
-252
-308
-274
-325
-352
-327
-366
-342
-375
-377
-421
-454
-541
-605
-712
-771
-739
-760
-729
-663
-629
-539
-444
-426
-404
-344
-232
-224
-187
-84
57
32
113
192
127
190
256
178
139
157
144
156
174
187
158
238
231
236
331
384
431
460
490
481
481
438
428
458
438
453
410
369
350
333
236
186
165
134
116
148
160
122
83
76
36
34
12
-95
-78
-62
-146
-179
-183
-228
-236
-288
-283
-303
-367
-401
-500
-521
-527
-545
-443
-406
-388
-327
-337
-409
-376
-357
-391
-295
-213
-160
-73
59
54
9
41
78
41
-24
49
53
81
112
87
86
88
161
202
234
298
314
395
444
477
474
548
565
515
577
514
489
444
428
294
231
246
189
141
136
138
129
139
100
73
34
-55
-102
-121
-186
-227
-185
-160
-151
-92
-81
-82
-126
-177
-276
-453
-506
-535
-559
-585
-554
-452
-402
-402
-404
-401
-421
-375
-340
-289
-229
-165
-44
-29
-31
82
63
21
24
-15
-67
-37
58
95
95
173
241
280
313
325
351
314
305
348
306
301
377
374
371
286
242
255
244
230
149
79
98
-8
-85
-81
-100
-84
-43
-17
-86
-59
-86
-113
-85
-44
-34
-9
47
71
24
-35
-91
-146
-203
-255
-300
-364
-394
-425
-425
-399
-393
-331
-260
-192
-161
-111
-93
-123
-78
-3
35
77
81
70
26
7
-12
-33
39
20
74
167
208
197
204
219
276
305
259
271
239
239
208
198
208
139
115
80
95
94
31
46
62
-16
-114
-75
-55
-89
-63
-5
47
48
104
138
154
159
199
224
167
144
103
172
155
137
113
70
44
-27
-59
-83
-86
-143
-167
-210
-169
-152
-121
-74
-156
-138
-124
-155
-145
-101
-30
0
-10
-20
-99
-140
-129
-175
-188
-162
-169
-206
-188
-182
-159
-144
-113
-75
-2
31
54
150
230
252
239
287
305
259
252
310
227
175
134
13
-89
-85
-123
-170
-189
-161
-124
-168
-169
-181
-183
-159
-136
-196
-135
-90
-74
-62
7
1
-48
-17
-30
-76
-108
-61
-55
-150
-128
-70
-77
-18
-1
48
49
52
29
69
87
109
166
161
120
87
113
67
-37
-93
-77
-90
-67
-29
31
64
90
126
140
141
102
112
137
175
164
172
231
189
166
181
93
41
-27
-66
-57
-90
-106
-160
-167
-175
-115
-49
-29
-24
81
33
4
-10
-53
-5
-20
6
40
94
105
170
182
221
184
172
166
118
130
57
-20
-105
-159
-175
-149
-142
-173
-173
-133
-140
-155
-89
-48
3
-19
-48
-76
-106
-112
-132
-184
-178
-160
-191
-112
-97
-78
-18
101
100
74
94
59
111
123
98
128
163
191
201
181
158
138
126
62
41
-33
-38
-12
36
31
20
81
64
48
105
126
73
98
80
72
41
27
20
-1
-3
3
-5
-18
-23
-81
-102
-104
-147
-180
-182
-188
-161
-112
-158
-125
-111
-95
-96
-92
-84
-134
-90
-100
-115
-109
-130
-174
-218
-301
-297
-286
-232
-219
-186
-141
-112
-14
18
71
76
95
133
163
208
229
224
243
210
177
179
172
151
155
187
163
136
146
75
3
64
77
62
123
153
144
185
197
163
150
140
132
168
185
188
211
158
108
62
93
19
-53
-56
-81
-87
-104
-55
-48
-86
-88
-55
-136
-178
-223
-219
-204
-206
-198
-137
-116
-158
-156
-211
-293
-304
-285
-341
-267
-239
-166
-126
-57
12
23
80
46
105
62
118
69
92
168
155
203
171
179
92
41
-28
-20
-31
-19
31
30
31
82
69
49
139
173
163
175
183
155
156
175
164
125
122
117
121
40
12
7
-52
-107
-163
-186
-217
-214
-204
-218
-197
-197
-160
-144
-175
-161
-153
-119
-138
-109
-4
31
-16
-45
-23
21
10
-17
-11
31
75
80
134
166
224
282
228
244
306
313
314
303
253
301
281
211
151
73
25
9
-46
-128
-137
-89
-99
-130
-156
-197
-97
-104
-139
-138
-100
-79
-89
-92
-114
-152
-124
-182
-247
-187
-164
-207
-198
-179
-189
-165
-150
-156
-240
-163
-105
-61
-89
-115
-139
-97
-49
-100
-112
-48
-21
-9
-23
-25
-16
-13
-35
-75
-36
-48
-25
20
21
48
147
210
213
250
261
324
382
413
405
389
425
385
325
305
264
261
305
275
250
245
201
178
129
80
87
54
102
92
29
27
44
56
-24
-15
-74
-143
-104
-171
-201
-199
-207
-178
-156
-155
-173
-173
-203
-206
-236
-279
-266
-301
-279
-267
-288
-245
-217
-177
-216
-212
-154
-130
-141
-180
-158
-200
-220
-197
-185
-121
-75
-61
-17
-8
51
89
83
152
245
273
278
314
317
365
294
271
319
286
250
203
176
137
72
68
93
73
45
56
83
54
57
73
52
14
32
24
5
68
34
-3
-16
-79
-79
-118
-129
-148
-144
-164
-181
-197
-191
-167
-203
-180
-189
-171
-108
-124
-133
-125
-129
-121
-150
-125
-119
-84
-45
-4
18
28
24
-2
-2
5
-6
20
86
153
252
296
279
304
295
251
191
229
239
163
219
215
219
187
160
139
60
-2
-77
-93
-118
-103
-81
-103
-175
-224
-214
-242
-284
-246
-188
-235
-160
-188
-182
-154
-159
-162
-187
-173
-188
-142
-131
-190
-194
-180
-178
-134
-114
-62
-28
-14
-11
-10
9
58
104
161
195
205
224
272
334
323
311
346
301
261
253
217
206
183
154
201
169
174
211
227
237
191
165
167
127
152
105
90
88
35
48
13
-4
-9
-66
-86
-57
-82
-148
-164
-83
-113
-141
-124
-140
-116
-77
-70
-70
-53
-53
-86
-109
-151
-180
-225
-253
-284
-268
-255
-293
-300
-290
-301
-268
-259
-260
-262
-255
-194
-193
-163
-155
-94
-25
-10
11
98
98
141
166
159
143
122
117
139
205
198
196
201
214
191
209
206
195
175
159
177
213
251
200
205
240
235
201
128
73
67
106
140
41
-93
-44
24
-40
-66
-113
-154
-137
-155
-194
-243
-187
-153
-150
-195
-190
-154
-173
-163
-139
-170
-147
-143
-178
-242
-235
-156
-94
-66
-116
-111
-78
-40
-38
-60
-15
49
76
163
175
172
249
271
295
283
273
300
273
237
203
173
117
70
109
146
63
111
105
33
0
-34
-31
-109
-80
-34
-60
-50
-4
-10
-69
-21
-49
-147
-102
-90
-51
-9
5
14
5
50
41
26
71
75
2
44
20
-8
-31
-84
-39
-102
-52
-55
-51
-58
-83
-48
-72
-81
-42
8
-8
-28
-11
5
27
-6
-8
9
5
3
-13
12
-11
28
10
30
-4
-10
37
-6
-18
-21
-64
-88
-76
-67
-86
-89
-87
-29
-10
-39
-24
-20
0
-30
-53
-11
-15
-52
-99
-102
-95
-102
-105
-78
-46
-55
-18
9
34
68
96
118
133
165
138
75
60
43
83
77
23
-1
20
14
-52
-78
-81
-41
-1
-8
-35
15
29
9
6
68
126
94
69
30
50
53
77
64
22
63
118
164
170
126
74
42
26
-22
-79
-71
-75
-55
-80
-106
-101
-58
-69
-119
-119
-122
-52
-37
-3
-4
1
26
15
4
7
12
5
-25
26
38
28
58
37
46
9
1
33
-6
-45
6
26
11
6
31
65
53
61
97
79
43
38
25
20
44
1
-14
10
22
41
15
-14
-8
-29
-22
-19
-31
-31
-40
-27
2
10
-21
-32
-32
-66
-39
-91
-135
-87
-89
-136
-171
-140
-148
-141
-132
-120
-82
-93
-47
-17
4
14
46
42
15
73
81
34
32
29
41
14
12
1
-11
-2
5
70
97
74
117
101
87
127
131
103
87
97
73
84
129
123
84
1
11
30
-17
-11
11
39
50
31
4
50
19
-18
-10
-87
-66
-60
-106
-108
-130
-94
-86
-54
-68
-70
-79
-74
-66
-102
-120
-100
-101
-124
-65
-72
-36
-43
-2
4
-16
10
12
36
78
107
167
163
136
173
185
166
149
96
69
107
94
71
108
99
95
110
77
86
58
16
-11
-19
4
34
34
39
-10
-28
-31
-38
-52
-18
-65
-117
-85
-114
-91
-140
-170
-190
-143
-183
-203
-255
-263
-212
-217
-188
-191
-137
-105
-71
-43
-32
-62
-35
-43
-71
-124
-110
-54
-64
-42
-21
39
31
31
42
10
65
101
126
80
94
150
170
209
205
165
170
175
128
142
178
172
162
207
172
164
203
189
129
112
96
91
128
114
58
37
89
111
76
108
90
50
56
43
18
11
-40
-26
3
-28
-52
-38
-46
-80
-157
-172
-230
-249
-206
-181
-172
-169
-139
-162
-130
-129
-85
-103
-129
-139
-164
-179
-139
-118
-126
-108
-100
-77
-59
-72
-64
-36
-25
-20
6
69
65
121
120
137
163
176
179
112
132
159
150
138
111
107
105
129
101
111
107
30
18
49
52
51
44
52
64
17
-34
-71
-99
-139
-135
-188
-231
-252
-242
-196
-187
-200
-182
-194
-199
-172
-227
-208
-150
-142
-146
-51
-6
-7
18
43
44
40
12
-15
-52
-18
-39
-6
53
73
142
152
180
152
153
168
213
198
202
203
197
219
225
222
225
184
202
197
152
131
141
131
126
132
101
46
33
29
17
-22
-61
-74
-84
-72
-71
-93
-102
-112
-129
-106
-164
-181
-182
-196
-186
-200
-213
-151
-137
-130
-83
-83
-52
-28
-22
-85
-51
-30
-37
-31
-27
-46
28
32
-2
60
23
19
26
-14
-60
-33
25
54
69
82
96
90
127
84
88
121
75
83
121
121
97
143
117
164
143
188
200
194
175
184
201
200
189
176
171
128
101
27
38
18
10
-39
-42
-80
-144
-173
-166
-201
-206
-205
-270
-256
-284
-332
-360
-353
-311
-365
-327
-305
-364
-330
-279
-252
-235
-203
-203
-226
-169
-147
-119
-56
-31
9
22
73
98
134
145
182
218
199
227
255
286
314
303
245
264
312
293
287
263
255
247
249
237
208
206
170
144
93
70
30
-10
-24
-56
-89
-81
-125
-168
-170
-161
-169
-144
-201
-196
-203
-205
-202
-200
-205
-179
-175
-198
-157
-152
-130
-122
-59
-50
-72
-40
-55
-2
14
-6
55
58
58
76
106
174
229
228
288
319
303
259
237
227
238
188
192
202
157
148
132
122
30
33
84
93
33
31
6
-27
-21
-22
-34
-19
-23
-21
-37
-57
-44
-77
-56
-67
-69
-108
-129
-144
-187
-198
-205
-167
-182
-210
-209
-195
-161
-178
-180
-144
-95
-124
-131
-80
-69
-89
-80
-80
-21
11
-29
7
-4
7
0
10
7
-13
-32
-52
14
43
-17
-11
20
9
5
2
-2
-38
-24
-17
-49
-32
-10
28
43
50
95
58
90
89
69
118
78
86
57
53
110
127
122
144
177
171
145
151
111
77
118
47
82
110
48
33
-20
-41
-65
-122
-87
-96
-114
-85
-62
-25
-35
-65
-32
-22
-40
-41
-88
-57
-57
-90
-137
-126
-119
-115
-115
-118
-119
-94
-70
-93
-31
21
28
10
70
85
102
158
139
153
181
199
195
237
220
245
256
208
188
230
249
198
159
185
183
159
145
133
159
108
38
11
12
-51
-106
-65
-93
-82
-84
-115
-130
-162
-219
-232
-239
-227
-193
-194
-228
-221
-245
-238
-205
-189
-175
-193
-161
-141
-153
-177
-137
-130
-143
-109
-128
-80
-49
-66
-20
4
-10
21
61
80
89
75
96
137
137
68
73
149
159
156
164
134
117
105
90
71
42
55
24
23
-29
-51
-40
-35
-23
-2
1
21
30
-1
-13
-8
17
13
15
16
-11
-34
-44
-16
-35
-59
-76
-53
-30
-59
-96
-81
-52
-108
-113
-110
-107
-93
-65
-31
-36
-11
9
-11
-28
3
27
18
49
61
79
116
122
89
106
156
159
185
172
154
119
106
96
97
81
66
86
33
16
47
43
51
87
95
104
101
113
77
41
55
9
-29
-2
-34
-56
-59
-58
-13
-7
-22
-18
21
20
7
-3
-15
-51
-120
-63
-97
-133
-79
-106
-83
-106
-138
-136
-157
-127
-114
-87
-82
-83
-58
-67
-53
0
11
34
13
30
2
-26
3
-75
-45
-29
-44
-47
-30
-27
-38
-22
-28
0
22
34
33
36
95
75
60
90
103
147
159
182
139
108
123
85
78
70
43
41
-4
-29
-47
-66
-61
-92
-96
-97
-107
-100
-105
-73
-92
-66
-60
-50
-63
-49
-5
-15
-5
6
4
-17
-15
-8
-15
-18
33
21
32
25
46
45
21
44
56
72
56
47
53
30
53
21
-17
-35
-39
-36
-55
-29
-42
-61
-81
-55
-64
-52
-58
-11
-18
-31
-9
-63
7
12
-17
-24
-23
-43
-72
-74
-44
-31
-25
11
39
79
83
80
29
44
34
64
53
33
55
52
60
64
109
75
79
57
15
56
46
-1
24
47
30
24
27
43
-3
-27
-67
-71
-83
-74
-74
-93
-70
-93
-78
-39
-23
2
21
54
50
70
81
63
69
61
54
36
47
68
55
35
62
30
40
16
47
60
57
104
106
102
87
108
86
61
57
59
39
14
22
11
-1
-23
-21
-26
-34
-33
-42
-50
-74
-82
-63
-74
-87
-81
-88
-101
-113
-152
-165
-159
-184
-170
-171
-199
-241
-214
-163
-153
-133
-102
-77
-75
-99
-51
-33
-36
-19
10
47
15
30
66
84
82
77
65
76
48
64
43
48
56
54
56
46
60
62
58
65
77
87
99
96
114
112
114
115
100
76
56
58
67
58
60
54
23
18
53
39
38
32
40
40
5
19
-3
-15
-12
-33
-40
-60
-79
-69
-88
-96
-62
-68
-81
-50
-36
-35
-43
-27
-8
6
20
19
29
51
56
42
54
49
41
65
56
53
24
-7
-19
-12
-11
-32
-34
-20
-29
-36
-15
-22
-38
-44
-56
-57
-43
-50
-47
-37
-31
-18
-35
-38
-45
-59
-67
-46
-37
-54
-17
5
8
-29
-16
12
31
45
8
26
34
27
-8
3
25
15
31
24
31
38
31
44
15
17
34
37
48
44
40
34
21
-2
-40
-49
-49
-72
-108
-49
-34
-2
12
9
35
23
26
31
71
39
35
31
22
21
17
37
43
9
16
25
8
-17
10
30
-5
-24
-24
-16
-28
-26
-10
-6
-7
-12
-16
-9
-6
-5
13
15
0
21
5
16
28
-10
-29
-31
-23
-51
-52
-42
-42
-38
-60
-38
-52
-48
-48
-60
-54
-58
-51
-40
-45
-39
-41
-36
1
-1
19
20
30
42
14
37
43
32
40
57
61
47
70
103
102
85
75
69
48
29
54
54
27
-1
-11
-5
-41
-46
-45
-56
-56
-74
-61
-42
-49
-46
-28
-10
-8
-12
-6
-27
10
33
22
11
21
35
17
33
40
54
51
57
47
54
22
18
10
3
-11
-17
-1
-1
6
9
33
27
22
33
47
33
26
42
44
42
46
37
47
26
9
-4
-13
-25
-40
-67
-86
-88
-82
-103
-102
-102
-109
-74
-101
-58
-38
-48
-33
-11
-16
-41
-43
-39
-27
-37
-38
-29
-19
-14
-36
-26
-21
11
24
43
47
46
45
37
47
42
63
62
86
67
80
76
63
67
57
50
48
52
44
14
-12
-18
-24
-25
-17
-2
-16
-20
-16
-22
-27
-14
-3
-22
-24
-39
-35
-2
-5
-33
-42
-27
-27
-12
-2
8
22
33
43
49
45
32
27
43
25
25
61
48
38
26
35
18
0
-17
-27
-27
-37
-26
-19
-47
-52
-50
-46
-49
-64
-35
-39
-23
-32
-31
-25
-30
-8
-28
-27
-19
-34
-18
-4
-10
-19
0
-25
-20
-17
-22
-14
-4
-6
-2
6
27
26
15
16
22
-2
-12
-11
-24
-21
-39
-47
-28
-23
-17
-4
3
7
-5
-6
-20
0
18
18
0
-1
7
-2
7
5
4
-3
25
22
17
34
54
53
41
61
40
66
64
75
79
79
70
49
79
73
67
62
64
60
34
36
51
55
71
46
36
27
5
-11
-3
-25
-42
-46
-50
-66
-70
-78
-85
-76
-76
-66
-81
-92
-85
-70
-61
-66
-38
-41
-50
-45
-31
-1
0
-16
-22
-7
-21
-31
-18
4
20
6
19
49
61
44
70
77
77
69
48
48
30
3
19
28
8
15
23
25
15
7
21
26
22
20
19
19
7
9
-22
-18
-29
-28
-33
-53
-60
-72
-67
-69
-70
-86
-85
-80
-69
-51
-60
-48
-35
-33
-41
-15
-24
-31
-12
-16
3
-1
21
24
37
36
53
60
41
44
49
46
43
42
48
43
17
20
3
-8
-5
-2
-16
-25
2
-25
-35
-24
-42
-56
-38
-30
-20
-15
-13
-21
-28
-13
-16
-14
4
17
19
32
42
28
45
49
35
35
33
30
27
34
31
37
30
37
51
55
56
55
52
65
52
40
44
35
25
7
11
-7
-22
-16
-33
-40
-47
-36
-22
-18
-16
-11
7
-2
-3
-2
0
1
4
-10
-25
-24
-20
-29
-48
-37
-57
-47
-52
-50
-47
-54
-36
-36
-14
8
9
18
39
26
9
15
17
7
14
13
24
28
44
24
12
29
31
38
45
47
52
37
41
54
41
45
44
54
36
14
4
-4
-18
-23
-23
-23
-36
-60
-64
-80
-78
-86
-77
-73
-74
-69
-75
-68
-62
-55
-60
-44
-55
-36
-39
-62
-52
-39
-32
-41
-27
-15
-4
-4
-14
-21
-7
12
9
18
35
34
35
60
39
42
34
62
76
60
79
56
79
80
64
59
69
80
72
53
47
54
42
46
32
16
7
10
-2
5
-8
-20
-6
3
-29
-18
-20
-30
-21
-45
-39
-32
-35
-43
-52
-60
-66
-64
-59
-54
-59
-52
-31
-20
-19
-23
19
33
29
27
49
55
43
60
60
72
62
70
57
49
43
52
42
28
31
19
20
3
-7
-20
-26
-29
-13
-36
-40
-31
-26
-34
-36
-31
-39
-57
-78
-71
-77
-92
-85
-87
-62
-65
-62
-37
-27
-35
-27
-10
-1
9
32
31
43
39
52
51
53
62
45
60
40
48
41
24
26
39
52
52
46
56
50
38
37
36
31
18
21
21
7
-2
9
0
-27
-29
-28
-26
-28
-45
-40
-63
-63
-70
-63
-52
-51
-45
-34
-19
-15
-16
-29
-1
-14
-14
-15
-12
4
13
28
32
22
27
18
3
17
9
10
15
26
20
16
16
-2
-4
-7
-14
-1
-2
8
10
5
-7
-8
-13
-7
-17
-20
-22
-20
-9
-12
2
-7
-4
4
3
8
-6
1
7
-5
5
1
8
8
18
20
16
37
38
43
39
49
37
39
34
21
20
24
24
13
5
-3
-8
-7
-5
0
-7
-13
0
-4
-2
-3
-10
-13
-22
-20
-24
-16
-21
-27
-18
-21
-17
-30
-33
-28
-14
-7
-3
7
11
26
25
20
25
49
33
32
23
14
9
-6
-1
-18
-31
-23
-15
-27
-28
-26
-13
-19
-19
-21
-25
-14
-6
-12
-11
-1
-13
-22
-15
-20
-31
-23
-35
-27
-37
-44
-28
-16
-16
-14
-7
-8
-9
4
19
7
17
28
25
27
29
37
31
34
47
52
53
54
52
52
42
44
44
47
34
30
48
37
25
20
23
28
16
20
6
-13
-21
-37
-34
-39
-58
-49
-47
-56
-56
-53
-35
-47
-34
-22
-13
-15
-26
-11
-31
-31
-32
-32
-18
-16
-9
3
23
26
37
31
36
37
33
45
37
46
22
21
19
5
3
1
0
-15
-18
-19
-33
-34
-29
-32
-15
-13
-19
-4
-8
-4
-22
-8
-5
-19
-13
-5
-17
-24
-21
-33
-30
-39
-41
-34
-13
-8
-6
9
16
15
3
13
26
27
24
33
45
54
51
53
46
53
72
72
79
73
64
60
48
38
34
20
23
21
21
10
5
2
-8
-15
-29
-30
-53
-67
-66
-69
-76
-88
-75
-74
-83
-58
-64
-60
-62
-47
-34
-41
-22
-18
-18
-7
-5
-1
7
7
12
3
10
17
4
10
16
32
38
31
45
35
35
30
30
28
14
11
4
8
2
9
2
7
0
6
11
-4
3
16
0
-7
-3
-12
-5
-11
-1
-7
7
11
9
20
17
11
3
5
3
10
12
21
26
18
30
27
20
8
3
5
2
4
-2
0
8
3
-1
2
-5
-23
-36
-25
-39
-45
-38
-37
-40
-46
-46
-43
-32
-40
-31
-24
-13
-25
-21
-16
-15
-7
-13
3
8
26
31
42
31
34
40
46
33
19
26
25
32
30
37
34
40
29
28
26
23
17
17
15
11
12
12
14
2
16
11
6
6
-9
-8
0
-6
3
3
2
-7
-16
-17
-18
-16
-14
-9
-15
-15
-13
-24
-13
-8
-12
-7
-3
-4
-9
3
-8
-4
-7
-4
-3
-14
6
2
-2
-2
1
1
-15
-16
-16
-14
-23
-17
-17
-6
-9
-8
-7
-25
-17
-20
-26
-23
-15
-19
-23
-16
-20
-19
-25
-17
-12
-21
-14
-13
-4
-4
6
22
22
23
17
30
28
21
27
16
14
18
13
7
7
15
7
3
-2
-3
-1
4
16
11
11
18
14
2
-1
3
-4
-2
12
15
5
2
7
5
4
-5
-1
5
3
13
14
15
22
14
10
12
22
25
3
-3
-1
-4
-7
-13
-4
-15
-18
-16
-19
-16
-13
-13
-15
-15
-11
-8
-5
-2
-1
6
8
15
8
-3
3
2
0
-2
-2
-10
-4
6
-3
7
19
12
15
22
21
15
10
5
1
1
0
1
3
7
11
4
8
10
-2
-12
-11
-5
-13
-3
-5
-6
-2
-9
-6
-12
-14
-15
-14
-10
-18
-17
-14
-15
-13
-15
-15
-6
-10
-14
-7
-16
-21
-19
-20
-16
-12
-15
-6
-1
-4
1
3
7
1
12
30
29
24
25
26
30
33
38
41
33
35
34
30
15
15
13
15
18
10
-2
-1
1
-10
-5
-11
-3
-4
-16
-17
-12
-15
-13
-23
-22
-24
-30
-42
-35
-38
-48
-45
-36
-32
-34
-33
-37
-28
-31
-24
-25
-16
-10
-6
-12
-17
-7
-6
8
6
7
10
13
22
9
12
-1
-4
1
12
7
11
19
34
31
26
35
17
19
18
19
15
16
13
12
23
14
17
17
23
20
11
19
17
24
14
27
33
23
32
40
33
25
34
27
20
34
31
29
29
19
11
17
22
5
8
2
5
-7
-3
-5
-12
-9
-10
0
-5
-24
-28
-28
-32
-31
-32
-37
-31
-38
-33
-42
-35
-20
-20
-16
-21
-14
-7
-4
-1
1
5
2
3
10
2
6
10
11
0
9
5
6
-2
-14
-23
-21
-26
-24
-27
-33
-28
-34
-28
-26
-25
-25
-16
-17
-19
-15
-10
-17
-22
-11
-18
-13
-20
-20
-22
-15
-18
-20
-17
-25
-14
-14
-8
-3
-5
8
15
16
20
22
33
34
29
38
47
48
54
58
50
42
37
36
39
30
29
20
17
20
10
11
8
-1
0
1
-2
5
-6
-6
-6
-4
-10
-8
-2
-2
-4
-10
-5
-5
-6
-4
-1
-6
3
-1
-4
9
-1
7
6
-3
-1
6
1
-11
-2
0
-6
-11
3
17
1
1
13
4
3
14
12
3
14
10
7
2
0
-10
-19
-21
-31
-27
-38
-26
-37
-27
-18
-20
-9
-14
-5
4
2
5
7
9
12
0
6
9
7
3
-5
4
3
13
9
9
8
8
14
15
19
19
17
13
19
15
13
9
2
-4
-8
-3
-19
-17
-2
-8
-17
-22
-19
-20
-29
-29
-22
-28
-20
-23
-20
-23
-16
-12
-13
-22
-38
-21
-25
-26
-20
-9
-14
-13
1
3
6
8
22
20
16
25
29
21
15
17
21
24
23
19
17
21
19
9
12
15
19
16
11
16
24
28
24
25
19
18
10
8
11
8
1
9
8
-1
-3
6
-1
5
-3
-9
4
0
-3
-1
3
-12
-3
-5
-11
-11
-3
-5
0
7
6
15
4
8
7
10
1
-5
-3
-10
-5
-6
-5
-5
5
-3
4
2
-10
-14
-20
-23
-23
-20
-24
-31
-31
-31
-35
-41
-37
-30
-30
-25
-26
-21
-15
-18
-19
-18
-11
-9
-3
7
16
19
9
13
24
12
10
19
15
19
15
21
18
14
18
26
33
31
35
27
45
35
28
36
28
25
24
20
14
9
9
8
1
-5
-4
-10
-17
-18
-17
-18
-20
-20
-18
-14
-18
-18
-23
-23
-12
-18
-13
-16
-14
-17
-20
-13
-9
-10
-14
-10
7
-5
-7
-4
3
-1
-2
-6
-5
-5
2
3
-7
2
11
9
8
3
0
7
5
8
2
1
-1
2
5
4
5
6
5
6
10
17
9
3
9
-2
2
2
-5
-8
-9
-11
-11
-9
-11
-9
-6
-1
-12
-4
5
0
-5
-6
4
3
3
19
22
12
23
21
20
16
13
12
19
12
3
15
10
13
12
7
18
21
16
18
5
5
3
7
5
-2
-2
4
0
-10
-12
-9
-12
-7
1
-10
-3
2
-3
-5
3
3
-6
8
6
1
-1
-5
-7
-13
-11
-13
-16
-28
-29
-26
-22
-24
-25
-16
-18
-20
-20
-16
-15
-14
-8
-5
0
-4
-8
-4
2
2
-5
-1
1
-9
-5
4
2
-2
2
8
7
3
6
8
11
11
6
8
0
-4
-1
-6
-6
-5
-3
-4
-4
-6
-6
-8
-9
-2
3
2
-3
0
-4
-7
-3
-3
-2
-5
2
-3
0
1
4
5
3
6
4
8
9
13
8
12
14
12
11
12
10
9
7
5
16
15
22
20
17
16
1
5
6
-1
8
14
9
14
7
12
8
3
-6
-8
-4
-8
8
3
0
5
7
2
-1
-9
-19
-9
-11
-12
-9
3
9
8
6
0
2
3
-2
-3
-3
1
1
-8
-1
-10
-3
3
12
14
11
8
16
12
2
-7
-7
0
-6
0
-5
-3
-3
1
3
3
-11
-10
-1
0
3
-2
4
7
7
3
-4
2
14
9
7
-2
-8
-11
-10
-11
-23
-26
-23
-25
-26
-23
-17
-15
-14
-23
-21
-19
-23
-15
-15
-17
-10
-9
-11
-7
-6
7
6
10
-1
0
0
-7
-9
-2
0
4
8
2
11
16
20
17
17
11
15
14
7
6
4
6
3
-3
-2
-6
-4
-6
-2
0
-2
2
-8
-6
-8
-8
-8
-6
-11
-11
-1
2
-2
7
5
12
17
18
22
20
22
16
12
19
17
16
10
11
16
14
11
13
22
8
12
11
14
11
12
12
12
19
14
17
14
10
9
5
3
7
7
10
5
-4
2
1
2
-1
3
7
4
8
1
-3
-5
-7
-10
-17
-20
-28
-30
-31
-35
-28
-25
-29
-31
-33
-36
-27
-20
-23
-17
-6
2
-5
-2
3
-11
-10
-5
-9
-13
-12
-11
-11
-5
-6
-4
-12
0
6
2
1
3
5
2
3
-4
-5
3
0
1
5
5
7
0
2
3
4
3
-2
2
6
6
-7
-9
3
-1
-2
-11
-15
-10
-14
-12
-6
-9
-5
-1
2
7
10
8
4
11
17
13
16
19
18
21
22
18
14
16
18
8
15
6
12
15
9
12
9
8
7
11
8
3
3
3
-4
-6
-5
-4
-7
0
-5
-5
-4
-7
-5
-15
-9
-9
-2
2
1
5
2
2
4
5
15
14
11
11
9
4
3
4
3
11
14
11
22
21
11
18
10
7
5
3
5
1
0
5
7
4
0
3
-3
-6
-4
-8
-4
-7
-6
-6
-8
-12
-17
-13
-19
-22
-23
-13
-15
-17
-14
-18
-10
-16
-20
-10
-18
-6
-4
-13
-9
-10
-10
-14
-11
-13
-4
-1
-2
1
-3
0
4
-1
-7
-3
3
-15
-12
-8
-9
-16
-15
-14
-12
-18
-9
-7
-10
-1
-3
-2
-1
7
-1
5
7
6
7
4
5
5
10
16
11
14
13
5
11
9
14
10
10
12
15
15
12
22
26
22
22
23
12
7
5
2
-3
5
4
5
-3
2
4
3
6
6
6
4
-1
-2
2
-1
-4
-6
4
-6
-5
-15
-21
-22
-24
-24
-24
-25
-23
-24
-16
-7
-5
2
6
12
11
14
18
17
10
7
11
8
13
13
14
11
15
8
4
9
5
9
-1
3
4
4
-1
-5
-1
0
6
5
2
2
-1
5
0
0
-1
2
13
8
10
4
2
-2
-3
-3
-6
-2
-5
-8
-12
-12
-8
-7
-8
-5
-1
-8
-4
-3
-1
-1
7
7
8
13
13
19
17
11
10
14
11
7
7
0
-5
0
-3
-8
-3
-16
-15
-14
-9
-14
-18
-14
-29
-31
-28
-26
-21
-17
-21
-10
-17
-18
-19
-22
-20
-19
-29
-24
-25
-25
-19
-19
-18
-19
-16
-15
-5
-10
-3
5
2
8
3
15
16
20
23
27
26
20
22
23
23
21
23
24
29
21
19
23
25
19
18
14
7
9
10
12
10
11
8
13
4
4
12
8
6
6
7
3
2
11
13
12
10
10
10
5
0
-4
-4
-5
-2
-3
-3
-3
-5
5
7
1
5
1
0
-7
-6
-3
-1
0
-3
-1
-2
0
2
-2
-3
-4
-4
-3
-10
-3
-8
-7
-7
-1
-5
4
2
-2
-2
-7
-8
-6
-8
-11
-14
-21
-21
-26
-26
-28
-25
-23
-21
-19
-12
-9
-10
-6
-7
-9
-8
-7
-4
-11
-3
-8
-8
3
-5
1
-1
2
2
-2
6
3
5
14
17
18
18
22
24
21
11
18
16
12
17
10
8
5
3
5
11
7
6
8
8
11
13
10
11
9
1
5
14
6
-2
6
3
8
2
-1
0
-6
-8
-15
-17
-17
-14
-18
-14
-15
-9
-13
-13
-11
-15
-10
-17
-14
-11
-14
-15
-14
-8
-9
-10
-7
-8
-6
-2
-1
-1
1
11
6
0
3
2
0
-4
-8
-9
-9
-10
-3
1
4
14
15
17
21
25
22
18
23
21
22
20
20
14
13
12
15
11
10
14
11
10
6
1
0
5
6
7
4
5
6
4
10
8
8
4
0
1
0
3
0
4
3
6
11
9
11
13
7
3
5
1
-6
-7
-11
-17
-17
-21
-18
-21
-19
-20
-24
-21
-19
-16
-15
-18
-22
-16
-17
-15
-13
-12
-20
-13
-7
-7
-11
-13
-10
-9
-8
-13
-11
-10
-11
-8
-7
-6
-1
2
3
7
2
6
-1
4
6
2
8
1
-4
1
1
-4
-1
1
-3
-1
1
-1
1
5
8
5
5
3
-1
-4
-6
-4
-4
-5
-2
-4
-1
5
7
5
5
14
15
14
12
15
15
13
13
12
8
9
7
9
8
0
4
4
5
8
11
13
14
13
4
10
17
13
9
18
23
13
17
16
12
12
8
2
-1
7
9
8
5
8
5
7
9
1
5
-1
-1
-4
-6
-1
-10
-10
-9
-12
-12
-13
-17
-16
-14
-14
-11
-12
-10
-9
-7
-9
-7
2
-3
-6
-2
-9
-22
-20
-21
-12
-15
-19
-11
-20
-14
-13
-14
-13
-9
-3
2
0
1
0
7
3
-1
2
-6
-6
-1
-6
-8
-10
-8
0
-4
-2
1
3
6
6
7
4
1
9
7
5
4
8
6
7
5
3
3
1
4
7
6
9
11
13
18
17
15
14
12
11
1
6
12
-1
1
3
-1
-6
-5
-3
-2
-2
2
1
-1
0
-3
-7
-1
4
-1
-2
-3
-2
-7
-2
-5
-7
-12
-16
-14
-16
-15
-15
-17
-16
-18
-13
-7
-8
-5
-6
-10
-7
-6
-9
-6
3
-6
-8
0
0
2
6
7
1
9
11
12
10
10
10
14
21
17
14
13
23
25
21
16
12
7
6
7
5
5
8
10
4
6
4
6
5
-2
-1
-2
4
4
6
7
7
3
7
9
4
8
6
1
1
3
-2
1
-2
-3
-4
-7
-6
-5
-1
-3
2
6
1
3
-1
-1
-3
-6
-6
-9
-10
-6
-8
-7
-4
-3
-5
-6
-6
-4
-6
-2
-5
-9
-7
-9
-4
-6
-8
-2
-7
-4
-6
-12
-9
-8
-7
-13
-11
-11
-8
-6
-12
-13
-11
-10
-9
-12
-9
-7
-8
-6
-10
-12
-8
-9
-6
0
3
7
8
3
6
10
14
11
10
6
5
8
9
12
3
5
8
7
5
10
9
2
4
8
4
-1
-1
2
6
3
3
7
5
4
3
1
-2
-4
0
1
-3
-5
-3
0
-3
-6
0
-3
-3
3
4
4
3
3
3
8
8
11
9
11
8
5
6
4
4
4
5
-1
0
0
7
3
2
6
4
3
-1
0
-2
-5
-6
-5
-10
-12
-3
-12
-17
-19
-13
-6
-9
-6
-8
0
-2
-1
-4
-4
-1
3
4
-4
1
2
5
0
2
8
6
9
5
8
10
8
9
12
10
11
10
9
8
3
-1
3
5
1
2
2
-2
7
4
6
5
-1
4
-8
-7
-13
-11
-9
-14
-12
-14
-13
-14
-17
-11
-8
-12
-8
-7
-9
-3
2
-3
0
2
1
4
8
13
14
9
5
7
7
1
3
4
1
-3
-2
-3
-2
1
0
2
-2
2
1
2
-4
-5
-6
-8
-6
-9
-9
-6
-11
-10
-3
-6
-1
-3
3
3
5
8
8
13
14
15
9
6
5
8
10
7
8
3
4
4
-1
1
-4
1
-2
1
0
6
4
-2
2
-1
0
4
6
4
3
-2
0
3
0
0
1
-2
4
4
5
10
1
-2
4
3
-2
-3
-4
-11
-8
-4
-8
-8
-6
-1
-7
-6
-3
-8
-6
-10
-7
-4
-4
2
6
0
5
7
9
3
0
2
-3
0
-6
-10
-11
-10
-10
-11
-17
-15
-13
-15
-9
-12
-14
-12
-6
-6
-2
5
8
6
7
11
13
13
11
14
9
6
11
10
10
5
6
7
7
2
4
7
3
5
1
2
3
3
3
2
2
2
-1
1
4
5
7
10
10
8
8
0
-4
0
-3
-6
-6
-14
-16
-17
-14
-17
-17
-12
-19
-18
-13
-17
-8
-10
-8
-5
-3
0
3
10
7
3
-1
1
7
1
-3
5
6
0
-1
4
3
7
11
14
11
12
13
10
16
14
14
17
11
14
4
1
1
0
4
-6
-5
-5
-9
-8
-8
-4
-5
-4
1
-5
-7
-6
-10
-13
-11
-13
-17
-13
-14
-15
-11
-11
-7
-4
-3
-7
-2
-1
4
4
0
11
12
13
9
9
14
13
20
20
21
15
20
17
18
15
12
14
9
7
1
1
3
-1
3
0
3
-3
-8
-4
-5
-4
-7
-7
-4
-1
-5
3
1
3
4
-2
-2
-1
5
2
7
4
3
3
2
3
1
-3
-5
-2
0
-3
-2
-3
2
0
-8
-2
-7
-7
-6
-12
-13
-12
-14
-17
-11
-13
-13
-14
-14
-16
-15
-15
-19
-18
-18
-16
-18
-14
-11
-14
-10
-10
-16
-9
-9
-6
-10
-13
-10
-5
-4
-3
-2
0
-2
-1
3
5
12
12
21
15
19
19
24
27
24
20
14
13
7
14
14
19
16
12
12
6
7
7
4
6
6
6
2
2
6
8
10
4
8
4
5
1
-1
-3
-3
0
-2
6
0
2
5
6
2
5
7
-1
-1
4
2
-4
4
3
-2
-1
-4
-4
-5
-7
-4
-6
-9
-2
-5
-3
-5
-6
-2
-2
3
1
4
5
4
5
5
6
2
0
0
1
0
-4
-7
-10
-14
-10
-13
-9
-1
-3
4
1
1
6
3
-5
-3
2
-5
-6
-3
-7
-14
-5
-8
-10
-6
-8
-3
-3
-4
-2
1
4
-1
-1
5
2
6
6
5
