SAMPLES:	23291
BITSPERSAMPLE:	16
CHANNELS:	1
SAMPLERATE:	16000
NORMALIZED:	FALSE
-6
-4
4
2
5
11
-2
-3
4
1
-8
1
-4
3
-7
-4
0
-8
8
2
2
4
10
5
1
-3
-3
-3
3
-3
-1
4
-10
-4
-1
-2
0
-5
-13
-2
-8
-4
-4
-11
-11
-20
-13
-14
-8
-16
-7
-13
-9
-17
-15
-8
-14
-7
-14
-6
-9
4
-3
-7
-2
-10
2
-1
-3
-6
3
2
3
9
2
3
6
12
10
14
13
13
7
5
13
19
19
11
8
9
11
3
9
1
8
18
2
6
1
6
5
13
6
1
11
-2
-8
4
-4
-2
0
-7
0
-5
-7
-9
-6
0
5
-6
-9
-1
2
3
-2
5
2
12
13
6
-1
1
13
13
5
2
0
2
-5
-2
3
-10
-10
-9
-13
-14
-11
-3
-12
-12
-3
-4
3
-6
-7
-1
-3
8
-5
-8
3
-6
-3
3
-5
-3
-4
-9
-7
0
-3
-1
-1
2
1
5
5
3
3
-2
2
-1
1
2
6
3
0
6
8
7
8
6
8
12
-5
-1
-3
-5
5
-2
-1
5
7
-7
-7
-8
-1
4
-6
-3
-2
2
-4
5
6
3
5
4
5
4
7
7
2
4
5
6
8
13
6
8
11
12
16
5
2
3
7
8
-3
-2
0
-7
-6
-2
-4
-6
-10
-9
-4
-6
-6
3
-3
-8
-6
-8
-9
-10
-19
-8
-12
-17
-8
-18
-25
-25
-19
-17
-21
-19
-22
-23
-18
-17
-11
-11
-8
-6
0
-8
6
2
-2
8
5
14
7
20
18
19
19
13
30
24
24
27
20
17
19
11
19
12
8
10
8
16
12
4
2
2
7
6
-1
5
-4
-6
2
-5
2
-3
-6
-2
-10
-6
-4
-9
-10
-4
-1
-9
-5
-8
-4
1
-1
-2
-8
-3
6
6
5
0
-2
-5
-3
-2
-3
-4
3
0
-7
-9
-7
-9
-12
-6
-2
-3
-8
-9
-13
-12
-4
1
-8
-2
3
-1
-8
-4
3
4
3
-3
1
3
10
13
3
7
11
13
6
12
10
6
14
10
12
4
12
4
-1
7
4
5
7
7
8
11
6
6
6
5
5
-2
5
1
1
6
1
1
-5
-4
-5
-11
-5
-15
-11
-2
-11
-11
-10
-18
-10
-12
-11
-8
-7
-3
-4
-10
-8
-5
1
-11
-7
-8
-4
5
-11
-7
-8
-6
3
-3
-4
-6
-11
2
-1
0
-4
-2
3
0
3
2
11
8
2
-2
3
0
1
-5
-13
-4
-6
-6
-7
-7
-8
-5
5
6
5
7
8
16
16
22
16
17
11
2
-4
1
7
-2
6
4
2
1
13
8
8
11
17
13
16
5
11
7
12
12
0
-2
-6
-6
-7
-7
-15
-14
-18
-10
-13
-10
-8
-8
-9
-11
-13
-8
-5
-9
-2
1
-8
-9
-2
-1
-7
-8
-3
0
-8
4
0
1
3
3
19
19
10
6
12
13
13
8
11
3
5
7
1
-6
-5
2
0
6
5
2
-1
0
13
10
0
7
8
3
1
-5
0
-1
-3
-6
-1
-7
0
5
5
-2
-2
-3
-5
6
7
-2
2
-1
8
3
2
1
-1
7
4
-3
-10
-1
-8
-7
-4
4
-5
-3
3
0
6
-2
-3
3
-2
-2
6
-4
2
4
4
4
1
-3
1
3
-3
5
-7
-9
-10
-6
-1
-4
1
-3
-8
-16
-14
-13
-9
-18
-13
-14
-20
-14
-13
-5
0
-4
-9
-6
-3
5
-1
-6
-2
-8
-4
-3
-4
-12
-6
-3
-4
3
-2
-6
-10
4
1
-1
0
-2
-1
0
-2
7
11
7
7
8
13
14
17
12
16
22
17
15
12
11
5
12
13
15
8
15
9
8
8
7
6
0
5
-1
-4
-1
7
3
-8
7
3
-4
7
0
1
1
-4
5
7
7
6
7
5
5
10
8
2
-3
1
5
1
1
1
-2
6
4
0
5
1
-3
-2
0
0
-6
-3
-1
-6
-11
-5
-3
-8
-8
-5
-11
-9
0
-3
-7
-16
-9
-4
-6
1
-2
0
6
-8
-10
0
-2
-6
-3
-2
-5
-8
-9
-8
-4
-8
-3
-5
-4
-5
-7
-5
-7
7
6
-3
8
4
5
0
0
0
-7
0
4
6
-8
3
3
0
-6
-7
-1
-9
-5
-5
-3
-9
-7
-3
-9
-7
-9
-11
-12
-15
-7
-13
-12
-3
-3
-5
-14
-8
-7
-12
-13
-9
-1
-5
-3
6
6
11
11
4
8
13
10
11
9
15
11
5
19
10
16
11
7
17
15
14
17
13
16
11
12
15
10
16
16
10
4
7
3
3
4
0
0
2
3
6
11
4
1
0
0
-7
-1
5
-10
-2
5
-9
-7
-5
8
7
2
0
3
-1
-9
2
0
2
-2
7
5
0
4
11
9
9
9
3
5
10
5
3
0
-6
-8
-10
-11
-14
-15
-19
-14
-12
-18
-13
-17
-13
-17
-13
-11
-11
-19
-16
-13
-21
-19
-18
-11
-11
-7
-10
-12
-5
-7
-4
-5
-4
0
3
5
5
5
15
0
1
-1
4
2
-3
0
0
-1
-4
3
0
0
6
3
-1
8
8
9
5
7
8
3
4
7
-1
2
14
1
2
2
5
4
0
9
7
6
6
7
9
2
4
-2
5
6
3
8
7
4
-2
6
4
3
8
5
5
6
4
9
3
9
12
3
7
9
8
5
4
5
-3
-1
2
-1
3
0
1
6
8
6
2
1
-8
-2
3
-2
3
-2
1
2
0
-1
-5
-6
-3
-6
-6
-2
-7
-8
-10
-9
-4
-4
2
-4
-9
-2
-7
-9
-7
-17
-10
-5
-10
-10
-7
-3
-12
-4
-5
-6
1
-1
-1
5
6
9
7
9
5
1
0
2
-4
-4
-3
-4
-10
-14
-7
-6
-2
-6
-4
-2
3
7
4
4
5
13
7
0
4
2
-2
-5
-5
-10
-7
-9
-15
-4
-3
-2
-1
-6
-3
-4
-1
-2
-6
-7
-7
-6
-7
-8
-4
-6
-10
-8
-7
-13
-1
-8
-8
-1
-1
6
0
4
4
5
4
7
17
12
13
16
17
16
17
28
25
15
21
21
22
19
22
20
21
21
19
16
8
13
10
5
-3
6
1
0
-1
-3
4
-2
1
-5
-4
-4
-10
-13
-13
-17
-11
-12
-15
-14
-12
-18
-17
-19
-19
-18
-16
-5
-14
-10
-7
-6
-1
-3
-9
-9
-5
-8
-1
-4
-5
-7
-4
4
1
8
7
7
5
7
5
5
13
7
6
6
2
4
-1
-7
-7
-10
-3
-7
-7
-3
-8
0
-5
1
2
3
4
3
3
1
3
-3
3
3
-2
2
5
8
0
2
4
6
9
5
7
2
3
9
15
15
11
14
15
12
10
6
-2
6
-2
4
5
8
4
-3
-1
-3
-1
-8
-7
-5
-3
-7
1
-6
-9
-2
-13
-8
-4
0
-9
-10
-6
-12
-9
-9
-8
-9
-8
-5
-3
-9
-11
-11
-14
-18
-11
-9
-4
-8
-12
-7
-12
-5
-3
0
-4
-2
0
2
6
2
3
0
4
1
4
10
3
8
6
3
7
7
8
10
4
5
14
8
7
6
0
4
6
6
12
3
8
-1
2
4
4
2
2
17
7
12
9
5
10
9
7
5
0
-1
7
0
-1
-3
1
4
1
1
-1
2
-1
-1
2
-5
-3
0
0
0
2
-2
-7
-7
-7
-7
-4
-1
-8
-6
-4
-6
-4
-7
-7
-3
1
2
1
7
6
2
1
1
-3
-4
2
-1
-6
-5
-10
-4
-3
-4
-9
-4
-8
-9
-6
-6
-4
-10
-5
-5
-5
-4
-3
-2
-9
-7
3
-2
8
15
7
10
13
3
10
15
7
6
8
6
1
-1
6
4
-1
6
6
6
3
7
4
9
9
5
3
1
-1
0
-3
-3
-3
-6
-4
-2
-3
-6
-5
-3
-9
-10
-3
-3
-4
-7
-4
-4
-4
2
-2
-8
-4
-6
-4
-7
-3
-6
-7
-8
-10
-7
-6
-10
-11
-12
-13
-3
-4
4
1
1
6
6
6
7
9
5
4
8
11
6
5
8
8
6
6
10
6
4
11
8
4
9
1
0
0
-4
6
7
2
1
2
0
-4
-4
-3
-7
-6
-5
-4
0
-3
-3
-7
-4
-2
-7
-3
4
-3
6
4
6
8
5
9
11
18
7
8
13
9
14
16
10
6
5
4
0
-1
-1
-9
-1
-4
-6
-4
0
-5
1
5
-4
-2
-4
-10
-11
-2
-10
-5
0
-6
-3
-1
-3
3
6
-3
-4
1
-3
0
2
2
1
2
1
-4
5
3
-3
-1
3
-5
-8
0
-2
-4
-4
-3
-6
-2
4
0
-1
0
-1
-2
-1
-5
-5
-4
-3
-4
-1
-6
-6
-3
-2
-6
-1
6
1
-2
1
-2
-2
0
-7
-1
0
-4
-10
-10
-15
-10
-5
-9
-3
-3
1
3
8
6
8
7
6
8
12
13
8
13
9
5
14
16
3
4
9
8
8
7
4
6
-1
-3
-1
-9
-7
-4
-9
-12
-13
-15
-11
-10
-12
-9
-8
-12
-6
-3
-5
-2
5
-2
-3
3
4
-3
4
10
2
9
5
8
3
5
11
11
13
4
10
8
7
7
7
6
1
-1
-1
1
4
7
3
8
3
6
2
1
-2
-11
-8
-3
-3
-10
-5
-1
2
-4
-6
1
-1
-3
0
-2
3
-4
-5
0
1
1
3
-1
-3
-1
-8
-3
-4
-2
-3
-1
-2
-5
-4
2
-1
-3
1
1
0
1
4
0
3
4
-4
4
3
0
0
-1
-1
-1
-1
2
1
-4
-5
0
-4
-11
-3
-6
-6
-4
2
-2
-3
-1
-3
0
0
4
9
4
3
2
-3
2
2
4
2
6
9
4
3
4
4
-1
-2
0
-4
0
1
3
2
1
5
4
8
15
6
9
11
7
7
2
2
7
0
-1
5
-4
0
-4
-4
-6
-11
-9
-7
-9
-10
-7
-7
-4
-9
-4
-7
-7
-7
-7
-7
-6
1
-3
1
3
-2
5
2
0
2
3
-3
-2
2
-2
1
1
6
0
-5
-4
-8
-9
-8
-7
-4
-7
-7
-8
-8
-7
-9
-8
-8
-5
-4
-7
-7
-9
-10
-11
-3
-4
-10
-5
-5
1
7
5
10
13
14
24
24
18
23
25
30
27
27
30
28
27
24
20
21
22
17
17
14
10
7
8
5
0
4
2
-5
0
-3
-8
-6
-4
-3
-5
-9
-8
-9
-13
-12
-16
-19
-18
-18
-20
-15
-17
-9
-8
-5
-8
-9
0
-6
-5
-4
-3
-6
-4
-5
-9
-9
-5
-1
-9
-5
-6
-4
-1
-13
-6
-5
-4
-6
-7
-3
-5
-3
-3
-7
-9
-10
-14
-15
-18
-19
-11
-11
-13
-10
-10
-11
-8
-8
-8
-8
-9
-4
-5
-1
3
6
2
7
11
9
11
15
17
13
9
9
13
12
13
17
16
20
15
19
12
8
10
9
14
10
18
11
8
12
13
13
5
5
7
4
6
5
-1
-3
-1
-3
-2
3
2
1
2
4
-3
0
6
-3
0
-2
-3
-3
-2
-7
-10
-8
-10
-8
-3
-4
-7
1
-2
0
5
5
6
9
10
9
10
6
-2
0
6
-1
-3
3
-2
-3
2
-2
-3
-4
-5
-7
-3
-6
-8
-9
-5
-11
-9
-8
-9
0
-3
-1
-3
0
0
-2
-5
0
4
0
1
0
2
0
0
1
4
3
1
3
1
-4
1
0
1
1
0
5
1
4
2
1
3
2
-2
-3
1
-1
1
-3
-4
-4
-5
-9
-6
-9
-15
-13
-15
-21
-18
-14
-10
-9
-9
-4
-7
-1
-2
-1
-5
-9
-3
-6
-5
-4
2
3
1
5
7
9
15
13
11
15
13
11
11
18
16
14
15
17
15
15
9
5
5
2
2
2
-1
1
0
2
1
-3
0
1
-5
-4
-6
-8
-7
-8
-9
-11
-9
-5
-5
-8
-3
-5
-2
-1
-3
-2
5
0
3
7
5
4
7
6
8
6
5
2
0
4
-2
-1
-3
-1
-4
-2
3
-1
3
5
-1
1
4
3
1
-5
-4
-8
-4
-5
-5
-7
-9
-12
-8
-7
-12
-9
-4
-3
-3
5
5
8
7
2
7
5
7
5
2
0
3
2
2
0
1
-3
2
4
4
4
1
4
5
-2
-4
-2
1
-3
-3
0
4
1
-2
-2
-8
-1
0
-3
-4
-4
-2
-5
-4
-5
-3
-5
-5
-6
-6
-5
-5
-6
-5
-6
-5
-7
-10
-6
-4
-4
-5
1
2
2
2
6
9
13
10
9
15
11
5
12
14
5
9
10
0
2
2
-1
0
6
4
-3
3
0
1
1
-1
3
-2
0
-3
0
1
1
5
3
2
-2
3
2
3
0
0
-1
-6
1
0
-1
2
3
4
1
8
0
0
2
3
2
-4
2
3
0
-1
1
0
-6
0
-1
-3
-2
-4
-3
-7
-2
-6
-11
-5
-7
-5
-8
-4
-3
-4
-1
-8
0
-1
-2
-2
-3
0
1
1
3
2
3
0
-2
6
4
1
7
3
3
2
5
-1
1
7
-4
2
2
3
1
-1
0
5
4
4
0
2
3
6
3
-1
0
2
-4
-8
-6
-6
-6
-10
-9
-7
-10
-7
-9
-11
-8
-4
-4
-4
-5
-6
-8
-1
4
-1
-4
-4
-1
-2
0
-3
-3
0
5
6
1
3
8
9
7
5
10
4
7
9
7
6
5
9
7
11
7
7
3
2
9
3
1
3
1
-5
-2
-6
-6
-7
-7
-4
-4
-8
-8
-2
-8
-12
-8
-7
-7
-4
-9
-12
-1
-1
2
3
1
6
1
2
5
3
-3
6
8
-1
2
5
5
5
7
9
6
3
4
6
1
4
10
4
9
8
9
9
10
9
7
1
1
-4
-6
-3
-14
-10
-7
-11
-13
-10
-7
-10
-10
-9
-4
-10
-5
0
-3
-1
-2
7
6
5
7
2
6
5
4
5
1
1
3
5
5
2
-1
-2
1
-1
-2
-1
1
-1
-2
1
-4
-3
0
2
-1
2
4
-3
-1
-2
-4
2
-4
-1
-1
-4
-2
-1
2
0
1
4
0
4
5
4
4
-1
4
2
-2
1
1
5
2
4
4
1
8
10
12
8
8
9
1
-1
-2
-3
-4
-9
-10
-10
-13
-10
-12
-15
-6
-11
-11
-5
-7
-5
-6
0
-3
-1
1
3
6
6
6
6
2
4
5
-1
-4
1
4
0
0
1
4
-4
-4
-2
-1
-2
-3
-4
-2
-2
-3
-2
-4
-1
-1
-4
-4
-2
-8
-10
-10
-8
-10
-9
-3
-3
-5
-4
-2
-5
2
5
6
4
6
4
2
3
1
1
7
10
10
8
4
7
8
7
2
7
3
5
5
5
8
10
9
1
3
0
0
4
2
4
7
5
6
9
3
5
7
3
1
0
-3
1
0
0
5
-4
1
3
-2
3
3
3
4
4
5
2
2
5
3
-1
-1
-3
-3
-5
-2
-3
-3
-1
0
1
2
-1
5
3
-2
-2
-4
-9
-8
-9
-11
-6
-9
-7
-7
-6
-6
-3
-4
-3
-1
-4
1
0
0
-4
-4
-1
-2
-4
-5
0
3
4
3
4
4
3
6
8
5
9
8
8
6
4
8
5
4
0
-3
1
-1
-2
4
-1
0
0
0
-1
-1
-3
-2
0
-7
-9
-7
-10
-11
-9
-12
-10
-10
-7
-9
-6
-5
-6
-8
-3
-6
-6
-8
-8
-2
-4
0
-1
-2
-6
-7
-6
-11
-7
-9
-11
-7
-8
-9
-8
-7
-2
0
-2
1
8
5
6
9
8
8
7
7
5
5
9
11
6
8
9
8
8
6
9
12
14
9
10
8
12
12
11
13
10
10
12
9
8
11
9
10
7
8
11
4
2
2
-2
2
-2
-2
-4
-3
-2
1
2
-2
1
0
-2
-4
-1
-4
-5
-2
2
-4
2
3
6
3
2
7
1
6
5
2
0
3
3
-2
2
0
-1
-4
-1
-4
-3
0
-6
-9
-6
-11
-15
-17
-19
-23
-20
-20
-22
-18
-19
-19
-21
-14
-18
-17
-16
-13
-13
-17
-14
-10
-9
-8
-8
-7
-6
-3
0
-1
-1
2
10
8
11
10
11
15
12
16
18
15
17
15
15
17
9
10
15
13
9
13
13
13
9
10
9
8
7
10
11
8
8
7
7
4
7
6
3
3
2
4
5
-1
5
5
2
2
1
-5
0
-4
-5
-7
-4
-5
-8
-3
-5
-6
-3
0
-1
0
0
-3
-6
-6
-8
-5
-6
-8
-7
-7
-9
-9
-9
-12
-11
-12
-17
-14
-15
-11
-6
-8
-3
0
-2
-4
-2
-5
-6
2
1
1
1
-2
-3
-5
0
4
0
0
2
6
10
12
11
11
12
15
9
5
4
7
6
5
2
-2
4
6
10
-2
3
9
5
12
6
6
11
9
8
9
2
6
8
1
-2
3
6
3
2
-5
-2
0
2
4
-1
-1
-9
-5
-5
-2
-6
-2
1
-1
2
-1
-3
-4
-3
-4
-5
-6
-11
-8
-8
-9
-9
-9
-11
-7
-5
-12
-8
-5
-7
-3
-3
-7
-2
-3
-4
-4
0
-1
0
-1
-4
-6
-5
-10
-13
-4
-4
-6
0
5
-2
1
2
0
-1
-2
5
4
7
1
1
6
1
4
2
3
2
3
4
-1
3
4
6
10
12
13
13
10
8
5
6
4
1
1
-4
-3
-7
-4
-4
-3
-3
-2
3
0
3
4
11
9
10
10
6
7
7
1
3
6
-1
2
-2
0
-1
-5
-3
-1
1
0
2
-4
1
-2
-1
2
-1
-2
0
2
-8
-4
-8
-7
-7
-13
-7
-6
-8
-9
-10
-10
-7
-7
-9
-7
-7
-8
-5
-5
-1
-6
-1
1
1
4
2
2
1
7
7
6
5
5
7
8
8
8
7
11
14
8
11
12
13
15
13
12
11
9
6
9
2
6
8
3
3
2
6
8
7
2
6
-1
-2
-1
-2
-3
-6
-7
-12
-5
-11
-7
-4
-6
-10
-9
-5
-8
-10
-12
-14
-14
-13
-12
-9
-10
-8
-8
-5
-9
-4
-4
-5
-4
-3
-2
-2
3
0
-3
-2
0
0
-1
-7
-6
-8
-13
-11
-11
-10
-9
-10
-9
-7
-5
1
-3
2
4
2
3
4
5
8
7
-1
2
2
-1
2
6
2
5
3
2
5
5
4
1
3
8
6
9
5
10
13
9
13
10
13
11
12
16
11
10
12
6
7
7
1
2
8
4
7
8
7
5
7
8
5
9
7
6
5
1
0
3
0
-3
1
5
2
4
4
1
-1
1
-2
-3
1
-1
1
-3
0
-4
-5
-6
-1
9
1
-7
-16
-19
-12
-14
-9
-6
-9
-14
-15
-12
-11
-12
-19
-20
-21
-16
-5
-8
-8
-8
-10
-6
-2
-1
-1
-2
-4
-1
-1
-2
-4
-2
-1
-2
-2
0
-1
-1
3
6
1
3
7
5
6
6
5
6
6
11
8
4
10
1
-3
2
3
5
6
5
8
7
9
8
4
4
-2
-3
-3
-4
-1
-3
-10
-8
-8
-16
-12
-12
-12
-13
-7
-11
-10
-10
-15
-15
-14
-11
-11
-8
-9
-6
-4
-2
-1
3
3
2
0
3
1
6
9
13
11
11
15
12
16
11
8
12
17
16
18
14
12
13
15
16
20
13
11
13
10
11
8
10
3
7
11
13
10
12
13
5
7
8
1
3
4
0
3
-1
-1
-1
-3
-2
-1
-5
-6
-4
-7
-8
-9
-6
-7
-6
-6
-7
-3
0
-5
-8
-6
-7
-6
-6
-7
-9
-7
-9
-10
-11
-5
-11
-15
-13
-17
-12
-14
-12
-12
-12
-8
-6
-6
-9
-9
-7
-7
-8
-5
-8
-9
-7
-5
-5
-4
-3
-1
1
0
7
5
5
7
4
2
3
4
0
-1
1
0
-1
3
-1
5
6
4
7
4
8
8
9
9
9
7
8
8
7
2
1
0
-3
-2
-4
-3
-3
-1
-6
-4
-6
-5
-4
-1
-4
2
6
1
11
7
13
11
9
10
9
6
3
7
3
5
2
1
4
0
5
4
5
2
4
6
7
4
6
10
4
2
4
3
1
1
0
-2
-1
-4
-6
-3
-8
-9
-7
-4
-4
-3
-1
-3
-6
1
0
0
-2
-3
3
0
7
5
8
5
4
4
2
1
-3
3
4
6
6
2
4
2
1
3
0
-1
1
2
-4
-4
-2
-6
-4
-4
-8
-7
-11
-14
-16
-13
-14
-14
-12
-7
-7
-8
-7
-8
-12
-13
-9
-9
-11
-12
-6
-5
-4
-2
0
-1
-3
1
0
2
4
4
2
5
10
5
4
0
4
6
1
5
5
9
9
3
5
7
3
6
0
5
4
5
3
4
3
3
4
-1
-1
-4
0
-4
-4
-5
-7
-8
-12
-10
-8
-11
-9
0
-4
-3
3
1
-4
3
5
1
9
12
14
13
13
14
12
15
9
9
16
14
12
12
13
15
10
6
8
8
4
2
3
-1
0
2
0
-2
-4
-1
1
0
1
-4
-6
-7
-4
-9
-11
-16
-12
-11
-21
-16
-10
-14
-16
-17
-9
-7
-13
-12
-9
-4
-4
-1
-1
0
2
-1
1
0
2
2
1
3
3
0
4
5
4
5
4
6
6
6
11
10
11
12
7
9
9
12
10
5
3
3
1
2
0
-3
-4
-5
-8
-6
-4
1
0
-1
-1
-2
0
1
-1
-4
-8
-8
-3
-3
-3
-3
-2
-2
2
2
2
6
4
3
2
4
5
4
1
1
1
0
-3
0
5
-2
-2
2
-2
3
-2
0
5
5
-1
-5
2
4
4
-1
2
1
-3
1
1
-4
-6
-6
-8
-10
-13
-9
-10
-10
-4
-7
-6
-5
-2
-3
-5
-2
1
5
4
0
5
4
-2
0
3
-2
-2
1
1
-1
-2
0
-1
2
2
5
6
4
8
4
4
8
6
5
0
1
-2
0
0
1
-2
-4
-1
-3
-2
-2
-2
-5
-3
-3
-7
0
1
-8
-5
-5
-4
-9
-9
-6
-10
-8
-3
-7
-6
-4
-8
-6
-5
0
-3
3
3
1
7
0
3
1
6
7
0
2
2
1
0
2
3
5
11
12
13
10
7
12
7
5
7
6
3
2
1
2
-1
-4
9
0
1
0
1
3
0
4
6
7
2
1
6
2
2
2
2
3
0
1
6
7
4
5
13
13
8
6
8
6
6
-1
-2
1
-3
-2
-1
-2
-2
-6
-4
-3
-7
-2
0
-4
-4
-1
2
-3
-1
-5
-6
-4
-5
2
-3
-5
-5
-4
-4
0
1
-1
0
2
-2
-1
2
4
1
0
2
-1
-1
-4
-6
-4
-7
-9
-7
-7
-10
-12
-12
-9
-11
-9
-4
-10
-8
-7
-11
-7
-3
-4
-6
-6
-4
-9
-6
-4
-12
-7
-7
-7
-11
-5
-5
-5
1
-2
1
-1
1
0
-1
1
1
2
5
2
1
1
5
3
9
0
4
5
8
7
5
4
8
6
6
7
2
8
5
6
7
5
7
8
10
9
8
6
5
5
0
1
2
3
3
3
4
7
7
5
10
10
9
8
6
7
5
6
5
4
4
5
1
2
1
-2
-3
-2
1
2
2
3
-2
2
4
4
6
2
3
3
2
-3
-2
0
-4
-2
-5
0
-8
-3
5
-1
-1
4
3
1
1
0
3
0
2
3
3
-1
2
0
-4
-1
0
-1
1
1
0
-4
1
-2
-7
-4
-3
-1
-5
-4
-5
-5
-8
-8
-8
-6
-5
-4
-5
-4
-4
-9
0
-6
-1
-3
-1
-3
-7
-11
-14
-12
-10
-13
-10
-13
-13
-13
-18
-15
-14
-12
-12
-10
-7
-6
-5
-1
-3
0
-2
-1
-2
-3
-1
4
3
1
3
4
1
2
4
6
4
1
7
4
3
3
8
6
8
12
12
12
13
12
14
10
9
10
11
12
6
11
12
6
5
3
6
3
3
8
5
-2
2
-1
-3
0
-1
-2
-3
0
0
3
-1
1
9
8
7
6
8
9
4
9
8
6
7
11
9
10
10
9
6
6
7
4
6
2
2
-6
-4
-3
-6
-6
-7
-9
-12
-8
-8
-11
-15
-18
-13
-17
-10
-6
-13
-9
-8
-8
-8
-9
-5
-4
-8
-10
-8
-3
-8
-2
1
2
-1
-2
-3
-4
0
-3
-3
0
1
-5
-3
-3
-4
0
-2
-3
0
-3
-3
0
-5
-1
5
0
-2
-2
0
2
-3
-1
1
-4
-3
-7
0
0
-4
4
5
5
6
6
9
6
7
7
9
11
10
10
10
13
9
10
13
7
4
9
9
7
6
7
7
6
7
8
2
3
-3
-4
0
-6
-5
-6
-8
-9
-3
-4
-7
-6
-6
-5
-8
-3
-9
-9
-3
-1
-2
-5
-2
-6
-6
-4
-2
1
1
1
3
5
4
0
1
0
-1
0
2
5
3
5
5
3
0
6
7
4
2
6
7
-1
1
5
3
-3
-3
4
1
-9
-4
1
-5
-8
-7
-3
-3
-7
0
1
0
-3
-4
-4
-4
-5
-8
2
0
-8
-4
-3
-10
-5
2
-2
4
0
0
-3
0
0
0
6
1
2
6
2
0
1
-2
2
3
7
13
7
12
12
9
11
10
9
7
5
9
4
3
5
1
2
1
-1
0
1
-3
-3
1
-3
-4
-8
-8
-12
-11
-12
-11
-4
-9
-12
-8
-10
-16
-12
-8
-7
-3
-3
1
-5
-7
-1
-3
-4
0
4
3
3
3
3
5
-2
1
4
2
3
3
5
1
1
1
-4
-8
-1
1
-3
0
0
-5
-3
-2
-8
-6
-8
-6
-3
-6
0
0
1
2
9
4
6
12
5
6
9
6
5
8
8
9
8
7
5
6
3
4
11
9
3
6
10
4
1
1
1
0
1
0
3
1
3
1
2
2
-7
-4
0
0
-2
4
1
-4
-4
-2
0
0
-1
4
6
-6
-3
2
-2
-4
1
5
3
9
11
3
8
11
5
4
10
10
8
7
5
0
0
1
-1
0
-3
-1
-2
4
-2
-4
1
-5
-4
-4
-4
-10
-10
-5
-11
-18
-14
-14
-14
-14
-20
-8
-8
-13
-9
-8
-7
-10
-7
-4
-7
-10
-8
-6
-9
-3
-5
-2
-8
-10
0
0
-6
-3
10
3
2
10
10
5
9
8
7
6
3
0
2
0
-4
1
4
-4
-3
6
5
4
11
6
1
4
4
2
3
7
4
5
9
0
1
2
5
-5
2
3
-3
1
6
6
2
1
4
1
-2
1
5
-1
-5
-9
-3
-8
-11
-8
-8
-10
-9
-7
-6
-10
-2
2
-7
-2
-3
-3
-3
-4
2
4
1
8
10
3
0
-1
6
7
5
11
12
10
11
18
16
11
10
19
11
5
15
9
-1
-3
6
-3
-9
-7
-1
-5
-7
-3
-2
2
-1
0
1
-3
1
5
0
5
-1
5
3
-1
7
5
2
6
5
-1
-3
-1
-4
-6
-14
-11
-9
-9
-8
-1
-9
-11
-1
-10
-9
-6
-11
-14
-10
-9
-14
-5
-11
-13
1
-8
-8
-3
1
-3
6
-1
2
1
1
4
3
10
6
4
8
5
2
5
6
7
5
7
14
9
7
9
13
10
8
5
6
8
0
1
5
-6
-5
-4
-1
-6
-8
1
-5
-5
1
-7
-4
-1
2
2
4
6
2
0
1
0
-4
-7
-6
-6
-10
-4
-3
-5
1
0
-6
-3
4
-8
-8
8
14
5
7
11
9
2
6
11
4
-4
1
11
4
-1
-1
1
-12
-19
-3
-10
-17
-8
4
-2
-11
-12
-5
-13
-15
-11
-17
-17
-10
-8
-3
-5
-4
4
-1
-3
2
1
3
10
3
5
10
11
9
7
19
20
15
20
18
20
17
12
14
24
10
9
26
11
-4
3
2
2
0
2
3
7
11
12
14
5
3
-2
4
-3
-5
-3
-3
-17
-16
-8
-15
-28
-16
-21
-27
-24
-11
-3
-19
-11
-2
-5
-15
-11
4
-4
-11
6
1
-10
-22
-14
-10
-39
-29
3
4
-6
16
32
10
-14
12
12
-14
-5
13
17
3
17
40
15
-11
12
21
-11
-23
14
24
-17
-13
32
6
-20
13
33
5
10
31
16
-6
-10
-2
1
-12
-11
13
7
-21
-11
14
-3
-34
4
18
-21
-7
25
29
4
10
8
4
-12
-13
3
10
7
-10
-6
-11
-18
-22
-14
-8
-6
7
8
13
-7
2
15
-11
-14
0
2
-20
-22
8
18
-15
-14
2
-8
-22
-6
11
-7
-9
12
15
14
-6
4
8
-13
-32
-18
-20
-29
-19
-6
-3
-12
9
16
-19
-13
-6
-19
-39
-29
-13
-12
-9
-9
-19
-2
0
-22
-1
18
25
27
55
38
41
44
36
36
52
55
29
63
57
23
30
60
64
51
83
88
62
51
46
37
11
-18
-4
12
0
-25
-7
10
-18
-45
-30
-39
-58
-65
-73
-60
-77
-97
-108
-95
-116
-139
-123
-113
-126
-117
-91
-94
-80
-73
-76
-60
-51
-33
-29
-8
25
32
37
55
74
78
89
128
145
133
142
159
148
131
158
175
163
192
180
159
153
147
126
101
105
94
75
62
55
18
-9
-27
-43
-64
-78
-77
-102
-125
-155
-172
-218
-258
-339
-399
-451
-519
-516
-446
-383
-358
-259
-150
-122
-118
-109
-66
-16
17
91
168
210
195
199
213
180
135
198
265
254
263
360
429
402
378
394
365
317
291
299
313
322
361
356
319
305
289
247
190
186
187
153
104
73
-13
-157
-255
-346
-392
-368
-304
-281
-266
-236
-298
-597
-919
-988
-953
-1032
-961
-596
-338
-339
-238
-75
-84
-207
-127
76
96
95
252
448
418
267
270
310
180
21
129
236
244
324
460
507
491
559
521
383
320
299
278
315
366
346
332
277
117
-88
-161
19
170
159
233
385
359
138
24
8
-121
-232
-197
-155
-187
-211
-183
-166
-213
-305
-320
-266
-306
-345
-273
-240
-265
-262
-254
-377
-469
-468
-549
-661
-620
-462
-390
-297
-127
-37
-95
-109
-72
-158
-236
-149
-12
13
15
118
187
108
37
105
142
116
221
385
418
372
455
552
441
360
439
470
419
420
506
570
571
642
681
648
616
635
615
545
509
507
413
230
147
78
-130
-281
-337
-378
-419
-335
-264
-231
-440
-1118
-1599
-1546
-1604
-1876
-1498
-784
-628
-691
-372
-79
-313
-442
-173
55
52
84
456
717
564
321
431
518
139
-58
184
343
243
523
857
813
831
979
933
591
485
559
583
518
515
606
689
551
267
53
-107
-195
-199
-23
121
242
389
408
207
-58
-202
-282
-296
-351
-331
-271
-188
-109
-228
-182
-142
-127
-164
-175
-37
-121
-268
-371
-384
-537
-687
-681
-839
-1448
-1977
-1698
-1367
-1396
-1072
-265
169
15
81
316
257
28
150
378
426
370
411
512
302
-93
-121
140
11
-176
181
511
424
498
642
612
568
606
517
371
368
337
352
464
590
700
933
1120
951
884
808
656
507
530
537
460
525
511
356
104
-6
-135
69
269
362
575
902
781
352
0
-377
-783
-1110
-1126
-1015
-1349
-2282
-2881
-2554
-2470
-2814
-2351
-1099
-622
-842
-404
274
197
-145
140
521
306
-8
246
559
143
-281
117
542
185
9
493
854
691
636
927
1047
908
946
1200
1006
639
680
990
854
637
879
1181
1126
877
1072
1262
956
666
817
780
403
297
406
418
64
-121
96
82
-196
-300
-96
-36
-78
160
351
87
-442
-694
-1062
-1522
-1745
-1715
-1619
-2056
-3223
-3705
-3171
-3051
-3072
-2261
-1038
-555
-259
193
445
423
456
624
692
695
610
806
1052
727
405
530
796
565
415
637
761
887
1064
1069
1191
1459
1438
1307
1133
1098
1027
1097
1136
1122
1053
1080
1064
950
995
946
840
878
812
476
289
298
231
63
-84
-74
0
97
-39
43
391
380
455
590
301
-337
-734
-1030
-1468
-1663
-1708
-1507
-2421
-3793
-4105
-3787
-3994
-3996
-2529
-1395
-966
-499
164
225
-36
182
312
300
224
588
753
725
705
567
671
652
558
440
545
724
903
1099
1197
1560
1903
1858
1421
1347
1390
1026
1043
1524
1575
1251
1516
1956
1699
1272
1536
1499
1383
1202
1076
1007
659
378
31
-226
-559
-338
95
-95
-430
-124
323
-16
-160
-14
-200
-650
-1217
-1704
-2125
-2352
-2499
-3064
-4423
-5325
-4848
-4395
-4616
-3846
-1668
-586
-751
125
1346
1159
708
1450
1988
1424
1208
1780
1691
911
391
849
918
308
177
872
1024
805
1367
2011
2032
1660
2063
2173
1149
637
1081
1173
654
774
1015
925
719
569
634
594
613
875
1247
1045
682
803
875
299
-334
-291
-95
-1
-9
3
429
711
794
1021
968
428
-342
-947
-1681
-2079
-2244
-2264
-2523
-3906
-5450
-5325
-4804
-5319
-4893
-2832
-1196
-817
-291
664
1063
827
643
846
1009
615
561
1174
1444
695
656
1396
1088
187
204
882
1034
1139
1629
2094
2314
2342
2341
2001
1458
1320
1446
1736
1715
1622
1872
2078
1777
1466
1282
932
769
952
767
646
720
583
448
404
19
-394
-103
-76
-329
-205
337
699
871
725
259
-481
-1308
-1829
-2169
-2431
-2739
-2458
-3059
-5015
-5672
-4698
-4671
-5105
-3351
-1287
-863
-457
697
1369
1027
818
1077
1347
931
524
930
1228
541
98
663
728
86
-49
741
1168
1101
1430
2109
2120
1781
1772
1643
1109
501
536
996
1091
1180
1677
1859
1474
1323
1619
1325
1043
1330
1213
955
1136
1306
882
379
108
-121
-230
-123
107
204
401
726
1060
1135
638
31
-363
-1342
-2244
-2320
-2270
-2573
-3204
-4385
-5489
-5499
-5227
-5373
-4630
-2512
-1090
-769
143
1215
1132
875
1256
1414
854
734
1216
1149
570
303
693
823
473
224
666
1025
987
1326
1667
1814
2026
2390
2372
1800
1202
1286
1518
1180
1065
1451
1775
1679
1518
1376
1238
956
890
748
594
599
653
805
687
459
242
334
321
108
108
172
462
367
492
546
-42
-827
-1307
-1653
-2279
-2640
-2828
-2913
-4224
-5661
-5646
-4882
-4836
-4486
-2494
-795
-608
-428
537
1013
755
667
954
1155
825
973
1163
903
538
473
648
327
0
65
493
909
1167
1419
1729
2154
2472
2427
1891
1652
1683
1654
1484
1441
1663
2154
2037
1760
1653
1293
1209
1089
761
520
944
1244
859
708
518
38
-285
156
245
-101
147
557
726
632
221
-143
-462
-1316
-2284
-2330
-2334
-2915
-2630
-2929
-4718
-5614
-4876
-4686
-5181
-3910
-1562
-810
-738
398
1454
1141
1032
1508
1419
818
820
1300
1198
537
351
1044
1002
207
45
785
838
809
1462
1889
1832
1922
2450
1972
1166
1165
1541
1328
923
1153
1336
1384
1208
998
959
951
840
699
513
318
604
1053
861
518
635
524
-1
-62
73
106
112
485
705
605
530
86
-779
-1647
-2054
-2181
-2442
-2551
-2522
-3581
-5203
-5529
-4838
-4936
-4717
-2823
-1101
-741
-210
828
1415
1275
1080
1294
1286
1050
1031
1093
1017
659
800
969
832
576
522
860
1103
1388
1667
2055
2479
2542
2643
2259
1618
1441
1301
968
819
1089
1555
1634
1514
1119
755
602
357
-105
-155
247
208
289
626
283
-190
-254
-307
-622
-710
-378
60
182
399
592
249
-347
-1120
-1626
-2066
-2389
-2476
-2323
-2336
-3843
-5252
-4797
-4091
-4502
-3942
-1460
-40
-180
467
1947
1815
1026
1070
1450
1091
369
796
1068
562
163
735
949
421
354
725
896
865
1469
1726
1730
2012
2223
2063
1348
978
915
919
698
676
1032
1411
1420
1162
923
597
746
644
615
467
710
824
638
572
410
90
-205
251
499
190
198
589
649
291
457
330
-429
-1021
-1350
-1729
-2360
-2807
-2687
-3154
-4975
-5691
-4685
-4157
-4575
-3583
-1106
-30
-298
457
1820
1617
675
1069
1567
686
225
836
1080
540
544
1024
1230
845
509
647
770
1036
1281
1630
2173
2308
2434
2312
1663
1226
1127
1281
905
924
1309
1659
1707
1306
851
545
510
342
-110
-1
533
734
620
675
301
-161
16
-4
-408
-610
-213
-108
90
421
178
-383
-1101
-1419
-1979
-2522
-2494
-2234
-2162
-3734
-5245
-4805
-4159
-4614
-4503
-2514
-790
-387
355
1499
1734
1613
1661
1464
979
479
658
652
401
334
358
622
664
461
327
548
807
1275
1626
1791
1981
2363
2682
2068
1694
1745
1350
988
1140
1207
1106
1374
1541
1177
614
438
838
419
-34
4
377
782
234
423
501
162
237
385
231
-20
144
493
670
224
-105
-550
-1246
-1715
-2070
-2485
-2515
-2308
-3087
-4783
-5376
-4508
-4396
-4731
-3731
-1504
-290
-283
611
1704
1822
1389
1349
1506
997
554
981
1100
459
185
513
669
501
284
216
976
1540
1731
1890
2304
2343
2472
2371
1449
1287
1391
1118
827
1055
1495
1724
1985
1807
1309
919
707
460
344
147
125
610
636
639
102
-189
102
145
-308
-551
76
154
328
267
114
-294
-1125
-1744
-2435
-2681
-2986
-2728
-3176
-4864
-5641
-4849
-4659
-5133
-3860
-1887
-913
-321
582
1407
1434
1170
1352
1475
1002
707
870
1052
664
419
711
872
563
124
711
1081
1338
1398
1822
2190
2183
2319
2306
1861
1174
1506
1099
757
840
1145
1470
1438
1130
1019
767
490
357
350
395
560
1012
789
707
228
309
215
-213
-163
-87
371
138
461
831
357
-215
-763
-1229
-1993
-1956
-1971
-1842
-2197
-3910
-4773
-4270
-4159
-5095
-4282
-1789
-517
-655
-62
1580
1925
985
1015
1548
1018
408
593
979
357
-405
251
929
6
-652
-15
581
622
785
1674
2201
2714
2780
2540
1720
1171
1309
1218
714
482
1268
1744
1728
1352
1180
767
353
210
456
386
46
659
1143
888
514
316
485
731
-81
-574
-163
113
-93
133
422
-273
-939
-1188
-2120
-2969
-2602
-2471
-2867
-4285
-5563
-5483
-4566
-4533
-4758
-2770
-621
-95
134
1227
1904
1685
1590
1761
1731
1379
1417
1419
1123
459
654
1013
708
199
272
742
1145
1352
1467
1956
2283
2554
2802
2467
1445
1245
1611
970
377
719
1252
983
703
781
578
232
33
430
839
594
654
884
858
288
121
205
-173
-408
-412
-115
-236
45
270
162
-512
-1526
-1287
-1391
-2264
-2535
-1989
-1818
-3555
-5070
-5140
-4942
-5696
-5583
-3429
-1572
-1234
-463
1484
2032
1228
1414
2120
1520
708
1050
1248
778
454
931
1300
736
480
956
1001
706
1110
2000
2395
2543
3265
3880
3135
2150
2094
1985
1123
892
1635
1795
1586
1870
1659
971
674
660
295
24
332
599
422
199
370
196
-218
-320
-217
-411
-428
-270
3
169
-21
-722
-1621
-1828
-2462
-2955
-2886
-2808
-2759
-3451
-5267
-5660
-4909
-4906
-5158
-3865
-1741
-759
-393
793
1909
1813
1639
1687
1887
1370
807
811
773
708
437
575
749
431
170
344
574
878
1351
1734
2187
2696
3190
2632
1842
1645
1645
1219
1106
1278
1433
1843
1955
1779
1730
1524
901
682
722
712
587
774
1105
1026
867
379
461
537
118
-141
59
474
334
-118
-245
-984
-2025
-2190
-2340
-2840
-3272
-2869
-2972
-4863
-6460
-5650
-4775
-5811
-5408
-2771
-1005
-1386
-768
1124
1047
740
1504
1975
1050
437
1082
825
225
49
703
1079
719
360
1059
1536
1597
2186
3006
3193
3087
3927
4164
3078
2073
2264
2351
1713
1490
2095
2578
2116
1903
1736
1373
739
465
757
920
702
628
924
802
471
-128
-230
-238
-489
-634
-549
-303
-364
-437
-920
-1912
-2838
-2731
-2557
-3274
-3432
-2721
-2811
-4738
-6251
-5645
-5281
-5789
-4937
-2765
-1420
-1143
110
1603
1709
1144
1375
1929
1444
722
1141
1608
1060
597
1133
1393
594
167
849
863
497
1296
2442
2745
3028
3670
4213
3203
2080
1964
1664
1133
721
1403
1953
2089
2037
1748
1307
749
220
-36
205
569
602
667
754
314
-30
242
612
207
-228
-64
364
35
-255
-653
-1386
-2057
-2423
-2624
-3018
-2980
-2735
-2776
-4483
-6345
-5983
-5124
-6012
-5968
-2890
-884
-1178
-386
1637
2008
1219
1607
2280
1552
1045
1402
1350
951
669
848
1219
991
463
635
1095
1066
1490
2305
2881
3170
3789
3981
3024
2348
2372
1963
1176
941
1401
1679
1406
1382
1306
880
411
155
31
-383
-113
467
561
712
712
709
278
-9
-81
-708
-711
-113
37
-300
-645
-1450
-2074
-2246
-2459
-2901
-2818
-2267
-2254
-3985
-5831
-5385
-4897
-5953
-5817
-3062
-1030
-1256
-481
1518
2058
1162
1542
2274
1693
830
1180
1588
1112
732
1119
1341
813
306
476
1037
1192
1491
2340
2950
3299
3775
4098
3164
2354
2506
1877
1079
1462
1735
1769
1876
1948
1601
867
410
-29
-360
-207
224
556
912
1117
1090
738
277
232
-390
-840
-833
-498
-24
-333
-889
-1594
-2386
-2864
-3068
-3190
-3337
-3114
-2817
-4118
-6129
-6037
-5335
-6111
-5765
-3451
-1664
-1279
-183
1064
1495
1794
2149
1938
1659
1804
1489
1260
1048
928
823
1023
1241
877
571
765
942
1250
2039
2337
2731
3824
3997
3011
2470
2471
2138
1364
1153
1180
1431
1930
1997
1623
1513
1402
796
504
586
622
841
1110
1160
1076
756
585
813
484
-159
-478
-35
113
-513
-1137
-1423
-1787
-2235
-2443
-2538
-2587
-2659
-2511
-3608
-5834
-6420
-5662
-5803
-6529
-4526
-1270
-948
-1255
575
1955
996
526
1710
1693
516
822
1904
1392
313
737
1461
1199
503
322
838
1164
1279
1796
2771
3161
3461
4102
3737
2318
2016
2238
1502
724
1141
2066
1774
1501
1608
1232
538
30
-90
-160
-114
61
911
1348
999
714
655
451
-178
-399
18
426
168
292
171
-692
-2045
-2598
-2615
-2794
-3118
-2952
-2136
-2997
-5422
-6393
-5330
-5339
-6169
-4643
-1659
-1101
-1329
473
1933
1358
1223
1928
1944
1315
1056
1242
955
634
575
522
660
357
-127
-196
181
770
1264
1944
3028
3708
3902
3866
3125
2459
2254
2176
1758
1481
1701
1929
1865
1398
915
810
599
703
617
817
1200
1305
1477
1366
1191
674
715
787
243
87
517
642
-291
-871
-1073
-1959
-2754
-2802
-2628
-2730
-2548
-2664
-3306
-5127
-6492
-6297
-5701
-5890
-5006
-2379
-838
-735
-145
1307
1578
987
884
1464
981
522
1342
1287
262
152
1188
1077
-103
-492
296
598
576
1533
2499
3131
3609
3889
3897
3235
2381
2325
2485
1729
1274
1944
2486
2126
1657
1857
1761
851
97
305
611
773
1024
1679
1983
1165
505
478
243
-695
-1177
-155
351
108
-252
-945
-2064
-2464
-2794
-3523
-3444
-2633
-2486
-3034
-4150
-5870
-6234
-5773
-6135
-6253
-3530
-927
-1067
-715
1168
2015
1156
1300
1798
1052
579
1254
1184
314
263
868
1301
843
367
162
695
1079
1182
2175
3219
3798
4126
4598
3694
2424
2400
2216
1221
583
1588
1986
1656
1596
1424
1108
687
174
-79
123
353
896
1455
1815
1540
963
879
717
49
-360
-376
165
19
-865
-1035
-1457
-2429
-2929
-2765
-2776
-3154
-2598
-2322
-3303
-5087
-5813
-5456
-5711
-5941
-4878
-2491
-1401
-996
367
1518
1772
1509
1704
1721
1421
1011
1254
1364
988
737
1119
1398
285
153
604
801
977
1822
2388
2543
3554
3998
3338
2524
2477
1967
1416
1326
1078
1021
1534
1854
1505
1049
877
713
90
-21
25
227
809
1204
1499
1458
1108
831
734
203
-343
-69
335
55
-717
-1226
-1631
-2253
-2669
-2653
-2492
-2513
-2719
-2514
-3405
-5614
-6174
-5097
-5200
-6005
-4027
-1635
-1273
-1339
463
1536
720
881
1571
1255
611
853
1465
1214
664
1085
1548
1215
597
569
1074
1094
1485
2350
2734
2719
3568
4206
3290
2531
2382
2036
1406
1234
1375
1409
1769
1885
1486
886
619
386
160
-57
32
378
899
1359
1081
1011
848
490
81
-428
-427
-207
247
169
-661
-1304
-1985
-2515
-2816
-3018
-2782
-2728
-2627
-2795
-4271
-5725
-5631
-5272
-5580
-5021
-3021
-1416
-1003
-501
932
1520
1093
1096
1390
1228
524
753
1205
567
537
903
854
636
231
189
637
1357
1981
2289
2860
3733
4021
3836
3301
2650
2510
2403
1809
1318
1742
1988
1928
1791
1522
1107
830
869
678
483
641
1326
1648
1463
1147
886
793
501
-59
-295
-137
-9
-214
-674
-1170
-1950
-2565
-2858
-2710
-2996
-2963
-2549
-2589
-3532
-5302
-6109
-5541
-5427
-6060
-4700
-2224
-1394
-1415
33
1310
610
420
1345
1060
-274
365
1473
616
-62
903
1514
611
419
547
283
325
1208
2000
2300
2891
3554
3916
3479
2532
2255
2444
1852
807
1698
2367
1702
1738
2290
1495
546
1013
1163
636
563
1113
1543
1857
1768
1330
1279
1121
426
-215
-269
-13
-157
-302
-266
-1150
-1988
-2036
-2179
-2506
-2893
-2262
-1561
-1793
-3606
-5136
-4904
-5165
-6032
-5747
-3474
-2088
-1877
-1011
418
843
411
950
1281
632
325
1042
1121
504
481
782
1079
802
288
71
463
839
1268
1769
2355
2947
3472
3849
3244
2519
2451
2345
1748
1712
1730
1579
2101
2207
1514
924
1095
1039
305
55
200
340
998
1261
966
1038
966
305
-125
-231
-534
-543
127
150
-336
-845
-1566
-1995
-2239
-2569
-3076
-2857
-2110
-2161
-2942
-4650
-5587
-5109
-5182
-6198
-5401
-2841
-1550
-1563
-833
842
1334
990
952
801
675
654
674
676
793
824
905
1143
956
327
601
1414
1627
1996
2387
2790
3665
3977
3306
2763
2580
2422
1812
1142
904
1135
1730
1954
1283
790
1151
1187
602
527
534
543
861
1074
1222
1096
1314
1402
1030
435
-33
332
583
-42
-552
-718
-1022
-1534
-2048
-2358
-2292
-1733
-1612
-1737
-2671
-4040
-4824
-4883
-5405
-6285
-5197
-2811
-1789
-1569
-303
1094
1174
667
513
267
51
298
196
-23
206
281
388
810
584
-63
546
1620
1519
1318
2229
3003
3005
3175
3102
2372
2116
2434
1735
940
1297
1771
1817
1849
1613
1334
1793
1556
581
390
916
868
994
1521
1432
1277
1280
1023
228
-403
-871
-669
-148
-182
-535
-514
-545
-1596
-2338
-2523
-2711
-2745
-2330
-2009
-2261
-3509
-4935
-5104
-4993
-5781
-5788
-4008
-2263
-1922
-1188
423
1216
956
944
803
443
438
466
331
159
510
1022
1211
1232
1205
1453
2067
1874
1742
2462
2801
2933
3559
3716
2761
2218
2567
2077
1075
1059
1615
1594
1274
1057
1152
1101
787
808
1004
1026
859
955
1274
893
476
615
668
143
-447
-631
-465
-286
-200
-559
-870
-988
-1268
-1778
-2113
-2242
-2333
-2068
-1753
-2301
-3984
-5335
-5064
-4932
-6165
-5824
-3298
-1719
-1940
-1000
1064
1352
474
783
1177
482
269
926
855
71
414
1644
1702
1083
1054
1728
1991
1485
1537
2368
2512
2528
3118
3266
2754
2184
2399
1957
865
803
1316
1425
1454
1767
1742
1404
1218
958
434
174
337
646
872
763
658
763
754
20
-372
-139
-202
-374
90
40
-614
-1029
-1061
-1360
-1876
-1780
-1547
-1408
-1282
-1833
-3507
-4926
-5040
-5253
-5997
-5495
-3347
-1807
-1834
-1073
537
941
195
332
736
179
-182
105
110
-127
268
687
747
1002
875
836
1171
1148
1258
1915
2113
2443
3053
3031
2167
1952
2265
1264
631
1016
1353
1460
2057
2047
1256
966
1287
965
583
913
1210
1612
1811
1435
1139
1073
800
393
122
-30
24
854
952
282
-46
-362
-1030
-1951
-2618
-2479
-2325
-2194
-1986
-1850
-2916
-5103
-5310
-4474
-5478
-6422
-4214
-1436
-1433
-1637
329
1492
519
9
333
321
212
158
475
980
970
766
1549
1911
1029
707
1645
1652
1037
1294
2066
2597
2762
2652
2191
1813
1866
1620
692
192
669
1661
2116
1738
1903
1926
1242
571
283
366
657
1145
1479
1487
1120
910
664
278
-241
-749
-276
519
452
-130
-359
-633
-1019
-1204
-1733
-2082
-1619
-1443
-2037
-2567
-3796
-5493
-5566
-5095
-6186
-5842
-3018
-1767
-2421
-1123
725
214
-46
1022
731
-122
475
1003
629
485
884
1263
1475
1502
1004
1099
1808
1662
1555
2032
2483
2970
3276
3187
2624
2089
1811
1368
936
812
914
1334
1916
1833
1701
1811
1474
805
365
337
245
274
909
1196
826
425
363
120
-462
-788
-376
406
622
257
7
-325
-942
-1255
-1374
-1618
-1678
-1311
-1191
-2048
-4363
-6005
-5380
-5067
-6070
-5706
-3090
-1510
-2016
-1292
662
719
74
693
895
248
398
957
709
653
1033
1461
1887
1788
981
788
1500
1419
1206
1732
2194
2147
2519
2804
1918
1549
1733
1329
620
563
964
1228
1731
1541
1093
1061
695
269
513
552
290
959
1750
1464
796
666
726
172
-473
-898
-567
42
72
-432
-508
-407
-862
-1239
-1439
-1794
-1973
-1675
-1701
-2759
-4696
-5712
-5025
-4588
-5690
-5090
-2185
-1113
-1890
-849
1352
1182
282
1133
1643
662
714
1303
1003
846
1179
1590
1705
1467
1052
1153
1525
1359
1213
1716
2191
2108
2413
2564
1844
1432
1559
1196
443
636
1100
1173
1351
1582
1591
1128
898
856
514
140
40
562
871
864
692
717
831
538
-195
-490
-4
333
216
81
83
-400
-443
-603
-1243
-1411
-1436
-1657
-1977
-3037
-5542
-6320
-5026
-5129
-6346
-4715
-1486
-1583
-2258
-657
813
427
265
838
682
612
861
784
809
992
828
1362
1782
830
72
933
1467
855
1038
1888
2291
2657
2862
2185
1548
1624
1657
981
744
1014
1212
1837
1827
1129
1176
1443
1017
404
931
1139
994
1570
1817
1061
445
675
510
-130
-615
-386
495
606
-133
-498
-334
-799
-1618
-1635
-1418
-1631
-2024
-1782
-2393
-4610
-5851
-5316
-5200
-6137
-5565
-2875
-1473
-1827
-1200
584
1140
490
644
1187
982
809
1140
1139
1052
1241
1577
1676
1080
849
1343
1353
959
1356
1974
2205
2276
2698
2879
1983
1350
1578
1429
666
525
1174
1608
1549
1612
1701
1763
1181
262
259
397
-32
104
930
962
595
819
862
173
-522
-528
-171
343
389
111
14
-123
-881
-1786
-1731
-1656
-2091
-2329
-2347
-3649
-5425
-5751
-5198
-5338
-5734
-4416
-2104
-1476
-1929
-947
1089
1172
153
585
1614
1327
842
1133
1326
1167
1354
1694
1467
1131
938
1249
1847
1772
1326
1989
3189
2902
2206
2463
2195
1424
1437
1250
608
852
1400
1617
1596
1236
1010
1038
817
255
464
1277
1172
792
1069
761
122
35
-189
-675
-888
-438
119
304
57
-253
-443
-657
-1292
-2047
-2124
-1905
-1987
-2510
-3637
-4910
-5395
-5359
-5442
-5413
-4442
-3021
-1811
-1196
-987
-11
1108
930
349
913
1291
812
729
1124
1215
1350
1720
1463
1229
1118
969
1221
1831
1692
1480
2458
3066
2554
2099
2140
1648
1358
1464
1092
1002
1546
1834
1721
1665
1519
1343
964
424
409
779
925
776
1079
1328
682
270
313
-88
-666
-772
-223
115
-270
-530
-559
-579
-1083
-1735
-1779
-1955
-2465
-2880
-2734
-4134
-6163
-5804
-4869
-5500
-5750
-3378
-1465
-1508
-1413
166
1535
1076
319
1001
1735
1185
921
1614
1949
1313
1477
2061
1343
586
817
1275
1349
1651
2099
2565
3094
3006
2885
2355
1733
1595
1562
1006
547
1047
1539
1522
1271
1423
1552
1295
589
-156
-137
-20
185
489
956
1003
534
580
529
-376
-973
-481
103
188
-17
-109
-180
-782
-1645
-1969
-2133
-2420
-2785
-2873
-3627
-5512
-6010
-5145
-5376
-6226
-4535
-1739
-1475
-1893
-238
1514
943
464
1292
1615
1289
1033
1282
1441
1331
1290
1589
1685
1145
635
1074
1578
1246
1344
1948
2705
2804
2562
2294
1827
1755
1543
1212
1108
1276
1295
1636
1993
1560
1314
1386
1116
647
278
197
267
547
830
546
316
420
528
287
-420
-678
-150
304
-155
-327
-66
-391
-1435
-1906
-2050
-2486
-2314
-2337
-2899
-4532
-6110
-5715
-5067
-5708
-5674
-3102
-1086
-1271
-963
733
1474
828
996
1344
1395
1416
1614
1854
1737
1158
930
1442
1317
252
93
1389
1774
1381
1633
2385
3189
3086
2725
2142
1876
1875
1475
836
389
1112
1945
1891
1326
1376
1181
525
675
854
619
417
1148
1579
849
66
170
579
428
-346
-905
75
661
-134
-775
-651
-843
-1604
-1981
-2489
-2749
-2627
-2518
-3079
-4640
-6036
-5887
-4870
-5652
-6068
-3594
-1264
-1627
-1636
525
1469
554
1111
1794
1027
836
1728
1757
1108
1323
1964
2117
1545
809
590
968
1311
1448
1734
2423
2940
3307
3263
2366
1570
1823
1922
1046
782
1344
1609
1711
1863
1558
711
752
1045
484
199
453
827
976
987
452
98
271
117
-408
-683
-246
-53
218
94
-340
-608
-795
-1297
-2327
-2419
-2334
-2531
-3135
-4567
-6023
-5996
-5478
-6006
-5719
-3796
-2107
-1626
-968
238
1289
1464
1519
1680
1407
1084
860
856
651
765
1066
1251
1154
883
799
572
868
1561
2009
2347
3189
3757
3594
3093
2355
1833
1742
1172
653
1153
1488
1466
1466
1601
1536
1064
809
787
786
594
568
903
1279
1062
573
343
422
53
-905
-600
194
109
-437
-359
-343
-986
-1434
-1773
-2086
-2580
-2808
-3194
-4555
-6161
-6290
-5546
-5821
-6092
-4266
-1825
-1339
-1322
129
1813
1519
884
1388
1873
1521
902
1316
1567
1079
910
1225
1385
683
400
1027
1337
1258
1564
2140
2939
3200
2897
2925
2571
2151
1916
1625
1256
1094
1556
1727
1486
1461
1529
1024
578
406
346
409
722
880
853
966
545
147
119
-193
-882
-857
224
316
-397
-671
-712
-1382
-2314
-2335
-2404
-2720
-2825
-2851
-4293
-6454
-6646
-5553
-5568
-6041
-4241
-1598
-1121
-1366
-129
1339
1399
1213
1460
1852
1805
1568
1411
1416
1396
1291
1479
1484
988
612
1087
1275
1210
1826
2624
3033
3403
3649
3157
2527
2287
1924
1358
1206
1128
1378
1964
1705
1150
1275
1652
884
144
328
719
741
806
1124
1124
789
194
119
47
-607
-783
-218
-37
-547
-680
-406
-810
-1804
-2067
-1949
-2322
-2804
-3011
-3882
-6159
-6984
-5848
-5935
-6782
-4824
-1711
-1537
-1939
68
1921
1186
1005
1956
2027
1507
1416
1518
1164
1136
1028
1138
1375
726
1
601
1191
734
1361
2735
2819
2928
3794
3558
2522
2126
2121
1560
998
1089
1542
1903
1928
1658
1883
1868
862
293
613
383
-233
358
1424
1095
440
921
1048
325
-173
-252
-86
-59
-146
-337
-478
-844
-1558
-1911
-2021
-2637
-3104
-3115
-3568
-5892
-7349
-6249
-5390
-5996
-5548
-2955
-1162
-1204
-997
737
1717
1233
1163
1839
2227
1449
1236
1826
1761
811
922
1801
1242
44
167
1297
1225
1274
1941
3028
3660
3613
3806
3502
2542
1881
2062
1555
748
1074
1940
2146
1418
1322
1389
770
-264
-471
147
283
558
1215
1559
961
470
614
564
0
-521
23
507
-86
-795
-734
-838
-1719
-2498
-2431
-2600
-3247
-3525
-3504
-4866
-6720
-6594
-5566
-5767
-5809
-4015
-1854
-1285
-1415
58
1530
1466
939
1530
1852
1101
804
1028
1179
938
992
1288
1326
866
397
740
1157
1249
1678
2848
3462
3426
3786
3842
2933
2180
2344
2123
1563
1371
1782
2194
2010
1715
1668
1749
1294
859
845
674
159
556
1403
1383
972
976
1218
817
111
-247
193
495
-89
-758
-1125
-1457
-2315
-2706
-2846
-3263
-3255
-3124
-3705
-5688
-6767
-6154
-6246
-6850
-5691
-3126
-1995
-1674
-385
1167
1212
819
1167
1328
883
524
815
1112
1052
1011
1363
1529
899
434
507
652
578
1238
2350
2870
3419
4162
4353
3616
3067
2631
2075
1478
1340
1399
1781
2271
1900
1705
1848
1336
488
243
376
244
446
1308
1806
1602
1323
1210
1075
451
-265
-113
71
-520
-1124
-1384
-1609
-2074
-2732
-2765
-2528
-2593
-3236
-3471
-4054
-6108
-6880
-5986
-5925
-6150
-4334
-2053
-1708
-1179
308
1341
1085
1160
1554
1366
1341
1250
901
725
1137
947
1002
1047
489
97
653
1151
778
1634
2881
3317
3768
4447
4004
3151
3124
2486
1670
1287
1301
1396
1782
1930
1358
1366
1565
853
15
256
807
982
1157
1636
1733
1482
1232
875
521
63
-39
74
-252
-857
-1429
-1613
-1833
-2399
-2953
-2830
-2666
-3216
-3514
-3978
-5792
-7073
-6130
-5625
-6486
-5375
-2355
-1374
-1771
-491
1346
1558
1054
1293
1489
1432
1243
948
840
879
1057
1080
1280
976
405
748
1374
1397
1609
2676
3452
3892
4168
4013
3154
2839
2778
1944
1178
1107
1580
2125
2227
1706
1836
2081
1246
250
219
514
857
1283
1487
1721
1748
1343
874
743
41
-667
-115
290
-537
-1208
-949
-1254
-2261
-2820
-2930
-2965
-3290
-3719
-3830
-4289
-5978
-6859
-5694
-5258
-6192
-4833
-1710
-1331
-2211
-469
1735
1291
615
1332
1339
843
760
397
59
553
667
339
755
929
102
272
1402
1613
1585
2573
3748
4044
3999
3895
3535
3149
2520
1670
1429
1492
1662
1954
2051
1477
1057
1250
963
374
713
1725
1983
1601
1459
1668
1374
915
846
868
425
11
107
-137
-813
-1450
-1581
-1687
-2386
-2929
-3037
-2997
-3500
-3697
-3531
-4992
-6519
-6034
-5235
-6059
-5884
-3606
-1740
-1533
-1063
782
1954
1481
791
1189
1465
760
332
662
791
514
732
1033
935
369
254
1039
1545
1538
1771
2986
3929
3759
3518
3566
3149
2528
2318
1688
1168
1415
1785
1872
1631
1240
1051
1485
1478
876
1315
2366
2266
1618
1786
1748
910
703
1004
616
318
520
57
-477
-993
-1810
-2043
-1974
-2757
-3306
-2826
-2701
-3521
-3683
-4344
-6345
-6647
-5731
-6075
-6589
-4851
-2726
-2060
-1265
99
1240
1430
1155
811
1110
1016
209
351
910
583
477
1107
944
124
-50
603
817
1075
1982
2895
3792
4295
4305
4138
3970
3250
2582
2103
1585
1284
1448
2001
1452
987
1293
1490
1219
1237
1732
1923
1509
1532
1684
1371
1022
1108
1152
686
283
4
47
-269
-1121
-1941
-2094
-2268
-3055
-3567
-3242
-3149
-3442
-3325
-3658
-5564
-6699
-5844
-5650
-6738
-5852
-3131
-1816
-1698
-724
941
1536
856
460
902
983
404
300
829
1042
734
1017
1381
706
-116
345
1198
1264
1657
2630
3735
4389
4771
4511
3800
3479
3025
2089
1346
1414
1566
2030
2077
1387
1088
1496
1657
1035
1152
1812
1926
1466
1478
1574
1380
1250
1279
1085
485
77
345
289
-595
-1252
-1482
-1822
-2599
-3297
-3443
-3034
-2862
-3053
-3366
-4476
-5682
-5911
-5681
-6332
-6198
-3884
-2246
-2098
-1470
237
1323
1061
867
843
837
1057
867
180
225
913
791
285
372
476
148
386
1167
1644
1974
2698
3545
3965
3754
2991
2835
2797
1971
1012
990
1182
790
792
1262
1237
1401
1812
1691
1381
1403
1843
1871
1776
1895
1692
1434
1196
837
475
32
141
458
124
-635
-1244
-1603
-1915
-2451
-2794
-2921
-2827
-2688
-3149
-4059
-5638
-6150
-5734
-5953
-6316
-5063
-2833
-2171
-1833
-438
889
1168
1033
1088
931
756
371
332
476
283
295
941
1478
760
256
1084
1654
1280
1613
2662
3380
3881
4087
3832
3522
3188
2548
2108
1803
1037
1028
1626
1541
974
1419
1991
1661
1529
1515
1234
1262
1589
1391
1232
1431
1157
933
756
7
-539
-161
-241
-1213
-1693
-1769
-2290
-2719
-2830
-3340
-3170
-2644
-2926
-3626
-4283
-5514
-6376
-5798
-5493
-5806
-4546
-2130
-1216
-1399
-292
1346
1466
853
680
1051
955
548
558
526
599
894
1128
1069
763
501
903
1618
1762
1873
2986
4072
3978
3779
3669
3203
2564
2276
1838
1109
1230
1531
1355
859
868
1214
1392
1565
1544
1763
1886
1517
1152
1404
1297
789
992
1069
363
-207
-121
-291
-611
-1007
-1610
-1924
-1894
-2361
-3202
-2760
-2465
-2900
-3159
-3271
-4964
-6032
-5672
-5817
-5913
-5010
-3229
-2205
-984
-193
421
1205
1070
671
717
880
252
326
715
425
290
1103
1551
344
58
928
1360
1066
1579
2531
3076
3509
3826
3801
3199
2820
2465
2282
1724
826
788
1340
1579
1149
1270
1933
2075
1773
1513
1594
1401
1357
1308
1283
1274
1140
1083
847
374
-130
-130
-150
-647
-1756
-2103
-1869
-2177
-3024
-3092
-2625
-2788
-3046
-3046
-4042
-5727
-6000
-5381
-5684
-6064
-4461
-1949
-1376
-1744
-164
1752
1160
282
930
1372
419
7
782
576
132
578
957
831
430
168
795
1748
1940
2053
2979
4189
4226
3721
3601
3276
2752
2358
1792
791
368
798
1287
1326
1094
1474
2176
1934
1117
1078
1539
1404
981
1300
1458
991
822
895
400
-388
-487
15
-79
-1120
-1633
-1298
-1384
-2576
-3061
-2351
-2477
-3149
-3050
-2961
-4358
-6057
-5913
-5025
-5265
-5563
-3766
-1291
-1017
-1432
-150
1513
987
108
694
1154
469
280
733
441
283
566
857
794
407
556
1204
1812
1804
2050
3056
3640
3562
3453
3336
2919
2393
1982
1754
1328
1091
1010
1167
1401
1168
1100
1788
2280
1776
1454
1614
1447
1065
840
1054
930
582
677
443
-268
-458
-98
-267
-982
-1561
-1604
-1887
-2359
-2833
-2713
-2203
-2754
-2989
-2757
-4130
-6076
-5513
-4621
-5911
-5972
-3170
-1534
-1979
-1017
990
1071
390
780
797
481
410
406
586
883
596
446
1211
1057
-86
298
1811
1728
1525
2764
3286
3237
3745
3704
2895
2794
2784
2026
1703
1557
732
531
1487
1450
685
1226
1981
1737
1429
1582
1362
1327
1478
1154
1050
862
678
243
-33
-537
-842
-306
-523
-1440
-1668
-1356
-1856
-2652
-2611
-2158
-2415
-2941
-2625
-2575
-4508
-6089
-5264
-4705
-5904
-5574
-2942
-1623
-1753
-507
1103
1198
836
1132
1061
612
519
407
473
678
712
764
1302
1117
665
1197
1821
1639
1800
2682
3178
3357
3515
3562
3024
2549
2116
1697
1504
1145
545
617
1320
1175
961
1740
2407
1783
1043
1186
1280
959
760
772
918
844
514
244
-180
-679
-848
-480
-719
-1524
-1681
-1317
-1613
-2423
-2476
-2124
-2372
-2637
-2648
-2994
-4710
-5698
-5228
-5190
-5707
-4999
-2905
-1733
-1428
-1045
260
1131
469
191
570
734
267
391
570
312
762
1379
1273
791
1126
1557
1791
1862
2097
2517
3059
3465
3222
3060
2829
2687
2437
1882
1123
947
1385
1034
615
1000
1785
1882
1772
1922
1644
1186
1120
1226
955
914
1138
1057
770
389
-154
-448
-159
-231
-687
-982
-1361
-1583
-1481
-1905
-2446
-2109
-1807
-2381
-3072
-3288
-4199
-5509
-5823
-5583
-5462
-4823
-3087
-1903
-1734
-1043
190
452
11
105
274
540
560
121
37
694
1303
1040
1075
1562
1339
1233
1972
2078
1900
2523
3197
3346
3087
2890
2550
2487
2213
1225
1059
1273
685
412
1217
1362
917
1669
2366
1566
888
1475
1835
1264
955
1035
1081
864
319
-123
-279
-401
-597
-471
-650
-1360
-1551
-1374
-2052
-2662
-2265
-2036
-2290
-2399
-2456
-2986
-4386
-5387
-5102
-4870
-5504
-4887
-2480
-1340
-1823
-857
1075
1040
20
354
877
380
165
469
907
1155
1380
1547
1870
1727
1027
1249
2046
1763
1429
2492
3316
3105
2927
3080
2716
2229
1844
1308
1012
738
431
745
1329
1254
1104
2029
2445
1307
640
933
930
482
329
648
811
596
190
-178
-604
-920
-636
-370
-777
-1173
-1017
-1088
-1689
-2083
-2168
-2026
-1945
-2247
-2340
-2577
-4306
-5771
-5188
-4866
-5604
-4726
-2091
-1201
-1707
-809
608
406
-400
-164
257
461
362
556
963
1118
1215
1333
1664
1427
1082
1502
1708
1532
1811
2311
2505
2799
3178
2631
2202
2333
2104
1238
693
747
710
1097
1504
1575
1942
2759
2489
1469
1315
1443
938
620
931
866
704
616
494
163
-486
-498
-2
139
-441
-835
-951
-1273
-1676
-2146
-2203
-1901
-1823
-2124
-2435
-3066
-4670
-5748
-5365
-5101
-5617
-4802
-2544
-1630
-1876
-963
727
745
1
288
692
445
138
512
902
734
1069
1758
1788
1267
1172
1756
1889
1482
1863
2575
2713
2752
3155
2941
2141
1793
1938
1552
699
614
546
736
1170
1145
1474
2211
2303
1562
1120
1003
834
460
349
594
540
317
-38
-364
-749
-962
-676
-171
-192
-793
-871
-846
-1234
-2032
-2260
-1978
-1865
-2074
-2340
-2834
-4319
-5170
-4900
-5053
-5501
-4277
-2316
-1797
-1755
-510
700
552
348
681
617
392
702
793
504
795
1405
1627
1626
1542
1299
1199
1485
1352
1417
1949
2439
2778
2924
2441
2071
1916
1431
810
591
936
1042
1202
749
421
1057
1348
1030
1394
1927
1377
1060
1224
803
156
391
401
53
-55
-215
-253
80
98
-117
265
199
-779
-1262
-1025
-1685
-2605
-2046
-1762
-2410
-2961
-4063
-5060
-5014
-4859
-5560
-4961
-2703
-1871
-1844
-552
537
534
542
456
51
388
767
263
433
1344
1389
1031
1717
1928
937
1117
1908
1553
1282
1940
2326
2247
2577
2482
1984
2173
2043
1362
1244
1445
1343
1326
1330
894
1347
2108
1822
1569
1902
1764
957
572
716
369
94
135
-49
-199
-413
-613
-523
-74
182
-84
-203
-399
-1206
-1868
-2122
-2290
-2383
-2518
-2635
-2657
-3539
-5248
-5639
-4932
-5172
-5257
-3617
-2036
-1864
-1165
5
66
40
350
396
262
445
504
531
976
1167
990
1511
1940
1220
1122
1850
1765
1243
1763
2272
2130
2157
2536
2403
1692
1584
1700
1527
1113
581
788
1582
1781
1357
1811
2435
1819
996
978
955
499
452
626
513
321
173
64
-154
-617
-436
405
745
329
-91
-62
-605
-1698
-2088
-2157
-2340
-2645
-2385
-2414
-4007
-5418
-4760
-4210
-5257
-5108
-2975
-1559
-1741
-1376
-209
253
263
402
436
637
612
504
836
966
826
1331
1997
1857
1237
1450
1998
1678
1545
1677
1961
2428
2537
2174
1948
2098
1781
1417
1273
1203
778
663
1242
1604
1359
1477
2049
1978
1210
715
984
917
438
218
299
214
-97
-180
-359
-702
-535
298
698
93
-330
-366
-563
-1756
-2707
-2310
-2173
-2846
-2830
-2459
-3969
-5374
-5026
-4701
-5621
-5188
-2995
-1826
-1638
-862
214
791
811
604
523
785
841
490
716
1163
1202
1340
1727
1824
1280
1161
1555
1479
1216
1268
1786
2155
2181
2033
1977
1905
1762
1252
1012
1089
704
581
1239
1830
1615
1783
2265
1775
842
567
760
472
225
374
512
285
16
32
-134
-366
-233
361
568
218
-193
-403
-737
-1383
-1840
-2183
-2368
-2716
-2865
-3281
-4777
-5600
-4640
-4083
-4938
-4367
-2196
-1464
-1971
-1180
538
592
132
816
1325
797
553
1364
1505
669
946
1779
1889
1525
1181
1711
2182
1646
1327
1943
2193
1651
1808
2172
1646
1051
1539
1797
1035
503
816
1485
1645
1420
1562
2014
1678
1000
815
780
501
307
413
370
-32
-256
-164
-253
-767
-798
-189
303
324
365
20
-538
-955
-1302
-1947
-2473
-2399
-2522
-2884
-3727
-5058
-5473
-4657
-4590
-5299
-4190
-1985
-1650
-2203
-708
1212
733
270
1421
1652
641
733
1496
1312
775
1056
1671
1840
1567
1224
1616
2083
1667
1392
1888
2055
1746
1774
1917
1667
1402
1416
1038
641
600
831
1252
1745
1980
1974
1954
1838
1480
978
709
646
387
246
389
182
-58
2
-6
-327
-288
316
711
314
-29
-375
-811
-1370
-2077
-2619
-2647
-2432
-2717
-3192
-4153
-4896
-4989
-4947
-5090
-4845
-3260
-1973
-1944
-1344
135
699
82
479
1303
872
368
1241
1447
782
932
1678
1745
1297
1238
1366
1574
1429
1463
1542
1679
1828
1922
1977
1744
1559
1551
1559
1024
510
804
1397
1593
1634
1948
2131
1823
1427
1049
536
437
625
533
337
253
353
142
-100
-424
-507
-51
327
393
100
-338
-600
-891
-1614
-2511
-2639
-2281
-2627
-3290
-4119
-4982
-5086
-4717
-4958
-4828
-3295
-1844
-1692
-1594
-363
505
488
523
797
978
924
967
1187
1122
844
1067
1582
1636
1046
987
1639
1799
1467
1643
2032
2354
2398
2158
1944
1723
1626
1557
1191
566
542
1329
1915
1630
1540
2192
2395
1753
1145
1022
1007
758
388
325
368
236
-26
-53
-417
-863
-421
139
-75
-371
-200
-334
-804
-1741
-2562
-2371
-2328
-3021
-3309
-3411
-4554
-5238
-4481
-4391
-4973
-3868
-1901
-1674
-1678
-689
363
666
735
818
965
1352
1181
728
983
1163
953
1117
1432
1025
869
1436
1544
1495
1577
1756
2013
2438
2224
1799
1861
1969
1637
1061
811
761
1079
1473
1528
1568
1810
1799
1589
1296
711
589
759
551
-21
-243
27
69
-184
-463
-652
-472
-13
66
-204
-492
-589
-733
-1328
-2067
-2413
-2439
-2671
-3117
-3372
-4309
-5334
-5000
-4254
-4657
-4810
-2768
-1051
-1089
-926
302
1374
1109
606
713
1022
1041
775
834
1192
1168
1206
1711
1697
903
995
1836
1860
1541
1949
2541
2524
2465
2516
1950
1456
1626
1623
1203
433
567
1680
2199
1694
1484
2221
2231
1170
588
611
573
478
258
198
295
125
-117
-70
-357
-850
-428
318
165
-543
-734
-693
-1194
-2029
-2779
-3039
-2720
-2930
-3798
-4698
-5296
-5223
-4778
-4652
-4816
-3593
-1520
-1074
-1459
-344
1108
1029
776
1310
1385
1058
1223
1374
1050
823
1158
1571
1585
1138
791
1387
2078
1808
1589
2216
2820
2641
2477
2274
1837
1647
1847
1416
652
679
1257
1765
1662
1310
1594
2108
1653
963
766
814
550
347
339
128
-81
3
92
-196
-657
-731
-72
92
-612
-1019
-727
-911
-1976
-2648
-2784
-2945
-3194
-3507
-4309
-5408
-5610
-4824
-4574
-4912
-4001
-1987
-1035
-1065
-320
730
1061
1097
1245
1103
1021
1350
1513
1137
1038
1437
1633
1598
1475
1231
1199
1646
1983
1803
1785
2412
2831
2722
2356
1943
1805
1724
1520
623
488
1325
1655
1581
1694
1980
1809
1600
1439
1057
609
482
373
140
-96
-304
-118
-38
-258
-610
-444
-74
-314
-632
-798
-1030
-1349
-1571
-2094
-2763
-2737
-2693
-3346
-3945
-4713
-5562
-5271
-4305
-4513
-4624
-2556
-711
-820
-676
759
1481
1027
900
1044
1018
1041
1025
1128
1393
1430
1281
1556
1645
987
753
1565
1916
1572
1900
2656
3033
2874
2677
2306
1900
1772
1458
712
356
754
1252
1570
1533
1481
1631
1798
1324
721
843
988
586
162
468
412
0
-9
80
-374
-668
-568
-449
-578
-847
-1089
-1311
-1544
-2125
-2659
-2751
-2861
-3359
-3615
-4354
-5451
-5477
-4661
-4849
-4902
-3077
-1238
-1178
-938
517
1159
852
1049
1381
1199
897
1036
1302
1203
1047
1205
1618
1485
1049
911
1247
1427
1416
1760
2297
2654
2760
2944
2798
2302
1993
1933
1148
435
940
1527
1654
1800
2107
1798
1480
1473
1163
805
924
865
464
652
684
206
135
346
-69
-693
-511
-333
-641
-821
-906
-1247
-1622
-2034
-2733
-2935
-2984
-3418
-3807
-4299
-5396
-5688
-4672
-4353
-4778
-3395
-1137
-904
-1257
52
1010
613
626
877
810
968
1160
902
953
1412
1179
923
1356
1123
616
1253
1800
1474
1882
2669
2747
2988
3145
2587
2164
2242
1914
898
728
1345
1583
1653
1916
1888
1752
1627
1293
1075
1009
895
776
668
494
164
-35
35
-181
-539
-557
-358
-315
-443
-639
-845
-1243
-1543
-1978
-2562
-2821
-2987
-3274
-3683
-4514
-5598
-5747
-4917
-4798
-4948
-3371
-1409
-1132
-1294
-96
1059
790
702
1428
1510
1065
1033
1417
1203
860
904
1296
1308
920
841
1254
1734
1787
1985
2511
2986
3209
3121
2762
2548
2240
1731
1245
903
883
1279
1812
2006
1961
1863
1684
1420
1199
974
728
801
710
449
508
429
125
-127
-48
-370
-703
-625
-583
-816
-1259
-1333
-1436
-1947
-2641
-3103
-3152
-3400
-4048
-4951
-5868
-5678
-4742
-4714
-4785
-3286
-1426
-1365
-1424
34
972
509
649
1452
1244
869
1096
1460
1117
664
883
1267
1135
554
585
1315
1719
1625
2001
2711
3105
3224
3218
3012
2606
2317
2159
1688
904
722
1450
2049
1902
1605
1988
1985
1018
632
858
944
852
1109
1245
1150
721
403
366
-100
-847
-747
70
-135
-867
-756
-893
-1910
-2442
-2633
-3032
-3393
-3490
-3549
-4501
-5917
-5914
-4846
-4604
-4951
-3569
-1389
-891
-1259
-262
1064
998
748
1128
1371
1173
935
887
1003
815
504
743
1355
885
171
750
1559
1184
1188
2166
3043
3057
2940
3276
3177
2468
2024
1813
1104
775
1192
1658
1806
1769
1958
2002
1533
1149
948
846
882
766
664
699
604
227
115
257
-58
-369
-259
26
-287
-805
-1055
-1409
-1991
-2713
-3129
-3094
-3368
-3904
-4697
-5535
-5916
-5463
-4878
-4600
-3444
-1759
-749
-600
13
857
912
836
1142
1146
880
802
879
732
468
495
701
703
465
334
618
941
1052
1383
1922
2665
2971
3061
3190
2964
2455
1846
1436
1071
858
1182
1699
2192
2331
2120
2008
1789
1178
668
857
1090
845
864
941
627
392
437
330
35
-100
-79
-19
-284
-775
-1187
-1454
-2116
-2594
-2695
-2832
-3471
-3924
-4527
-5676
-5952
-5310
-4819
-4684
-3416
-1561
-834
-694
-110
731
947
777
838
1024
1008
724
703
718
594
380
593
757
412
173
467
966
1237
1438
1885
2664
3207
3100
2851
2928
2772
2272
1596
1155
1233
1476
1540
1631
1844
1827
1657
1630
1482
1238
1252
1463
1293
907
849
1087
954
483
317
400
120
24
-66
-482
-890
-1435
-1756
-2293
-2805
-3113
-3259
-3383
-3850
-4948
-5914
-5766
-5442
-5476
-5259
-3585
-1584
-900
-696
102
1038
1036
634
692
937
886
867
1051
886
741
757
914
887
495
279
418
724
1036
1241
1592
2549
3196
3282
2969
2997
3106
2454
1576
1288
1627
1690
1779
2063
2220
1916
1693
1590
1241
650
418
834
1002
646
427
921
1257
715
300
337
291
245
31
-413
-922
-1419
-1792
-2248
-2715
-3172
-3421
-3424
-3688
-4778
-6045
-5913
-4871
-4910
-5295
-3671
-1318
-855
-1126
93
1212
770
472
1036
1168
413
378
999
953
294
201
955
1030
250
-108
617
1270
930
1226
2139
2523
2789
3151
3290
2932
2713
2457
1936
1584
1493
1471
1931
2455
1969
1457
1851
1763
942
658
853
718
819
1056
888
829
932
700
269
197
81
121
365
111
-797
-1175
-1273
-2138
-2808
-3225
-3628
-3646
-3683
-4687
-6030
-5555
-4693
-5170
-5060
-3167
-1698
-1743
-988
481
923
690
1164
1757
1156
587
744
1066
503
-126
267
889
588
279
681
956
819
1130
1906
1983
2122
2899
3317
3045
2833
2825
2920
2264
1218
1105
1598
1440
1022
1396
1949
1370
809
955
916
430
262
831
919
737
564
656
627
324
53
224
729
240
-448
-679
-889
-1758
-2503
-2577
-2879
-3279
-3460
-3612
-4414
-5596
-5779
-5052
-4688
-4585
-3544
-1647
-769
-665
-15
762
1057
1067
1119
955
1014
1044
817
548
554
499
303
534
461
137
221
813
1150
1328
1795
2461
2970
3037
2996
2918
2787
2243
1771
1963
1832
1521
1957
2295
1638
1161
1460
1597
905
453
1018
1149
816
888
1049
948
748
605
412
148
9
160
143
-249
-928
-1339
-1656
-2456
-3017
-3182
-3510
-3864
-3913
-4347
-5513
-5554
-4614
-4511
-4919
-3644
-1666
-1086
-1004
-129
969
938
766
1095
1271
1094
735
901
892
364
106
331
637
379
-30
361
969
954
944
1535
2258
2504
2759
2930
2762
2569
2141
1859
1860
1764
1892
2363
2485
1892
1600
1733
1450
851
625
909
931
705
710
828
844
701
539
559
293
134
328
348
-276
-931
-1099
-1440
-2167
-2794
-3310
-3423
-3436
-3800
-4634
-5430
-5244
-4764
-4576
-4328
-3014
-1299
-745
-661
21
941
705
535
1243
1214
765
977
1445
925
273
397
536
316
11
-164
233
859
910
1039
1545
2146
2497
2612
2738
2573
2423
2244
1738
1683
1758
1651
1837
2293
2003
1358
1481
1437
689
128
452
618
591
937
916
910
1061
917
488
339
298
327
503
32
-681
-1020
-1244
-2116
-2794
-2971
-3218
-3580
-3686
-4031
-5222
-5647
-4919
-4515
-4440
-3643
-2271
-1303
-1097
-951
-274
337
479
520
773
1056
956
864
934
638
311
359
523
369
57
13
508
890
1040
1389
1869
2566
2782
2751
2830
2811
2531
2153
1954
2003
2076
2247
2652
2579
2087
1823
1651
1182
794
807
920
998
1084
1104
972
913
806
469
370
263
100
126
90
-384
-970
-1083
-1363
-2324
-3101
-3252
-3390
-4142
-4530
-4465
-5027
-5351
-4646
-3756
-3715
-3176
-1539
-698
-1215
-862
648
980
412
777
1452
1138
735
925
925
370
-18
240
405
34
-148
564
1096
942
1214
2036
2364
2286
2561
2786
2502
2263
2077
2079
1953
1760
1722
2115
2337
1484
1143
1435
1073
270
342
808
578
459
745
863
708
542
411
446
295
-69
-21
265
-191
-801
-1055
-1446
-2275
-2944
-3165
-3202
-3366
-3759
-3685
-3908
-4715
-4969
-4256
-3803
-3722
-2693
-1083
-455
-740
-251
841
935
294
382
1040
1047
494
359
658
554
132
169
553
482
242
609
1196
1407
1423
1779
2522
2874
2746
2556
2677
2612
1994
1878
2065
2074
2183
2685
2608
1805
1477
1393
755
291
575
633
606
769
929
919
770
483
355
281
-12
-82
205
202
-459
-875
-1185
-1743
-2367
-2988
-3338
-3320
-3544
-3928
-4130
-4348
-4530
-4321
-3752
-3187
-2672
-1825
-929
-714
-571
9
563
459
336
620
788
656
430
291
163
267
205
103
117
220
396
539
1013
1564
1820
2014
2571
2886
2660
2344
2492
2313
1512
1580
1993
1898
1950
2450
2340
1656
1382
1185
851
608
489
506
951
1116
898
1056
927
334
82
113
-380
-427
-62
-167
-533
-704
-1052
-1815
-2132
-2411
-3082
-3437
-3432
-3565
-3804
-4348
-4555
-3738
-3177
-3445
-2992
-1474
-1038
-1532
-717
509
425
89
782
1130
737
304
423
443
114
-29
90
400
166
70
571
948
1004
1427
1853
2085
2626
2931
2681
2640
2550
1964
1508
1698
1593
1333
1917
2147
1706
1372
1310
872
538
595
550
588
1064
1228
931
710
573
408
231
-24
-278
-27
177
-112
-744
-1010
-1214
-1879
-2205
-2473
-2915
-3319
-3314
-3321
-3768
-4094
-4043
-3544
-3100
-2885
-2504
-1651
-862
-861
-688
18
299
55
259
603
289
203
442
326
164
339
412
367
590
427
467
1179
1630
1628
1929
2548
2680
2598
2600
2457
2274
1983
1700
1614
1727
1670
1852
2207
1831
1078
936
1129
704
201
466
827
850
624
689
778
611
251
-50
-146
-438
-647
-275
-140
-692
-951
-1096
-1551
-2241
-2621
-2878
-3116
-2842
-2961
-3118
-3241
-3391
-3376
-2839
-2410
-2789
-2078
-792
-881
-1159
-210
667
215
87
664
537
158
121
50
-127
-57
105
361
639
544
599
1298
1717
1599
1903
2366
2524
2397
2351
2240
2088
1852
1508
1539
1565
1565
1685
1767
1498
913
879
1063
674
394
750
967
921
734
650
628
322
176
57
5
-251
-328
-176
-395
-994
-1063
-986
-1586
-2206
-2333
-2381
-2636
-2644
-2757
-2766
-2739
-3044
-3250
-2926
-2799
-2826
-2223
-1331
-1114
-887
-242
238
147
-60
32
209
291
-90
-98
335
513
351
487
811
926
895
1116
1486
1657
1822
1991
2302
2336
2088
2003
1832
1504
1315
1266
1231
1462
1741
1706
1503
1494
1535
1142
686
757
950
897
716
788
808
615
515
285
121
13
-139
-229
-2
-37
-527
-680
-852
-1483
-1954
-2012
-2118
-2363
-2324
-2151
-2235
-2387
-2655
-2938
-3025
-2948
-2645
-2128
-1734
-1422
-843
-287
-106
-118
-57
-112
-290
-404
-472
-414
-193
17
59
317
667
738
853
1059
1148
1278
1620
1859
1837
1912
2126
2214
1812
1361
1365
1263
994
1089
1456
1345
1130
1369
1502
1028
817
1136
1078
777
755
762
696
774
718
366
416
447
54
-163
-34
-224
-482
-509
-810
-1176
-1366
-1591
-1786
-1898
-2144
-2377
-2043
-2116
-2865
-3177
-2636
-2495
-3022
-2525
-1619
-1449
-1313
-608
-108
-427
-577
7
99
-336
-403
114
267
-15
112
629
956
752
903
1389
1500
1255
1422
1887
1765
1564
1877
2079
1693
1294
1387
1425
1073
1102
1458
1434
1236
1371
1475
1169
956
987
1020
739
539
472
522
342
-100
-208
-158
-272
-536
-431
-81
75
25
-203
-661
-1146
-1595
-1756
-1960
-2061
-1991
-1783
-1796
-2034
-2290
-2632
-2679
-2607
-2407
-2193
-1920
-1293
-735
-566
-413
-54
184
-23
-150
-53
23
-167
37
357
602
823
1096
1524
1494
1375
1309
1428
1441
1249
1288
1724
1877
1664
1646
1351
897
735
645
557
780
1282
1310
1308
1444
1383
1150
983
847
618
561
414
280
276
302
-33
-111
229
55
-291
-147
165
18
-280
-344
-488
-767
-1243
-1571
-1486
-1557
-1969
-1998
-1802
-2197
-2786
-2744
-2497
-2759
-2666
-2074
-1727
-1527
-1161
-979
-841
-601
-550
-658
-444
-275
-405
-144
324
356
555
1149
1319
1170
1201
1443
1287
1113
1261
1368
1390
1497
1636
1575
1283
1044
1066
969
772
1036
1362
1496
1461
1560
1525
1250
1076
998
873
629
562
473
352
242
252
219
71
43
55
-91
-160
-46
-142
-425
-560
-616
-981
-1381
-1387
-1339
-1587
-1866
-1762
-1890
-2272
-2512
-2692
-2615
-2372
-2063
-1831
-1421
-904
-877
-910
-682
-420
-525
-409
-125
30
147
384
728
871
1138
1291
1323
1326
1252
1115
1058
1147
1173
1304
1477
1576
1560
1423
894
458
546
581
535
955
1591
1900
1707
1553
1546
1219
815
670
778
615
488
435
554
304
17
65
123
-120
-343
-137
-119
-241
-444
-439
-560
-861
-1047
-1209
-1417
-1708
-1793
-2025
-2321
-2445
-2591
-2705
-2599
-2283
-2098
-2025
-1535
-1246
-1341
-1235
-834
-720
-677
-335
-169
-135
34
290
362
534
869
1114
1209
1163
1207
1242
1129
1115
1142
1211
1227
1232
972
841
870
757
617
769
1204
1230
1393
1744
1654
1381
1353
1294
975
747
687
627
543
460
370
263
154
0
-8
-11
-134
-111
-1
0
-347
-408
-304
-481
-869
-886
-986
-1453
-1665
-1777
-2032
-2164
-1940
-2115
-2310
-1940
-1834
-2056
-1906
-1604
-1498
-1199
-701
-615
-364
186
215
130
632
928
775
1046
1431
1296
1104
1215
1197
855
748
742
697
690
857
870
893
1108
1071
1070
1273
1298
1177
1349
1486
1406
1311
1361
1335
1129
1041
937
781
632
435
186
-38
-266
-342
-222
-456
-558
-392
-381
-716
-890
-950
-1314
-1428
-1457
-1649
-1842
-1902
-1922
-2001
-2266
-2389
-2328
-2178
-2148
-2026
-1663
-1321
-1176
-943
-638
-494
-293
46
200
95
417
843
845
856
1197
1306
1282
1465
1469
1320
1321
1369
1296
1232
1154
1070
1085
1084
829
784
999
909
857
1105
1189
1159
1238
1350
1202
1048
961
840
730
576
413
324
243
51
-148
-274
-377
-605
-825
-850
-838
-831
-823
-845
-829
-918
-1008
-1233
-1345
-1446
-1570
-1673
-1765
-1823
-1863
-1845
-1771
-1590
-1491
-1550
-1477
-1207
-1099
-1098
-871
-502
-301
-152
-40
257
499
592
688
715
902
1019
1162
1248
1360
1359
1427
1513
1352
1270
1330
1326
1206
1262
1188
1119
1174
1138
1130
1235
1382
1386
1392
1332
1166
1096
970
822
570
360
233
-10
-229
-381
-574
-756
-794
-902
-1017
-971
-996
-1162
-1285
-1436
-1664
-1741
-1717
-1729
-1824
-1800
-1775
-1831
-1848
-1791
-1704
-1391
-1133
-958
-687
-503
-346
-318
-235
-70
29
157
375
503
573
718
881
1011
1136
1241
1306
1414
1577
1549
1495
1573
1517
1411
1317
1269
1175
981
861
838
795
771
827
1002
983
964
1044
976
841
628
449
290
72
-194
-321
-495
-749
-909
-997
-1140
-1369
-1386
-1381
-1502
-1584
-1672
-1663
-1632
-1647
-1641
-1560
-1513
-1579
-1535
-1521
-1524
-1522
-1300
-1142
-1053
-712
-345
-190
-14
171
210
246
275
219
297
528
595
725
916
1045
1107
1222
1340
1323
1433
1471
1463
1589
1502
1473
1583
1554
1469
1409
1338
1233
1050
944
914
807
785
822
800
671
607
524
390
205
48
-81
-243
-363
-572
-736
-815
-994
-1145
-1161
-1307
-1401
-1484
-1580
-1604
-1597
-1627
-1679
-1702
-1659
-1689
-1651
-1611
-1576
-1505
-1366
-1155
-982
-809
-683
-445
-257
-125
63
215
264
322
393
510
587
682
774
754
906
1058
1048
1126
1253
1340
1378
1435
1469
1441
1382
1302
1368
1349
1256
1174
1235
1173
1013
921
917
855
727
746
707
567
572
519
297
65
-156
-266
-401
-607
-838
-956
-1012
-1140
-1290
-1352
-1454
-1614
-1722
-1768
-1879
-1894
-1815
-1820
-1745
-1652
-1583
-1443
-1241
-1139
-1039
-819
-750
-706
-463
-176
-63
43
348
482
460
500
562
667
699
689
807
969
995
950
1076
1201
1175
1177
1322
1298
1249
1265
1300
1239
1206
1280
1332
1310
1241
1210
1021
923
729
553
469
390
344
310
189
103
-39
-127
-239
-426
-464
-513
-618
-734
-776
-895
-998
-1027
-1096
-1183
-1267
-1369
-1426
-1478
-1488
-1399
-1374
-1355
-1234
-1130
-1065
-980
-938
-899
-772
-716
-563
-333
-204
-149
-9
104
110
218
339
353
377
470
485
476
567
536
480
584
624
680
784
979
1011
1081
1137
1099
1065
1072
1125
1117
1084
1088
1065
948
906
859
768
662
571
455
337
226
184
27
-103
-190
-256
-377
-512
-564
-728
-796
-894
-1010
-1101
-1071
-1176
-1277
-1237
-1312
-1360
-1433
-1409
-1385
-1424
-1327
-1282
-1143
-927
-803
-715
-568
-355
-268
-115
-28
175
328
477
571
614
741
722
715
673
712
695
683
754
822
873
835
914
933
973
989
1006
1096
1152
1120
1123
1143
1092
1099
1104
1115
1067
915
756
639
509
401
264
179
63
-39
-133
-300
-419
-553
-713
-768
-829
-815
-808
-927
-940
-1054
-1163
-1231
-1270
-1367
-1375
-1329
-1326
-1333
-1257
-1180
-1129
-1031
-900
-777
-684
-566
-468
-377
-253
-115
-11
164
250
301
442
459
434
447
457
396
481
565
552
556
626
622
625
658
654
667
764
813
797
842
859
835
859
781
722
713
647
559
463
355
260
220
187
118
-46
-62
-187
-259
-288
-328
-400
-456
-380
-495
-490
-400
-397
-482
-498
-562
-628
-648
-671
-693
-755
-767
-809
-800
-746
-766
-716
-597
-515
-475
-415
-310
-243
-142
-24
77
157
285
285
293
346
324
289
286
256
266
274
239
258
259
283
309
304
318
399
442
486
521
492
475
506
527
552
638
703
684
663
611
438
361
334
274
216
193
130
65
36
-51
-84
-128
-117
-170
-169
-193
-177
-114
-160
-150
-152
-190
-288
-347
-466
-525
-513
-571
-585
-577
-644
-671
-625
-575
-542
-522
-377
-359
-284
-194
-179
-80
10
87
166
272
312
260
262
241
140
148
171
149
175
172
250
219
194
242
231
239
245
219
245
346
346
268
344
326
268
239
242
132
42
72
-13
-61
-64
-59
-98
-102
-129
-188
-238
-281
-336
-300
-276
-277
-238
-170
-156
-166
-159
-181
-222
-258
-330
-336
-324
-255
-310
-322
-227
-285
-248
-255
-195
-201
-177
-86
-62
-11
115
203
264
266
235
208
152
110
58
47
25
52
45
-24
-43
18
86
65
39
15
92
128
177
242
231
284
375
488
472
457
457
482
515
386
330
252
199
130
107
116
82
107
59
-54
-70
-140
-138
-98
-3
-2
33
131
75
71
127
35
1
-49
-83
-159
-280
-210
-309
-316
-348
-370
-370
-386
-378
-371
-311
-318
-276
-165
-122
-65
16
89
103
78
65
18
-27
-111
-155
-172
-168
-123
-105
-96
-97
-64
25
7
-15
42
85
129
110
118
130
162
167
192
138
144
138
106
119
92
90
92
69
1
27
59
-3
-34
-54
-46
-13
20
112
86
133
130
95
89
116
84
74
98
26
1
-42
-44
-31
-36
-23
-26
-49
-143
-192
-209
-190
-190
-154
-61
-60
-1
-5
-28
-40
-92
-146
-160
-165
-140
-174
-181
-74
-141
-152
-125
-149
-139
-95
-74
-85
-105
-27
-1
87
143
193
276
279
289
239
221
150
122
98
96
104
89
99
119
73
76
21
1
-28
-9
42
37
111
156
275
295
306
361
331
299
258
256
185
112
149
154
62
78
17
-66
-95
-147
-164
-260
-224
-217
-218
-226
-259
-219
-197
-199
-200
-194
-235
-263
-275
-288
-352
-289
-269
-226
-198
-241
-239
-302
-313
-284
-270
-208
-221
-133
-31
13
89
98
182
146
199
229
209
157
159
99
126
173
106
121
161
186
182
240
182
274
384
350
351
403
447
446
408
399
428
367
314
221
164
73
14
52
5
-17
-41
-110
-172
-248
-256
-280
-286
-263
-248
-149
-112
-136
-160
-169
-270
-294
-287
-314
-277
-306
-300
-248
-271
-268
-311
-316
-274
-200
-134
-124
-100
-59
-12
16
29
70
120
180
181
180
189
148
144
151
112
2
-35
-71
-102
-105
-95
-80
-75
-49
-8
-49
-2
63
106
173
271
276
262
340
306
259
292
295
253
215
173
123
56
48
-4
-6
8
-29
-23
-17
-1
-14
15
25
-6
-35
-20
36
27
-6
-16
-58
-151
-194
-250
-285
-263
-278
-295
-293
-269
-223
-209
-210
-248
-214
-170
-182
-124
-35
-48
7
77
77
60
-8
-21
8
-13
-24
30
81
104
105
132
158
200
204
246
278
301
297
331
357
352
397
431
372
385
395
335
371
355
285
246
195
108
84
-18
-133
-168
-197
-233
-247
-282
-259
-317
-332
-334
-326
-326
-270
-253
-252
-200
-287
-332
-384
-467
-492
-493
-516
-460
-461
-409
-291
-283
-246
-196
-166
-52
-43
4
68
158
173
238
297
261
270
296
284
190
203
285
233
259
295
285
318
284
299
297
320
337
356
357
415
378
357
424
321
281
268
209
177
79
21
-2
-47
-75
-139
-154
-203
-221
-203
-204
-267
-229
-197
-203
-218
-186
-159
-258
-249
-270
-266
-317
-355
-349
-427
-409
-423
-406
-367
-319
-234
-243
-160
-79
-54
42
65
92
160
159
166
171
244
209
237
237
99
122
58
16
-2
-59
10
7
52
18
30
55
82
109
96
129
196
195
196
238
257
259
268
241
176
103
91
109
66
22
75
67
-7
-18
-33
-66
-144
-105
-104
-129
-139
-122
-96
-104
-51
-14
-46
-6
-59
-113
-87
-141
-143
-148
-161
-198
-206
-211
-187
-170
-171
-157
-135
-117
-53
-34
-22
-17
36
37
52
113
88
109
136
116
54
114
116
108
104
176
183
170
190
239
146
106
183
202
216
235
235
234
225
222
245
223
212
183
160
191
138
89
121
81
102
13
16
49
-63
-134
-146
-183
-232
-251
-243
-289
-289
-352
-376
-364
-408
-401
-392
-349
-398
-385
-375
-364
-352
-326
-282
-251
-211
-213
-150
-159
-125
-124
-80
-23
14
113
125
164
231
239
245
299
283
274
319
280
292
331
324
325
301
303
285
245
213
216
197
158
215
272
262
275
252
244
195
134
95
23
-41
-125
-174
-195
-270
-286
-266
-290
-254
-309
-318
-289
-335
-284
-265
-255
-236
-239
-227
-180
-205
-199
-146
-181
-127
-113
-147
-150
-151
-111
-50
-46
16
80
69
46
77
117
108
166
179
208
198
195
211
176
212
195
151
140
70
93
127
102
130
142
162
197
183
221
225
194
195
212
227
241
254
281
278
223
177
171
140
135
77
70
49
-6
-25
-46
-25
-69
-159
-183
-259
-283
-314
-358
-343
-376
-334
-289
-300
-317
-293
-295
-267
-295
-305
-325
-295
-287
-296
-285
-274
-209
-165
-107
-84
-38
16
47
70
101
124
144
202
248
223
202
179
143
121
107
80
133
124
126
127
77
135
124
136
151
166
166
246
223
214
200
167
185
139
150
132
97
105
124
75
5
10
-30
-86
-105
-140
-145
-144
-166
-140
-162
-194
-207
-207
-215
-251
-266
-226
-231
-178
-158
-118
-98
-87
-59
-100
-47
-24
-1
-15
33
82
72
72
117
86
38
55
73
63
74
78
106
100
77
68
85
150
96
73
59
34
-3
-8
23
-9
31
22
29
44
35
20
-2
-2
-26
15
55
69
34
16
-4
31
53
27
60
46
43
48
13
-30
-20
21
-38
-27
-31
0
-23
-15
-18
-56
-61
-33
4
-20
19
-11
-12
-18
-23
-33
21
18
-9
56
17
59
42
36
24
25
-4
11
45
17
16
-7
1
47
19
-20
-27
-38
-26
-15
0
-1
-5
38
79
101
84
79
69
61
51
66
73
59
75
20
-14
-39
-49
-62
-103
-96
-73
-50
-71
-61
-72
-70
-101
-112
-118
-135
-147
-195
-141
-135
-167
-150
-166
-183
-127
-172
-174
-162
-181
-191
-168
-147
-112
-72
-25
-28
-15
-8
-35
-45
-54
-24
10
25
49
72
75
58
58
74
85
114
101
115
143
129
105
132
85
104
121
145
173
162
175
151
160
114
173
165
152
166
152
181
234
263
239
195
194
167
117
114
100
112
114
124
130
93
65
8
-1
-55
-77
-84
-177
-179
-156
-222
-235
-228
-171
-129
-121
-122
-80
-79
-44
-41
-56
-71
-142
-118
-172
-126
-141
-129
-164
-204
-187
-151
-197
-216
-118
-97
-71
-61
-18
-20
-37
-17
-1
-22
-14
-36
12
-8
2
4
2
9
-17
7
-14
61
126
168
166
188
189
219
169
93
102
88
82
100
96
65
71
41
51
61
69
107
126
109
96
111
53
-11
-19
5
27
-24
24
15
-41
7
-18
-64
-61
-35
-33
-46
-49
-77
-107
-125
-158
-157
-183
-171
-152
-139
-72
-71
-98
-78
-57
-108
-82
-85
-101
-88
-108
-85
-83
10
31
38
105
128
188
207
227
249
273
216
233
243
224
242
219
197
170
185
98
42
47
64
17
20
45
-39
-66
-76
-98
-157
-166
-192
-224
-220
-242
-217
-221
-186
-157
-151
-127
-144
-152
-179
-214
-226
-221
-208
-266
-245
-179
-147
-159
-153
-157
-114
-64
-65
0
-15
29
57
66
98
59
94
136
110
130
96
93
125
167
148
183
233
239
275
286
286
260
285
261
294
270
247
264
238
208
197
191
177
165
99
43
69
53
22
58
20
14
-9
-30
-115
-131
-117
-161
-175
-166
-142
-121
-119
-119
-88
-100
-71
-37
-20
-23
-33
-78
-83
-83
-123
-142
-175
-214
-222
-250
-231
-207
-179
-134
-131
-122
-75
-70
-73
-37
-35
-37
-23
21
30
-3
-2
20
38
34
70
124
101
79
127
119
115
124
137
146
195
172
181
162
97
83
92
93
83
65
62
49
48
8
-23
-64
-103
-51
-71
-78
-39
-33
-45
-49
-66
-73
-60
-64
-108
-125
-137
-133
-159
-133
-129
-164
-167
-202
-159
-199
-169
-146
-160
-138
-101
-78
-67
-53
-44
-26
-15
-3
-9
7
-9
6
-20
-15
-7
7
68
106
152
166
196
157
154
198
215
194
212
240
271
251
196
181
175
188
178
180
194
160
112
85
101
63
85
92
87
86
41
6
-10
-52
-95
-73
-99
-102
-101
-90
-113
-131
-170
-177
-179
-190
-168
-157
-113
-111
-96
-114
-112
-149
-127
-151
-172
-126
-92
-88
-102
-49
-96
-81
-5
4
0
34
69
60
85
87
86
115
88
113
124
137
144
124
148
148
141
148
122
133
167
190
166
171
151
152
102
118
108
102
101
68
55
19
25
-27
37
-13
-43
-18
-70
-139
-157
-116
-167
-180
-177
-195
-210
-245
-279
-250
-240
-257
-235
-213
-244
-268
-248
-226
-260
-254
-279
-245
-165
-157
-166
-143
-100
-86
-27
14
20
49
82
127
153
182
205
235
272
246
291
289
269
293
243
247
259
263
272
267
281
216
193
241
169
115
133
67
57
21
12
1
-23
-45
-83
-83
-87
-120
-175
-118
-141
-234
-254
-237
-251
-251
-239
-197
-224
-206
-215
-173
-163
-162
-81
-109
-113
-123
-109
-68
-49
-34
-8
-18
18
-8
7
64
32
63
44
63
68
60
116
152
176
163
183
166
181
180
209
271
228
218
202
190
181
200
211
157
166
127
119
119
75
43
38
74
63
28
-10
9
21
-42
-11
-20
11
-16
-58
-48
-41
-73
-66
-18
-39
-67
-40
-27
-34
12
-7
-46
-70
-42
-88
-108
-64
-106
-132
-123
-120
-119
-183
-175
-218
-226
-263
-314
-326
-324
-264
-234
-162
-150
-107
-104
-149
-121
-133
-113
-93
-47
-23
53
63
84
141
145
167
166
176
172
223
208
231
231
232
237
208
249
271
248
248
249
200
215
168
131
99
76
37
-19
0
-54
-82
-45
-50
-167
-191
-177
-218
-237
-244
-243
-223
-262
-254
-194
-223
-248
-217
-244
-240
-234
-197
-167
-142
-89
-64
-28
2
15
-8
32
57
85
78
79
128
121
140
158
176
183
186
197
192
212
213
202
229
244
240
259
276
240
225
216
159
151
145
139
118
110
51
10
10
-29
-39
-71
-31
-52
-63
-49
-45
-51
-44
-94
-129
-144
-169
-187
-202
-189
-173
-165
-157
-190
-202
-160
-202
-222
-184
-151
-144
-104
-119
-146
-125
-99
-89
-92
-63
-22
-44
-9
2
6
11
39
43
19
27
60
87
115
174
184
179
138
163
160
149
195
213
217
182
181
159
133
139
88
62
34
42
29
-20
-11
-23
-18
-19
-1
-26
-10
-8
0
15
-42
-39
-64
-92
-100
-142
-135
-138
-145
-174
-161
-144
-111
-91
-111
-82
-70
-65
-98
-82
-49
-51
-89
-139
-132
-120
-94
-55
35
58
72
85
103
138
131
97
102
149
146
129
134
206
190
172
204
192
189
180
141
113
134
189
124
91
106
46
-2
17
-35
-42
-40
-48
-75
-137
-134
-148
-168
-165
-138
-173
-153
-139
-121
-132
-162
-189
-223
-221
-251
-180
-135
-138
-136
-119
-109
-171
-142
-111
-75
-82
-78
-68
-75
-51
-47
-48
-36
9
37
34
42
100
119
156
123
143
176
147
152
148
157
152
114
147
133
118
172
126
127
157
173
139
149
175
145
161
142
122
106
123
120
76
41
29
16
-2
-14
-19
-14
-19
26
10
18
93
127
124
137
101
87
143
112
66
19
-10
-50
-79
-76
-127
-119
-118
-126
-147
-170
-163
-193
-216
-236
-230
-254
-267
-252
-276
-263
-256
-270
-264
-223
-203
-154
-179
-119
-90
-108
-100
-90
-52
-78
-45
13
7
44
60
58
84
75
105
134
122
128
152
158
154
127
144
178
157
139
135
156
104
70
124
92
71
54
42
57
55
61
69
43
20
-3
-40
-11
1
11
15
-22
-18
-23
-14
-34
-40
-17
-47
-48
-47
-21
-90
-84
-110
-119
-129
-108
-89
-97
-107
-77
-50
-57
26
-1
35
59
116
130
133
122
136
141
138
144
133
168
144
144
123
145
98
52
97
62
64
66
40
49
13
7
9
0
1
-9
-44
-50
-40
-27
-13
-9
-2
-65
-50
-34
-82
-43
-46
-69
-80
-95
-114
-148
-182
-128
-147
-152
-126
-146
-114
-129
-86
-76
-68
-48
-60
-65
-65
-64
-88
-98
-114
-108
-74
-47
-35
-7
12
19
35
63
91
69
89
87
111
87
83
118
91
108
117
126
141
111
120
112
123
134
115
132
138
113
75
52
43
29
-20
-34
-57
-70
-97
-95
-109
-121
-92
-87
-56
-75
-58
-44
-79
-72
-39
-20
-4
11
-4
31
37
30
46
19
35
10
-29
-26
-45
-47
-63
-18
-21
-58
-21
-27
-55
-43
-21
-28
-23
24
35
36
53
60
82
56
54
34
23
31
-1
17
37
12
2
-18
-13
-21
-34
-20
-15
-21
-11
32
33
59
44
28
38
28
17
38
32
22
34
4
3
29
-8
-16
11
5
-4
0
15
13
0
-13
-30
-50
-44
-32
-23
-49
-25
-34
-27
-41
-48
-42
-60
-55
-46
-31
-46
-35
-19
-24
-23
-43
-43
-11
-22
-8
17
16
10
18
17
3
40
76
37
60
80
68
33
66
79
90
122
82
85
87
75
39
42
58
28
35
30
18
4
-17
-39
-50
-62
-14
-29
-38
-16
-27
5
-11
-9
-30
-39
-75
-98
-73
-80
-101
-64
-64
-83
-57
-65
-86
-88
-64
-48
-42
-40
-20
-32
-23
-21
-59
-57
-53
-46
-31
-40
-34
-33
-9
3
18
47
71
74
77
80
72
84
88
66
12
17
27
18
4
46
40
33
39
29
2
27
31
33
55
7
33
14
-23
-20
-31
4
-23
-23
5
-41
-46
-37
-44
-38
-18
-10
24
41
42
68
79
92
68
72
102
80
96
79
78
66
32
37
12
5
8
8
6
-17
-19
-5
-26
-17
-29
-39
-60
-61
-51
-64
-85
-52
-54
-71
-71
-95
-97
-88
-90
-84
-85
-68
-58
-74
-71
-29
-19
-25
-6
10
6
-5
20
34
44
41
66
77
70
75
85
81
86
77
111
116
99
114
131
102
86
66
57
40
23
5
1
-9
-34
-33
-38
-44
-46
-47
-48
-27
-51
-37
-39
-38
-64
-70
-54
-74
-85
-79
-51
-57
-53
-37
-33
-58
-44
-33
-56
-57
-30
3
-28
-4
8
-2
0
36
38
23
43
46
66
49
39
32
49
40
30
35
45
40
9
19
15
0
0
20
1
-1
3
14
-28
-2
4
-16
-21
-5
7
-14
12
5
7
10
3
13
-3
11
9
10
-4
-11
16
-20
-39
-37
-45
-34
-35
-45
-17
-22
-39
-20
-37
-23
-30
-40
-5
-13
-32
-21
-10
-36
-31
-39
-38
-22
-14
-34
-43
-24
-30
-32
-3
-7
2
13
24
19
16
44
40
29
34
46
20
24
23
8
5
10
31
55
61
73
74
88
90
79
94
100
102
95
93
91
51
56
38
14
24
4
-1
-7
-4
-19
-32
-49
-53
-60
-46
-33
-31
-36
-45
-50
-57
-45
-69
-54
-50
-39
-31
-36
-20
-15
-21
-28
-15
-29
-22
-19
-19
-10
0
15
-3
25
30
38
27
7
5
1
11
23
25
11
35
34
24
32
37
37
26
26
6
0
-4
1
8
16
9
-2
7
-10
5
-3
-8
-25
-34
-32
-25
-6
-39
-28
-27
-43
-56
-48
-47
-58
-21
-25
-39
-47
-29
-66
-74
-58
-50
-74
-74
-50
-61
-67
-60
-54
-65
-42
-37
-1
-8
11
9
10
27
22
42
43
61
55
48
62
58
59
45
34
33
24
27
44
34
38
49
40
50
65
62
61
39
48
26
28
44
41
40
39
43
26
16
19
16
-19
-10
-13
-36
-32
-34
-29
-51
-43
-27
-19
-9
4
9
15
21
14
20
21
14
16
27
16
14
16
20
13
19
30
30
44
46
24
6
5
-16
-21
-34
-39
-26
-25
-15
-31
-34
-26
-13
1
6
23
38
32
39
51
32
37
35
29
4
-13
-24
-19
-27
-33
-23
-26
-26
-48
-24
-33
-41
-36
-43
-29
-17
-15
-33
-17
-10
-20
-35
-34
-26
-28
-25
-36
-38
-39
-33
-40
-42
-40
-37
-44
-32
-36
-43
-17
-31
-31
-24
-14
-26
-33
-26
-5
-12
-12
0
10
16
11
16
39
34
41
47
44
60
64
47
35
45
36
12
12
20
2
14
30
15
-1
11
7
-5
9
39
42
46
47
65
56
60
54
18
30
24
-3
-14
-17
2
-10
-9
-1
-16
-17
-19
-14
-14
3
23
27
15
20
18
5
-2
11
12
4
5
-13
-16
-30
-28
-19
-28
-27
-29
-33
-27
-12
-27
-13
1
-15
-13
17
18
12
15
9
4
-1
3
-13
-32
-18
-25
-24
-19
-1
-6
-19
-5
-9
-19
-13
11
-1
-5
1
14
10
6
9
-6
-2
-14
-11
-5
-8
-17
-16
-8
-15
-9
-10
-6
6
1
2
19
18
14
-5
-1
-6
-23
-16
-8
-20
-16
4
-1
0
-4
3
-1
0
8
2
8
24
1
6
8
-8
0
-7
-14
1
-5
7
16
22
6
6
11
-2
6
3
17
20
33
29
28
43
30
18
32
40
41
31
42
43
23
27
26
-1
-2
25
6
-13
-2
9
-21
-20
-12
-15
-20
-38
-34
-40
-45
-59
-58
-49
-43
-51
-39
-28
-15
-23
-16
-10
-5
-8
-3
1
11
5
-1
-5
11
14
-13
-6
-6
3
-1
5
-5
11
4
8
24
21
24
28
11
3
22
16
8
23
26
26
6
0
14
5
-3
7
10
1
-19
-11
-18
-23
-17
-22
-19
-30
-23
-16
-31
-25
-25
-25
-30
-33
-25
-28
-25
-12
0
-2
4
19
32
28
31
38
35
32
25
35
34
15
25
33
11
21
20
34
39
17
12
25
18
14
23
33
48
46
35
33
37
18
25
14
11
15
18
10
-13
-12
-15
-26
-46
-45
-50
-54
-55
-64
-59
-47
-45
-37
-25
-21
-25
-30
-15
-11
-31
-19
-10
-28
-10
1
-2
-21
-11
10
-13
-6
9
9
-4
-2
1
-2
6
14
3
13
-1
-10
8
3
6
-12
-2
5
7
-1
6
25
9
21
25
26
27
33
36
5
20
26
4
9
21
4
-10
0
3
4
2
3
5
-4
-10
-13
-13
-11
-14
-17
-19
-20
-11
-11
-21
-11
-6
4
-3
-4
6
-3
-1
12
-4
0
8
-2
2
11
17
14
17
9
5
15
13
0
-1
4
-2
-15
-5
-8
-16
-27
-22
-18
-32
-14
-14
-11
-1
7
-10
-16
-11
-12
-17
-23
-5
-11
-20
-7
-20
-17
-14
-22
-9
3
4
-11
-3
7
11
10
14
24
22
23
25
35
29
26
37
33
26
21
20
22
25
41
53
52
42
33
29
26
22
13
-5
-4
6
1
-2
-5
-9
-1
-11
-15
-13
-18
-11
-12
-26
-35
-30
-38
-41
-24
-30
-16
-9
-10
-7
-11
-3
7
2
-8
-7
-4
-3
-22
-28
-26
-17
-14
-24
-12
5
7
9
18
22
22
17
25
17
19
26
17
11
22
21
5
7
5
-1
-1
-3
-4
-1
2
-4
-1
3
-8
-18
-9
-6
-21
-30
-18
-17
-26
-22
-19
-27
-29
-13
-24
-19
5
-9
-14
1
-4
-15
-17
-13
-7
-14
-21
-16
-9
5
3
-2
9
23
18
13
15
25
24
23
31
26
21
25
29
34
27
27
18
8
16
11
10
11
10
2
1
2
11
6
9
8
6
14
12
11
2
8
10
4
9
11
-4
-8
-14
-19
-12
-15
-26
-11
-4
-2
-1
-12
-3
-5
-5
-8
-16
-11
-13
-19
-17
-22
-29
-16
-20
-24
-5
-12
1
7
-3
-12
-2
4
-2
0
9
12
-3
5
11
4
5
16
18
19
25
33
21
22
27
11
11
-3
-10
-22
-21
-7
-20
-25
-30
-26
-30
-29
-29
-27
-22
-33
-13
-8
-5
-15
0
4
-2
-2
6
4
2
8
11
2
-3
8
7
11
4
9
19
21
20
23
21
20
20
20
14
24
34
28
26
30
22
13
8
23
10
-9
-6
-13
-19
-6
-12
-13
5
9
2
-9
2
0
-4
-6
-7
-2
0
-17
-17
-13
-16
-7
-20
-22
-17
-23
-17
-15
-18
-19
-9
-16
-12
-7
1
7
-1
12
-2
5
-1
3
18
16
16
16
21
11
19
28
21
18
18
21
10
-10
-10
-10
-11
-12
-25
-19
-25
-27
-22
-16
-14
-8
-9
-12
-18
-7
-3
-13
-13
-12
-19
-27
-6
-9
0
2
2
-4
-4
2
-5
-3
0
15
14
14
4
12
15
8
-2
-4
4
0
-6
-1
4
8
2
18
10
2
6
16
14
2
8
9
5
2
10
15
11
-1
1
7
9
-10
5
16
12
12
8
11
7
0
6
21
12
9
24
18
19
19
18
18
17
16
9
11
15
7
-5
-11
-3
7
8
4
0
1
-9
-12
-12
-6
-8
-7
-3
-11
-8
-9
-11
-21
-13
1
-9
-14
-8
-3
-5
-8
-12
-10
-2
-7
-7
-12
-27
-20
-30
-22
-16
-16
-18
-16
-20
-8
-2
-11
-4
-5
-6
-19
-7
-6
-15
-5
-8
-11
-13
-13
-16
-25
-22
-11
-22
-23
-21
-13
-12
-7
2
3
6
0
-10
-2
-3
-9
-9
-7
-8
-2
1
4
10
10
10
5
14
13
8
8
22
28
24
37
41
43
37
50
47
38
46
48
42
38
43
31
21
33
27
19
15
5
5
4
-8
-12
-8
-2
1
-3
0
5
-3
-8
-11
-10
0
-6
-16
-5
-3
-11
-7
-7
2
6
-7
-1
-10
-7
-3
-10
-6
-3
-9
-15
-16
-14
-10
-8
-12
-14
-11
-13
-9
-19
-11
-7
-18
-23
-15
-6
-18
-8
-5
-7
5
9
-2
4
5
-5
1
2
10
8
3
-5
-7
-7
-14
-13
-13
-9
-19
-24
-14
-3
-7
-7
2
12
4
9
9
3
21
13
1
-5
4
7
2
3
5
-10
-17
-16
-12
-11
-13
-8
-4
-6
-13
-20
-25
-19
-17
-29
-18
-21
-21
-15
-16
-9
-6
-3
-11
-10
3
2
1
7
11
13
19
24
18
20
23
17
19
17
18
22
15
20
31
31
27
29
31
49
52
47
42
47
47
34
26
24
22
9
7
11
2
-5
-8
-15
-14
-20
-12
-25
-23
-21
-22
-27
-35
-29
-29
-38
-43
-37
-43
-34
-32
-31
-21
-13
-8
-3
-1
4
8
5
13
13
25
23
21
30
20
10
12
19
15
7
11
17
16
19
6
5
18
4
0
6
4
-14
-9
-9
-18
-20
-18
-19
-25
-19
-23
-20
-30
-27
-20
-23
-35
-20
-11
-11
-7
-8
2
3
3
10
13
14
23
24
22
19
22
23
21
12
11
3
-1
-2
-4
4
-9
-9
2
-11
-5
2
-7
-8
-1
0
-6
-3
-3
-3
-3
-8
-8
-2
-3
-5
-3
5
4
3
2
-6
-1
-5
0
1
-3
-6
-2
2
-11
-10
-12
-13
-4
-7
0
7
13
16
11
10
24
21
11
18
24
17
18
20
17
17
13
11
4
5
0
-11
-9
-3
-4
-2
-3
-9
-6
-7
-11
-10
-7
-8
-7
-16
-12
-15
-18
-23
-19
-18
-8
2
-3
1
1
3
1
1
7
0
-2
2
5
10
12
18
16
13
25
19
11
21
18
14
13
14
14
12
14
10
11
12
3
-5
-1
-1
-7
-6
-14
-20
-17
-17
-22
-25
-14
-6
-10
-13
-11
-16
-18
-15
-18
-17
-11
-16
-10
2
7
-8
0
9
2
-12
-3
1
-7
0
3
0
0
-3
-4
0
-7
-11
-11
-4
-8
-9
-1
-5
-4
-4
1
4
-1
7
7
10
16
12
9
6
10
10
8
6
14
12
10
18
10
2
6
8
18
15
13
7
7
9
2
-1
-2
4
-5
-7
-3
-5
0
6
5
4
1
-4
2
8
8
-2
4
9
-3
1
8
8
-1
0
-5
-8
-4
-11
-3
-5
-8
6
8
-2
-3
4
-1
-16
-8
-16
-14
-16
-18
-11
-17
-11
-18
-20
-16
-18
-8
-10
-14
5
1
-1
4
17
15
11
13
18
13
16
14
5
9
2
3
5
7
1
-4
2
-2
-10
-13
-9
-9
-15
-9
-6
-2
-5
1
-1
-9
-8
-3
-4
-3
-1
2
3
0
0
12
6
7
9
0
12
19
17
10
15
14
4
10
4
-4
-1
6
4
1
6
9
5
3
-1
2
5
0
5
0
3
3
-1
7
2
4
10
6
3
2
-2
-3
0
-1
2
8
2
3
4
8
7
2
-1
0
0
-4
-9
-14
-8
-7
-15
-8
-10
-4
-13
-18
-18
-21
-17
-16
-18
-13
-10
-5
-9
-15
-12
-15
-14
-10
-5
-3
-6
-4
1
-8
2
13
6
5
1
-6
2
6
8
13
12
9
9
10
7
9
9
9
12
13
5
2
7
1
2
6
1
-3
-5
-2
-9
-3
6
2
0
2
-2
-6
0
-5
-10
-14
-8
-11
-10
-7
0
-6
-9
-5
-7
-5
-8
6
0
-2
0
-5
4
7
3
8
7
5
-4
4
2
-4
-4
-9
-4
-5
8
7
5
7
15
18
16
24
24
20
23
20
11
15
14
18
20
24
32
21
23
12
12
7
1
2
-4
-9
-5
-6
-7
-11
-9
-9
-10
-11
-16
-13
-9
-4
-6
-6
0
-1
-1
-8
-15
-10
-8
-13
-10
-8
-9
-6
-16
-14
-16
-11
-13
-12
-6
-10
-4
0
-3
-3
-2
-2
2
2
-2
3
1
-2
-7
-5
4
0
-1
-1
-2
-4
-7
-4
-8
-15
-9
-9
-9
-10
-2
-5
-1
1
-4
-3
-6
3
-5
-4
-7
-3
0
-5
-3
-4
3
-6
-4
-6
-7
-10
0
8
0
6
9
8
15
6
7
5
13
16
4
9
17
12
12
11
8
7
10
8
7
13
8
8
8
7
11
4
10
14
10
12
16
14
3
2
8
1
3
-1
-3
-4
-7
-4
-5
-1
8
1
1
5
-4
-7
-6
-11
-15
-16
-9
-8
-6
-8
-9
-2
-1
1
1
10
7
5
8
8
4
9
11
12
5
4
5
-1
3
-1
-3
7
6
4
0
-4
-2
-3
6
0
3
0
-3
-2
-11
-6
-6
-6
-8
-8
-18
-16
-17
-23
-21
-28
-23
-24
-21
-20
-30
-25
-29
-27
-25
-20
-17
-16
-5
1
0
-4
7
17
17
19
23
17
18
23
29
22
25
22
25
23
23
21
18
19
9
10
9
8
10
9
4
0
6
9
2
0
4
-4
-11
-9
-10
-12
-17
-20
-20
-23
-23
-20
-24
-19
-19
-13
-10
-7
-9
-11
-5
-4
-6
0
6
4
8
12
13
8
10
8
9
10
11
4
1
11
6
1
0
9
12
11
13
11
17
20
22
14
14
10
13
2
-1
-7
-12
-5
-19
-25
-19
-13
-16
-9
-8
-1
1
0
2
1
2
2
5
5
6
5
12
14
10
12
9
13
21
17
15
17
22
13
11
12
12
-1
3
6
-4
-12
-13
-5
-11
-16
-20
-17
-12
-13
-17
-6
-1
-10
-11
-5
-4
-14
-14
-5
-10
-20
-11
-9
-12
-10
-10
-4
-4
4
6
2
5
1
-2
1
-5
-4
-4
-7
-5
-6
-4
4
-1
-5
-2
-3
0
-1
1
-6
-7
-9
-4
-11
-10
-1
1
4
-11
-5
-1
-2
-2
-2
9
6
10
22
10
17
19
25
24
17
21
23
22
16
10
8
9
9
7
10
7
-8
0
-4
-14
-16
-13
-7
-10
-12
-6
-6
-11
-2
-5
-10
-10
-10
-6
-14
-23
-17
-13
-13
-17
-15
-15
-11
-8
-14
-2
-10
1
11
13
10
16
23
22
23
15
20
21
17
10
11
13
7
5
8
5
6
4
7
9
-2
4
4
0
-7
3
1
-2
-2
-9
7
1
-8
-8
-12
-12
-8
-14
-12
-14
-18
-12
-13
-10
-9
2
-8
4
10
1
8
7
3
-6
-1
-9
-9
-2
-10
-3
-4
-2
6
0
4
10
11
12
19
22
16
11
9
18
17
17
13
14
16
0
4
1
3
0
-5
6
-4
-16
-6
-7
-12
-23
-18
-18
-15
-26
-23
-9
-18
-23
-22
-12
-21
-16
-11
-8
-15
-17
-5
7
-6
-3
11
0
-5
-7
12
-3
9
17
11
8
10
15
13
17
10
24
19
11
15
17
9
4
2
8
5
-6
4
7
-4
-2
7
-3
3
5
7
11
4
5
1
7
3
-1
0
-7
-2
6
-4
1
4
2
-1
-6
1
-6
-9
-15
-8
-14
-14
-12
-5
-5
-12
-3
-4
-1
-6
-2
-2
-4
-10
-9
-3
-8
-6
-4
-4
-3
-7
-8
-10
-13
-9
-12
-15
-14
-10
-16
-14
1
0
6
7
7
2
3
5
2
0
-1
7
0
3
9
7
7
5
4
-2
5
6
-2
7
9
2
11
15
16
19
17
18
21
12
12
9
16
14
7
17
17
14
12
24
18
12
10
15
15
9
5
7
13
3
-3
6
4
2
2
-6
-2
2
-3
-3
4
3
-5
-3
-7
-10
-8
-17
-12
-13
-16
-10
-5
-18
-15
-10
-8
-9
-8
-8
-6
2
-6
1
5
-11
-9
-1
-3
-2
-4
-1
-3
-10
-8
-7
-5
-3
-7
-9
-6
-3
-10
-5
-2
-8
-8
-8
-7
-3
-5
-7
0
-7
-2
-10
-11
-8
-11
-12
-15
-14
-10
-11
-10
-4
-6
-9
-2
-2
-6
0
-2
6
-3
0
1
-2
-8
-14
-4
-10
-12
-9
-10
2
-6
-3
-3
1
-3
-1
9
6
16
17
21
19
6
13
12
14
15
12
24
21
12
16
23
17
11
23
19
15
9
14
19
7
4
3
8
2
0
7
9
4
4
5
8
1
0
-3
2
8
-1
2
3
0
2
7
6
2
11
17
17
18
15
14
13
11
14
8
5
8
4
9
2
-8
-10
-4
-9
-22
-12
-14
-18
-17
-20
-17
-18
-18
-17
-13
-16
-24
-16
-16
-25
-23
-20
-9
-23
-27
-11
-18
-24
-24
-9
-12
-11
-9
2
-1
-10
-3
9
-2
-4
-2
1
10
3
7
16
16
6
9
14
11
8
8
8
12
11
13
12
8
6
6
10
2
5
0
-3
-3
-10
-11
-11
-19
-24
-15
-18
-19
-11
-13
-8
-8
-11
-8
-7
-9
-5
10
-5
2
19
10
22
20
22
31
28
21
21
27
15
24
30
18
17
16
12
17
16
6
8
7
1
-1
-8
-7
-10
-16
1
-4
-14
-15
-10
-18
-22
-19
-16
-11
-6
-16
-17
-8
-8
-4
-1
0
-2
-1
1
3
3
-4
-5
-2
-6
1
1
0
-2
8
8
6
8
3
9
15
15
14
12
10
17
9
14
12
4
6
0
-5
-5
1
-5
-7
-2
-2
-10
-12
-8
1
-4
-11
-3
5
0
-14
-1
1
-3
-2
-2
-3
-9
-8
-7
2
-2
-7
8
1
3
2
-2
3
-3
-4
2
3
-1
0
-3
-3
-1
3
4
2
4
0
0
3
6
2
7
7
2
-1
-9
2
2
0
-2
-7
-4
-2
1
-1
-1
2
4
7
6
13
14
12
10
8
11
4
4
5
3
5
-2
-1
-4
-4
-1
2
1
1
5
-6
-1
-5
-6
-3
-11
-4
-17
-21
-20
-19
-20
-32
-26
-26
-28
-20
-19
-21
-17
-8
-12
-12
-5
-13
-4
-6
-9
-11
-6
-4
-1
2
1
9
6
10
14
11
12
10
7
11
12
11
14
12
15
17
18
21
20
12
6
16
5
5
11
2
5
4
2
6
7
6
10
10
7
4
7
10
12
6
9
12
4
5
8
5
6
12
3
6
10
8
9
8
9
-4
4
2
6
6
1
-1
-2
-3
-9
1
-8
-7
-6
-10
-6
-6
-8
-1
3
-7
-9
2
-2
-15
-22
-15
-14
-16
-17
-10
-16
-22
-17
-16
-23
-20
-17
-12
-13
-10
-6
-8
-3
-4
5
1
-2
0
5
5
5
5
10
10
10
15
12
8
13
9
0
4
3
-1
-2
2
5
4
-3
4
10
0
2
-7
-5
-12
-4
-3
-8
-5
-8
1
-11
1
-6
-12
-2
-5
-5
-5
-3
1
-2
9
10
6
14
10
13
10
19
15
12
13
11
18
13
18
17
17
14
15
22
13
14
9
2
1
6
0
0
-3
-10
-19
-14
-9
-11
-13
-20
-15
-21
-28
-28
-23
-17
-23
-14
-13
-19
-20
-16
-16
-14
-8
-5
-10
-6
-7
-11
-1
4
6
2
14
13
12
16
10
17
13
9
13
16
15
11
19
19
17
22
24
31
28
21
23
17
14
15
15
11
14
12
6
5
5
-1
0
-3
-9
-10
-12
-7
-9
-10
-19
-7
-12
-13
-11
-18
-16
-14
-19
-22
-19
-16
-21
-26
-24
-23
-25
-22
-19
-14
-15
-14
-9
-10
-8
-1
-1
-1
8
9
14
16
7
18
16
6
8
4
5
2
7
4
6
4
4
8
4
5
3
3
0
2
-1
0
-4
-7
3
0
1
-1
-1
-6
-6
-2
-2
-3
4
5
2
4
-3
7
1
4
10
11
8
2
4
0
-1
-3
-2
1
-1
4
1
4
6
2
2
5
2
5
5
9
12
0
-2
4
-5
-4
4
8
7
8
15
6
2
-3
3
0
-3
-4
4
4
-3
-3
-1
-2
-8
0
4
-6
-5
-2
-5
-10
-15
-2
-5
-3
-2
-2
1
-2
2
1
-2
2
3
3
1
7
1
6
11
11
8
5
10
4
6
4
2
2
-1
-3
-3
-4
-1
-5
-1
-1
4
1
-3
-2
1
-4
-6
-4
-4
-5
-1
-7
-14
-14
-9
-14
-14
-8
-19
-23
-22
-22
-21
-17
-16
-9
-11
-15
-11
-12
-12
-9
-7
-4
-1
7
7
2
1
-1
6
5
9
8
11
18
18
15
13
10
10
13
9
12
12
16
18
16
18
13
9
9
6
10
10
9
8
6
3
-1
-3
-1
2
1
9
11
17
10
14
16
14
21
19
25
23
21
21
18
13
6
11
13
11
5
4
8
5
4
-4
-8
-9
-12
-20
-21
-19
-23
-27
-24
-23
-28
-30
-29
-33
-32
-32
-33
-27
-25
-23
-26
-23
-23
-24
-23
-24
-21
-20
-18
-16
-7
-7
-6
-3
-2
4
0
-1
9
8
12
8
13
12
7
9
3
9
7
11
6
8
12
9
8
14
21
8
8
12
8
14
7
5
6
-1
1
2
7
7
7
-1
4
1
-4
1
-3
1
0
11
1
0
-2
-3
8
5
11
12
10
6
12
14
11
11
17
17
17
17
15
13
4
4
-4
-5
-3
-2
-7
-14
-6
-13
-19
-11
-12
-15
-6
-5
-1
-3
-3
-2
-3
5
2
-3
-1
3
0
-3
1
1
-2
-1
2
3
3
0
1
9
11
10
9
12
12
9
12
18
20
18
18
20
20
15
11
13
6
3
7
5
9
-1
-7
-6
-10
-10
-6
-17
-20
-18
-22
-27
-28
-25
-28
-34
-35
-34
-37
-35
-23
-31
-33
-26
-22
-24
-21
-15
-19
-11
-6
-4
0
9
13
7
7
6
9
9
6
10
11
14
12
20
17
18
20
23
22
14
15
12
17
11
7
10
8
6
7
6
5
8
2
1
-5
-10
-4
-6
-9
-13
-8
-4
-7
-6
-3
-2
-2
2
1
4
4
3
3
4
1
3
3
1
1
1
2
-2
5
3
8
10
14
14
14
12
9
10
8
6
6
4
2
7
9
1
1
7
2
-2
-4
5
-1
0
4
-1
1
-4
1
-3
-7
-2
-6
-2
-3
-5
-6
-3
4
1
-2
3
2
2
1
4
1
1
-2
-1
-1
-1
-4
-3
6
-1
-1
-3
-3
-4
-8
-11
-11
-6
-4
-9
-7
-15
-21
-24
-22
-16
-20
-21
-13
-19
-20
-17
-11
-12
-12
-7
-3
-2
-1
6
5
4
7
2
6
7
1
4
4
1
1
9
9
7
9
12
15
12
8
4
5
-1
3
1
5
4
7
7
-1
2
3
4
-2
-1
0
-2
-8
-5
-8
-16
-12
-4
-6
-2
2
4
2
-3
1
6
9
2
6
9
7
8
12
10
14
17
17
21
19
17
18
15
13
15
10
15
18
17
12
19
17
12
16
10
11
4
3
3
-1
-4
-4
-1
-10
-8
-15
-13
-17
-19
-13
-8
-5
-3
-2
-3
1
-5
-2
-5
-3
-6
-2
0
-2
-2
-9
-7
-9
-10
-15
-15
-9
-2
-5
1
2
-5
-4
-6
-2
-1
-4
-8
-4
-12
-13
-13
-12
-15
-14
-15
-12
-17
-19
-10
-8
-10
-10
-4
-7
0
2
-1
-4
-3
-6
-5
-5
-5
-3
-2
1
-1
3
4
1
4
8
4
8
11
8
12
8
14
10
7
11
9
7
5
3
2
7
9
7
8
4
8
6
4
6
-4
2
2
2
2
-8
-5
-9
-9
-9
-9
-11
-6
-9
-9
-7
-6
-1
3
2
-1
2
2
6
0
-7
0
-1
3
-2
3
2
4
12
8
6
7
10
8
9
5
9
10
11
13
11
12
14
19
16
11
8
12
13
10
10
11
12
7
8
9
7
5
2
3
-5
-9
-6
-6
-3
-4
-1
3
-3
-10
0
-6
-6
-2
-5
-3
-7
-3
-7
-5
-3
-2
0
-3
-5
-2
-5
-11
-9
-12
-16
-18
-14
-16
-9
-10
-14
-14
-12
-17
-19
-13
-11
-9
-8
-5
-2
1
1
-11
-8
-3
-9
-10
-3
-1
0
-2
-2
-4
-1
2
0
0
0
1
4
6
3
8
8
7
10
9
8
13
17
19
20
24
21
12
13
12
9
9
6
9
7
4
-1
4
2
3
-2
2
5
-1
-6
-5
-7
-2
-3
-6
2
-11
-8
-8
-11
-7
-8
-7
-6
-7
-9
-10
-10
-17
-11
-12
-7
-6
-9
-4
-1
-3
-9
-2
0
-3
-4
-1
-2
4
9
6
4
2
6
5
11
6
9
16
11
6
10
13
10
9
7
8
5
4
2
-1
-4
-1
-1
3
-1
3
3
0
0
4
7
1
-1
-2
-10
-6
-2
-10
-6
-8
-8
0
-2
-2
4
-3
-3
3
2
-1
3
5
4
2
1
6
2
-1
8
6
5
7
2
1
-4
0
3
-3
-2
1
-6
2
2
-5
-3
-7
-4
-7
-5
-2
-6
1
-3
-4
-2
0
4
5
4
2
0
-2
-5
-12
-10
-10
-7
-5
-7
-6
-6
-6
-5
-8
-3
1
2
3
-1
8
8
10
14
14
11
13
13
7
8
7
10
10
12
2
7
11
9
4
5
1
3
-1
-1
0
-7
-1
-3
-3
-9
-2
3
-2
0
-5
-5
-9
-8
-14
-14
-14
-14
-12
-8
-10
-13
-9
-12
-13
-14
-8
-8
-13
-12
-12
-8
-8
-4
-1
1
6
6
5
6
9
6
4
2
1
9
9
5
9
7
6
-2
-5
-1
-5
-2
-5
-2
3
2
1
-1
1
-2
-7
-6
3
2
8
0
-7
-1
-4
-6
-1
2
3
10
9
7
11
7
5
9
14
15
12
12
5
5
5
5
9
6
7
14
12
10
7
8
14
11
22
23
13
7
11
8
5
6
5
6
4
-4
-8
-2
-6
-9
3
2
-8
-6
-8
-16
-11
-7
-14
-16
-12
-15
-11
-12
-18
-10
-18
-10
-3
-8
-16
-12
-8
-6
1
6
14
14
5
6
5
-1
5
6
-7
-10
-4
-9
-10
-11
-13
-6
-5
-6
0
-2
-4
-3
-3
-6
-8
-11
-12
-15
-19
-19
-14
-16
-13
-6
-13
-9
-14
-12
-8
-7
-2
0
0
-1
2
6
12
10
17
18
18
12
8
9
11
12
5
5
10
5
6
13
9
11
11
10
9
11
8
9
2
0
-1
-10
-7
-1
0
5
12
11
12
11
6
3
-2
-3
-1
-7
-5
-3
-2
1
4
4
10
10
12
10
11
10
6
12
16
14
26
21
16
11
13
11
6
5
4
3
1
1
1
6
2
0
-2
-2
-5
-9
-2
-4
-6
-5
-8
-6
-5
-14
-6
-6
-11
-2
0
-10
-14
-7
-8
-4
-10
-17
-8
-2
-8
-8
-2
-7
-7
-2
-14
-9
-7
-9
-5
4
3
12
13
5
1
-5
-9
-19
-11
-11
-18
-21
-18
-18
-21
-18
-11
-12
-13
-9
-13
-10
-6
-14
-20
-4
-11
-12
2
-4
-8
3
-2
-2
11
8
10
8
4
4
0
-2
-1
0
3
4
5
8
13
9
11
15
10
9
5
3
9
12
8
4
9
6
11
19
14
8
5
3
-6
-7
0
2
4
9
11
-1
-1
4
-2
4
6
-2
0
-1
-6
1
8
11
4
8
9
14
11
14
16
13
14
7
6
-1
-7
-6
1
2
1
13
11
12
18
16
5
9
13
-2
2
4
-1
-3
2
-1
-9
-3
0
-5
-3
-7
-7
-4
-2
-10
-15
-17
-27
-26
-25
-23
-13
-20
-18
-3
-9
-13
-20
-23
-15
-14
-23
-14
-11
-16
-16
-11
-9
-2
7
3
10
12
2
6
8
10
8
8
3
9
10
11
8
6
11
18
15
14
19
3
5
8
4
6
15
13
13
15
6
7
7
6
4
11
13
2
3
5
2
0
-5
-6
-13
-8
-4
-14
-13
-7
-2
1
9
10
7
13
10
4
0
-11
-8
-4
-12
-9
-5
-7
2
5
1
-2
-6
-12
-10
-13
-21
-20
-18
-20
-16
-9
-9
-4
0
-4
-1
2
-4
-3
-6
-7
-2
-2
-5
0
-6
-7
7
-4
3
13
2
3
11
4
4
6
1
3
8
9
7
16
9
8
11
8
4
0
-3
-2
1
1
8
3
-1
-2
1
4
10
3
-2
1
-8
-4
7
3
4
19
9
7
13
8
7
8
7
4
15
5
4
8
1
4
4
5
-6
-8
-4
-6
-6
-12
3
-3
-12
-6
-13
-16
-10
-14
-21
-17
-15
-13
0
-4
-4
3
-7
-17
-13
-6
-8
-3
-2
-7
-3
4
-3
9
11
5
12
8
10
7
-4
1
4
0
8
4
13
14
9
8
2
-1
-3
-3
-5
-3
-1
-5
-2
4
7
11
-1
-6
-4
-4
-5
-5
-7
-9
-2
4
6
8
3
1
8
1
9
14
2
5
