SAMPLES:	22373
BITSPERSAMPLE:	16
CHANNELS:	1
SAMPLERATE:	16000
NORMALIZED:	FALSE
-19
-20
-19
-21
-33
-38
-23
-32
-29
-28
-33
-36
-46
-32
-40
-32
-25
-8
-19
-21
-15
-26
-26
-21
-14
-21
-21
-21
-21
-1
1
-7
12
7
17
30
31
29
31
40
33
27
28
27
25
18
3
11
23
13
16
15
15
22
21
20
28
34
34
29
38
36
18
6
16
21
15
16
8
5
3
3
3
-5
-2
-18
-12
-14
-20
-16
-13
-14
-14
-13
-22
-30
-41
-40
-42
-34
-25
-32
-19
-15
3
11
3
-2
-10
-6
-10
-14
-3
4
-1
2
10
17
20
17
6
16
9
11
13
3
10
10
11
6
12
26
22
17
21
24
26
7
8
9
0
-6
-5
-23
-19
-19
-25
-14
-27
-19
-19
-29
-17
-14
-19
-23
-26
-18
-21
-38
-38
-29
-27
-25
-21
-24
-20
-16
-6
3
-4
3
3
20
5
6
13
18
14
10
20
11
13
7
-5
7
6
16
8
-3
9
1
4
4
-2
3
6
7
8
13
16
17
13
9
4
9
19
20
19
25
22
17
16
22
20
20
28
21
10
8
10
8
17
10
15
16
17
14
16
19
10
12
-2
-5
-17
-24
-23
-25
-23
-35
-37
-47
-41
-38
-42
-36
-41
-43
-38
-40
-27
-30
-35
-30
-33
-33
-31
-27
-31
-33
-25
-17
-34
-25
-20
-15
-10
-7
7
11
16
12
14
10
5
17
24
15
24
20
23
20
24
25
30
38
30
42
30
25
24
35
29
34
42
46
43
46
54
43
48
36
44
31
31
22
11
14
16
14
7
15
11
14
13
17
13
20
17
16
15
11
10
-17
-13
-12
-27
-30
-26
-21
-27
-27
-32
-35
-39
-41
-38
-32
-47
-35
-34
-53
-45
-42
-41
-33
-35
-31
-24
-25
-25
-21
-12
-17
-15
-10
-1
-4
4
2
8
7
-4
9
4
8
18
21
25
31
26
24
22
18
16
17
22
12
6
5
7
1
-8
-3
1
-7
-11
-11
-7
-7
-14
-16
-12
-2
-12
-5
4
13
13
6
14
7
-1
6
7
10
9
11
5
-3
-3
-5
-3
-17
-13
0
2
1
12
15
9
6
7
9
7
8
2
3
6
1
3
0
9
16
8
13
14
12
15
17
20
17
23
17
23
25
23
20
24
13
7
6
-1
-4
-9
-5
-10
-6
-12
-16
-20
-19
-24
-27
-22
-24
-29
-33
-28
-35
-39
-32
-49
-44
-41
-42
-38
-34
-36
-28
-29
-35
-32
-41
-35
-37
-39
-35
-25
-17
-19
-10
-11
-4
5
-4
-6
-7
10
14
12
15
18
20
14
12
23
35
41
40
37
51
45
39
40
40
43
34
42
43
48
43
47
53
45
44
38
43
31
35
35
24
22
15
10
1
-4
-6
-3
2
-5
-2
-4
-9
-6
-6
-9
2
-9
-7
-9
-19
-15
-22
-21
-24
-31
-22
-23
-18
-18
-18
-10
-16
-14
-7
-13
-5
-2
-10
-8
-9
-10
-10
-16
-18
-16
-19
-16
-17
-20
-26
-23
-18
-21
-21
-12
-10
-8
-16
-15
-9
-8
-2
7
5
9
9
12
13
5
12
7
9
4
7
10
12
13
22
22
25
26
28
24
22
31
21
20
12
9
5
2
-7
-2
-4
-13
-12
-11
-6
-7
-7
-5
1
5
3
3
10
2
7
5
-1
-6
-4
-6
-9
0
-11
-12
-9
-10
-13
-11
-14
-7
-3
-1
-4
-8
-12
-13
-10
-17
-8
0
-4
-10
-6
-8
-7
4
-11
-11
-12
-12
-12
-14
-9
-1
-6
-12
-5
-2
-8
-2
7
5
0
8
10
8
16
6
8
11
12
13
11
10
11
13
9
16
19
17
17
12
11
16
18
11
5
5
6
2
5
8
2
0
3
-2
-9
-15
-15
-12
-9
-7
-6
-3
-5
-8
-4
0
-1
5
0
-2
3
5
4
1
7
5
13
10
5
1
1
0
-2
1
1
7
0
1
5
5
7
0
-4
-1
-7
0
4
9
11
13
9
4
3
6
-2
-4
-4
-14
-10
-21
-23
-22
-25
-25
-21
-18
-20
-22
-23
-12
-11
-8
-9
-5
-5
-9
-5
1
-4
-5
-3
-3
-6
-3
1
4
9
6
1
4
9
8
13
18
17
17
15
21
14
13
12
3
3
8
5
8
11
12
15
12
7
12
13
8
13
15
13
13
14
17
18
15
12
10
5
1
-3
-6
-10
-2
-4
-8
4
7
7
11
9
13
12
9
14
15
8
6
3
-3
-6
-9
-12
-16
-16
-21
-20
-21
-24
-22
-19
-21
-23
-25
-30
-29
-28
-24
-18
-21
-15
-18
-22
-21
-25
-18
-21
-18
-12
-14
-13
-16
-9
-3
-8
-9
-7
-3
-3
-7
-2
-7
-5
-9
-9
-1
-4
2
5
14
19
15
22
23
24
23
21
24
17
15
10
3
1
3
4
8
8
5
8
7
5
9
14
16
15
9
6
6
2
6
1
-4
-6
-9
-8
-12
-11
-13
-10
-11
-7
-7
-4
-2
-1
1
1
5
5
8
12
8
12
11
11
13
5
9
9
13
11
16
15
18
14
12
14
11
16
10
13
12
17
15
12
9
4
3
-2
-2
3
-2
-3
-4
-4
0
0
4
9
9
13
12
10
10
8
10
7
11
11
10
12
5
9
3
-4
-5
-12
-10
-13
-15
-17
-20
-22
-24
-23
-21
-17
-18
-18
-19
-18
-16
-16
-16
-19
-23
-17
-24
-25
-22
-19
-15
-21
-22
-20
-22
-20
-20
-14
-9
-10
-3
4
6
4
8
4
5
8
8
5
10
6
9
7
3
7
12
14
18
17
21
17
15
20
17
19
13
13
15
15
13
7
10
8
0
0
-2
-4
-5
-6
3
4
-4
-1
-2
0
-7
-3
-7
-9
-7
-10
-13
-16
-11
-13
-11
-12
-11
-8
-8
-7
-7
-4
-12
-13
-9
-9
-9
-14
-13
-8
-11
-15
-13
-7
-8
-8
-6
3
13
10
7
12
13
16
14
16
17
16
15
19
18
17
10
17
20
19
23
23
25
21
20
19
17
14
19
22
17
15
16
14
13
11
9
7
8
5
-2
2
-3
-5
-7
-11
-10
-10
-11
-16
-13
-16
-15
-20
-20
-15
-15
-21
-24
-26
-25
-23
-25
-23
-20
-13
-14
-16
-13
-11
-5
-2
-2
-2
1
-2
-6
-2
-5
-13
-12
-8
-3
-2
5
3
4
12
10
12
13
15
14
12
10
8
2
2
3
3
4
5
2
8
12
7
8
3
-2
-2
-4
-8
-5
-6
-12
-12
-8
-16
-16
-13
-12
-8
-2
-5
-7
-4
-4
-5
-8
-4
-1
-2
-3
1
-1
-2
2
4
1
3
-1
-2
-1
-2
2
1
3
3
0
-5
-3
-2
5
7
12
12
10
10
9
14
10
10
13
12
12
12
12
15
14
12
15
15
17
15
16
9
9
7
3
3
5
1
2
1
0
0
2
9
8
8
13
14
18
13
16
14
9
9
5
8
0
3
3
4
8
4
6
4
3
0
0
-1
-3
-4
-6
-9
-10
-10
-17
-21
-22
-21
-23
-24
-26
-27
-29
-31
-29
-27
-25
-24
-26
-22
-27
-21
-26
-28
-21
-25
-18
-24
-19
-18
-17
-8
-8
-5
-5
1
-3
0
2
8
11
7
10
9
15
14
18
17
18
17
11
16
11
8
8
7
4
10
10
11
12
13
14
14
12
12
15
14
14
13
15
11
12
10
7
5
7
4
5
4
9
11
11
7
6
4
-2
4
4
5
-1
-2
0
0
-5
-3
-8
-10
-8
-14
-10
-17
-14
-16
-16
-10
-9
-11
-11
-9
-9
-12
-9
-6
-8
-8
-8
-1
-6
-1
-1
-2
1
-2
-1
0
1
4
7
9
9
4
3
2
0
5
3
4
7
5
8
7
6
8
12
10
6
8
9
14
11
12
14
13
10
8
10
3
5
1
2
2
6
7
2
4
4
4
4
-1
2
-3
-9
-9
-10
-15
-17
-15
-14
-9
-8
-7
-8
-5
-5
-6
-6
-7
-9
-9
-8
-9
-11
-8
-10
-9
-8
-7
-4
-3
-3
-2
0
-1
4
1
4
3
2
5
-2
-3
-4
-2
0
-2
1
7
6
4
3
2
0
-4
0
-3
4
4
3
2
2
4
1
1
0
4
7
6
5
7
0
0
-3
-6
-7
-9
-10
-7
-4
-3
-6
-5
-2
-4
-5
-5
-3
-2
-2
0
0
-4
-5
-8
-11
-11
-11
-8
-4
-4
-2
-5
-4
0
2
5
5
12
13
11
16
17
15
16
14
14
11
8
13
11
11
8
6
5
5
4
5
9
7
3
4
-1
0
0
-1
-4
-2
0
-3
-6
-3
-1
-5
-2
1
4
6
6
4
0
0
-1
-2
-2
0
-1
-2
-1
-5
-4
-5
-5
-3
-4
-4
-3
-6
-6
-1
-3
-7
-6
-7
-7
-6
-6
-5
-6
-5
-3
-1
-1
1
0
2
10
8
8
15
18
16
18
18
15
14
10
8
8
4
5
3
8
10
7
8
8
8
6
6
7
1
-6
-10
-10
-14
-18
-17
-19
-15
-14
-13
-16
-20
-18
-17
-19
-17
-12
-11
-11
-9
-4
-7
-6
-7
-4
-7
-9
-11
-9
-10
-12
-10
-13
-11
-11
-8
-10
-8
-8
-9
-3
-7
-5
-1
1
6
4
5
5
4
6
7
8
13
15
16
15
16
19
17
19
18
18
20
17
16
15
13
13
15
14
20
17
18
19
17
20
16
16
14
13
13
7
7
5
0
-4
-6
-6
-8
-6
-7
-3
-2
-2
-1
-1
-4
-3
-3
-8
-5
-6
-8
-6
-10
-14
-19
-21
-21
-20
-19
-19
-22
-22
-19
-19
-17
-14
-18
-17
-13
-7
-11
-10
-8
-10
-9
-8
-4
-5
-3
-1
-7
-6
-4
-1
0
0
6
8
6
2
9
5
5
8
12
11
7
11
10
12
10
9
8
8
10
10
10
13
16
13
9
11
12
9
11
10
9
10
11
10
7
9
7
7
3
1
-2
-1
-2
-3
-1
0
0
-4
0
-4
-7
-11
-8
-7
-12
-15
-12
-15
-9
-11
-9
-7
-10
-7
-8
-8
-10
-10
-13
-12
-10
-8
-6
-7
-5
-3
-6
-2
-1
-2
2
1
3
4
4
3
1
-1
4
5
3
2
4
5
2
4
5
4
9
10
13
14
14
16
14
13
11
10
7
10
10
7
10
12
14
11
14
13
11
11
9
9
5
2
-1
-2
-3
-7
-9
-3
-2
-5
-7
-6
-9
-9
-7
-8
-8
-10
-15
-12
-10
-12
-15
-12
-12
-15
-12
-11
-7
-4
-3
-2
1
-1
2
4
2
3
6
3
0
1
2
2
-2
-2
0
-3
-4
-4
-2
-3
-5
-4
-5
0
1
-3
0
2
1
-3
2
7
7
2
1
-1
0
-1
-2
-2
-6
-6
-6
-8
-7
-7
-5
-3
-3
-1
-1
-1
3
4
2
0
-4
-2
-3
-6
-5
-8
-7
-7
-3
-1
0
5
5
6
5
3
4
3
-1
-1
1
0
0
-1
3
4
3
7
9
11
10
11
11
10
8
10
14
13
14
15
16
14
15
13
12
12
9
9
8
8
6
7
11
8
8
6
4
-1
1
-4
-5
-8
-10
-8
-11
-10
-13
-13
-14
-15
-17
-18
-17
-16
-15
-13
-10
-9
-9
-9
-9
-9
-9
-9
-6
-6
-10
-6
-8
-9
-10
-10
-10
-9
-10
-7
-5
-5
-5
-1
2
1
4
2
6
6
4
4
4
5
8
7
10
10
12
16
12
14
16
17
14
14
14
14
12
12
10
11
8
5
8
6
4
0
2
2
0
2
2
3
1
1
-2
0
0
-5
-5
-8
-8
-7
-8
-7
-9
-10
-6
-7
-7
-4
-6
-5
-5
-4
-4
-7
-5
-6
-7
-10
-10
-11
-12
-14
-14
-12
-12
-12
-11
-10
-9
-7
-6
-6
-6
-2
0
-1
0
0
1
1
2
0
0
1
6
5
3
6
11
16
13
10
12
15
16
15
15
12
14
11
11
9
9
9
8
8
6
3
0
-2
0
1
-2
-2
-1
-2
-1
-1
0
5
2
0
0
-2
-3
-4
-6
-6
-6
-7
-8
-9
-10
-8
-9
-7
-6
-7
-9
-8
-5
-6
-4
-6
-4
-2
-2
0
3
7
6
4
4
4
0
0
-2
-1
0
0
4
2
4
5
6
8
7
10
12
9
9
13
11
10
9
10
10
8
4
1
7
8
4
10
9
6
5
1
4
2
1
2
1
0
1
-1
-8
-11
-11
-15
-18
-18
-18
-19
-17
-17
-17
-16
-18
-17
-16
-10
-9
-9
-7
-7
-6
-4
-5
-4
-1
-1
1
0
4
3
4
8
10
14
14
15
15
17
14
12
13
12
10
5
6
5
6
7
5
6
6
7
6
4
3
5
4
-1
-1
-1
-2
-2
-2
-1
-2
-4
-4
-4
-1
-4
-5
-5
-5
-6
-11
-7
-9
-10
-13
-14
-10
-14
-17
-16
-17
-14
-16
-14
-9
-12
-7
-12
-10
-9
-5
-4
-6
-2
0
0
0
0
2
6
5
3
5
6
3
3
3
4
6
5
5
8
8
6
9
10
9
11
11
9
10
10
12
11
14
14
14
14
12
13
11
10
10
7
8
8
7
7
5
5
3
0
-1
1
0
-1
-3
-2
-4
-5
-2
-3
-2
3
0
-1
1
-2
-3
-3
-5
-5
-7
-5
-7
-8
-9
-11
-10
-11
-9
-8
-6
-4
-2
-5
-5
-7
-11
-8
-9
-8
-6
-7
-6
-7
-3
-8
-6
-3
-4
2
1
2
4
4
5
5
5
7
9
8
11
10
10
7
7
6
6
8
5
6
5
4
3
3
2
0
-2
-4
-2
-4
-6
-3
-1
-4
-4
-6
-7
-7
-5
-8
-9
-5
-4
-4
-4
-2
-3
-2
1
1
-2
3
4
4
1
0
2
3
5
5
7
6
5
2
-1
0
-1
-4
-4
-2
0
2
0
-1
-1
-1
1
0
2
2
3
5
5
5
2
0
1
-2
-2
-2
-3
-1
-2
-3
-2
-2
-2
-2
-6
-4
-4
-4
-8
-10
-6
-5
-3
-2
0
2
0
-3
-2
-3
-3
-4
-5
-2
-2
0
-3
-2
0
3
2
3
4
4
7
6
7
7
6
6
4
5
5
4
3
4
1
0
0
1
5
6
5
5
7
7
5
8
8
8
7
6
6
3
3
2
1
0
0
-2
-1
-1
-4
-2
-3
-4
-5
-2
-3
-3
0
-3
-4
-5
-5
-4
-4
-2
-2
-1
-3
-2
0
0
1
-3
-2
-1
-3
-4
-7
-7
-6
-6
-9
-8
-7
-7
-7
-10
-9
-6
-7
-6
-6
-7
-6
-6
-4
-6
-1
-1
-3
-3
-2
-1
-1
-5
-3
-3
0
3
2
3
4
3
7
8
10
11
12
17
15
13
14
15
14
11
10
9
11
13
10
9
12
12
12
11
10
11
10
8
6
5
0
0
-3
-1
-4
-7
-6
-6
-7
-9
-8
-6
-1
-4
-2
-3
-2
-3
-7
-5
-10
-14
-10
-11
-12
-12
-12
-12
-10
-11
-11
-10
-9
-6
-8
-5
-3
-6
-5
-7
-5
-5
-3
-4
-5
-5
-5
-3
-3
-3
-3
-3
-1
-1
-2
-3
-3
-3
-4
-5
-4
1
0
-2
1
2
4
2
5
9
12
10
9
10
10
6
7
6
5
7
10
9
7
10
11
11
9
10
10
11
11
9
8
6
6
5
2
1
1
0
2
-1
0
0
-4
-5
-6
-4
-2
-2
1
-1
0
-1
-2
-2
-4
-3
-4
-5
-6
-7
-8
-6
-7
-7
-5
-5
-5
-2
-3
-2
1
1
0
2
1
0
-1
-1
-2
-3
-1
-2
-2
0
0
-2
-2
-1
0
-2
-1
-3
-2
1
-3
-2
0
1
0
-1
0
-1
0
-1
-1
2
1
2
2
3
2
-1
-2
-2
0
2
1
-1
2
3
2
2
-2
1
1
-1
-1
-1
-2
1
2
1
2
3
3
1
4
2
7
6
5
5
4
6
2
0
0
0
3
0
-2
-2
-3
-2
0
-2
0
2
3
4
2
4
5
5
4
2
3
2
-2
-1
-1
-3
-3
-2
0
4
4
6
5
5
6
8
7
5
4
4
4
1
-2
-3
-4
-3
-2
-4
-6
-3
-4
-4
-6
-6
-5
-3
-7
-7
-6
-6
-8
-10
-9
-10
-10
-14
-12
-10
-9
-10
-11
-9
-9
-9
-6
-3
-3
0
2
4
2
2
3
2
5
3
5
6
2
2
1
2
1
2
3
1
0
1
3
1
2
2
3
3
2
1
0
2
4
5
4
3
6
6
8
7
8
9
7
9
9
9
11
9
7
7
6
0
-1
-4
-7
-12
-14
-11
-15
-13
-12
-11
-13
-12
-10
-6
-6
-4
-1
-1
0
4
8
6
4
7
9
10
9
4
6
3
2
2
2
0
0
-2
-5
-6
-6
-8
-10
-10
-6
-7
-3
0
1
4
4
8
9
14
17
16
18
17
16
15
12
10
8
7
7
6
5
5
2
-1
-2
-2
1
-2
1
0
-1
1
0
2
2
2
3
4
3
3
3
3
3
-1
-3
-4
-7
-9
-10
-12
-13
-13
-15
-17
-18
-18
-18
-17
-16
-15
-13
-12
-11
-8
-9
-7
-10
-4
-4
-2
-1
-2
-3
-4
-1
-3
-4
-6
-4
-4
-3
-3
-2
-4
-2
-4
-4
-3
-2
-1
0
0
0
3
4
4
3
3
4
8
8
9
11
12
12
11
10
10
11
9
11
10
7
5
2
3
0
0
-2
-2
0
0
-2
-1
-3
-4
-4
-4
0
0
2
5
6
5
6
7
8
7
7
5
6
6
1
2
3
5
5
4
5
7
5
4
6
7
7
8
7
7
7
6
4
3
3
0
3
3
3
2
2
4
2
1
1
1
-1
-1
-3
-3
-3
-5
-8
-6
-9
-9
-11
-13
-12
-9
-8
-8
-9
-11
-6
-7
-5
-4
-3
-3
-6
-3
-4
-5
-5
-4
-5
-5
-8
-7
-9
-7
-4
-5
-4
-4
-5
-3
-4
-2
-1
0
-2
-2
-3
-3
-4
-8
-6
-6
-3
-7
-5
-3
-4
-3
-3
0
0
0
-1
-1
1
-2
-2
-2
-1
2
4
6
8
10
10
13
12
13
15
11
13
11
14
13
12
13
13
14
13
12
11
11
7
6
7
7
8
6
5
1
-1
0
-3
-2
-6
-4
-5
-4
-5
-7
-10
-7
-8
-9
-8
-6
-10
-14
-9
-4
-7
-10
-5
-6
-6
-7
-3
-4
-6
0
1
-2
1
5
4
0
3
0
-2
0
1
-2
-4
6
4
1
6
6
0
1
3
6
7
-8
-25
-20
-15
-18
-17
-21
-38
-37
-20
-14
-27
-37
-24
-15
-11
1
4
-7
2
25
27
16
29
38
36
35
38
41
36
35
39
32
28
28
25
25
21
10
3
3
3
4
0
-8
-8
-2
3
-1
-6
-1
2
3
6
10
5
-1
-2
-3
-5
0
-2
-9
-12
-16
-23
-26
-27
-28
-36
-37
-38
-34
-29
-28
-30
-27
-27
-21
-15
-12
-4
3
2
3
9
12
15
14
17
16
19
20
19
19
14
9
4
-2
-6
-8
-13
-13
-17
-18
-15
-11
-12
-4
1
2
13
11
19
22
22
26
27
28
32
30
30
24
22
18
13
13
7
3
-1
-6
-9
-8
-19
-22
-22
-18
-17
-13
-8
-3
-4
-2
3
3
7
9
8
7
7
10
7
8
11
10
4
0
-1
6
6
4
5
3
-2
-6
-3
-2
-4
-4
-6
-6
-7
-6
-4
-5
-3
-5
-9
-5
-5
-7
-5
-12
-12
-4
-8
-12
-13
-12
-5
-7
-8
-9
-8
-9
-14
-16
-14
-17
-11
-8
-11
-10
-9
-9
-5
0
5
10
19
19
16
20
22
17
7
9
8
8
9
6
7
-5
-7
-4
-4
-6
-1
0
-3
6
2
2
0
-3
-2
-6
0
1
3
3
-12
-13
-15
-21
-15
-15
-16
-16
-17
-14
-7
-3
-26
-42
18
49
-3
-2
28
11
12
36
20
1
34
77
66
27
34
73
70
57
58
28
28
63
75
52
23
18
32
48
36
2
-6
-4
-11
10
16
-39
-119
-146
-127
-130
-160
-169
-152
-179
-215
-185
-156
-204
-211
-127
-110
-158
-89
18
-13
-40
67
119
78
139
230
184
133
203
235
168
150
186
143
78
95
89
44
15
0
-8
-19
-32
-29
-14
-16
-19
8
53
59
73
123
120
102
130
156
131
109
121
100
65
49
36
1
-44
-77
-88
-102
-124
-132
-158
-182
-167
-164
-168
-161
-133
-123
-110
-102
-87
-57
-52
-51
-22
15
-12
-28
-27
30
124
52
-62
-56
-67
-88
35
74
-93
-156
-23
45
-33
-56
-16
-74
-88
136
246
40
29
206
196
154
259
285
175
203
346
297
119
133
159
-98
-244
-130
-198
-340
-306
-323
-514
-602
-456
-390
-546
-543
-373
-411
-409
-138
-35
-144
-16
261
292
307
507
608
530
515
630
596
493
523
517
368
275
233
146
56
-50
-104
-150
-215
-213
-148
-137
-159
-138
-25
62
34
78
181
176
192
301
318
227
249
298
196
102
84
0
-88
-131
-170
-271
-529
-623
-331
-213
-451
-564
-511
-440
-255
-56
-97
-359
-287
283
530
252
172
370
442
577
765
611
312
388
590
413
114
97
183
-22
-239
-266
-618
-1141
-1070
-804
-1144
-1580
-1409
-1174
-1357
-1315
-893
-990
-1307
-723
-90
-293
-423
167
533
360
699
1211
981
873
1373
1523
1080
975
1259
1103
711
679
625
328
165
114
-34
-309
-439
-309
-260
-416
-458
-275
-122
-119
83
410
484
529
852
1094
1028
951
1089
1005
659
1024
1282
551
105
268
261
-74
-236
-217
-483
-728
-306
-210
-808
-815
-258
-96
-223
38
267
87
178
640
683
424
475
599
141
-617
-635
-346
-733
-1332
-1468
-1537
-1966
-2074
-1709
-2011
-2706
-2386
-1742
-1877
-1933
-1341
-867
-928
-508
373
515
523
1180
1714
1566
1607
2036
2106
1821
1830
1793
1365
1067
963
788
411
24
-80
-160
-450
-509
-497
-585
-616
-526
-181
-46
-48
60
284
343
-58
497
1550
1057
353
576
714
1004
1299
1021
346
-227
412
1228
551
-266
-154
102
268
431
145
-442
-207
447
311
-58
-277
-664
-1016
-764
-577
-1092
-1340
-1099
-1419
-1767
-1472
-1427
-1811
-1877
-1573
-1341
-1570
-1313
-577
-665
-745
-38
338
177
588
1084
1006
833
1094
1320
1073
958
1046
991
756
499
531
420
118
104
153
-6
-58
74
171
184
-112
-63
806
1090
441
474
903
754
964
1556
1103
200
430
1275
1151
428
349
438
88
211
607
216
-244
138
533
-55
-497
-44
253
-28
-111
-364
-1319
-1759
-1036
-707
-1293
-1834
-1897
-1858
-1890
-1621
-1457
-2127
-2403
-1462
-927
-1187
-1084
-642
-582
-331
375
646
493
675
1058
1022
911
1069
1167
936
754
809
696
486
420
343
77
-226
-229
-6
128
129
-257
-110
854
949
588
981
1130
1222
1739
1881
1530
1295
1790
2256
1707
944
959
1165
978
944
850
272
-42
95
-173
-472
-422
-494
-635
-902
-1513
-2278
-2128
-1449
-1786
-2378
-2246
-2383
-2559
-1873
-1556
-2207
-2713
-2047
-1166
-1207
-1163
-570
-537
-594
249
979
766
725
1353
1485
1201
1350
1573
1434
1183
1050
882
574
203
148
186
-183
-666
-627
-316
-250
-491
-572
-27
572
512
743
1386
1431
1587
2144
2177
1816
1998
2503
2355
1635
1388
1641
1663
1495
1422
682
-409
-357
226
11
-648
-1018
-1240
-1766
-2398
-2124
-1847
-2630
-2878
-2298
-2379
-2815
-2510
-1758
-1860
-2479
-1888
-1086
-1252
-1030
-165
-190
-636
58
896
727
720
1232
1321
1055
1101
1445
1241
719
748
667
239
114
109
-37
-314
-675
-706
-337
-154
-166
-91
-262
-222
903
1803
1577
1432
1718
2154
2635
2843
2702
2323
2103
2504
2521
1863
1630
1790
1422
627
-132
-440
-367
-517
-1080
-1669
-2054
-2821
-3254
-2805
-2786
-3394
-3277
-2843
-3060
-3105
-2239
-1752
-2169
-1937
-1006
-610
-616
-26
642
439
463
1235
1452
1106
1241
1557
1432
1048
1024
1044
530
175
272
171
-218
-558
-577
-500
-917
-1058
-414
-171
-407
-125
59
-64
660
1736
1833
1494
1738
2271
2575
2658
2725
2486
1971
2117
2469
2006
1645
1856
1284
152
58
393
-9
-406
-550
-1010
-1732
-2470
-3065
-3406
-3319
-2443
-1856
-2841
-3919
-3396
-2114
-1666
-1764
-1895
-1948
-1276
124
829
163
-206
791
1657
1660
1592
1547
1359
1373
1494
1249
489
45
296
135
-482
-759
-884
-1043
-1023
-1057
-1203
-903
-325
-122
65
197
-26
598
2235
2876
2225
1963
2451
2971
3291
3297
2831
2135
2221
2886
2729
1721
867
457
386
301
-180
-857
-1217
-1233
-1523
-2485
-3583
-3722
-2991
-2583
-3077
-3598
-3458
-3047
-2613
-1989
-2068
-2610
-1704
-227
-187
-393
156
559
949
1711
2087
1649
1454
1971
2059
1529
1321
1111
651
368
109
-359
-740
-891
-1228
-1731
-1704
-1341
-1197
-1131
-940
-845
-801
-73
1003
1314
1336
1955
2489
2689
2991
3171
3100
3031
3319
3576
3097
2477
1952
1440
1219
942
446
-206
-731
-908
-1207
-2180
-3514
-3992
-3461
-3230
-3587
-3879
-3991
-3925
-3286
-2394
-2438
-2996
-2231
-741
-382
-365
290
585
841
1855
2576
2354
2112
2538
2715
2256
2038
1900
1375
985
700
216
-296
-645
-1090
-1446
-1330
-1330
-1563
-1376
-1205
-1174
-720
-172
235
521
953
1794
2313
2405
2778
2957
2867
3129
3566
3656
3161
2269
1540
1609
1609
981
386
-288
-1006
-1167
-1215
-2444
-4279
-4549
-3518
-3533
-4318
-4391
-4387
-4421
-3454
-2359
-2864
-3488
-1999
-370
-330
-284
470
821
1197
2323
2889
2278
2268
3036
3172
2726
2346
2009
1624
1396
1116
530
30
-554
-1228
-1022
-523
-954
-1375
-1118
-1022
-943
-280
633
699
505
1438
2380
2359
2622
3139
3016
2707
3201
3928
3443
2027
1402
1541
1229
837
530
-413
-1340
-1273
-1074
-2382
-4582
-4718
-3397
-3683
-4566
-4254
-4380
-4908
-3678
-2215
-2981
-3795
-2334
-725
-841
-820
324
577
390
1638
2680
2057
1874
2679
2883
2243
1979
2182
1751
1170
1026
634
-26
-531
-837
-668
-415
-814
-1050
-737
-712
-445
444
940
991
1444
2338
2955
2930
3047
3543
3626
3494
3746
3930
3337
2289
1754
1702
1192
454
10
-594
-1338
-1491
-1565
-2865
-4893
-5077
-3648
-3692
-4653
-4520
-4382
-4666
-3726
-2447
-2855
-3481
-2269
-801
-828
-851
18
482
509
1296
2064
1762
1521
2106
2459
1939
1551
1708
1445
953
980
721
29
-290
-735
-885
-337
-278
-799
-829
-621
-339
416
1132
1313
1326
1967
3131
3665
3461
3458
3748
3947
4441
4746
3490
2004
2087
2375
1720
825
150
-499
-957
-982
-1617
-3626
-5213
-4579
-3593
-4214
-5151
-4907
-4507
-4292
-3313
-2723
-3415
-3229
-1378
-305
-772
-651
363
742
919
1662
1894
1427
1467
1990
1804
955
876
1210
644
88
-68
-511
-674
-767
-1351
-1131
-536
-901
-1093
-547
-499
-438
579
1354
1304
1552
2557
3263
3247
3323
3798
3813
3792
4507
4398
2683
1931
2666
2490
1381
868
288
-547
-714
-584
-1655
-4010
-4773
-3409
-3351
-4516
-4406
-4131
-4557
-3990
-2649
-2736
-3683
-2662
-696
-637
-982
-55
589
440
1157
2175
1969
1500
1874
2311
1757
1066
1312
1251
433
158
-61
-670
-763
-849
-1194
-1303
-1219
-1142
-1167
-1023
-709
-343
357
1178
1357
1601
2527
3264
3452
3580
3759
3920
4284
4504
3597
2442
2372
2437
1922
1150
473
-188
-795
-811
-1661
-4220
-5066
-3637
-3616
-4640
-4749
-4747
-4831
-3995
-2726
-2772
-3678
-2871
-784
-255
-598
165
851
868
1608
2531
2256
1797
2115
2509
1973
1028
1123
1272
496
-39
-293
-783
-1274
-1678
-1336
-923
-1567
-1752
-1159
-1131
-1118
-553
258
857
1098
1809
2824
2978
3055
3804
4177
3920
4308
4753
3626
2416
2566
2590
1880
1384
944
108
-651
-543
-779
-3075
-4785
-3885
-3143
-3990
-4402
-4175
-4597
-4443
-2858
-2342
-3281
-3079
-1383
-432
-586
-368
198
409
1006
2022
2130
1711
1803
2209
2063
1344
1111
1238
959
588
45
-476
-820
-1290
-874
-311
-1377
-2178
-1436
-934
-832
-263
68
-86
397
1877
2720
2564
2683
3267
3501
3624
4357
4426
3009
2312
2729
2230
1608
1437
582
-482
-752
-627
-1432
-3573
-4789
-4072
-3619
-3962
-4120
-4605
-5119
-4110
-2423
-2371
-3154
-2687
-1242
-107
418
538
262
464
1882
2875
2489
2038
1941
2052
2263
1880
1160
722
563
621
283
-565
-1192
-1189
-563
-440
-1304
-1544
-1075
-985
-923
-148
473
236
669
2010
2346
2419
3258
3643
3285
3442
4382
4329
2747
2157
2580
1983
1300
1326
627
-665
-1102
-722
-1359
-3666
-4792
-3932
-3794
-4193
-3826
-4395
-5539
-4563
-2384
-1848
-2859
-3064
-1837
-672
302
1268
611
-484
957
3013
3020
2270
1984
1866
1912
2285
2257
1001
-15
453
584
-70
-700
-1310
-1101
-602
-1029
-1456
-1270
-969
-573
-89
143
359
840
1675
2618
2796
2861
3476
3741
3871
4432
3889
2620
2575
2641
1972
1382
772
88
-557
-1007
-1310
-2660
-4425
-4507
-3945
-4588
-4781
-4260
-4889
-5583
-4509
-2753
-2488
-2849
-2031
-1375
-1469
129
2213
1510
176
1278
2867
3079
3105
3274
2396
1460
2313
3228
1686
126
523
537
41
-315
-873
-971
-958
-1031
-761
-981
-1307
-491
389
489
449
1010
2013
2586
2733
3191
3554
3483
4003
4709
3603
2287
2555
2554
1901
1346
731
-74
-869
-1010
-1287
-3414
-5234
-4506
-3970
-5029
-5024
-4335
-5270
-5846
-3945
-2438
-3038
-2999
-1727
-1325
-1212
741
2209
836
13
1913
3090
2645
2817
2783
1581
1178
2421
2459
619
-258
267
295
-584
-1009
-630
-763
-1399
-1126
-855
-1123
-707
274
649
272
551
1907
2670
2794
3316
3519
3321
3820
4730
4332
2879
2585
2883
2299
1554
1133
669
-143
-658
-876
-2314
-4286
-4272
-3437
-4053
-4797
-4787
-5303
-5481
-3716
-2159
-2995
-4146
-3021
-1042
-23
761
908
-234
124
2666
3622
2589
1940
1972
2201
2357
2161
1329
269
285
549
-178
-716
-851
-910
-853
-1066
-1446
-1344
-1019
-649
-208
104
285
703
1411
2038
2475
2868
3227
3408
3615
4043
3924
2849
2367
2618
2310
1659
1128
357
-200
-642
-1042
-1878
-3880
-4691
-3795
-3928
-4600
-4586
-4938
-5048
-3883
-2458
-2631
-3695
-2785
-577
92
159
771
760
774
2375
3523
2646
1943
2553
2983
2410
1829
1511
932
562
558
-244
-974
-822
-1043
-1112
-1024
-1503
-1634
-927
-331
-292
-137
650
1174
1292
1945
2691
2892
3155
3792
3910
3717
3583
3123
2619
2457
2060
1341
617
26
-135
-518
-1192
-2557
-4470
-4630
-3732
-4278
-4764
-4661
-5193
-5000
-3564
-2601
-3021
-3417
-1934
-202
-172
-60
933
1267
1345
2557
3117
2279
2166
3099
3206
2221
1637
1745
1324
521
195
18
-411
-1014
-1054
-907
-1515
-1711
-1114
-952
-998
-499
150
594
887
1490
2282
2550
2831
3583
3936
3704
3780
3588
2686
2446
2751
1929
665
110
-219
-434
-794
-1633
-3329
-5070
-4780
-3535
-4220
-5285
-5229
-5042
-4515
-3236
-2536
-3162
-3217
-1393
297
255
380
1429
2009
2271
3114
3449
2828
2952
3660
3346
2347
1719
1550
1339
836
215
-321
-708
-1083
-1125
-1027
-1464
-1888
-1505
-1051
-805
-362
256
665
777
1473
2515
2714
2841
3498
3721
3745
3931
3333
2338
2346
2585
1596
467
-22
-425
-865
-1234
-2103
-4284
-5592
-4495
-4064
-5203
-5548
-5310
-5299
-4731
-3412
-2801
-3316
-2693
-676
23
-46
936
1853
1927
2613
3597
3495
3119
3461
3712
3165
2386
2071
1738
900
349
222
-246
-931
-1362
-1255
-1215
-1596
-1638
-1395
-1126
-701
-226
494
888
1109
2092
2774
2932
3479
3932
4075
4245
4041
3251
2761
2773
2300
1496
695
-23
-382
-817
-1504
-2937
-4995
-5509
-4651
-4875
-5549
-5773
-5884
-5580
-4623
-3570
-3421
-3504
-2258
-589
-80
290
1152
1835
2336
2996
3456
3446
3502
3756
3760
3028
2281
2105
1524
948
931
263
-665
-949
-1202
-1268
-1430
-1861
-1793
-1355
-770
-164
-163
-31
873
1806
2429
2863
3165
3469
4108
4598
4340
3493
2969
3442
3388
2080
1278
939
183
-104
-478
-2212
-4535
-5027
-3848
-4265
-5822
-5820
-5666
-6044
-5010
-3582
-3848
-4374
-2828
-959
-840
-543
999
1566
1623
2724
3490
3133
3219
3954
3860
3011
2479
2200
1483
1005
1183
537
-767
-1051
-1179
-1516
-1391
-1755
-2312
-2076
-1283
-557
-317
-246
445
1344
1924
2729
3281
3346
3886
4630
4616
3831
3152
3358
3402
2540
1842
1186
375
-94
-273
-1221
-3491
-5134
-4441
-3958
-5075
-5553
-5618
-6136
-5755
-4187
-3605
-4343
-4085
-2046
-778
-871
58
1328
1322
1868
3257
3425
2998
3377
3924
3467
2634
2331
1982
1490
1339
854
-101
-691
-1058
-1128
-1111
-1528
-2048
-1967
-1239
-581
-570
-237
516
1032
1623
2466
2930
3130
3798
4480
4599
4010
3204
3269
3554
2900
2048
1311
513
91
-38
-729
-2829
-4766
-4458
-3782
-4514
-5401
-5828
-5832
-5328
-4355
-3847
-4173
-4020
-2342
-932
-571
-117
780
1626
2261
2934
3257
3326
3538
3792
3704
3098
2386
1907
1623
1452
739
-226
-717
-1103
-1581
-1676
-1843
-2204
-2259
-1801
-1092
-956
-831
38
805
1215
1959
2665
3007
3437
4161
4612
4223
3390
3332
3562
2924
2281
1852
892
192
192
-398
-2360
-4312
-4290
-3715
-4580
-5177
-5144
-5664
-5680
-4411
-3671
-4184
-3963
-2339
-1314
-1071
-43
1081
1315
1858
3038
3521
3467
3713
3993
3749
3160
2722
2291
1929
1626
947
89
-324
-709
-1333
-1659
-1937
-2362
-2224
-1693
-1447
-1429
-1077
-207
463
809
1445
2162
2636
3098
3803
4304
3708
2954
3246
3557
2867
2215
1782
947
147
186
-312
-2795
-4583
-3854
-3402
-4662
-5452
-5275
-5401
-5270
-4020
-3513
-4360
-4018
-1875
-737
-1086
-425
1014
1468
1874
2908
3437
3309
3495
4128
3974
2948
2496
2722
2485
1537
726
398
-136
-654
-534
-961
-2163
-2390
-1581
-1260
-1561
-1367
-818
-433
79
896
1460
1743
2385
3087
3358
3590
3546
2898
2742
2979
2522
1937
1554
727
-73
-115
-734
-3038
-4337
-3515
-3626
-4762
-4799
-4814
-5307
-4779
-3351
-3084
-3919
-3165
-1319
-939
-751
604
1197
1144
2167
3207
3145
3130
3504
3541
3248
2609
2312
2375
1911
1044
480
172
-441
-872
-804
-1247
-2298
-2186
-1291
-1341
-1749
-1271
-347
-99
207
1235
1616
1733
2795
3525
3343
3170
3191
2951
2894
2785
2307
1665
936
413
278
-223
-1917
-3749
-4261
-3674
-3872
-4543
-4933
-5396
-5211
-3848
-2946
-3404
-3500
-2238
-892
-464
172
1036
1386
1954
3078
3530
3362
3553
3879
3733
3157
2560
2235
2165
1711
839
154
-335
-765
-1046
-1138
-1770
-2533
-2076
-1263
-1424
-1536
-1045
-753
-346
553
1297
1538
1801
2547
3090
3162
3045
2539
2150
2443
2498
1866
1340
733
54
-144
-523
-2427
-4244
-4032
-3386
-3926
-4636
-4916
-5212
-4815
-3424
-2658
-3034
-2965
-1585
-299
122
651
1505
2016
2436
3271
3950
4069
3919
3901
3880
3224
2334
2376
2381
1323
431
291
-249
-954
-1014
-1155
-2175
-2605
-1776
-1307
-1638
-1528
-913
-576
-171
600
1227
1378
2018
2894
3029
2755
2507
2272
2227
2114
1766
1290
769
317
-20
-467
-1973
-3933
-4344
-3727
-4101
-4776
-4919
-5253
-5279
-4015
-2879
-3162
-3326
-1916
-409
-117
423
1508
1850
2126
3301
3995
3975
4112
4307
4191
3594
2945
2674
2636
1982
1036
497
57
-541
-772
-788
-1628
-2501
-1948
-1086
-1361
-1511
-857
-472
-208
562
1260
1368
1665
2507
2992
2754
2506
2218
1850
1827
1708
1077
493
125
-359
-524
-1233
-3455
-4810
-4153
-3960
-4761
-5079
-5253
-5529
-4828
-3246
-2890
-3706
-2856
-713
-38
60
1195
1973
2078
2994
3947
3947
3985
4482
4598
4022
3255
2930
2984
2572
1631
868
410
-201
-514
-542
-1109
-2129
-2137
-1290
-1199
-1527
-1225
-685
-383
238
1033
1215
1357
2272
2931
2885
2748
2339
1655
1608
1790
1197
457
2
-552
-849
-1088
-2646
-4739
-5028
-4325
-4576
-5207
-5399
-5514
-5323
-4191
-3069
-3173
-3195
-1604
-106
190
754
1899
2558
2934
3680
4234
4350
4405
4691
4548
3613
2929
3131
2969
1934
1023
739
290
-418
-524
-661
-1675
-2176
-1374
-971
-1303
-1069
-371
-85
141
868
1548
1817
2280
2927
3051
2874
2756
2266
1727
1740
1305
500
214
-271
-1077
-1374
-1944
-3856
-5557
-5197
-4510
-5246
-5846
-5599
-5655
-5419
-3871
-2949
-3369
-2906
-955
69
227
1136
2392
2780
3139
4125
4537
4288
4444
4801
4198
3242
3059
3312
2575
1347
855
599
-58
-521
-709
-1285
-2134
-1869
-872
-1036
-1469
-808
-111
-26
579
1346
1662
2022
2736
3287
3186
2855
2626
2318
2056
1834
1161
521
110
-460
-887
-1341
-3099
-5117
-5219
-4503
-5011
-5790
-5853
-6092
-5950
-4566
-3425
-3758
-3698
-2008
-423
-34
450
1592
2319
2854
3718
4312
4350
4469
4879
4729
3766
3213
3488
3325
2168
1202
898
426
-212
-319
-590
-1783
-2183
-1151
-813
-1421
-1077
-323
-159
305
1088
1528
1744
2348
3176
3282
2953
2902
2514
1951
1837
1460
822
369
-207
-948
-1309
-2168
-4205
-5322
-4854
-4871
-5522
-5790
-5923
-5914
-5225
-4092
-3599
-3698
-2971
-1267
-295
65
932
1935
2555
3234
3904
4241
4430
4576
4694
4181
3385
3439
3532
2559
1543
1145
690
43
-296
-533
-1397
-2018
-1381
-949
-1200
-1031
-639
-274
352
1062
1565
1933
2371
3015
3397
3459
3355
2848
2407
2448
2119
1291
769
376
-306
-837
-1390
-3175
-5146
-5089
-4423
-5160
-5959
-6322
-6566
-5883
-4526
-3886
-4250
-4087
-2322
-662
-428
87
1196
1791
2679
3789
3994
3968
4322
4695
4390
3440
3180
3628
3106
1935
1338
820
144
-99
-191
-1099
-2126
-1832
-903
-985
-1306
-809
-321
-132
626
1605
1807
2007
3074
3710
3496
3573
3529
2836
2571
2661
2033
1070
554
220
-237
-950
-2301
-4205
-5160
-4539
-4516
-5407
-5986
-6313
-6186
-5113
-4088
-4005
-4112
-3092
-1371
-623
-253
741
1560
2063
2983
3765
3942
4020
4391
4392
3638
3118
3467
3284
2067
1404
1142
408
-93
-109
-753
-1878
-1997
-1184
-1096
-1397
-997
-671
-465
316
1146
1525
1897
2669
3346
3512
3621
3426
2721
2639
2973
2369
1336
793
491
62
-331
-1573
-3803
-4897
-4358
-4243
-5049
-5793
-6293
-6171
-5234
-4231
-4133
-4316
-3445
-1872
-892
-391
362
1146
1937
2779
3357
3755
4182
4461
4425
3780
3081
3326
3574
2716
1554
998
660
181
-40
-412
-1569
-2188
-1501
-992
-1322
-1405
-882
-349
-41
619
1371
1679
2243
3137
3476
3348
3182
2849
2793
2881
2437
1688
1033
481
218
34
-1122
-3459
-4877
-4278
-3905
-4860
-5643
-5973
-6213
-5486
-4139
-3839
-4355
-3743
-1929
-824
-559
173
1209
1720
2396
3354
3743
3803
4129
4387
3863
3063
3135
3503
2765
1620
1151
772
121
-147
-375
-1356
-2204
-1804
-1145
-1344
-1542
-1043
-554
-319
332
1132
1517
2049
2913
3282
3261
3238
3089
2847
2672
2407
1802
1310
919
395
-18
-678
-2603
-4612
-4446
-3652
-4394
-5422
-5753
-6071
-5678
-4314
-3469
-4045
-4031
-2230
-768
-406
235
1124
1718
2546
3459
3854
3899
4222
4621
4157
3182
3137
3385
2817
1968
1255
689
280
-97
-415
-1105
-2053
-2005
-1316
-1296
-1544
-1276
-777
-395
145
848
1311
1734
2441
3036
3202
3190
2909
2559
2542
2418
1800
1170
742
204
-144
-674
-2414
-4435
-4727
-4045
-4413
-5294
-5683
-6026
-5962
-4705
-3715
-4098
-4103
-2543
-1132
-596
64
999
1664
2403
3249
3804
3943
4149
4764
4545
3388
2902
3391
3279
2197
1256
868
327
-167
-175
-670
-1918
-2132
-1288
-1098
-1526
-1235
-554
-443
-44
907
1353
1645
2521
3254
3361
3288
3107
2708
2564
2602
2221
1386
705
431
-1
-687
-1860
-3860
-4931
-4282
-4284
-5386
-5869
-5949
-5977
-5199
-4115
-3961
-4125
-2987
-1244
-658
-296
813
1900
2403
3102
3767
3864
4083
4725
4663
3662
3021
3256
3202
2365
1592
970
364
-133
-503
-883
-1615
-2006
-1664
-1500
-1603
-1319
-854
-451
-170
287
1027
1659
2245
2870
3140
3211
3290
2954
2631
2654
2316
1628
1114
581
24
-449
-1469
-3446
-4707
-4349
-4214
-5198
-5746
-5793
-6058
-5521
-4184
-3866
-4241
-3343
-1527
-665
-396
587
1641
2192
3065
3991
4073
4002
4610
5000
4094
3105
3363
3493
2553
1799
1373
547
-186
-252
-535
-1642
-2322
-1831
-1481
-1738
-1643
-1125
-907
-583
282
906
1206
1789
2623
3135
3270
3430
3152
2637
2799
2766
1946
1293
899
342
-123
-991
-2805
-4453
-4465
-4020
-4908
-5862
-5888
-5905
-5799
-4775
-3974
-4305
-3818
-1970
-957
-753
238
1574
2185
2677
3608
4131
4150
4707
5185
4369
3283
3397
3772
3117
2079
1474
844
17
-304
-435
-1341
-2372
-2136
-1674
-1884
-1941
-1399
-975
-950
-491
427
866
1264
2339
2875
2836
3155
3090
2565
2733
2928
2153
1451
1183
753
129
-589
-2053
-3974
-4552
-3863
-4303
-5605
-5854
-5834
-5973
-5100
-3965
-4145
-4278
-2684
-1024
-725
-200
1112
1893
2382
3480
4179
4024
4344
5060
4819
3756
3395
3693
3321
2514
1944
1245
407
27
-184
-914
-1931
-2093
-1660
-1753
-1841
-1567
-1235
-1035
-648
107
634
1014
1796
2528
2691
2902
2985
2458
2425
2737
2251
1609
1227
817
364
-195
-1437
-3322
-4274
-3801
-3917
-5106
-5585
-5673
-6066
-5336
-3966
-4093
-4514
-3294
-1575
-1047
-584
691
1401
1695
2946
4011
3843
3988
4854
4859
3891
3492
3863
3667
2818
2261
1695
670
196
284
-418
-1658
-2015
-1594
-1497
-1702
-1560
-1085
-969
-741
35
611
876
1647
2469
2597
2797
3057
2789
2534
2652
2469
1763
1265
1121
728
90
-940
-3021
-4461
-3740
-3309
-4565
-5551
-5773
-6037
-5546
-4167
-3873
-4857
-4275
-2097
-1108
-1109
-140
975
1382
2264
3420
3696
3656
4399
4973
4193
3320
3726
3971
3217
2509
2007
1227
543
388
155
-859
-1713
-1419
-1204
-1479
-1336
-1063
-1010
-803
-247
399
728
1164
1900
2250
2396
2680
2389
1929
2266
2461
1807
1231
1073
785
265
-492
-2173
-3915
-3815
-3095
-4062
-5243
-5424
-5674
-5555
-4349
-3842
-4567
-4238
-2436
-1413
-1342
-427
709
1054
1847
3112
3266
3144
3964
4556
3831
3165
3490
3618
3011
2496
2105
1370
710
568
286
-836
-1646
-1308
-1085
-1400
-1569
-1378
-1104
-881
-375
276
529
898
1853
2434
2451
2526
2297
2047
2442
2572
2001
1425
1195
1006
458
-477
-1902
-3491
-3596
-2845
-3635
-4948
-5142
-5220
-5107
-4234
-3859
-4172
-3853
-2443
-1232
-946
-463
615
1257
1884
2873
3281
3379
3881
4137
3734
3369
3423
3421
2952
2378
1901
1377
792
463
137
-636
-1227
-1255
-1243
-1257
-1326
-1276
-976
-877
-696
-47
408
790
1396
1816
2060
2213
2083
1908
1959
1911
1705
1285
874
653
188
-465
-1734
-3534
-3903
-3242
-3603
-4400
-4828
-5207
-5285
-4394
-3390
-3525
-3809
-2743
-1382
-896
-288
738
1209
1515
2601
3413
3409
3594
4102
3957
3307
3276
3549
3162
2527
2152
1658
1126
810
523
-147
-966
-1093
-742
-789
-1053
-1052
-846
-649
-332
86
404
720
1290
1926
2167
2032
1775
1584
1638
1797
1521
927
515
229
35
-316
-1818
-3807
-4023
-3335
-3707
-4349
-4810
-5366
-5295
-4247
-3421
-3790
-3908
-2553
-1400
-1126
-357
620
1030
1749
2722
3064
3169
3705
4222
3883
3188
3085
3283
3074
2617
2074
1505
1029
761
619
-87
-949
-1015
-748
-634
-709
-813
-620
-392
-152
338
546
727
1483
2100
2229
2229
1890
1588
1925
2035
1439
927
759
591
347
-316
-1767
-3581
-4002
-3086
-3321
-4719
-5237
-5040
-4965
-4493
-3744
-3778
-3998
-2772
-1161
-866
-891
156
1232
1646
2199
2900
3250
3441
3905
3966
3240
2813
3153
3303
2603
1759
1490
1206
712
376
-50
-824
-1211
-895
-558
-761
-1088
-751
-361
-290
76
556
741
1251
1972
2370
2276
1740
1534
1926
1977
1485
1019
588
307
235
-172
-1751
-3774
-4210
-3329
-3370
-4492
-5200
-5253
-5102
-4481
-3581
-3707
-4086
-2961
-1225
-721
-755
32
1127
1750
2348
3037
3334
3462
4040
4374
3661
2980
3243
3443
2743
2047
1742
1285
751
545
94
-901
-1228
-796
-615
-851
-1015
-779
-441
-137
207
381
614
1274
1897
2197
2234
1801
1411
1787
2012
1454
905
660
413
146
-84
-1076
-3327
-4385
-3177
-2965
-4327
-4909
-4970
-5243
-4640
-3356
-3283
-4175
-3369
-1330
-802
-943
7
898
1226
2144
2974
2962
3043
3763
4116
3531
2921
3105
3257
2789
2190
1735
1341
989
693
230
-356
-963
-1037
-536
-525
-1010
-862
-423
-327
-58
461
691
843
1366
2115
2255
1619
1267
1567
1739
1361
916
568
263
76
-44
-974
-3201
-4378
-3403
-2921
-3976
-4808
-4956
-4979
-4530
-3409
-3141
-3838
-3231
-1241
-449
-720
-67
1023
1573
2253
3026
3086
3031
3706
4279
3670
2906
3092
3221
2834
2410
1865
1391
1081
793
379
-415
-929
-706
-508
-572
-811
-874
-514
-69
146
286
474
892
1560
2000
1927
1497
1039
1178
1689
1309
426
53
-35
-104
-274
-1281
-3276
-4544
-3870
-3169
-4108
-5053
-4926
-4918
-4762
-3663
-3163
-3790
-3239
-1338
-658
-907
-67
1103
1386
1872
2851
3065
2948
3686
4139
3402
2784
3025
3165
2764
2265
1851
1453
1076
874
545
-218
-785
-692
-333
-322
-632
-539
-106
118
342
738
959
1183
1795
2306
2293
1752
1256
1406
1675
1412
793
214
-73
84
30
-1170
-3388
-4501
-3647
-3151
-3991
-4623
-4960
-5328
-4466
-3001
-3210
-3972
-2866
-1160
-747
-502
375
820
1108
2263
3113
2745
2845
3819
3907
3127
2774
2849
2696
2516
2194
1488
823
693
777
256
-550
-883
-798
-538
-287
-479
-638
-276
6
367
725
856
1161
1644
2060
2281
1850
1158
1392
1874
1567
873
317
-118
-188
-152
-1002
-3166
-4550
-3757
-3261
-4173
-4782
-4892
-5110
-4607
-3423
-3187
-3708
-2989
-1422
-784
-593
158
993
1546
2189
2770
2982
3105
3536
3790
3346
2888
2820
2747
2550
2159
1520
1109
870
526
105
-322
-694
-894
-682
-406
-551
-652
-205
131
263
550
979
1327
1666
2155
2531
2027
1195
1448
1936
1497
834
438
8
-177
-181
-963
-3116
-4566
-3806
-3175
-4054
-4725
-4900
-5114
-4519
-3358
-3229
-3749
-2938
-1346
-646
-442
271
957
1412
2317
3054
2899
2975
3650
3772
3226
2909
2844
2535
2324
2117
1491
924
793
563
44
-487
-762
-839
-754
-411
-406
-565
-315
99
378
635
846
1137
1523
2002
2427
2020
1082
1141
1740
1386
686
252
-91
-197
-191
-1172
-3379
-4718
-3803
-3113
-4051
-4906
-5172
-5038
-4204
-3164
-3152
-3753
-2970
-1063
-229
-270
247
966
1630
2491
3124
3177
3153
3611
3906
3448
2905
2869
2750
2439
2043
1534
1162
972
581
-158
-573
-613
-643
-583
-425
-607
-587
10
348
385
520
913
1408
1712
2023
2364
1846
995
1328
1853
1392
672
167
-230
-325
-359
-1419
-3760
-4909
-3777
-3202
-4198
-4954
-5137
-5105
-4252
-3005
-3151
-3901
-2851
-876
-368
-351
506
1196
1516
2539
3474
3277
3166
3860
4009
3198
2856
2966
2547
2025
1897
1445
824
576
488
-68
-834
-947
-657
-609
-665
-649
-481
-205
102
692
988
933
1389
2064
2284
2409
2023
1190
1237
1712
1330
479
-111
-259
-255
-583
-1734
-3837
-4785
-3742
-3228
-4360
-5212
-5176
-5041
-4246
-2997
-2996
-3616
-2612
-689
-71
-181
664
1590
1862
2521
3406
3518
3414
3907
4070
3403
2996
3184
2944
2246
1729
1525
1097
506
260
-188
-947
-1115
-894
-734
-658
-706
-554
-290
-54
501
1045
1102
1283
1698
2097
2338
1927
1124
1040
1333
1022
557
40
-515
-651
-717
-1933
-4051
-4940
-4051
-3758
-4595
-5102
-5296
-5163
-4254
-3142
-3133
-3531
-2508
-617
68
112
869
1692
2160
2941
3696
3713
3613
4025
4243
3637
3094
3110
2917
2270
1838
1616
1117
625
343
-24
-686
-1077
-808
-574
-655
-697
-383
-99
135
652
957
1005
1457
1983
2227
2317
1811
1096
1374
1716
1125
301
-193
-390
-573
-885
-2025
-4211
-5109
-4057
-3721
-4701
-5399
-5428
-5180
-4344
-3230
-3197
-3673
-2706
-845
-43
-15
652
1565
2050
2788
3564
3679
3639
3953
4067
3569
3160
3093
2886
2352
1775
1422
1122
632
283
-82
-770
-1015
-737
-556
-636
-730
-379
9
161
652
1100
1186
1658
2237
2377
2277
1852
1307
1409
1574
964
277
-105
-437
-713
-947
-1981
-4142
-5213
-4169
-3919
-5019
-5320
-5158
-5394
-4745
-3203
-2896
-3691
-2880
-636
42
-52
1026
1973
2014
2782
3995
3992
3587
4007
4374
3762
3140
3253
3097
2283
1775
1570
1145
526
109
-128
-819
-1300
-902
-467
-604
-729
-319
128
256
620
1161
1286
1533
2246
2609
2391
1979
1615
1571
1717
1302
455
-95
-327
-452
-850
-2055
-3995
-5029
-4462
-3978
-4570
-5309
-5628
-5528
-4714
-3506
-3272
-3668
-2898
-1259
-355
148
875
1366
1840
2846
3549
3568
3800
4167
4029
3508
3303
3172
2705
2335
2005
1264
713
612
330
-313
-1008
-1224
-1069
-950
-712
-517
-540
-316
259
787
984
1219
1825
2287
2410
2585
2416
1683
1567
2032
1446
488
283
43
-446
-665
-1457
-3559
-5007
-4195
-3616
-4803
-5506
-5305
-5479
-5053
-3606
-3172
-3963
-3371
-1237
-335
-328
658
1690
1892
2593
3675
3792
3597
4068
4307
3745
3216
3316
3229
2571
1989
1562
1176
768
358
-158
-792
-1324
-1275
-768
-749
-1136
-863
-241
-47
339
893
1064
1401
2072
2454
2477
2134
1639
1642
1892
1528
709
94
-82
-140
-499
-1639
-3619
-4790
-4198
-3823
-4715
-5370
-5515
-5588
-4898
-3678
-3441
-3906
-3070
-1251
-465
-239
614
1462
1840
2642
3584
3740
3747
4196
4401
3867
3476
3543
3383
2867
2343
1808
1332
874
434
69
-606
-1250
-1193
-847
-858
-996
-803
-463
-251
180
682
898
1157
1755
2279
2348
2149
1693
1535
1880
1701
876
304
40
-170
-361
-1240
-3267
-4850
-4478
-3825
-4271
-5046
-5551
-5640
-5043
-3828
-3257
-3778
-3478
-1790
-597
-234
447
1185
1665
2459
3289
3634
3778
4118
4322
3919
3482
3511
3421
2918
2385
1802
1367
995
600
187
-520
-1081
-1051
-858
-915
-934
-812
-579
-295
107
546
864
1274
1919
2229
2271
2379
1900
1490
1882
1757
842
409
226
-206
-567
-1174
-2938
-4654
-4471
-3714
-4118
-5089
-5593
-5643
-5128
-3932
-3405
-4010
-3671
-1974
-741
-235
308
806
1390
2495
3368
3459
3577
4059
4311
3969
3564
3409
3203
2979
2690
2009
1426
1176
612
86
-344
-1043
-1245
-937
-848
-1008
-889
-515
-299
-71
397
748
989
1633
2130
2216
2218
1962
1578
1745
1889
1307
647
237
-31
-92
-820
-2743
-4442
-4407
-3709
-4120
-5033
-5475
-5629
-5135
-3865
-3305
-3929
-3791
-2098
-763
-454
70
848
1390
2106
3065
3538
3508
3806
4312
4077
3508
3476
3445
2988
2443
2049
1606
998
563
317
-313
-1044
-1015
-719
-847
-940
-692
-501
-402
-30
433
641
947
1608
2034
2099
2269
2125
1550
1594
1922
1454
741
411
100
-250
-689
-1990
-3962
-4502
-3678
-3740
-4779
-5335
-5357
-5134
-4251
-3256
-3556
-4034
-2654
-782
-429
-309
564
1216
1681
2680
3406
3324
3465
4053
4075
3458
3250
3357
3004
2462
2047
1518
1041
741
424
-164
-840
-992
-925
-1027
-917
-891
-889
-552
-184
87
425
843
1375
1795
2011
2296
2007
1306
1477
1836
1225
576
390
128
-141
-464
-1668
-3724
-4539
-3545
-3281
-4375
-5131
-5231
-5115
-4294
-3138
-3186
-3800
-2802
-843
-250
-108
775
1455
1745
2635
3531
3569
3554
4084
4152
3440
3213
3425
3033
2489
2220
1723
1154
757
482
5
-786
-1078
-999
-1055
-901
-745
-822
-724
-316
24
350
740
1197
1577
1786
2104
1978
1277
1420
1856
1325
568
264
122
-74
-479
-1495
-3487
-4633
-3631
-3128
-4376
-5300
-5144
-4954
-4418
-3407
-3189
-3804
-3116
-1128
-340
-531
256
1345
1654
2238
3138
3369
3390
3859
4079
3635
3247
3345
3243
2658
2169
1848
1392
870
507
118
-472
-909
-971
-896
-854
-906
-705
-394
-281
-6
421
803
1212
1508
1907
2182
1897
1462
1593
1839
1516
829
359
150
-83
-326
-1398
-3510
-4474
-3652
-3425
-4315
-4896
-5114
-5265
-4598
-3390
-3332
-3966
-3066
-1267
-736
-539
489
1089
1359
2453
3386
3265
3373
4115
4231
3571
3364
3549
3177
2613
2439
2030
1227
843
854
252
-713
-893
-700
-896
-903
-652
-715
-687
-341
32
233
500
1087
1552
1629
1967
2064
1286
1189
1695
1409
765
421
49
-220
-366
-1094
-3234
-4803
-3887
-3044
-4119
-5125
-5180
-5162
-4547
-3333
-3188
-4018
-3411
-1381
-366
-439
53
990
1649
2375
3106
3261
3315
3763
4109
3794
3270
3199
3310
2958
2253
1858
1591
1155
639
191
-400
-876
-937
-837
-790
-879
-914
-558
-216
-138
160
702
1235
1458
1725
2113
2037
1429
1544
1975
1543
833
549
338
69
-135
-1305
-3366
-4285
-3556
-3213
-4159
-4957
-5157
-5213
-4479
-3258
-3378
-4051
-2938
-1223
-774
-486
448
1034
1391
2413
3235
3179
3281
4010
4234
3505
3264
3527
3245
2719
2490
2052
1280
880
859
384
-660
-886
-567
-878
-1062
-752
-714
-885
-550
-76
97
379
976
1391
1442
1780
1989
1325
1026
1520
1396
735
383
195
-128
-462
-1354
-3060
-4319
-3927
-3483
-4222
-4837
-5032
-5155
-4554
-3511
-3413
-3877
-3066
-1396
-754
-600
259
952
1371
2337
3187
3186
3239
3958
4268
3694
3328
3469
3283
2747
2457
2191
1571
1026
845
446
-379
-683
-471
-703
-1007
-696
-479
-545
-361
-11
262
460
937
1468
1537
1793
2136
1624
1150
1508
1484
896
493
115
-228
-357
-1050
-2808
-4157
-3885
-3517
-4097
-4582
-4799
-5182
-4840
-3512
-3201
-3848
-3095
-1476
-908
-616
335
952
1223
2092
3067
3126
3159
3792
4079
3601
3229
3280
3107
2767
2434
2118
1595
1065
756
463
-159
-672
-603
-664
-947
-812
-428
-373
-425
-94
302
498
947
1437
1548
1698
2012
1640
1049
1199
1411
960
390
178
-74
-366
-1017
-2646
-4094
-3958
-3378
-3943
-4713
-4847
-4955
-4649
-3481
-3135
-3811
-3195
-1483
-763
-681
134
899
1176
2011
2961
3028
2937
3707
4178
3579
3162
3378
3173
2694
2527
2221
1602
1002
839
663
-159
-740
-534
-552
-977
-809
-340
-461
-524
-80
241
332
749
1335
1430
1455
1920
1771
1038
1044
1366
967
370
170
-14
-420
-949
-2216
-3829
-4065
-3432
-3566
-4379
-5033
-5122
-4553
-3757
-3364
-3601
-3473
-2205
-910
-495
-108
512
1140
1953
2687
2969
3050
3427
3811
3708
3316
3114
3049
2813
2532
2185
1690
1157
843
562
50
-461
-580
-603
-790
-802
-595
-412
-326
-164
84
371
735
1278
1457
1522
1861
1823
1327
1122
1253
1099
722
324
-23
-292
-719
-1730
-3297
-4006
-3504
-3306
-3882
-4374
-4640
-4713
-3843
-2762
-2996
-3408
-2264
-825
-441
-38
733
1064
1485
2533
3153
2905
3112
3861
3759
3135
3103
3150
2632
2289
2235
1740
898
660
710
22
-768
-799
-728
-907
-912
-713
-600
-622
-360
15
18
172
838
1225
1304
1562
1636
1197
981
1227
1195
616
142
249
58
-726
-1542
-2803
-3911
-3501
-3059
-3741
-4428
-4634
-4475
-3889
-3144
-3016
-3255
-2592
-1102
-427
-185
473
1021
1578
2462
2963
2818
3153
3828
3698
3175
3075
3134
2807
2539
2421
1806
1144
983
838
131
-502
-541
-522
-795
-872
-707
-621
-545
-380
-42
75
254
908
1337
1274
1474
1777
1492
895
824
1087
734
249
171
-299
-859
-1219
-2453
-3871
-3764
-3249
-3762
-4277
-4363
-4579
-4381
-3290
-2715
-3241
-2912
-1235
-528
-516
351
1102
1308
1999
2918
2980
2910
3556
3982
3408
2891
3114
3110
2569
2306
2078
1424
931
788
477
-186
-608
-533
-460
-792
-850
-508
-436
-471
-228
154
231
513
1166
1452
1395
1601
1430
909
1001
1269
933
267
23
-30
-304
-962
-2481
-3799
-3618
-3180
-3655
-4169
-4531
-4809
-4412
-3262
-2772
-3427
-3079
-1426
-565
-583
138
947
1194
1946
2974
3077
2896
3479
4017
3619
2944
3039
3078
2545
2265
2115
1453
801
773
652
-179
-814
-588
-469
-878
-924
-470
-402
-557
-193
188
110
532
1254
1456
1427
1603
1591
1046
976
1454
1080
215
145
115
-334
-926
-2223
-3567
-3738
-3269
-3411
-4151
-4732
-4710
-4296
-3590
-3072
-3358
-3136
-1692
-747
-618
-42
621
1064
1851
2595
2751
2788
3325
3822
3454
2961
3087
3019
2640
2428
2134
1489
975
940
680
-144
-623
-466
-431
-665
-760
-596
-471
-342
-10
220
165
560
1288
1530
1511
1653
1550
1084
1084
1343
964
388
189
-33
-422
-846
-2033
-3645
-3953
-3266
-3382
-4087
-4443
-4558
-4462
-3702
-2909
-3196
-3243
-1910
-807
-591
-121
641
1041
1611
2542
2853
2799
3244
3782
3519
3052
3035
3019
2721
2408
2151
1598
1018
951
756
28
-509
-424
-376
-561
-655
-623
-451
-287
-86
175
244
540
1210
1494
1486
1644
1610
1185
976
1181
1034
395
100
39
-351
-820
-1682
-3170
-3904
-3297
-3140
-4088
-4643
-4479
-4323
-3984
-3135
-3095
-3482
-2413
-740
-535
-651
365
1138
1510
2259
2858
2725
2910
3681
3768
3055
2804
3065
2785
2381
2216
1796
1178
1010
970
308
-436
-445
-253
-469
-668
-519
-319
-284
-49
139
178
463
1066
1465
1469
1445
1517
1214
895
1166
1013
372
93
13
-323
-759
-1561
-3056
-4109
-3647
-3026
-3760
-4750
-4709
-4329
-4079
-3334
-2910
-3319
-2810
-1185
-349
-465
29
1033
1514
1953
2762
2978
2954
3409
3685
3234
2768
2878
2919
2433
2051
1790
1211
863
773
375
-319
-549
-429
-412
-542
-560
-433
-303
-163
110
340
496
1010
1430
1586
1693
1700
1398
1120
1231
1273
827
290
52
-171
-380
-1038
-2536
-3753
-3605
-3129
-3523
-4209
-4475
-4548
-4256
-3294
-2841
-3223
-2856
-1429
-670
-580
-9
766
1194
1839
2562
2706
2750
3298
3633
3143
2745
2856
2833
2478
2220
1883
1234
878
978
591
-273
-549
-366
-389
-578
-576
-383
-403
-214
175
222
298
890
1416
1524
1518
1625
1501
1102
1152
1360
842
272
193
-15
-418
-853
-2046
-3650
-3832
-3031
-3259
-4319
-4721
-4536
-4271
-3641
-3049
-3334
-3262
-1904
-780
-669
-442
394
1185
1774
2241
2452
2711
3257
3565
3257
2807
2742
2894
2797
2315
1802
1392
1183
921
566
70
-499
-558
-323
-521
-727
-434
-194
-245
-145
267
547
779
1207
1484
1502
1554
1768
1370
983
1290
1189
495
218
148
-294
-644
-1648
-3233
-3623
-3007
-3174
-3862
-4124
-4285
-4538
-3880
-2764
-2975
-3308
-2157
-938
-894
-418
716
1146
1243
2091
2765
2695
2960
3574
3438
2737
2767
3052
2697
2250
2015
1644
1080
702
665
243
-578
-781
-406
-537
-848
-626
-370
-481
-445
25
315
422
845
1350
1418
1432
1737
1562
857
929
1238
720
111
33
-220
-690
-1377
-2749
-3738
-3522
-3284
-3681
-4101
-4448
-4600
-4091
-3097
-2848
-3260
-2710
-1317
-706
-488
237
822
1224
2066
2710
2721
2863
3411
3596
3201
2898
2881
2875
2676
2362
1876
1305
925
785
580
4
-609
-558
-239
-448
-507
-229
-243
-257
106
508
572
842
1352
1593
1612
1789
1723
1137
973
1202
850
362
219
-79
-511
-933
-2127
-3535
-3567
-3066
-3419
-4033
-4337
-4616
-4446
-3403
-2800
-3260
-3131
-1810
-794
-587
-89
587
922
1611
2427
2529
2540
3120
3465
2990
2570
2667
2750
2554
2177
1664
1207
962
807
495
-169
-800
-711
-266
-460
-893
-617
-295
-353
-86
337
417
539
1124
1556
1423
1492
1861
1448
831
1068
1120
567
391
338
-239
-848
-1633
-2784
-3384
-3223
-3154
-3697
-4260
-4348
-4137
-3755
-3126
-2963
-3062
-2233
-1000
-471
-249
338
1038
1695
2186
2539
2784
3110
3466
3404
3005
2833
2884
2724
2443
1941
1456
1200
812
484
146
-510
-780
-363
-354
-892
-783
-367
-351
-229
142
283
343
818
1427
1455
1302
1739
1663
852
895
1254
704
189
230
-142
-774
-1127
-2111
-3567
-3700
-3028
-3331
-4177
-4435
-4343
-4145
-3376
-2809
-3198
-2969
-1542
-683
-647
-239
640
1276
1785
2283
2470
2684
3304
3474
2953
2658
2825
2882
2616
2213
1638
1285
1116
729
352
-65
-586
-579
-247
-480
-829
-580
-226
-255
-166
262
462
615
1186
1664
1575
1680
1972
1465
938
1288
1352
711
437
239
-253
-643
-1310
-2658
-3493
-3144
-3028
-3589
-4114
-4369
-4398
-3741
-2867
-2953
-3303
-2336
-1010
-672
-487
248
931
1389
2071
2534
2580
2922
3519
3328
2733
2649
2772
2687
2350
1797
1331
968
684
558
114
-590
-831
-545
-405
-835
-1029
-574
-420
-434
-35
201
238
730
1361
1472
1413
1695
1757
1151
892
1171
937
504
369
-83
-636
-938
-1906
-3187
-3238
-2897
-3327
-3810
-4042
-4377
-4244
-3160
-2497
-3059
-2987
-1498
-585
-527
135
934
1076
1530
2462
2770
2724
3108
3374
3002
2682
2808
2843
2473
1967
1569
1266
842
517
401
-119
-834
-721
-251
-539
-1054
-865
-394
-430
-267
277
404
464
1115
1639
1502
1606
1973
1629
1002
1169
1329
880
502
192
-389
-659
-1118
-2421
-3355
-3312
-3135
-3375
-3864
-4351
-4514
-3858
-2860
-2822
-3168
-2469
-1339
-828
-356
348
852
1295
1954
2439
2578
2952
3361
3120
2592
2579
2744
2611
2220
1735
1313
949
701
600
110
-667
-788
-357
-428
-905
-904
-558
-515
-378
87
153
188
811
1474
1497
1496
1831
1617
1004
1138
1494
1020
501
401
53
-390
-701
-1849
-3192
-3287
-2968
-3151
-3603
-4068
-4481
-4185
-3045
-2481
-2990
-2796
-1565
-887
-546
272
881
1061
1703
2511
2671
2857
3367
3362
2879
2733
2960
2797
2360
2045
1595
1059
758
574
308
-291
-821
-696
-464
-681
-934
-794
-537
-441
-140
142
167
488
1106
1499
1469
1593
1771
1381
995
1216
1200
716
493
128
-426
-609
-1263
-2648
-3320
-3158
-3191
-3603
-4066
-4312
-4352
-3837
-2956
-2896
-3191
-2289
-1066
-822
-475
445
1099
1421
1923
2468
2719
3019
3370
3194
2712
2742
2972
2729
2138
1636
1429
1060
616
392
-5
-636
-783
-408
-454
-964
-953
-521
-437
-357
10
260
396
872
1517
1733
1673
1825
1678
1236
1194
1375
1086
651
337
-67
-391
-940
-2280
-3216
-3110
-3078
-3467
-3750
-4155
-4559
-4038
-2892
-2805
-3412
-2654
-1286
-953
-656
349
807
936
1821
2630
2563
2733
3480
3417
2704
2738
3132
2802
2204
1931
1553
1063
756
653
234
-607
-910
-517
-390
-841
-1054
-712
-511
-509
-78
366
306
540
1289
1678
1611
1715
1831
1339
1013
1357
1390
766
378
144
-264
-677
-1641
-2781
-3104
-3108
-3375
-3600
-3980
-4482
-4443
-3391
-2691
-3219
-3115
-1799
-998
-815
-106
670
859
1374
2428
2673
2467
3036
3533
2985
2581
2883
2866
2416
2036
1657
1193
792
582
379
-224
-772
-803
-544
-520
-954
-1082
-653
-483
-287
194
426
469
946
1652
1933
1811
1809
1706
1329
1256
1389
1021
548
375
34
-444
-1239
-2532
-3099
-2896
-3221
-3763
-3972
-4316
-4521
-3830
-2997
-3164
-3355
-2392
-1307
-982
-493
380
784
1127
1966
2427
2464
2927
3356
2984
2590
2779
2816
2489
2149
1702
1257
1033
789
417
-104
-639
-778
-479
-436
-844
-987
-605
-339
-272
25
322
489
875
1396
1697
1771
1936
1938
1388
1108
1368
1285
853
533
52
-320
-825
-2048
-2898
-2859
-3067
-3460
-3601
-4045
-4365
-3868
-2951
-2798
-3187
-2673
-1418
-848
-584
54
613
1083
1815
2384
2439
2629
3223
3323
2849
2709
2753
2603
2361
1885
1406
1136
788
469
114
-481
-908
-734
-355
-667
-1203
-990
-442
-358
-238
159
296
525
1127
1678
1708
1625
1797
1559
1080
1253
1405
892
429
102
-176
-584
-1725
-2866
-2984
-2997
-3397
-3594
-3974
-4533
-4339
-3356
-2914
-3310
-3193
-1983
-1087
-853
-211
477
862
1526
2247
2492
2667
3156
3473
3063
2665
2870
2876
2486
2134
1633
1131
858
660
357
-307
-848
-826
-635
-658
-885
-1019
-858
-592
-304
35
252
424
780
1312
1655
1770
1872
1783
1322
1099
1318
1163
734
399
4
-340
-1013
-2169
-2753
-2822
-3180
-3446
-3635
-4159
-4372
-3674
-2860
-2978
-3217
-2396
-1336
-910
-342
430
725
1122
2044
2522
2446
2834
3449
3195
2676
2853
3011
2614
2241
1935
1402
966
772
576
72
-613
-867
-634
-560
-787
-923
-831
-716
-455
-11
248
283
555
1151
1601
1671
1797
1864
1417
1142
1345
1264
819
499
78
-276
-682
-1806
-2717
-2762
-3025
-3512
-3651
-3996
-4410
-4048
-3263
-3015
-3311
-2927
-1736
-1031
-682
-10
484
881
1706
2373
2468
2636
3070
3244
2984
2783
2767
2683
2444
2001
1529
1214
891
558
239
-240
-773
-867
-508
-534
-1005
-1043
-687
-552
-330
130
297
346
875
1545
1740
1643
1713
1633
1214
1167
1385
1039
485
210
-56
-560
-1567
-2498
-2751
-2967
-3449
-3630
-3834
-4341
-4359
-3618
-3058
-3262
-3152
-2073
-1153
-886
-286
519
860
1467
2311
2543
2536
3007
3442
3209
2747
2767
2922
2686
2187
1757
1366
1021
779
417
-158
-726
-864
-550
-551
-1099
-1245
-779
-572
-426
-23
194
295
693
1315
1641
1578
1725
1922
1431
1036
1374
1376
851
467
122
-294
-985
-2104
-2640
-2728
-3213
-3524
-3626
-4081
-4374
-3765
-2905
-2912
-3228
-2508
-1299
-776
-426
282
676
1072
1999
2594
2555
2653
3172
3359
2900
2597
2765
2687
2190
1808
1487
1057
783
550
8
-594
-840
-605
-469
-887
-1112
-921
-691
-411
-68
77
257
639
1115
1507
1634
1771
1843
1491
1202
1391
1289
860
657
183
-349
-789
-1846
-2677
-2691
-3043
-3711
-3826
-3939
-4237
-4084
-3456
-3105
-3357
-2934
-1655
-1080
-921
-59
595
847
1638
2397
2503
2537
2975
3368
3100
2641
2755
2849
2320
1898
1741
1229
735
609
266
-422
-870
-659
-361
-742
-1168
-911
-581
-520
-223
49
94
441
1080
1588
1639
1610
1852
1632
1196
1365
1447
975
635
360
-80
-543
-1559
-2679
-2820
-2912
-3431
-3573
-3777
-4384
-4341
-3400
-2859
-3277
-3177
-1885
-1077
-900
-48
654
678
1408
2594
2695
2482
3026
3596
3270
2721
2851
2999
2517
2141
1940
1312
739
770
605
-234
-856
-738
-357
-601
-1110
-975
-714
-661
-258
159
108
285
971
1544
1597
1564
1752
1584
1206
1341
1396
922
597
374
65
-488
-1767
-2905
-2826
-2674
-3389
-3921
-3991
-4299
-4373
-3514
-2936
-3482
-3382
-1856
-1045
-1150
-358
617
705
1164
2299
2663
2438
2911
3624
3342
2750
2848
2946
2478
2085
1959
1508
856
737
765
4
-924
-853
-351
-546
-989
-950
-674
-590
-252
245
228
187
848
1486
1509
1526
1879
1788
1194
1175
1438
1109
690
528
118
-407
-1231
-2352
-2751
-2692
-3116
-3719
-3905
-4061
-4345
-3870
-3077
-3225
-3430
-2452
-1336
-1061
-606
286
615
892
1902
2626
2515
2570
3109
3223
2751
2631
2855
2598
2006
1795
1572
969
696
736
122
-823
-850
-308
-365
-930
-1081
-841
-589
-209
31
112
174
657
1390
1602
1480
1824
1932
1325
1148
1385
1202
880
623
168
-362
-1111
-2040
-2542
-2699
-3053
-3421
-3750
-3986
-4020
-3796
-3231
-3028
-3118
-2519
-1459
-1053
-651
236
777
1042
1720
2469
2636
2718
3121
3367
2977
2666
2870
2756
2169
1915
1820
1210
726
814
416
-563
-877
-499
-395
-772
-1019
-912
-711
-386
17
172
41
332
1128
1508
1416
1596
1722
1286
1050
1350
1253
685
455
244
-325
-1074
-1965
-2620
-2859
-3085
-3494
-3928
-4076
-4098
-4032
-3464
-3078
-3163
-2703
-1682
-1082
-731
65
702
972
1531
2303
2614
2691
2990
3265
3107
2829
2860
2790
2402
1953
1803
1581
961
629
520
-160
-719
-506
-206
-611
-1253
-959
-417
-457
-351
94
63
107
991
1549
1377
1329
1628
1384
840
1019
1238
710
286
143
-178
-749
-1839
-2740
-2735
-2852
-3478
-3669
-3750
-4144
-4118
-3326
-2881
-3352
-2956
-1545
-1131
-1147
-21
802
760
1368
2446
2683
2547
3085
3604
3214
2719
2990
3142
2527
2003
1985
1714
987
683
774
172
-763
-599
-44
-565
-1186
-791
-390
-539
-410
85
173
67
739
1501
1353
1261
1733
1609
864
929
1319
869
365
271
-22
-602
-1669
-2665
-2814
-2896
-3287
-3516
-3822
-4318
-4295
-3508
-2874
-3249
-3309
-2152
-1281
-1088
-312
478
535
967
2010
2508
2432
2671
3177
3177
2680
2637
2940
2585
2007
1950
1776
1189
901
863
301
-516
-573
-90
-305
-884
-811
-530
-408
-155
120
150
296
861
1421
1460
1338
1735
1844
1232
1001
1226
1020
639
446
38
-491
-1110
-2068
-2711
-2800
-3049
-3380
-3615
-3946
-4173
-3852
-3191
-2964
-3112
-2626
-1622
-1001
-577
91
580
918
1552
2234
2541
2589
2855
3159
2998
2652
2706
2756
2280
1727
1565
1291
746
629
408
-399
-927
-529
-202
-721
-1130
-857
-523
-366
-154
20
149
475
1125
1547
1383
1453
1756
1463
986
1082
1152
800
565
250
-237
-886
-1883
-2558
-2735
-3020
-3306
-3497
-3760
-3972
-3866
-3177
-2776
-3064
-2698
-1639
-1138
-753
92
600
790
1503
2274
2500
2644
3024
3222
2925
2795
3007
2825
2346
2104
1868
1483
981
655
556
-40
-809
-669
-350
-664
-966
-837
-681
-556
-241
65
53
134
755
1310
1230
1227
1609
1418
852
890
1096
780
461
246
-277
-816
-1527
-2456
-2841
-2825
-3121
-3467
-3671
-3989
-4030
-3439
-2855
-2994
-3071
-2115
-1082
-747
-359
269
757
1299
2026
2482
2512
2755
3197
3171
2791
2616
2695
2622
2207
1791
1483
1103
878
726
170
-542
-742
-326
-207
-694
-961
-760
-358
-28
75
121
225
612
1247
1502
1327
1475
1670
1199
786
1006
1077
758
368
-132
-474
-913
-1879
-2581
-2700
-3045
-3395
-3374
-3630
-4081
-3879
-2975
-2660
-3026
-2622
-1427
-917
-739
76
605
791
1569
2333
2319
2331
2877
3236
2867
2535
2708
2703
2261
2005
1793
1229
854
927
537
-283
-638
-457
-297
-615
-902
-765
-602
-327
54
21
-58
392
964
1233
1187
1285
1593
1361
838
806
903
709
564
267
-337
-707
-1376
-2393
-2673
-2746
-3129
-3308
-3576
-3958
-3907
-3269
-2629
-2843
-2949
-2000
-1150
-811
-243
259
590
1199
1848
2207
2358
2582
2875
2865
2495
2445
2640
2396
2035
1823
1544
1113
846
734
297
-451
-568
-153
-190
-597
-703
-541
-430
-204
104
133
149
603
1137
1277
1225
1576
1694
1175
826
981
886
647
440
-40
-512
-1045
-1976
-2592
-2561
-2899
-3284
-3296
-3636
-3996
-3615
-2829
-2713
-3104
-2532
-1279
-851
-641
107
608
858
1548
2229
2309
2343
2873
3142
2593
2319
2708
2626
1942
1722
1616
1106
682
645
457
-318
-874
-493
-185
-616
-843
-611
-662
-572
53
385
185
281
923
1300
1270
1455
1761
1454
894
895
1046
847
550
197
-275
-720
-1369
-2131
-2481
-2707
-3183
-3282
-3215
-3664
-3874
-3264
-2671
-2830
-2818
-1927
-1102
-929
-378
412
676
1065
1857
2262
2225
2568
3116
2980
2480
2579
2831
2521
1890
1640
1543
1076
729
664
174
-647
-651
-127
-349
-893
-741
-445
-597
-400
161
242
111
544
1062
1155
1257
1587
1607
1051
777
998
889
564
319
-149
-500
-898
-1908
-2497
-2458
-2866
-3217
-3194
-3544
-3961
-3578
-2780
-2687
-2987
-2371
-1326
-1032
-700
137
534
792
1575
2159
2163
2412
2953
2995
2583
2602
2931
2604
2049
1854
1656
1247
887
737
350
-324
-612
-321
-266
-693
-840
-620
-596
-567
-146
141
106
252
729
1091
1123
1409
1692
1330
770
752
1006
898
506
68
-323
-542
-1220
-2239
-2485
-2563
-3113
-3095
-3080
-3806
-3987
-3084
-2408
-2898
-2997
-1781
-953
-1017
-347
570
578
972
2119
2361
2043
2557
3182
2927
2468
2716
2882
2247
1850
1878
1466
907
785
685
90
-541
-589
-307
-489
-850
-781
-725
-774
-430
54
116
152
540
995
1204
1272
1508
1524
1048
799
971
957
727
325
-157
-368
-867
-1986
-2545
-2550
-2997
-3266
-3200
-3647
-4111
-3572
-2591
-2556
-2997
-2312
-1199
-923
-580
338
639
750
1638
2336
2236
2285
2858
3044
2575
2417
2876
2687
1924
1771
1663
1055
749
751
227
-572
-764
-343
-365
-776
-785
-643
-688
-422
76
198
220
532
951
1127
1349
1680
1722
1257
836
917
1045
863
477
65
-243
-695
-1633
-2334
-2377
-2581
-3011
-3182
-3452
-3804
-3494
-2687
-2464
-2954
-2708
-1441
-694
-632
-169
450
747
1277
2095
2337
2132
2469
3034
2691
2178
2510
2596
1914
1529
1528
1077
624
616
340
-357
-780
-501
-312
-630
-866
-768
-671
-492
-192
31
177
309
650
1043
1239
1424
1621
1496
1003
767
1051
1080
622
140
-109
-440
-1350
-2167
-2242
-2540
-3078
-3050
-3151
-3812
-3712
-2769
-2513
-2811
-2462
-1631
-1063
-582
67
408
574
1392
2171
2176
2215
2713
3018
2778
2531
2666
2599
2122
1822
1667
1212
785
772
474
-294
-613
-378
-330
-704
-903
-678
-570
-591
-285
-55
-92
268
806
892
842
1130
1522
1403
929
646
664
703
495
138
-260
-555
-1239
-2268
-2456
-2322
-2901
-3195
-3143
-3594
-3731
-2938
-2330
-2727
-2805
-1776
-956
-730
-148
493
624
983
1933
2453
2228
2424
3021
2977
2403
2513
2939
2399
1680
1745
1526
908
735
668
-10
-752
-570
-158
-507
-882
-650
-527
-626
-298
191
127
138
603
880
928
1161
1446
1403
929
552
728
829
524
163
-132
-442
-1087
-2021
-2364
-2180
-2621
-3229
-3270
-3493
-3762
-3147
-2446
-2722
-3064
-2197
-972
-722
-579
189
643
860
1729
2379
2146
2046
2770
3105
2473
2247
2732
2498
1709
1589
1672
1070
586
718
327
-530
-595
-86
-209
-743
-686
-289
-397
-413
132
369
208
418
928
1036
990
1325
1703
1307
718
676
832
651
327
75
-345
-990
-1819
-2277
-2291
-2557
-3033
-3218
-3329
-3606
-3396
-2673
-2441
-2793
-2480
-1505
-891
-548
-9
386
593
1292
2118
2275
2103
2363
2824
2753
2390
2466
2461
1966
1683
1694
1285
803
718
446
-108
-413
-289
-175
-435
-613
-439
-398
-360
-18
192
205
431
774
964
1064
1244
1499
1391
909
627
727
738
449
131
-147
-659
-1659
-2352
-2211
-2381
-3078
-3164
-3114
-3561
-3610
-2866
-2416
-2781
-2566
-1540
-1014
-809
-51
567
612
1067
2006
2308
2108
2333
2866
2741
2227
2290
2374
1887
1519
1607
1234
548
455
466
-195
-809
-591
-414
-734
-877
-633
-584
-643
-212
173
43
201
723
991
1012
1130
1385
1396
1060
764
714
594
432
253
-16
-590
-1637
-2301
-2114
-2072
-2707
-3074
-3159
-3459
-3313
-2575
-2272
-2662
-2469
-1433
-779
-516
150
693
789
1301
2202
2477
2306
2548
3101
2905
2398
2514
2653
2185
1770
1745
1360
712
608
666
-38
-708
-480
-191
-496
-705
-541
-460
-522
-256
92
86
134
559
863
809
896
1243
1273
889
519
425
416
326
121
-240
-848
-1765
-2408
-2253
-2142
-2768
-3247
-3240
-3378
-3488
-2900
-2386
-2723
-2780
-1744
-1026
-918
-302
505
660
872
1814
2388
2222
2328
2877
2871
2395
2452
2704
2264
1701
1682
1568
1000
700
738
290
-404
-364
24
-230
-686
-454
-177
-309
-227
132
237
269
621
914
843
898
1301
1386
991
569
487
493
368
163
-153
-686
-1532
-2370
-2406
-2051
-2427
-3046
-3305
-3469
-3400
-2839
-2325
-2585
-2790
-1937
-1005
-716
-262
373
580
800
1546
2217
2218
2211
2651
2705
2321
2427
2604
2128
1655
1630
1493
973
636
685
284
-407
-439
-189
-349
-501
-439
-475
-541
-275
103
181
135
393
718
785
920
1147
1167
1005
690
327
238
388
370
24
-513
-1321
-2198
-2305
-1899
-2163
-2889
-3250
-3272
-3148
-2681
-2230
-2438
-2539
-1806
-971
-587
-136
358
733
1157
1628
2041
2271
2389
2585
2686
2477
2398
2440
2269
1800
1410
1303
1116
749
561
252
-400
-606
-273
-210
-522
-626
-440
-374
-269
57
182
102
365
770
805
854
1096
1185
1074
777
493
395
334
192
-8
-476
-1463
-2351
-2170
-1843
-2338
-2971
-3120
-3210
-3237
-2661
-2190
-2550
-2634
-1608
-865
-818
-388
326
657
876
1455
1915
1922
1991
2450
2564
2139
2072
2392
2148
1512
1356
1375
998
541
464
286
-409
-620
-182
-232
-673
-683
-397
-355
-309
6
200
140
339
767
864
805
1014
1227
1106
799
493
475
492
190
72
-210
-1426
-2380
-1995
-1607
-2315
-2947
-2884
-3068
-3229
-2408
-1781
-2457
-2588
-1275
-578
-767
-191
687
759
884
1771
2193
1944
2193
2808
2603
2051
2328
2583
2098
1698
1635
1439
1090
840
700
305
-321
-465
-205
-222
-505
-567
-476
-446
-320
-23
123
-63
67
550
672
545
741
889
764
578
260
8
20
-19
-125
-509
-1655
-2563
-2231
-1733
-2236
-2907
-2987
-3040
-3100
-2446
-1854
-2376
-2628
-1359
-490
-830
-442
610
825
904
1711
2142
1814
2085
2855
2630
2051
2271
2506
2134
1785
1759
1529
1026
807
794
375
-172
-313
-185
-248
-461
-463
-342
-354
-334
51
163
-80
142
578
578
518
701
828
847
740
328
-80
-13
170
74
-419
-1597
-2561
-2176
-1574
-2076
-2880
-2999
-2982
-2941
-2292
-1883
-2489
-2471
-1174
-552
-900
-467
559
779
880
1512
1703
1573
2105
2729
2430
2024
2249
2407
2105
1789
1640
1399
1188
1006
739
323
-79
-102
-1
-143
-403
-435
-270
-204
-315
-105
115
68
246
552
504
495
785
869
850
646
178
-77
46
100
-71
-620
-1790
-2519
-2054
-1667
-2316
-2879
-2847
-2983
-2903
-2186
-1989
-2542
-2204
-1007
-668
-855
-259
493
632
958
1672
1693
1559
2203
2678
2309
2112
2307
2237
1983
1786
1608
1355
1082
898
738
352
-8
-13
20
-147
-263
-196
-128
-149
-136
144
244
115
318
563
546
625
818
767
757
709
202
-200
-84
30
-59
-607
-1787
-2466
-2015
-1682
-2252
-2802
-2831
-2845
-2763
-2180
-1964
-2448
-2147
-1052
-757
-926
-240
542
660
878
1423
1578
1544
2061
2336
2019
1934
2051
1901
1780
1679
1377
1178
980
752
548
273
-48
-157
-31
-55
-294
-398
-160
-113
-133
78
194
54
252
560
588
603
710
740
725
613
172
-143
-38
105
-32
-672
-1734
-2226
-1851
-1589
-2042
-2621
-2753
-2613
-2327
-1853
-1789
-2110
-1710
-736
-390
-500
-15
611
893
1205
1553
1662
1727
2131
2536
2328
1995
2056
2101
1847
1636
1480
1247
982
807
681
229
-196
-36
56
-243
-445
-408
-299
-305
-270
-164
-159
-97
199
217
41
268
508
456
425
206
-303
-411
-244
-216
-436
-1267
-2304
-2388
-1881
-1951
-2405
-2768
-2883
-2667
-2142
-1823
-2109
-2322
-1580
-643
-540
-410
155
511
908
1424
1623
1682
1879
2272
2453
2250
2112
2226
2185
1897
1658
1593
1547
1263
1015
791
310
167
413
361
20
-180
-138
29
41
-12
116
148
237
464
404
300
503
654
596
368
-73
-298
-34
-31
-338
-694
-1627
-2395
-2030
-1632
-2197
-2798
-2731
-2600
-2513
-2029
-1775
-2211
-2170
-1088
-441
-615
-328
376
587
745
1343
1669
1528
1723
2195
2162
1840
1887
2056
1797
1420
1346
1381
1189
948
829
435
113
192
276
143
-125
-196
-35
20
-17
117
209
192
269
403
416
380
498
608
491
64
-211
-205
-186
-297
-585
-1220
-2095
-2274
-1887
-1944
-2523
-2741
-2637
-2642
-2236
-1688
-1934
-2149
-1432
-657
-480
-270
250
483
650
1172
1549
1492
1602
2021
2138
1912
1911
2015
1853
1623
1457
1345
1222
1084
972
607
257
277
344
252
149
-1
4
141
147
135
166
246
355
375
312
304
370
502
525
158
-373
-371
-202
-318
-506
-1035
-1937
-2262
-1809
-1667
-2285
-2770
-2631
-2429
-2243
-1777
-1651
-1998
-1617
-601
-228
-315
84
597
809
1080
1435
1611
1712
1914
2079
1933
1791
1897
1966
1696
1316
1227
1224
1100
925
625
301
207
322
327
172
42
63
129
114
103
119
160
221
275
250
242
282
257
270
91
-363
-574
-441
-483
-759
-1049
-1624
-2273
-2190
-1871
-2248
-2732
-2664
-2485
-2409
-2146
-1788
-1746
-1575
-882
-385
-324
-5
601
917
1049
1324
1549
1710
1938
2015
2023
2017
1925
2003
1926
1472
1290
1424
1280
962
786
647
504
413
419
367
159
199
387
283
150
317
382
359
405
242
182
299
265
169
58
-277
-616
-560
-479
-795
-1164
-1487
-2047
-2414
-2168
-1964
-2414
-2751
-2555
-2330
-2219
-1876
-1588
-1643
-1237
-470
-201
-139
231
640
944
1205
1390
1537
1755
1900
1939
1875
1839
1787
1723
1547
1217
1062
1165
1135
685
410
483
557
395
360
402
186
221
429
417
304
377
522
536
460
354
427
484
329
159
-114
-467
-583
-510
-732
-1118
-1449
-1905
-2201
-2027
-2018
-2470
-2685
-2437
-2265
-2277
-2035
-1750
-1673
-1304
-563
-239
-302
91
680
957
1172
1481
1668
1730
1796
1875
1939
1850
1769
1715
1484
1189
1165
1194
1035
741
467
479
552
419
424
516
402
376
513
531
477
559
648
548
368
374
371
295
253
67
-300
-525
-619
-702
-877
-1241
-1456
-1665
-2198
-2337
-2173
-2410
-2625
-2512
-2366
-2323
-2189
-1884
-1595
-1495
-1056
-336
-80
-25
373
862
1131
1340
1597
1695
1643
1636
1820
1910
1716
1565
1519
1314
1126
1184
1174
912
626
545
588
585
543
508
487
450
479
561
602
578
587
654
544
387
399
383
264
176
69
-191
-529
-668
-703
-900
-1130
-1318
-1711
-2233
-2298
-2033
-2188
-2476
-2423
-2281
-2201
-1938
-1544
-1343
-1276
-792
-22
175
136
522
958
1112
1360
1669
1660
1508
1611
1789
1652
1444
1448
1321
1022
943
1066
985
702
539
499
469
498
524
486
453
463
497
513
459
425
489
452
322
269
196
70
-33
-45
-116
-456
-760
-787
-882
-1085
-1184
-1367
-1759
-2212
-2274
-2028
-2110
-2392
-2323
-2079
-2028
-1807
-1369
-1239
-1200
-636
59
147
139
615
1020
1118
1350
1617
1575
1511
1644
1789
1637
1434
1471
1394
1171
1081
1150
1101
887
728
692
722
774
777
710
615
588
660
663
570
536
510
507
510
379
251
157
103
20
-118
-321
-551
-801
-931
-985
-1166
-1411
-1613
-1957
-2307
-2216
-1941
-2058
-2239
-2112
-1941
-1799
-1456
-1076
-1007
-865
-314
150
202
329
706
909
991
1187
1328
1175
1159
1432
1454
1202
1022
1048
978
821
881
892
713
584
579
593
572
562
560
580
512
489
547
562
432
389
428
346
233
170
137
30
-68
-114
-268
-541
-659
-702
-868
-1010
-1143
-1363
-1569
-1664
-1795
-1837
-1702
-1701
-1752
-1645
-1436
-1285
-1074
-690
-445
-381
-74
321
422
490
824
1054
1019
1079
1216
1149
1127
1357
1395
1148
1017
1079
1075
958
938
904
728
561
666
771
623
504
567
597
438
433
512
402
257
307
344
168
40
88
67
-177
-263
-222
-388
-616
-707
-767
-913
-1010
-1101
-1266
-1500
-1687
-1718
-1590
-1623
-1654
-1522
-1411
-1315
-1081
-739
-531
-433
-233
88
263
379
654
902
850
828
1000
1079
1028
1090
1108
957
832
877
942
800
719
771
678
460
493
653
562
413
449
463
313
321
436
340
202
224
295
228
128
108
96
31
-40
-60
-166
-390
-505
-580
-694
-849
-1016
-1109
-1203
-1357
-1453
-1411
-1408
-1407
-1318
-1237
-1228
-1088
-816
-607
-476
-337
-113
105
326
558
693
693
737
856
957
971
971
995
949
852
809
861
845
762
742
682
463
405
576
589
445
441
420
348
376
419
328
181
162
253
235
147
176
158
41
-21
-80
-237
-348
-417
-518
-688
-870
-940
-966
-1102
-1236
-1287
-1405
-1494
-1389
-1285
-1294
-1213
-1041
-868
-638
-442
-247
-76
66
277
452
517
558
665
758
796
853
890
881
851
812
784
809
806
789
734
618
546
568
648
623
556
522
499
519
547
516
433
346
324
365
348
265
264
249
155
48
-67
-148
-237
-320
-477
-663
-808
-850
-893
-1022
-1127
-1170
-1181
-1265
-1352
-1244
-1105
-1099
-999
-820
-760
-668
-380
-190
-205
-73
209
285
237
370
502
490
559
683
661
560
631
686
632
595
582
578
508
470
478
501
517
479
415
378
353
382
408
336
203
165
294
301
216
220
231
174
80
48
-9
-124
-226
-286
-362
-508
-550
-594
-680
-797
-842
-828
-871
-961
-938
-818
-791
-746
-637
-556
-514
-331
-125
-34
44
142
248
331
361
417
497
493
539
578
534
540
601
612
628
587
497
434
397
436
485
442
327
298
333
370
411
325
225
172
194
177
125
64
24
90
109
32
-98
-133
-119
-166
-314
-426
-545
-652
-652
-660
-725
-776
-770
-791
-805
-813
-801
-809
-747
-627
-529
-430
-341
-246
-96
-10
29
133
185
235
339
396
427
473
496
462
460
498
532
556
550
534
487
432
531
581
504
470
449
405
398
426
357
265
198
205
219
187
146
153
124
0
-86
-117
-112
-150
-235
-318
-400
-467
-441
-433
-593
-702
-653
-639
-666
-638
-633
-679
-636
-590
-526
-414
-330
-223
-166
-98
-22
46
135
140
177
256
310
331
353
378
376
411
482
513
495
511
482
452
488
567
522
471
494
430
416
451
377
260
257
243
172
147
144
80
32
-36
-177
-230
-200
-230
-340
-451
-543
-583
-580
-574
-638
-759
-779
-709
-754
-794
-767
-797
-786
-684
-619
-564
-420
-331
-283
-204
-125
-1
61
65
142
229
277
315
384
392
382
460
541
565
567
586
604
583
592
714
733
641
627
606
566
557
582
502
371
364
369
318
294
245
187
61
-55
-112
-112
-147
-217
-291
-397
-470
-470
-437
-481
-583
-626
-601
-608
-650
-656
-660
-661
-586
-526
-503
-426
-278
-222
-196
-149
-97
-17
35
78
97
130
180
256
283
269
301
318
347
398
391
381
398
452
452
432
436
391
363
364
372
348
298
251
224
175
123
153
157
146
106
45
-62
-151
-166
-163
-237
-359
-421
-454
-441
-446
-465
-492
-537
-529
-512
-498
-492
-450
-380
-343
-337
-313
-239
-162
-81
1
5
4
117
221
201
215
280
316
327
311
267
295
339
334
337
308
288
313
328
324
322
280
250
221
213
230
219
197
187
168
121
85
74
51
28
14
-62
-121
-162
-218
-245
-282
-347
-403
-405
-412
-444
-464
-486
-510
-522
-485
-433
-435
-439
-363
-309
-274
-220
-167
-99
7
121
137
131
144
207
231
258
292
282
286
324
337
279
268
283
261
251
268
250
262
328
331
290
241
235
235
233
235
206
174
137
110
90
80
80
61
-4
-99
-153
-164
-190
-256
-289
-333
-385
-390
-366
-375
-406
-428
-434
-435
-416
-369
-338
-301
-239
-162
-79
-32
20
78
147
200
209
254
278
286
289
321
330
320
315
333
328
327
322
328
336
302
300
318
300
284
287
236
203
166
153
156
121
71
48
4
-54
-64
-88
-138
-199
-274
-334
-366
-369
-393
-444
-477
-518
-522
-524
-523
-531
-528
-546
-523
-451
-412
-395
-321
-225
-137
-51
-2
62
119
138
211
261
234
242
314
331
340
368
382
353
322
334
318
311
289
284
259
261
252
239
241
206
177
154
138
117
119
99
68
34
31
15
-30
-58
-93
-119
-149
-192
-237
-266
-280
-306
-299
-334
-365
-395
-387
-374
-366
-326
-327
-281
-264
-226
-184
-115
-77
-73
-5
58
120
170
191
225
252
263
274
290
313
305
294
283
257
234
248
260
233
188
166
158
169
173
171
160
115
102
122
101
41
39
42
25
15
-9
-79
-106
-112
-101
-119
-170
-182
-233
-292
-297
-315
-353
-366
-380
-398
-410
-387
-348
-300
-271
-261
-190
-123
-70
-11
3
50
113
167
196
227
255
271
344
342
315
326
346
342
322
290
277
277
273
245
197
165
158
143
86
86
80
43
16
8
-21
-48
-52
-78
-83
-89
-121
-160
-166
-195
-199
-218
-247
-244
-249
-274
-318
-337
-351
-358
-366
-392
-399
-403
-364
-305
-257
-225
-201
-155
-109
-40
48
96
120
229
270
292
362
380
408
418
415
399
373
384
369
355
345
287
254
245
212
165
124
108
74
35
31
30
-4
-10
-7
-46
-80
-87
-103
-116
-122
-150
-161
-184
-228
-249
-255
-274
-285
-308
-332
-325
-334
-319
-286
-302
-316
-314
-296
-283
-251
-220
-199
-158
-129
-74
10
65
122
177
230
277
334
376
401
425
471
475
444
463
455
429
414
381
346
324
335
304
254
219
206
156
108
71
55
52
5
-8
-42
-73
-83
-110
-121
-138
-141
-172
-196
-215
-217
-229
-271
-282
-298
-326
-336
-337
-353
-349
-355
-395
-398
-379
-356
-320
-309
-292
-255
-206
-166
-119
-69
-19
51
98
140
193
240
271
302
323
326
321
326
297
283
254
235
214
162
145
127
95
92
87
37
23
-13
-8
-8
-6
-23
-30
-45
-55
-53
-76
-93
-96
-73
-93
-63
-55
-41
-16
-34
-55
-67
-64
-100
-90
-86
-119
-149
-163
-158
-125
-117
-126
-116
-97
-75
-18
43
65
101
153
199
239
259
279
310
309
299
297
264
263
233
192
160
136
96
63
41
4
-18
-21
-29
-72
-101
-139
-133
-132
-138
-140
-143
-145
-125
-114
-125
-138
-125
-116
-104
-112
-116
-99
-99
-116
-147
-149
-147
-158
-187
-172
-193
-216
-200
-165
-147
-151
-137
-114
-89
-39
18
49
76
124
175
249
287
326
363
362
360
358
339
305
298
289
243
214
210
185
149
105
83
46
56
35
2
-19
-54
-62
-83
-110
-128
-132
-141
-135
-147
-158
-153
-150
-138
-133
-126
-124
-112
-100
-113
-126
-127
-134
-134
-139
-161
-181
-213
-215
-207
-211
-196
-152
-134
-102
-43
-21
0
22
61
105
147
202
233
243
240
256
270
248
241
237
206
175
175
152
116
67
45
16
-29
-30
-41
-93
-123
-114
-133
-184
-170
-158
-170
-152
-136
-119
-89
-77
-70
-58
-41
-17
-19
-18
-16
-16
-17
-26
-25
-38
-82
-89
-110
-115
-111
-113
-104
-104
-67
-59
-41
7
33
42
46
76
107
134
189
231
243
265
297
309
281
285
275
232
185
177
156
126
89
75
47
14
9
2
-25
-66
-51
-83
-113
-103
-90
-90
-83
-79
-80
-68
-58
-37
-16
-8
18
44
37
19
1
-7
-36
-63
-98
-121
-144
-178
-194
-205
-207
-209
-209
-181
-157
-134
-127
-86
-66
-55
-6
33
61
97
96
101
91
89
89
78
64
59
62
31
32
22
14
-10
-21
-41
-54
-38
-59
-50
-48
-51
-56
-50
-32
-25
13
-9
-6
17
53
71
77
101
116
125
127
119
130
123
106
96
69
64
42
27
1
-31
-41
-30
-54
-76
-54
-59
-49
-8
33
86
105
138
161
169
207
238
242
228
216
215
182
165
132
89
65
29
14
-20
-44
-36
-58
-101
-114
-141
-152
-187
-210
-222
-257
-266
-274
-256
-249
-240
-207
-193
-169
-172
-170
-152
-120
-112
-109
-85
-98
-83
-64
-73
-88
-98
-94
-100
-114
-117
-112
-90
-86
-64
-35
-15
7
74
96
106
134
169
198
224
254
262
267
269
269
273
257
244
257
234
203
174
140
120
91
46
30
6
-11
-29
-51
-75
-85
-78
-94
-102
-104
-110
-99
-74
-75
-72
-70
-61
-20
-1
4
4
3
-11
-18
-20
-26
-30
-34
-51
-69
-94
-123
-116
-122
-114
-113
-104
-89
-60
-21
-4
18
35
47
58
85
105
109
128
141
134
134
136
124
100
88
86
74
78
59
33
2
-18
-44
-76
-93
-136
-166
-172
-171
-192
-177
-159
-143
-126
-100
-83
-83
-50
-23
-8
-14
-12
4
4
4
10
-4
-13
-2
-6
2
5
-2
0
18
15
8
31
27
37
42
59
64
62
94
102
125
152
189
209
218
223
206
219
223
237
234
210
174
138
88
58
27
-12
-40
-52
-67
-94
-104
-148
-152
-162
-185
-165
-169
-168
-163
-152
-141
-116
-82
-50
-34
-44
-22
-13
-18
2
6
-9
-21
-21
-31
-52
-68
-90
-95
-80
-83
-67
-62
-60
-44
-42
-35
-31
-12
11
15
18
35
55
71
78
101
103
115
104
83
59
51
54
34
30
5
-10
-32
-30
-45
-62
-81
-101
-99
-115
-121
-117
-110
-97
-100
-100
-91
-92
-53
-25
-14
9
34
46
63
66
80
95
106
103
95
91
83
79
75
61
54
57
42
33
26
30
33
34
47
77
80
102
111
123
147
136
134
143
148
115
93
79
49
37
31
19
6
-6
2
-7
-23
-45
-65
-91
-100
-116
-128
-121
-152
-170
-178
-174
-172
-172
-167
-150
-128
-101
-86
-65
-38
-27
2
1
-10
0
2
8
6
1
12
-3
-4
0
13
11
2
11
9
14
22
25
44
52
66
75
83
91
103
105
108
113
111
101
102
121
112
101
91
76
54
42
36
25
8
-5
-12
-38
-55
-48
-64
-82
-83
-94
-103
-103
-92
-94
-80
-73
-75
-52
-45
-44
-44
-23
-16
11
-5
-12
2
-15
-32
-47
-70
-91
-103
-112
-113
-100
-87
-81
-62
-48
-32
-16
1
4
14
38
39
47
56
71
65
61
59
61
63
63
54
60
67
62
73
61
67
55
34
25
31
19
24
22
0
3
-13
-24
-16
-28
-26
-27
-19
-3
15
20
20
43
43
53
57
63
59
62
51
25
15
8
-21
-28
-41
-40
-33
-45
-37
-56
-51
-35
-14
-12
12
12
12
31
33
32
31
29
18
11
11
26
35
27
28
31
30
13
12
11
5
7
-16
-28
-31
-26
-43
-54
-54
-57
-66
-65
-63
-54
-40
-44
-27
-26
-5
-5
-2
-10
-8
-5
-12
-17
-11
-1
-26
-25
-24
-31
-32
-29
-34
-36
-26
-33
-40
-19
-22
-6
7
13
23
20
15
25
25
27
33
30
48
63
72
76
74
71
61
64
53
40
45
41
28
24
13
5
7
-20
-35
-24
-39
-64
-72
-74
-87
-83
-68
-55
-48
-50
-48
-55
-57
-68
-68
-67
-59
-45
-38
-35
-41
-41
-44
-31
-37
-34
-16
-3
8
26
46
66
74
65
69
69
61
68
86
104
119
125
136
134
138
144
141
127
102
98
99
77
72
56
35
36
37
37
46
34
14
4
-2
-13
-26
-40
-42
-62
-74
-84
-102
-115
-111
-88
-77
-74
-49
-31
-31
-26
-23
-34
-49
-51
-54
-50
-47
-59
-49
-38
-30
-23
-31
-26
-16
-6
0
-3
14
-1
10
14
11
21
14
28
23
39
44
49
44
46
51
43
36
31
30
20
0
-10
-26
-34
-56
-60
-74
-82
-68
-68
-43
-57
-52
-57
-67
-68
-85
-90
-79
-50
-52
-44
-30
-40
-27
-11
1
23
47
47
57
69
55
70
64
71
84
80
78
68
67
45
40
45
31
30
41
45
44
46
27
22
26
19
28
10
12
4
-8
5
-7
-7
-13
-16
-37
-54
-59
-62
-65
-71
-68
-87
-96
-88
-80
-92
-90
-81
-74
-58
-54
-53
-44
-17
-10
-9
-1
10
19
20
29
30
35
48
46
46
51
46
54
51
55
63
68
70
77
69
50
45
34
40
33
43
31
17
17
2
7
16
11
18
37
55
59
52
59
48
53
34
31
37
20
23
14
14
2
-11
-14
-19
-33
-44
-40
-47
-43
-52
-62
-72
-82
-73
-71
-62
-51
-41
-14
-7
-7
16
21
38
39
53
50
46
34
6
1
-11
-17
-18
-20
-26
-28
-30
-12
-20
-27
-11
-13
-5
-14
-28
-37
-32
-44
-43
-38
-35
-20
-18
-8
-13
7
-1
-5
1
-23
-20
-37
-44
-27
-37
-45
-30
-42
-43
-38
-53
-35
-31
-26
-24
-28
-6
8
19
43
43
58
64
49
55
68
79
81
108
101
97
91
101
102
92
73
53
39
20
16
-6
-2
-2
-14
1
22
20
17
-4
4
-3
-5
-8
-8
-1
-6
-4
-9
-8
2
-2
-11
-5
10
8
11
-7
-16
-22
-37
-39
-54
-74
-85
-87
-101
-97
-99
-96
-96
-81
-70
-65
-47
-33
-22
-11
0
17
19
39
46
34
23
19
16
8
-4
-21
-13
-28
-16
-14
-39
-51
-49
-52
-49
-40
-40
-38
-22
-9
-11
10
31
31
36
38
52
77
71
69
94
86
83
89
89
95
87
86
82
71
54
43
42
25
29
13
3
1
-4
-2
2
-2
-14
2
4
-1
12
21
24
41
44
49
41
24
19
10
-3
-4
-13
-26
-45
-61
-55
-42
-42
-38
-40
-34
-38
-50
-58
-61
-59
-65
-68
-76
-72
-64
-49
-24
-10
5
9
17
24
40
32
24
24
13
0
-8
-9
-10
-9
-4
-8
-29
-17
1
5
4
8
2
-1
9
17
24
32
39
24
25
16
16
19
13
12
9
15
5
0
-10
-29
-28
-30
-46
-54
-65
-69
-83
-88
-73
-73
-67
-67
-57
-50
-34
-23
-34
-20
-5
-11
-1
8
19
21
32
39
46
56
55
52
44
55
47
54
54
38
41
29
28
22
17
22
29
34
47
47
53
53
58
65
62
77
85
90
75
73
63
69
64
45
38
32
23
6
12
4
-7
-15
-35
-47
-67
-71
-80
-94
-86
-81
-86
-83
-71
-78
-71
-56
-56
-41
-26
-21
-1
5
10
-3
7
10
-11
-8
-27
-18
-17
-12
-3
-1
-13
-5
-15
-30
-26
-39
-19
-14
-20
1
13
18
17
38
51
47
45
36
33
42
45
33
19
14
-6
-23
-20
-37
-46
-54
-66
-53
-65
-46
-46
-55
-51
-64
-66
-59
-47
-46
-34
-31
-23
-26
-18
-5
-5
3
4
20
33
24
26
24
25
19
7
16
6
9
9
7
13
13
27
29
28
34
39
47
55
63
83
89
86
94
86
94
97
86
91
83
76
57
47
50
31
6
-5
-10
-17
-29
-48
-47
-34
-41
-29
-33
-24
-21
-32
-10
-26
-14
-15
-6
8
11
32
41
49
56
60
60
56
57
63
61
65
54
52
38
18
-6
-8
-31
-41
-51
-52
-51
-52
-55
-66
-69
-87
-79
-60
-50
-35
-25
-26
-31
-30
-50
-50
-54
-70
-80
-93
-104
-106
-102
-102
-94
-95
-94
-76
-74
-73
-66
-64
-57
-47
-31
-29
-31
-23
4
7
8
6
10
24
26
50
49
56
67
68
68
68
70
66
67
62
64
59
63
42
37
33
15
18
15
34
35
49
57
56
65
66
57
56
50
53
66
62
50
38
35
19
16
4
6
8
-15
-20
-27
-36
-46
-56
-58
-61
-74
-75
-70
-60
-62
-63
-51
-60
-56
-52
-50
-48
-34
-20
-26
-10
0
-6
2
4
2
12
24
33
40
35
40
38
28
29
22
22
26
23
32
37
39
34
40
50
44
53
65
68
72
88
91
89
75
75
76
63
54
41
27
14
-5
-15
-13
-16
-41
-51
-52
-64
-59
-57
-64
-67
-55
-42
-39
-31
-28
-20
-39
-37
-39
-42
-53
-54
-67
-62
-60
-61
-33
-23
-25
-19
-18
-34
-35
-44
-28
-24
-22
-27
-20
-19
-14
-4
-6
5
10
10
2
-6
0
8
15
19
23
42
30
21
40
25
31
23
25
20
12
10
5
9
6
-1
-10
-7
-19
-17
-21
-14
-6
-16
-3
-12
-4
-1
6
16
9
7
10
20
24
28
27
16
-5
-1
-12
-16
0
10
7
13
9
15
16
17
15
5
16
14
15
16
23
23
8
3
-5
-8
-3
-4
-2
0
-19
-30
-13
-2
-1
13
11
5
1
-5
-9
-16
-15
-34
-27
-23
-29
-19
-16
-11
-2
-13
-8
10
26
33
28
26
25
28
19
27
36
14
17
11
9
8
7
11
9
1
-9
-7
-7
-5
-8
-7
1
13
18
16
2
11
22
15
9
-7
-2
-6
-7
-6
-6
-2
0
10
-4
-9
-3
0
-13
-12
-24
-32
-36
-52
-49
-56
-50
-46
-44
-42
-37
-34
-34
-26
-25
-1
5
16
25
31
38
31
36
32
27
22
8
6
7
12
18
18
13
11
18
12
18
17
30
30
27
28
16
13
28
28
37
42
37
25
19
13
20
19
20
19
7
10
1
-2
-8
-7
-15
-9
-20
-29
-36
-38
-40
-48
-41
-52
-55
-61
-65
-59
-58
-41
-35
-30
-35
-35
-31
-31
-24
-13
-15
-10
-5
-4
6
20
20
23
19
22
25
23
16
29
33
39
32
33
25
12
28
34
36
28
34
47
46
51
40
45
36
15
7
-4
-15
-11
-1
-9
-10
-13
-15
-22
-31
-17
-27
-29
-21
-20
-4
-10
-2
17
19
24
20
10
12
15
16
15
15
18
8
3
0
6
0
-1
-10
-15
-11
-26
-13
-19
-14
-1
-1
10
13
10
5
11
0
-4
-11
-30
-19
-20
-20
-26
-28
-31
-18
-25
-25
-17
-29
-33
-42
-45
-48
-53
-55
-54
-58
-55
-44
-37
-40
-43
-17
-12
-7
5
1
8
15
10
9
7
12
26
32
44
47
49
43
32
39
31
36
40
27
21
8
3
7
-7
4
6
-13
-12
-1
11
7
16
26
19
31
33
20
30
31
30
25
10
5
4
-12
-10
-20
-18
0
-8
-3
-3
0
13
8
11
8
19
21
25
26
18
17
16
32
26
26
27
36
38
38
31
20
16
10
1
-9
-9
-8
-7
-13
-15
-17
-23
-13
-14
-11
-4
-17
-2
-1
-4
-3
-8
-5
-11
-25
-26
-34
-30
-21
-27
-22
-20
-24
-27
-30
-42
-54
-62
-65
-65
-63
-58
-55
-59
-47
-47
-46
-43
-43
-38
-28
-27
-27
-10
-7
-8
4
6
9
12
13
23
20
28
33
43
41
50
57
57
60
55
70
60
75
91
86
96
90
96
109
106
102
109
102
97
99
76
66
52
43
33
14
7
-3
-8
-16
-12
-2
-23
-31
-31
-31
-38
-45
-34
-32
-52
-60
-60
-65
-74
-81
-74
-67
-58
-51
-53
-49
-50
-58
-65
-80
-81
-81
-79
-76
-69
-65
-64
-47
-40
-32
-19
-12
-17
-21
-15
-15
-7
-4
0
10
-2
13
14
16
23
26
24
24
31
29
24
14
1
-22
-44
-52
-62
-57
-59
-52
-42
-56
-40
-25
-20
-1
6
10
16
24
33
42
63
73
83
89
85
84
89
91
84
81
88
78
75
86
84
79
68
58
55
41
38
42
46
47
41
24
15
-4
-4
-14
-13
-20
-27
-17
-27
-21
-10
-10
-7
-19
-41
-41
-47
-60
-63
-66
-70
-64
-61
-61
-78
-78
-73
-77
-75
-74
-69
-48
-38
-19
-4
-8
7
4
3
1
-8
-14
-20
-24
-28
-20
-17
-10
-17
-22
-20
-13
-19
-17
-21
-20
-19
-8
7
4
2
6
15
23
40
43
54
57
62
67
63
55
54
60
55
58
59
68
75
72
60
54
55
49
46
41
38
43
45
44
42
24
21
13
13
10
10
13
24
35
32
26
24
9
4
17
19
30
40
42
36
35
20
3
-7
-14
-17
-24
-29
-36
-32
-37
-55
-51
-55
-58
-66
-74
-72
-86
-76
-75
-68
-64
-57
-64
-74
-71
-77
-78
-77
-68
-66
-72
-73
-71
-77
-71
-69
-71
-76
-64
-47
-50
-45
-34
-20
-13
-13
-5
7
11
11
4
8
8
13
20
27
37
44
43
38
44
44
45
53
59
49
57
52
46
37
41
39
25
38
28
29
42
47
49
53
47
41
33
34
27
31
26
29
26
36
27
25
21
14
9
4
4
-9
-11
-13
-10
-25
-24
-21
-24
-19
-23
-26
-21
-12
-17
-15
-9
-11
2
15
27
48
58
64
63
56
60
56
53
55
53
47
41
38
30
27
15
10
15
9
10
-4
-25
-21
-31
-43
-37
-39
-50
-51
-53
-62
-65
-60
-69
-61
-55
-61
-50
-52
-54
-51
-58
-68
-67
-73
-77
-71
-62
-50
-33
-17
-13
3
7
13
15
19
27
40
44
57
58
47
43
47
56
42
55
53
61
75
72
74
77
77
67
64
68
77
55
32
26
-3
-9
-20
-18
-31
-32
-20
-14
-18
-15
-9
-9
-12
-17
-26
-35
-36
-35
-44
-50
-44
-66
-64
-65
-68
-71
-74
-72
-79
-62
-59
-51
-27
-34
-18
-15
-10
-1
8
9
4
2
8
13
14
23
26
26
20
10
3
1
1
-10
-12
-13
-15
-1
9
14
21
26
11
-4
1
14
4
7
14
24
22
28
30
44
44
48
69
72
66
55
53
34
22
6
2
-3
-14
-26
-36
-28
-31
-26
-24
-15
-7
-6
-4
-10
-15
-11
-15
-3
-2
-1
3
1
13
2
2
-1
-9
-3
-1
-13
-21
-16
-3
-9
10
16
5
14
11
15
27
37
33
26
27
27
31
31
25
33
40
47
44
31
34
31
15
21
17
5
7
5
2
2
-12
-14
-28
-32
-32
-35
-41
-45
-45
-38
-43
-47
-41
-51
-52
-51
-50
-47
-38
-26
-20
-24
-26
-29
-17
-13
-23
-14
-17
-15
-11
-18
-10
4
6
8
19
12
7
22
34
39
33
43
45
42
38
41
57
53
42
33
29
24
27
24
14
6
14
9
6
-2
-2
7
-7
-6
-14
-15
-24
-36
-37
-30
-30
-26
-21
-13
-15
-14
-10
-6
-7
-19
-29
-39
-52
-65
-52
-55
-42
-36
-36
-19
-31
-34
-33
-33
-17
-18
-7
0
4
5
9
10
10
11
13
20
16
25
11
29
29
25
33
33
39
41
40
37
41
33
35
37
32
29
24
16
12
0
2
0
0
-2
-8
1
-14
-9
-11
-9
-5
-5
-7
1
2
2
20
22
24
22
26
29
27
20
28
34
40
41
52
47
39
49
53
58
50
45
39
18
10
7
4
4
0
1
1
-14
-23
-19
-21
-18
-18
-25
-36
-29
-33
-43
-35
-39
-43
-52
-61
-63
-61
-76
-76
-72
-65
-53
-44
-45
-40
-33
-47
-49
-51
-50
-48
-47
-48
-37
-32
-33
-27
-25
-33
-26
-11
-11
2
9
9
16
16
12
24
19
19
35
33
39
43
41
43
57
53
59
50
51
46
46
44
36
37
27
26
32
31
14
13
-3
-12
-12
-25
-32
-36
-39
-45
-43
-46
-41
-30
-29
-38
-31
-35
-31
-28
-35
-22
-6
5
12
31
43
46
53
54
47
62
64
65
75
70
71
74
71
73
77
71
83
81
65
61
64
62
50
40
37
17
17
0
-12
-15
-24
-19
-21
-16
-15
-11
-17
-20
-25
-33
-36
-44
-38
-37
-37
-40
-52
-50
-56
-63
-60
-58
-56
-59
-55
-61
-68
-62
-69
-67
-55
-45
-44
-35
-30
-22
-37
-31
-35
-39
-45
-49
-50
-59
-54
-50
-43
-33
-24
-31
-14
-11
-8
4
2
-6
-8
-10
8
12
17
30
36
46
56
58
74
72
71
76
65
63
60
57
52
53
46
45
44
49
55
42
40
35
32
25
27
24
17
16
16
18
6
10
7
14
15
10
18
8
10
0
-11
-19
-11
-13
-14
-9
-22
-17
-29
-38
-40
-50
-68
-63
-63
-61
-63
-53
-49
-46
-36
-47
-39
-25
-24
-22
-20
-15
-11
-11
-10
-5
12
7
9
7
10
18
28
32
30
37
33
32
32
43
41
57
54
50
58
61
66
67
61
61
61
51
61
64
50
60
48
33
22
16
16
0
-6
-15
-23
-18
-16
-25
-24
-26
-25
-36
-33
-37
-44
-38
-41
-34
-33
-34
-32
-34
-41
-38
-32
-26
-27
-23
-24
-23
-31
-25
-29
-42
-47
-44
-38
-47
-50
-46
-52
-54
-54
-54
-47
-43
-45
-25
-22
-22
-24
-32
-33
-38
-40
-36
-32
-32
-27
-24
-18
-11
-6
4
25
28
42
44
43
39
40
46
43
58
61
66
82
96
104
107
110
108
97
79
85
82
80
72
59
60
55
41
35
31
19
9
4
3
5
2
-1
-2
-9
-17
-21
-28
-37
-33
-46
-48
-54
-51
-49
-48
-47
-54
-51
-62
-66
-71
-65
-59
-48
-39
-42
-27
-29
-22
-16
-12
-5
-10
-10
-6
1
1
17
17
7
-4
8
10
13
15
16
27
23
22
24
21
24
30
14
20
19
16
-1
3
3
5
7
7
8
8
11
1
8
0
2
1
-3
0
-3
-3
-3
-9
-6
-3
-15
-28
-27
-30
-29
-32
-33
-42
-36
-32
-35
-29
-29
-42
-44
-33
-34
-29
-16
-5
5
4
5
10
24
20
23
35
27
41
51
48
51
37
38
38
35
36
31
27
33
33
35
27
32
43
38
49
47
38
35
33
34
42
44
49
53
52
50
44
30
30
18
25
21
11
2
-9
-12
-25
-23
-30
-32
-26
-26
-29
-32
-42
-41
-47
-46
-47
-43
-40
-46
-54
-61
-74
-75
-78
-89
-87
-95
-88
-92
-96
-89
-88
-95
-95
-93
-92
-90
-84
-77
-70
-70
-71
-66
-54
-49
-35
-26
-27
-14
-2
0
15
28
31
37
42
50
55
58
74
82
85
86
90
89
83
90
99
102
102
94
95
97
98
96
97
96
93
93
81
86
87
78
88
81
78
77
63
68
62
66
61
51
53
41
30
20
10
-1
5
-7
-10
-19
-30
-28
-39
-44
-43
-38
-48
-53
-65
-58
-61
-64
-56
-60
-70
-67
-67
-81
-73
-69
-65
-65
-62
-58
-60
-55
-62
-60
-61
-56
-50
-50
-43
-46
-41
-34
-35
-38
-38
-32
-26
-32
-28
-27
-24
-26
-18
-6
-10
-7
-8
-4
4
7
14
17
22
13
16
10
13
9
-6
2
-5
-11
-6
-4
7
11
24
30
34
43
37
36
38
33
38
32
30
23
19
17
8
7
11
20
15
10
16
25
22
28
32
29
33
31
27
33
35
38
33
32
29
20
27
24
21
17
11
12
15
15
18
20
24
19
22
19
13
8
9
12
7
11
7
7
4
0
2
-10
-1
-3
1
2
-9
-13
-14
-19
-19
-25
-23
-22
-26
-30
-33
-32
-36
-30
-30
-31
-29
-31
-29
-33
-38
-34
-35
-39
-41
-31
-31
-23
-24
-16
-11
-14
-14
-23
-30
-32
-31
-20
-11
-11
-2
-1
4
-3
-2
-1
-3
1
-2
3
-5
-3
-2
-7
-1
-1
3
11
11
11
17
20
21
28
39
41
41
41
32
30
33
40
36
40
30
25
30
26
20
21
23
20
24
15
19
16
19
17
5
-3
-12
-8
-14
-15
-5
0
-8
-4
-3
-6
-8
-11
-21
-21
-24
-28
-26
-41
-40
-48
-52
-48
-51
-50
-49
-45
-39
-42
-45
-45
-40
-37
-39
-38
-34
-29
-15
-5
0
11
19
20
25
28
37
47
47
53
47
43
35
31
38
44
44
49
48
50
51
51
45
38
42
40
44
42
45
46
37
31
21
25
18
17
8
2
5
-4
-10
-14
-12
-15
-17
-15
-22
-17
-11
-13
-22
-31
-34
-42
-47
-50
-51
-50
-49
-49
-47
-39
-35
-35
-33
-37
-35
-35
-23
-23
-28
-23
-14
-22
-24
-14
-20
-18
-16
-19
-20
-14
-12
-14
-16
-17
-18
-17
-13
-9
-3
4
5
5
11
13
17
19
16
23
21
18
13
16
17
22
21
14
19
15
15
16
17
10
14
20
22
29
34
34
38
39
41
38
38
39
39
35
33
34
32
28
30
31
22
29
20
23
22
22
21
14
15
12
7
6
4
1
-1
-5
-6
-3
4
4
4
-1
-2
-4
-15
-14
-14
-10
-11
-10
-10
-19
-22
-27
-26
-29
-30
-26
-26
-26
-21
-20
-15
-16
-18
-15
-13
-7
-6
-2
-2
-2
-7
-7
-13
-19
-19
-23
-15
-20
-17
-16
-19
-21
-30
-26
-25
-30
-26
-24
-25
-26
-28
-31
-29
-20
-22
-21
-18
-12
-13
-17
-23
-21
-19
-23
-21
-25
-26
-28
-24
-20
-19
-7
-4
0
4
14
17
19
15
17
13
14
17
22
22
22
32
33
40
46
41
44
43
45
53
52
54
55
53
51
47
43
41
41
46
48
42
42
38
34
27
21
14
11
10
4
-3
-8
-11
-17
-15
-17
-20
-17
-14
-18
-22
-19
-23
-21
-22
-24
-25
-30
-34
-27
-28
-30
-23
-26
-26
-30
-30
-28
-23
-20
-14
-12
-7
-3
-3
2
-5
-3
7
4
3
1
7
9
5
8
6
9
10
10
11
8
7
7
3
8
8
2
1
-3
6
6
5
8
8
1
1
0
-4
3
5
4
6
6
-3
0
3
0
7
9
11
5
5
-3
-6
-9
-5
-11
-6
2
-5
-2
-4
-7
-7
-9
-15
-14
-15
-14
-16
-15
-19
-20
-19
-11
-13
-16
-14
-16
-16
-22
-21
-22
-14
-13
-7
-2
-5
-6
-4
-4
-8
-2
-4
-1
-3
-1
3
4
15
11
11
9
11
15
12
17
14
20
21
18
17
16
14
12
14
12
12
15
15
13
15
15
12
13
12
12
10
13
11
6
6
6
10
8
8
1
1
-1
-6
-6
-9
-8
-10
-11
-12
-8
-11
-4
-2
0
-1
0
6
6
9
13
12
11
8
13
5
6
5
-4
-3
-9
-4
-4
-1
-1
-2
10
7
8
13
3
1
-10
-13
-20
-20
-25
-25
-25
-25
-20
-22
-16
-18
-13
-17
-15
-16
-15
-13
-11
-11
-11
-4
-5
-5
-4
-4
-8
-4
-2
0
2
0
9
10
16
18
16
25
23
22
24
22
22
16
19
22
23
17
12
12
17
16
17
20
10
10
10
5
9
10
10
6
4
2
0
-2
-5
-12
-13
-14
-16
-14
-15
-15
-11
-11
-16
-14
-17
-14
-18
-19
-14
-18
-18
-19
-16
-11
-12
-11
-6
-4
-3
2
4
7
8
9
3
1
3
5
4
3
9
9
1
3
6
1
5
1
1
4
7
11
11
15
9
0
0
-4
-4
-5
-9
-7
-10
-8
-4
-6
-8
-8
-10
-10
-11
-13
-16
-14
-16
-17
-15
-18
-21
-20
-20
-23
-20
-19
-15
-15
-15
-10
-9
-7
-8
-6
-2
0
0
5
11
13
15
15
13
18
21
23
23
26
25
25
29
31
31
30
31
32
36
36
38
41
43
41
37
35
32
29
24
23
18
21
18
16
13
11
14
13
9
9
3
-2
-6
-7
-12
-16
-20
-18
-20
-21
-29
-33
-34
-37
-30
-33
-30
-29
-28
-31
-28
-30
-31
-26
-29
-27
-25
-23
-21
-20
-20
-18
-20
-24
-21
-16
-16
-14
-11
-13
-10
-7
-8
-10
-11
-9
-11
-7
-6
-2
3
1
-2
0
0
3
4
6
11
10
4
12
13
12
16
10
11
11
8
8
12
15
19
20
21
17
21
18
14
12
14
13
16
15
13
17
20
16
14
15
10
12
7
3
5
0
0
-1
-4
-3
-6
-7
-7
-11
-9
-6
-9
-6
-6
-8
-5
-4
-2
0
2
3
0
3
1
-5
-9
-11
-9
-10
-9
-1
2
8
12
17
18
19
18
12
5
7
5
5
10
8
4
7
2
0
-1
0
4
1
2
1
-1
-5
-4
-3
-4
-6
0
-4
-6
-9
-13
-15
-10
-8
-8
-10
-16
-17
-20
-19
-20
-15
-14
-15
-20
-22
-24
-25
-24
-21
-17
-14
-7
-11
-7
-5
-9
-9
-10
-6
-7
0
3
8
13
15
22
23
25
26
33
31
34
34
36
39
33
34
34
36
34
32
30
30
32
31
30
26
22
16
4
0
-5
-7
-11
-15
-17
-17
-24
-28
-26
-26
-24
-30
-26
-28
-31
-35
-36
-37
-39
-35
-34
-31
-22
-19
-18
-14
-13
-12
-10
-11
-9
-7
-4
-2
2
-1
1
6
5
7
7
8
8
8
6
3
1
1
3
2
3
2
3
3
3
1
-2
-4
-2
-6
-2
0
0
-4
-9
-8
-6
-4
-2
8
7
8
10
7
5
8
10
12
12
13
13
14
13
10
14
12
9
9
5
7
8
8
9
12
11
11
12
11
15
12
15
15
17
18
17
21
17
14
18
12
12
12
9
7
5
0
-3
-3
-5
-7
-8
-5
-8
-10
-16
-16
-17
-22
-19
-16
-14
-13
-15
-16
-14
-10
-14
-17
-13
-11
-7
-5
-2
1
0
-3
2
3
3
6
3
0
5
-1
-4
2
-2
0
7
4
6
6
9
4
2
1
-2
-4
-5
-2
-9
-10
-15
-17
-16
-12
-12
-18
-17
-13
-14
-14
-11
-14
-11
-10
-13
-11
-7
-5
1
4
5
6
4
6
6
6
8
11
10
9
14
16
15
15
14
20
24
19
22
27
25
19
17
12
11
8
1
-2
-10
-11
-16
-17
-21
-21
-21
-25
-26
-24
-19
-18
-17
-15
-17
-14
-12
-10
-4
0
1
1
-2
0
0
-3
-4
-3
2
0
5
3
7
3
3
4
8
8
10
10
9
6
2
4
5
4
7
10
8
10
15
16
16
21
22
25
26
22
25
23
22
20
18
15
15
13
10
9
8
5
1
-3
-8
-6
-9
-12
-12
-9
-7
-5
-7
-4
-8
-11
-11
-12
-9
-6
-6
-3
-4
-4
-1
-5
-2
-3
0
-1
-1
4
5
-1
-1
-6
-11
-12
-11
-12
-10
-10
-11
-9
-9
-10
-10
-11
-15
-12
-8
-6
-1
-3
-5
-8
-7
-11
-14
-16
-17
-19
-20
-18
-22
-20
-17
-16
-11
-9
-9
-6
-6
-7
-5
-1
0
2
4
5
3
3
5
7
8
9
11
11
8
11
13
10
9
10
13
14
16
18
17
20
21
18
15
12
11
7
5
11
12
12
11
6
4
5
6
6
0
2
4
3
5
9
7
6
2
3
2
3
6
2
5
4
4
1
2
-1
-2
1
-1
1
2
2
-2
-1
-2
-6
-7
-8
-7
-7
-6
-6
-4
-4
-4
-4
-1
-4
-1
-1
-2
0
-3
-4
-7
-7
-6
-5
-11
-12
-13
-16
-16
-15
-9
-5
-1
-1
-1
3
0
-2
3
1
-2
-1
2
2
2
5
5
6
5
3
5
6
4
7
7
2
2
-1
-1
1
1
2
0
2
3
3
0
-1
4
4
5
6
3
-2
0
-1
-4
-1
-2
-8
-8
-12
-10
-10
-7
-7
-5
-2
-5
-3
-6
-7
-7
-12
-14
-19
-23
-16
-15
-13
-11
-9
-8
-6
0
-1
-1
4
4
8
10
7
12
18
13
15
14
13
13
13
15
16
15
11
11
9
8
9
16
17
16
19
15
16
15
9
7
2
1
-1
-1
-3
-10
-11
-14
-16
-13
-7
-5
-5
-3
-3
-2
-4
-4
-5
-7
-4
-2
-3
-3
0
3
2
0
2
1
0
1
1
-5
-1
-3
-6
-3
-3
-2
-1
1
1
-2
0
3
2
0
-1
1
0
-1
-1
-2
1
-1
-1
-2
1
0
-2
-3
-8
-7
-8
-8
-6
-1
0
2
1
-2
-2
-2
-5
-4
-3
-8
-11
-12
-11
-8
-7
-8
-9
-6
-7
-7
-6
-6
-7
-3
-4
0
5
5
6
3
3
6
7
3
3
6
5
3
5
8
11
12
15
15
14
13
13
14
15
15
15
15
17
17
13
12
14
11
8
6
4
8
6
6
7
3
1
-2
-1
2
2
3
-2
-2
-3
-1
1
-5
-3
-3
-6
-10
-9
-8
-11
-9
-8
-11
-12
-13
-18
-19
-17
-17
-14
-11
-12
-8
-6
-7
-8
-7
-4
-5
-5
0
1
3
4
3
1
2
0
-5
-9
-13
-17
-19
-15
-15
-10
-7
-4
0
-2
-1
0
0
1
3
5
2
-1
-1
-1
-3
-3
0
-2
0
6
4
6
7
7
6
8
12
11
15
18
16
19
22
19
20
15
12
14
14
12
8
6
3
2
-1
1
-1
0
-2
-4
-2
-3
-2
-3
0
4
6
8
8
7
6
7
5
6
4
3
4
2
1
0
-3
-5
-8
-10
-11
-12
-11
-14
-14
-17
-19
-19
-18
-18
-14
-11
-11
-12
-12
-8
-10
-9
-8
-6
-4
-3
-1
1
5
5
6
5
8
7
6
9
5
10
10
10
10
10
10
7
4
5
5
5
2
4
5
5
4
4
4
2
5
7
6
6
6
5
2
3
-1
-5
-8
-5
-5
-8
-7
-7
-6
-3
0
3
3
6
6
2
6
4
2
1
0
1
0
1
2
0
0
-2
-1
-3
-4
-6
-8
-9
-9
-10
-10
-10
-15
-15
-14
-15
-18
-14
-15
-17
-17
-16
-16
-12
-11
-8
-7
-6
-1
-1
-1
0
4
3
3
4
6
7
4
4
6
4
6
10
10
10
12
13
14
14
12
12
15
15
16
16
17
18
18
19
15
12
11
5
1
-2
-1
-1
0
4
3
8
12
14
15
15
14
12
10
8
6
2
0
-2
-3
-4
-9
-11
-13
-9
-10
-13
-13
-10
-9
-9
-9
-7
-4
-4
-5
-2
-3
-2
-2
-4
-8
-10
-7
-9
-7
-4
-4
-1
-3
-6
-5
-7
-6
-7
-5
-4
-5
-6
-6
-6
-7
-6
-7
-6
-8
-7
-8
-10
-10
-12
-9
-10
-10
-6
-8
-7
-5
-6
-3
-5
-4
-3
-1
0
-2
-1
-1
0
5
7
9
8
9
6
5
4
6
8
7
11
9
8
8
8
10
11
11
11
12
13
13
14
13
11
10
10
11
9
8
12
11
12
10
8
7
5
6
6
4
5
5
5
3
1
1
0
-2
-3
-2
-1
-1
-3
-3
2
2
0
-2
-2
-4
-7
-12
-11
-10
-13
-10
-11
-11
-11
-10
-10
-8
-4
-4
-1
-3
-1
-1
-5
-6
-8
-11
-11
-10
-10
-12
-16
-16
-16
-16
-12
-8
-3
-1
-3
-1
-1
-1
1
2
3
4
1
2
-1
-2
-1
-1
0
-1
-2
-2
-3
-5
-3
-1
3
4
6
7
6
9
10
8
9
8
10
10
13
14
13
14
9
8
9
10
7
7
9
10
6
7
8
6
8
8
6
8
3
-1
-6
-6
-8
-8
-8
-8
-12
-13
-11
-10
-9
-9
-7
-4
-4
-3
-6
-9
-6
-6
-8
-5
-3
-3
-4
-6
-5
-8
-7
-4
-4
-3
0
2
3
3
4
4
3
0
1
1
1
0
1
-1
2
3
2
4
6
4
4
1
0
0
-1
0
-1
-1
1
2
4
3
3
4
1
8
8
8
8
7
5
3
4
2
2
6
6
4
9
8
5
6
6
4
7
6
4
2
-1
-1
-4
0
-3
-2
-1
-4
-3
-5
-4
-6
-5
-2
-1
-1
0
1
-1
-2
-3
-2
-4
-2
-4
-2
-3
-5
-5
-4
-3
-2
-3
-1
-1
-3
-4
-2
-1
0
1
-1
0
0
-1
-1
-2
-2
-3
-2
-3
-6
-3
-3
-3
-4
-4
-2
-1
1
4
4
6
6
4
5
4
3
4
3
1
2
2
1
1
1
3
6
3
5
6
5
3
0
1
1
2
2
3
4
1
-3
-6
-6
-11
-10
-10
-9
-9
-11
-11
-8
-10
-7
-4
-2
0
-1
1
-1
-3
-3
-2
-2
-2
-1
4
3
5
5
7
5
4
5
6
8
7
5
3
4
0
-1
1
0
0
-2
-4
-3
-3
-5
-3
-2
0
0
2
0
-3
-1
-5
-4
-4
-6
-7
-5
-5
-4
-4
-4
-5
-3
-4
-4
-3
-4
-5
-3
0
1
1
1
2
4
1
3
4
2
1
3
2
1
2
1
2
1
3
2
1
2
1
1
2
3
6
6
8
12
14
15
14
14
15
12
11
12
11
10
9
10
12
10
10
8
6
5
2
1
-1
-2
-3
-3
-2
-4
-4
-1
-2
-2
-4
-3
-5
-5
-2
-2
-4
-5
-4
-2
-3
-2
-2
-4
-8
-9
-12
-10
-11
-12
-12
-14
-15
-15
-12
-11
-10
-8
-8
-10
-10
-9
-7
-8
-7
-4
-1
-2
-1
0
2
2
0
1
-2
-3
-1
1
3
3
2
5
5
5
7
7
7
9
8
8
5
2
1
0
1
3
5
6
4
3
0
-3
-6
-5
-4
-3
-2
0
2
0
1
-2
1
0
2
2
4
2
3
2
2
2
0
2
4
4
2
2
2
3
2
2
3
5
3
3
5
4
4
2
3
3
6
5
4
5
5
6
5
4
4
5
4
3
3
2
2
0
-1
-3
-5
-4
-7
-5
-6
-5
-4
-4
-2
-4
-3
-6
-5
-6
-4
-2
-5
-2
-3
-3
-4
-5
-3
-4
-2
-2
1
0
1
-1
-2
0
-1
-1
-3
-3
-3
-4
-5
-5
-8
-7
-8
-8
-6
-6
-6
-4
-3
-1
1
4
6
6
8
9
10
8
9
6
5
5
2
3
3
6
5
3
3
2
3
6
6
5
8
9
8
6
6
6
4
5
6
5
3
3
2
0
-2
-4
-4
-2
-2
-1
-1
0
0
-3
-4
-5
-6
-7
-9
-7
-7
-8
-7
-6
-3
-1
-2
0
1
0
0
-4
-3
-4
-5
-6
-6
-3
-1
-1
-3
-1
-3
-4
-2
-2
-1
-2
-2
-4
