SAMPLES:	20559
BITSPERSAMPLE:	16
CHANNELS:	1
SAMPLERATE:	16000
NORMALIZED:	FALSE
-18
-15
-14
-10
-8
-6
-4
-1
-1
3
5
9
8
2
-3
-4
-3
-4
4
9
12
9
10
8
10
10
14
19
19
18
14
14
13
10
6
1
-2
0
-2
2
1
4
1
0
6
2
2
2
0
-7
-9
-12
-12
-7
-8
-9
-10
-4
-1
-7
-9
-6
-8
-10
-15
-11
-8
-5
-10
-13
-9
-8
-11
-10
-5
-3
-2
-5
-3
-5
-7
-7
-8
-7
-5
-7
-7
-2
2
5
5
6
11
10
8
10
11
8
11
14
17
19
22
24
24
32
31
27
28
23
25
24
19
20
22
19
18
17
12
9
4
4
5
8
2
1
-6
-6
-12
-17
-18
-18
-22
-23
-21
-24
-17
-14
-19
-21
-17
-21
-18
-16
-19
-14
-15
-15
-15
-9
-9
-7
-4
-4
-6
-7
-9
-8
-5
-5
-2
0
-3
-6
-4
-2
-3
-3
-4
-6
-7
-5
-2
-5
-2
-2
-5
0
-2
4
1
3
5
3
2
1
0
0
4
2
6
2
0
-2
-4
-3
-5
-8
-6
-6
-7
-4
-4
-1
-5
-7
0
1
3
7
7
5
6
2
3
0
0
1
-1
1
-3
0
2
8
4
7
12
12
12
13
14
12
16
14
12
11
12
9
7
8
4
1
-1
0
1
-1
-1
-2
-2
-2
-2
0
-4
-3
-1
-3
-1
4
5
4
8
9
12
16
11
11
12
11
14
15
14
10
6
7
3
6
5
4
2
0
-1
-4
-3
-2
1
-1
-10
-11
-12
-14
-15
-17
-13
-15
-13
-12
-9
-10
-6
-7
-10
-12
-16
-18
-17
-14
-15
-15
-15
-18
-18
-16
-13
-14
-15
-13
-12
-13
-8
-4
-6
-5
-6
-7
-6
-3
-2
2
2
4
10
10
13
14
14
16
13
14
17
17
20
18
17
19
19
16
15
15
14
14
17
18
15
16
11
11
12
8
8
12
7
3
1
-2
-3
-1
-1
-3
-2
-1
-3
-5
-3
-9
-10
-8
-11
-9
-10
-9
-7
-10
-10
-7
-7
-9
-6
-4
-1
4
1
-1
-5
-7
-8
-12
-9
-8
-10
-8
-10
-6
-6
-2
-3
-2
-3
-5
-5
-5
-6
-7
-6
-5
-1
-3
-4
-3
-3
-3
1
1
4
6
7
10
8
9
8
8
9
7
11
12
13
13
15
14
15
16
13
11
7
8
3
4
1
1
-3
-4
-6
-4
-3
-5
-3
-1
-2
-2
-2
-1
-2
-7
-7
-5
-2
-6
-6
-5
-5
-4
-2
-5
-2
-4
-3
-7
-10
-8
-9
-6
-6
-7
-7
-11
-10
-12
-12
-11
-8
-3
-1
0
-2
2
4
5
6
6
8
8
7
7
6
5
4
1
2
5
9
14
14
14
14
14
13
16
19
16
12
10
5
4
1
0
1
1
1
0
0
2
4
-3
-4
-6
-5
-7
-9
-10
-12
-14
-17
-20
-20
-24
-23
-19
-21
-17
-15
-15
-15
-11
-11
-10
-5
-3
2
2
2
5
6
9
7
9
8
11
9
11
10
11
12
12
12
12
13
11
11
11
14
14
13
13
12
11
5
2
-2
-2
-4
-6
-7
-5
-4
-6
-7
-4
-3
-4
-3
-2
-3
-3
-5
-6
-10
-9
-12
-12
-13
-9
-2
0
4
6
8
7
5
2
5
5
5
5
5
1
-1
-1
-5
-2
-1
1
1
1
0
-4
-5
-6
-5
-3
-1
-3
-5
-3
-4
-9
-11
-14
-14
-14
-10
-7
-6
-6
0
-1
1
1
2
4
4
7
5
5
7
11
8
11
7
3
5
9
13
15
17
14
13
10
8
7
8
5
7
6
7
8
7
5
3
2
0
1
-4
-4
-3
-6
-6
-4
-5
-4
-6
-10
-11
-12
-14
-13
-14
-12
-11
-10
-11
-11
-7
-6
-2
1
4
2
1
1
-1
-3
-6
-1
-4
-6
-6
-11
-8
-8
-8
-4
0
2
1
8
9
4
4
4
0
3
1
1
6
5
6
9
8
5
8
12
13
15
14
11
15
15
16
13
10
9
9
4
5
4
2
2
0
1
-2
-4
-4
-5
-3
-3
-5
-2
-6
-9
-9
-9
-5
-4
-7
-4
-6
-5
-5
-2
-2
-4
-5
-8
-8
-8
-9
-6
-4
-2
1
-1
2
1
-3
0
3
2
4
3
-2
-1
-3
-2
-2
1
-1
-5
-8
-10
-9
-11
-12
-10
-7
-6
-4
-6
-8
-11
-11
-7
-3
-2
-5
-1
-4
-7
-5
-2
-3
3
2
-4
1
-3
-4
-1
-3
-1
1
0
-1
7
11
13
17
17
14
14
10
6
8
7
6
5
4
4
8
10
13
13
10
10
8
5
7
8
4
3
6
7
6
4
1
3
4
2
2
4
8
6
3
4
8
6
4
4
5
9
8
9
9
8
9
7
5
2
4
0
-6
-5
-10
-11
-8
-8
-10
-8
-6
-7
-10
-14
-15
-14
-14
-18
-16
-15
-15
-16
-11
-13
-13
-14
-15
-14
-11
-10
-10
-7
-4
-3
-3
-2
-5
-9
-12
-10
-8
-9
-9
-6
-4
-3
-6
-3
1
4
6
7
6
10
9
6
3
3
0
-1
-2
-2
2
4
6
12
14
14
17
16
14
17
14
14
15
14
11
8
9
10
8
10
8
6
5
4
3
5
7
6
7
6
4
0
1
-2
-6
-3
-3
-6
-4
-5
-4
-3
-6
-9
-11
-8
-7
-7
-6
-6
-2
-3
-4
1
-3
-1
2
6
4
2
0
-3
-4
-8
-9
-6
-10
-6
0
-4
-2
1
-1
-2
1
-1
-3
-4
-7
-10
-7
-9
-11
-12
-10
-9
-10
-10
-6
3
4
8
9
11
12
11
8
7
1
-1
1
-3
0
0
0
3
7
9
13
14
14
17
14
11
8
5
1
4
5
2
2
3
0
1
0
0
-1
1
-3
-4
1
1
5
3
5
4
1
4
5
4
3
3
4
3
4
3
0
0
-5
-3
-6
-9
-6
-6
-8
-8
-3
-3
-4
-5
-8
-8
-10
-13
-16
-18
-18
-17
-11
-9
-6
-6
-3
-2
-2
-1
-2
-3
-3
-3
-4
-4
-3
-1
-3
-2
-5
-5
-5
-3
-2
-1
0
-3
4
5
4
8
6
5
8
10
9
11
11
8
8
6
3
2
2
0
4
6
5
7
3
1
1
0
0
0
0
2
1
0
2
1
1
3
5
6
4
4
2
6
7
5
7
10
8
8
6
5
5
0
0
0
2
1
1
4
7
7
8
6
5
3
2
4
3
1
2
0
0
-2
-4
-5
-5
-6
-6
-5
-7
-6
-6
-6
-6
-8
-8
-7
-8
-10
-13
-14
-12
-11
-11
-12
-12
-10
-9
-9
-4
-5
-6
-6
-9
-12
-14
-12
-13
-12
-7
-8
-5
-2
-1
6
1
1
1
-1
0
-1
-1
-2
-2
0
2
3
4
4
6
4
3
3
4
2
1
4
5
7
11
12
14
13
16
17
15
14
11
12
11
8
7
8
9
9
12
14
14
13
11
13
12
11
9
7
7
8
7
3
2
6
5
2
6
3
0
-2
-3
-2
-3
-5
-7
-3
1
2
0
-2
-4
-5
-8
-9
-11
-12
-15
-20
-20
-21
-20
-17
-13
-12
-8
-12
-15
-11
-10
-9
-8
-9
-10
-10
-12
-14
-11
-10
-9
-3
1
-1
-1
0
2
0
-1
1
1
2
3
4
5
5
7
7
5
9
7
8
12
13
13
14
14
14
11
13
11
11
9
5
4
2
3
4
5
7
7
4
4
1
2
-2
-3
-1
-2
-6
-8
-10
-9
-8
-8
-6
-4
-4
-5
-5
-6
-4
-5
-8
-8
-8
-5
-5
0
0
2
2
5
3
3
4
4
3
-3
-1
-1
-3
-6
-1
-1
0
0
1
2
0
-2
-3
-6
-4
-5
-6
-6
-5
-7
-10
-8
-9
-6
-3
-5
-2
-5
-5
-3
-5
-3
-3
-1
0
2
0
0
2
6
7
6
5
8
9
9
8
11
13
13
14
12
13
15
12
11
8
5
4
2
-1
0
0
2
1
1
4
5
5
5
6
9
6
3
-1
0
1
-1
-1
-1
-1
-2
-3
-1
1
1
1
1
1
0
1
3
1
2
3
5
6
4
1
1
0
-4
-3
-4
-8
-7
-5
-3
-3
-1
1
0
-3
-7
-6
-7
-8
-9
-10
-10
-7
-6
-5
-4
-5
-4
-3
-3
-2
-6
-4
-5
-7
-10
-10
-9
-8
-6
-7
-8
-8
-10
-9
-9
-10
-9
-6
-4
-4
-6
-3
-1
2
4
4
6
6
6
7
7
5
6
6
9
9
10
13
9
9
7
8
8
7
11
12
10
9
8
10
9
6
6
4
4
3
2
1
3
3
1
1
2
2
0
-2
-3
-5
-6
-6
-6
-7
-8
-6
-8
-7
-8
-9
-8
-7
-6
-5
-4
-5
-3
0
-2
2
-1
-1
0
0
1
4
6
7
7
6
6
6
5
5
4
3
1
0
-2
-2
1
0
-2
1
1
2
1
-1
-1
-5
-6
-6
-5
-5
-6
-6
-5
-4
-4
-4
-4
-3
0
2
1
0
-2
-1
0
0
0
0
2
1
4
3
4
7
7
6
6
8
9
4
5
6
2
2
3
3
2
-1
0
0
-4
-4
-6
-7
-5
-3
-5
-5
-5
-5
-3
-6
-7
-5
-4
-7
-6
-7
-8
-4
-4
-3
-4
0
0
-1
0
1
0
-2
0
-1
-1
1
4
4
3
5
4
4
4
1
-1
2
1
1
3
6
5
4
3
4
5
3
3
2
0
0
-1
1
3
3
5
5
5
5
4
6
3
5
4
4
5
4
2
1
2
2
2
3
4
5
5
4
1
3
1
0
-2
-3
-4
-6
-3
-1
-1
-1
1
-2
-1
-2
-1
-2
-2
-1
-2
0
0
0
2
3
5
4
3
3
4
3
3
2
1
1
-1
-2
-1
-1
0
-1
-1
-2
-1
-2
-3
-4
-6
-7
-9
-11
-13
-16
-17
-15
-14
-11
-11
-11
-8
-7
-10
-8
-8
-8
-9
-8
-5
-6
-1
-2
-2
2
1
0
0
-1
-1
-2
-2
0
0
2
1
1
2
-3
-3
-4
-5
-3
-4
-3
-2
-2
-2
-1
2
3
3
3
5
5
6
5
7
7
5
8
9
9
12
13
16
18
17
18
17
17
17
19
16
16
15
15
14
16
16
15
14
14
12
10
9
5
6
5
6
4
4
4
0
0
-1
-1
-3
-6
-8
-10
-10
-13
-13
-15
-14
-14
-13
-10
-9
-8
-7
-7
-9
-7
-9
-10
-12
-13
-12
-15
-16
-16
-14
-14
-16
-12
-12
-10
-9
-8
-5
-3
-5
-6
-3
-4
-8
-7
-8
-7
-9
-10
-7
-4
-5
-4
-3
0
-1
-2
-2
0
2
4
6
5
6
6
5
5
6
6
6
5
7
9
7
7
5
6
7
8
6
6
6
5
9
10
11
11
13
10
11
12
12
7
5
5
4
5
3
6
9
10
10
10
7
7
7
7
7
6
7
7
7
7
6
5
6
3
2
2
6
4
3
0
-1
2
0
0
0
1
-1
-1
-1
-7
-8
-10
-11
-12
-12
-9
-12
-10
-11
-14
-15
-19
-18
-19
-20
-20
-19
-20
-21
-21
-19
-18
-20
-18
-19
-17
-18
-14
-15
-13
-11
-8
-5
-4
-3
-2
2
2
2
6
6
5
7
8
9
11
11
10
10
12
13
17
13
13
13
12
13
13
14
15
15
13
13
14
14
10
12
12
11
12
12
15
13
11
12
12
12
10
12
11
10
9
10
9
8
8
6
4
4
4
3
4
1
-1
1
1
-3
-4
-5
-9
-8
-11
-12
-13
-13
-16
-15
-15
-17
-20
-21
-22
-21
-23
-23
-23
-24
-25
-24
-24
-26
-25
-25
-22
-20
-18
-13
-9
-9
-7
-5
-2
-2
0
0
-1
3
5
5
8
8
9
11
11
11
11
10
11
13
13
14
13
14
14
17
16
15
18
17
14
16
15
14
17
15
15
17
15
15
15
13
13
13
13
14
11
10
9
9
8
9
6
3
3
3
2
2
1
-2
-5
-5
-8
-7
-7
-7
-9
-10
-11
-11
-10
-13
-13
-12
-15
-15
-16
-14
-12
-14
-13
-13
-15
-12
-11
-10
-9
-8
-7
-8
-7
-5
-3
-4
-3
-6
-7
-7
-7
-7
-7
-6
-7
-7
-7
-7
-7
-5
-4
-3
-2
-3
-3
-3
-1
-4
-1
-2
-4
1
-1
1
3
5
4
6
7
4
4
5
2
2
4
5
8
8
7
10
11
10
11
10
10
10
9
9
11
11
8
5
6
4
5
4
2
4
7
7
5
5
5
4
2
4
4
6
5
8
9
5
7
5
5
4
2
0
3
0
-1
0
-3
-4
-6
-5
-5
-7
-7
-6
-5
-4
-4
-3
-4
-4
-5
-8
-9
-6
-8
-9
-8
-11
-12
-10
-13
-11
-10
-12
-11
-9
-6
-5
-3
-3
-1
-1
-2
1
1
1
-1
0
0
2
4
6
8
8
8
7
10
9
12
10
8
11
9
9
10
7
5
4
3
2
4
3
0
2
2
1
3
1
2
3
4
3
7
8
5
5
6
6
4
5
3
4
3
1
3
5
6
6
3
4
4
3
3
1
0
0
-2
-2
-5
-5
-6
-7
-10
-12
-14
-16
-16
-20
-19
-19
-17
-18
-19
-19
-21
-20
-20
-21
-20
-20
-20
-21
-19
-17
-17
-14
-17
-13
-12
-12
-11
-9
-8
-7
-3
-4
-3
-1
0
1
0
3
4
5
3
3
7
6
5
7
7
10
12
12
16
17
15
14
15
13
15
17
17
16
16
17
16
17
16
14
13
15
18
19
20
23
22
20
21
20
19
18
18
16
17
16
15
13
14
13
11
14
13
14
13
9
7
4
3
0
-2
-2
-3
-5
-5
-5
-8
-9
-9
-8
-10
-12
-12
-13
-14
-20
-21
-19
-22
-21
-23
-22
-20
-17
-21
-18
-18
-17
-16
-18
-14
-16
-16
-15
-15
-15
-16
-13
-13
-14
-12
-9
-12
-8
-8
-6
-4
-4
-2
-5
-3
-2
-2
2
1
3
2
1
-1
1
1
4
2
4
7
7
8
6
7
2
3
3
2
4
7
8
9
8
6
7
9
10
10
9
13
12
10
11
8
6
4
3
3
4
5
5
7
8
8
7
5
5
5
6
3
3
2
3
3
1
1
0
-1
0
-1
0
0
0
1
3
6
5
6
2
0
1
-1
-4
-2
-3
-5
-5
-2
-2
-3
-3
-3
-3
-4
-6
-4
-6
-4
-2
-4
-5
-4
-6
-6
-6
-6
-6
-6
-7
-7
-4
-3
-3
-3
-5
-4
-2
-2
-2
0
2
1
0
-1
-2
-1
-3
0
0
2
3
7
5
5
8
7
7
8
11
10
10
8
7
9
9
8
6
6
6
3
4
3
1
1
2
0
1
-1
0
2
1
0
0
0
-2
-5
-3
-3
-5
-2
-1
-3
-4
-4
-5
-6
-6
-6
-8
-9
-9
-8
-9
-10
-11
-12
-11
-9
-10
-9
-7
-9
-8
-9
-9
-8
-9
-10
-9
-8
-9
-11
-12
-9
-9
-8
-7
-8
-6
-6
-5
-5
-4
-5
-6
-7
-8
-8
-3
-2
-1
0
0
2
2
4
5
7
6
8
10
11
12
12
14
14
17
17
19
20
23
25
22
22
23
22
20
22
23
21
21
20
16
17
18
15
15
15
13
12
11
8
8
4
6
6
3
1
0
3
3
-1
0
-1
-1
-5
-8
-8
-10
-13
-14
-14
-16
-16
-16
-16
-17
-18
-20
-21
-20
-19
-19
-21
-22
-20
-20
-18
-15
-15
-9
-9
-9
-10
-10
-7
-6
-5
-2
-2
1
2
1
3
3
2
5
5
3
5
5
3
1
1
1
0
0
0
1
1
0
0
0
-1
0
-2
0
0
2
4
6
6
6
7
7
8
11
10
9
9
7
8
6
6
6
4
2
0
1
-2
-3
-6
-11
-9
-8
-6
-6
-3
-3
-1
0
2
5
5
4
4
4
3
6
5
5
8
9
8
9
7
7
4
1
-1
0
-3
-4
-7
-8
-8
-9
-10
-11
-12
-13
-14
-12
-11
-12
-9
-9
-8
-6
-3
0
1
1
1
2
1
2
2
5
5
4
5
4
4
3
4
3
0
-2
-6
-5
-6
-6
-7
-5
-6
-7
-5
-9
-6
-6
-3
-2
-1
2
3
4
3
4
8
7
11
13
15
15
15
17
14
13
15
14
14
14
12
14
12
13
10
7
7
6
5
5
5
4
4
2
3
3
4
4
3
5
6
6
7
6
8
8
9
8
7
5
3
2
0
1
1
-3
-6
-7
-7
-9
-9
-10
-14
-14
-15
-16
-16
-17
-18
-20
-21
-21
-23
-22
-24
-23
-26
-25
-24
-23
-20
-19
-20
-18
-17
-17
-14
-13
-11
-8
-8
-9
-5
-3
-4
-4
-1
-3
-1
1
2
5
6
6
7
9
11
13
16
16
16
18
18
15
12
11
6
3
6
7
3
0
0
-1
4
9
6
7
8
13
16
16
18
17
17
24
28
22
23
27
27
25
26
27
26
25
23
22
19
17
16
12
7
4
-1
-5
-5
-12
-14
-15
-17
-19
-18
-20
-21
-19
-19
-18
-19
-22
-20
-20
-20
-20
-17
-18
-18
-21
-25
-27
-24
-23
-24
-21
-21
-20
-20
-17
-14
-14
-11
-6
-4
0
2
3
6
9
12
15
20
18
23
22
23
24
23
25
23
21
18
16
15
14
10
8
7
6
5
3
3
4
5
4
4
2
1
1
2
3
2
3
2
-2
-2
1
-1
-2
-3
-3
-1
-3
-5
-5
-5
-8
-10
-7
-6
-10
-9
-12
-12
-11
-13
-14
-15
-14
-12
-11
-10
-9
-9
-7
-5
-3
-3
-3
-4
-1
0
2
2
3
1
-1
2
-2
-3
0
0
-4
-4
-4
-1
0
0
-1
-1
-1
-3
-3
-1
0
-1
-1
0
4
3
3
6
6
4
8
6
3
6
5
10
9
7
6
3
4
6
8
9
9
9
6
4
4
2
4
6
6
7
8
8
10
11
8
8
6
8
10
7
3
4
5
4
4
3
2
1
1
1
4
3
3
2
1
-1
2
5
5
4
1
1
0
-2
-1
3
4
4
6
9
10
7
10
14
12
11
5
-3
-5
-6
-3
-8
-13
-14
-13
-15
-17
-17
-17
-14
-17
-19
-17
-17
-18
-21
-24
-26
-26
-29
-26
-23
-23
-24
-16
-13
-19
-17
-16
-15
-7
-3
1
2
7
12
19
21
19
25
31
30
33
35
40
40
38
41
34
26
1
-34
-22
28
5
-67
-73
-48
-48
-32
-21
-69
-124
-65
19
-24
-75
-31
-4
-25
19
70
27
4
72
92
36
50
99
76
38
60
63
30
35
40
-2
-31
-19
-4
-5
-22
-42
-39
-18
-2
-2
-6
-5
-5
11
31
40
34
44
51
37
43
54
55
43
33
16
-3
4
4
-22
-42
-50
-53
-50
-41
-44
-59
-61
-56
-54
-44
-35
-30
-27
-11
5
18
22
30
38
37
37
43
48
47
36
29
20
11
2
-7
-20
-26
-29
-34
-36
-47
-50
-62
-63
-52
-52
-53
-51
-45
-39
-37
-23
-16
-14
-1
9
18
21
30
39
46
47
53
56
49
46
38
31
20
26
16
4
-5
-20
-22
-27
-29
-30
-18
-14
-16
-12
-12
-3
11
13
11
19
34
42
42
36
39
44
40
39
34
31
19
11
20
20
9
4
4
-7
-25
-31
-31
-36
-43
-47
-45
-48
-50
-44
-40
-45
-52
-47
-44
-36
-29
-20
-29
-25
-13
-7
-10
-5
-18
-92
-35
119
37
-107
-21
51
6
25
83
-3
-125
34
206
13
-106
107
159
-8
56
165
10
-17
172
154
-14
40
206
144
5
71
127
46
75
118
5
-30
60
85
24
-36
-88
-177
-228
-145
-54
-167
-338
-336
-246
-219
-201
-199
-316
-400
-208
10
-75
-203
-90
21
5
128
252
144
81
237
298
201
220
325
254
128
179
231
169
133
109
19
-43
-17
30
2
-84
-126
-105
-36
7
6
13
-5
-2
49
117
142
127
126
113
96
113
161
133
86
48
-17
-22
13
-15
-101
-163
-176
-193
-199
-186
-196
-325
-477
-203
87
-199
-373
-147
-60
-78
61
146
-60
-145
268
476
123
79
374
305
179
378
392
131
162
333
206
85
170
232
43
-119
-162
-432
-574
-327
-302
-551
-718
-745
-652
-547
-502
-610
-795
-717
-357
-112
-150
-219
-150
24
229
434
507
421
423
567
641
572
570
645
519
331
332
388
308
177
55
-104
-178
-107
-11
-77
-225
-276
-198
-32
63
102
155
169
234
389
495
494
486
505
495
481
509
510
440
321
170
51
-12
-50
-110
-258
-445
-491
-498
-740
-830
-425
-304
-815
-906
-498
-352
-340
-151
-153
-517
-222
663
648
-61
46
501
438
477
721
401
-3
356
682
325
16
219
250
-92
-134
48
-96
-195
-92
-272
-481
-350
-431
-890
-993
-770
-790
-874
-788
-897
-1081
-873
-537
-715
-1087
-773
-275
-337
-339
-35
-43
-125
312
733
599
487
802
1015
903
918
1088
973
782
888
861
658
577
589
480
303
168
105
175
142
-7
-57
-11
-6
59
229
189
212
211
-168
226
1288
936
-16
213
669
646
683
772
253
-431
305
1101
101
-661
-134
-18
-405
-138
-4
-627
-691
-147
-211
-499
-253
166
61
-277
-116
83
109
243
-249
-1078
-1014
-483
-477
-921
-1377
-1670
-1656
-1349
-1092
-1533
-2216
-2008
-1390
-1326
-1404
-1140
-972
-995
-585
26
119
209
757
1136
1036
1122
1654
1904
1746
1723
1727
1664
1799
1803
1497
1095
811
797
729
473
172
-560
-969
20
684
-365
-1021
-450
-165
-77
386
487
-230
-211
1222
1610
402
275
1169
1087
848
1287
1074
418
645
1124
741
248
339
379
-88
-377
-219
-249
-751
-1668
-2053
-1425
-1162
-1687
-2024
-2141
-2387
-2140
-1259
-1407
-2574
-2304
-992
-920
-1259
-776
-498
-639
3
856
737
466
1032
1478
1205
1250
1629
1452
1165
1187
1013
716
738
616
172
-196
-421
-387
-250
-464
-749
-660
-478
-387
-238
39
225
399
782
1010
944
1166
1579
1660
1531
1537
1537
1442
1520
1547
1144
800
822
834
678
387
-103
-334
-211
-388
-646
-926
-1920
-2416
-1549
-1147
-1969
-2614
-2357
-2160
-2241
-1654
-1459
-2524
-2548
-1086
-614
-1143
-887
-293
-364
-44
915
1143
782
1052
1547
1356
1197
1645
1724
1217
905
764
759
836
507
73
-203
-353
-273
-133
-184
-483
-604
-162
258
329
521
844
1071
1198
1477
1752
1783
1952
2128
1944
1793
1856
1865
1838
1689
1323
583
163
469
444
-212
-732
-1040
-1746
-2573
-2315
-1803
-2602
-3378
-3068
-2940
-3128
-2688
-2176
-2812
-3442
-2350
-1109
-1241
-1284
-737
-647
-531
600
1502
1097
883
1563
1924
1900
2143
2250
1793
1305
1347
1434
1143
711
244
-121
-311
-510
-513
-538
-835
-974
-800
-574
-440
-133
441
705
776
1168
1660
2052
2320
2445
2459
2577
2822
2990
2864
2637
2145
1324
1121
1387
912
-13
-531
-1338
-2593
-2648
-1988
-3062
-4564
-4161
-3640
-4256
-4158
-3236
-3661
-4517
-3114
-1379
-1872
-1991
-457
-6
-289
1026
2370
1886
1723
2768
2952
2432
2766
3113
2365
1549
1529
1381
849
547
48
-705
-999
-1084
-1337
-1351
-1420
-1692
-1500
-1025
-807
-641
-71
648
953
1122
1590
2078
2500
2888
2924
2721
2747
3119
3326
3164
2714
2179
1653
1286
1299
1063
145
-508
-717
-903
-1346
-2568
-3492
-3312
-3282
-3610
-3786
-4073
-4103
-3738
-3262
-3092
-3426
-3064
-1729
-1161
-1305
-760
-87
212
1042
1943
1799
1645
2399
2933
2556
2192
2317
2181
1594
1345
1134
408
-156
-237
-489
-1205
-1602
-1487
-1366
-1492
-1545
-1403
-1028
-564
-114
433
882
1247
1832
2435
2714
2908
3201
3477
3588
3521
3477
3496
2926
2042
1814
1727
986
307
-82
-670
-1117
-1587
-2897
-4126
-4038
-3441
-3635
-4480
-4795
-4520
-4176
-3435
-2988
-3593
-3508
-2061
-1048
-847
-485
106
610
1357
2197
2434
2490
2970
3283
2963
2751
2945
2730
2168
1755
1116
408
211
85
-630
-1563
-1994
-1887
-1666
-1652
-1812
-1986
-1857
-1148
-221
255
338
736
1538
2371
2930
3164
3331
3595
3929
4330
4235
3299
2636
2906
2754
1741
1002
542
-17
-480
-825
-2031
-4080
-4678
-3605
-3705
-4985
-5522
-5444
-5251
-4516
-3553
-3891
-4518
-3268
-1496
-1044
-816
-97
462
1079
2186
2985
2988
3258
3781
3738
3537
3550
3399
2937
2154
1294
682
658
706
-240
-1479
-1911
-1899
-1806
-1538
-1738
-2546
-2586
-1367
-532
-405
-115
277
932
1925
2722
3016
3123
3596
4294
4292
3553
3213
3535
3393
2529
1787
1268
837
402
-34
-995
-3129
-4358
-3472
-3349
-4729
-5485
-5496
-5513
-5126
-4247
-4150
-4925
-4476
-2635
-1699
-1680
-861
111
459
1235
2426
2894
3173
3623
3761
3790
3708
3831
3868
3155
2336
1741
1243
1005
508
-350
-1138
-1860
-1879
-1252
-1521
-2320
-2295
-1664
-1112
-583
-93
78
550
1744
2630
2753
2981
3587
4208
4222
3659
3200
3250
3394
2879
1882
1124
790
476
99
-706
-2547
-4105
-3866
-3516
-4410
-5210
-5532
-5784
-5449
-4567
-4155
-4769
-4968
-3581
-2436
-2166
-1384
-603
-416
272
1445
2210
2614
2997
3312
3431
3463
3744
3945
3461
2769
2265
1754
1509
1256
492
-311
-970
-1168
-733
-848
-1524
-1661
-1336
-940
-491
118
595
912
1605
2405
2783
3180
3899
4552
4231
3177
3156
3823
3627
2769
1925
1175
751
789
639
-807
-2914
-4039
-3865
-3618
-4392
-5367
-5845
-6038
-5576
-4888
-4666
-4854
-4877
-3851
-2593
-2074
-1371
-505
14
519
1431
2479
3020
3167
3496
3627
3324
3475
3821
3411
2459
1774
1363
1046
672
215
-345
-1220
-1807
-1539
-1338
-1676
-1851
-1593
-1295
-842
-70
621
1125
1687
2436
3098
3573
4237
4903
4561
3671
3683
4164
3896
3205
2396
1360
864
999
508
-882
-2586
-3982
-4354
-4011
-4348
-5549
-6288
-6072
-5615
-5310
-4848
-4653
-4782
-4134
-2653
-1844
-1576
-689
253
475
1108
2381
2904
2849
3176
3400
3058
3112
3527
3194
2153
1362
1126
1166
609
-254
-453
-713
-1424
-1472
-1081
-1415
-1607
-905
-452
-525
96
1331
2046
2087
2546
3367
3838
4622
5406
4391
3145
4007
4687
3770
2843
2152
1349
1122
1016
212
-1403
-3263
-3977
-3690
-4016
-4976
-5774
-6139
-5834
-5346
-4966
-4761
-5054
-4757
-3317
-2183
-1848
-1188
-346
237
959
1986
2698
2944
3088
3424
3455
3203
3361
3383
2520
1508
985
922
930
124
-1108
-1702
-1813
-1885
-1823
-2058
-2534
-2310
-1428
-738
-523
-106
915
1937
2503
3055
3810
4451
4999
4820
3879
3914
4716
4405
3425
2685
1997
1614
1443
829
-731
-2733
-3681
-3624
-3984
-4674
-5289
-6064
-6308
-5760
-4957
-4473
-4753
-4855
-3743
-2431
-1635
-685
22
117
860
2317
3259
3391
3402
3757
3805
3411
3513
3615
2624
1632
1098
690
854
561
-872
-1828
-1906
-1907
-1890
-2037
-2451
-2576
-1776
-544
-205
-340
443
1606
2439
3115
3705
3957
4292
4903
4687
3852
3778
4146
3707
2669
1938
1410
757
505
-107
-2289
-4225
-4158
-3665
-4401
-5599
-6116
-6177
-6017
-5062
-4511
-5250
-5237
-3593
-2322
-2196
-1422
-130
155
605
2057
2843
2910
3478
4031
3744
3310
3698
3848
2957
2034
1550
1392
1325
600
-447
-1015
-1241
-1492
-1619
-1834
-2452
-2384
-1253
-744
-970
-560
570
1517
2147
2833
3280
3453
4359
5157
4170
3308
3993
4279
3357
2458
1864
1425
1050
616
-329
-2496
-4220
-3769
-3217
-4330
-5654
-6073
-5814
-5479
-4803
-4311
-4825
-4744
-3260
-2006
-1636
-898
75
447
1037
2243
3036
3435
3734
3674
3432
3359
3569
3331
2206
1531
1421
985
452
-148
-934
-1527
-1588
-1845
-2480
-2528
-1991
-1724
-1621
-1373
-924
-145
953
2019
2448
2613
3219
4171
4907
4812
3916
3515
3825
3855
3393
2508
1534
770
371
457
-707
-3506
-4594
-3579
-3760
-5096
-5695
-5935
-6120
-5469
-4290
-4240
-5042
-4314
-2457
-1633
-1384
-403
479
692
1576
2998
3490
3520
3823
4034
3792
3513
3633
3195
2087
1873
1861
914
63
-296
-675
-1230
-1761
-2023
-2315
-2392
-1694
-1323
-1626
-1343
-488
329
1319
2151
2518
2823
3518
4496
5016
4301
3473
3864
4160
3480
2727
2069
1304
698
267
-488
-2672
-4386
-3671
-3471
-5212
-6048
-5785
-5870
-5814
-4986
-4655
-5290
-4728
-2761
-1954
-2076
-1020
255
633
1178
2411
3073
3222
3756
4132
3815
3503
3566
3288
2428
2154
2043
1007
361
130
-636
-1102
-1396
-1916
-2247
-2242
-1713
-1408
-1549
-1209
-645
-68
1000
2041
2450
2692
3348
4167
4790
4741
3761
3462
4029
3712
2980
2470
1640
707
339
243
-1513
-4294
-4363
-3222
-4395
-5868
-5865
-5967
-6179
-5212
-4236
-4920
-5413
-3656
-1764
-1674
-1449
-105
595
921
2148
3124
3254
3492
3896
4052
3793
3405
3217
2898
2414
1732
900
558
111
-682
-998
-1477
-2312
-2339
-1869
-1810
-1897
-1730
-1208
-565
-51
708
1659
2246
2767
3420
3900
4446
4701
4049
3666
4057
3805
2939
2328
1733
971
558
100
-1565
-3805
-4199
-3169
-3808
-5680
-6108
-5754
-5701
-4984
-4301
-4845
-5166
-3696
-1655
-1233
-1376
-251
798
1208
2221
3318
3443
3406
3886
4085
3703
3285
3032
2882
2361
1424
756
480
-21
-713
-1176
-1672
-2178
-2160
-1800
-1670
-1861
-1670
-870
-368
-51
862
1704
2048
2775
3501
3765
4214
4464
3749
3275
3774
3763
2693
1842
1520
914
337
-10
-1655
-4191
-4345
-3145
-4148
-5744
-5839
-5745
-5783
-4930
-3970
-4628
-5082
-3226
-1478
-1489
-1041
333
937
1203
2288
3165
3304
3640
4061
3840
3290
3065
3133
2793
2110
1307
464
282
71
-787
-1496
-1913
-2238
-2178
-1773
-1571
-1796
-1573
-742
-253
409
1346
1812
2322
3060
3579
3977
4376
4316
3617
3217
3511
3334
2317
1508
1020
278
-148
-385
-2346
-4682
-4413
-3545
-4606
-5898
-6101
-5864
-5530
-4648
-3925
-4615
-4664
-2532
-968
-1015
-532
661
1443
2076
2979
3431
3539
4030
4395
3995
3378
3190
3219
2852
2100
1119
389
348
-6
-853
-1385
-2008
-2408
-2003
-1707
-1777
-1690
-1252
-677
-114
608
1368
1937
2529
3191
3575
3881
4530
4543
3460
3111
3536
2974
2090
1527
607
-70
-338
-967
-2706
-4797
-4781
-3852
-4758
-5930
-6029
-6118
-5701
-4382
-3863
-4442
-4352
-2675
-968
-613
-233
800
1435
2008
3148
3778
3728
3916
4171
4008
3439
2994
3132
2864
1685
921
667
145
-328
-744
-1506
-2239
-2299
-1799
-1568
-1801
-1737
-1225
-574
177
966
1529
1994
2789
3510
3868
4318
4668
4178
3404
3448
3579
2826
1898
1135
481
-33
-611
-1393
-3296
-5300
-4707
-3859
-5287
-6403
-6317
-6097
-5468
-4547
-4256
-4590
-3990
-2101
-781
-677
-149
1068
1748
2479
3506
3718
4056
4618
4338
3891
3600
3412
3476
2869
1534
613
343
341
-187
-1211
-2059
-2503
-2231
-1724
-1796
-2086
-2026
-1460
-565
316
1017
1439
1978
2946
3562
3967
4603
4599
3703
3423
3981
3760
2632
1829
1145
389
23
-372
-2001
-4513
-5098
-4147
-4716
-5988
-6318
-6592
-6496
-5452
-4485
-4593
-4951
-3631
-1628
-980
-531
674
1467
1965
3043
3925
4073
4363
4828
4646
4013
3759
4039
3677
2541
1615
948
581
297
-478
-1460
-2256
-2511
-2111
-1901
-2092
-2182
-1994
-1292
-416
234
879
1600
2387
3188
3888
4416
4555
4033
3608
4147
4315
3334
2411
1696
1035
834
626
-836
-3558
-4878
-3844
-3724
-5243
-6254
-6695
-6887
-5950
-4553
-4770
-5738
-4762
-2572
-1702
-1470
-316
609
952
2127
3381
3603
3863
4589
4685
3946
3450
3963
4127
2935
1809
1262
759
506
83
-965
-2038
-2405
-2038
-1793
-2050
-2184
-1961
-1513
-699
146
637
1214
2074
2845
3483
4177
4691
4269
3552
3912
4414
3680
2815
2324
1397
783
901
186
-2432
-4525
-3860
-3323
-4839
-5853
-5959
-6593
-6277
-4753
-4604
-5697
-5143
-3050
-1914
-1755
-765
385
726
1671
3108
3486
3573
4093
4407
4228
3844
3692
3742
3203
2165
1428
1074
707
33
-697
-1363
-1948
-2195
-1900
-1750
-2101
-2003
-1335
-767
-96
575
1114
1807
2505
3254
4093
4442
3943
3411
3668
3993
3560
2781
1956
1088
705
818
154
-2434
-4469
-3876
-3343
-4361
-5508
-6150
-6346
-5879
-4808
-4360
-5226
-5121
-3206
-1843
-1574
-922
127
890
1618
2637
3331
3533
3803
4238
4224
3621
3568
3852
3191
2075
1389
1121
951
95
-903
-1343
-1816
-2002
-1672
-1826
-2172
-1983
-1371
-568
-95
319
1136
1893
2401
3121
3966
4216
3762
3433
3782
4003
3559
2874
2201
1524
1131
955
-129
-2436
-3895
-3475
-3345
-4424
-5358
-5840
-6027
-5518
-4697
-4480
-5001
-4740
-3069
-1896
-1671
-812
237
730
1537
2606
3216
3491
3758
4000
3805
3499
3755
3675
2711
1848
1325
924
732
59
-1091
-1856
-2123
-2070
-1866
-1940
-2230
-2288
-1750
-814
-82
267
706
1368
2032
2768
3603
3877
3248
2933
3694
3943
3048
2302
2063
1595
992
747
-486
-2944
-3767
-2762
-3040
-4693
-5655
-5511
-5172
-4827
-4292
-4347
-4849
-4097
-2134
-1140
-1265
-702
652
1454
2068
2895
3519
3684
3706
4035
4100
3665
3631
3597
2687
1676
1242
1160
677
-303
-986
-1360
-1750
-1784
-1668
-1821
-2068
-1817
-1145
-635
-179
388
994
1569
2091
2642
3200
3271
2850
2764
3303
3194
2213
1714
1446
851
505
-41
-1948
-3892
-3594
-2787
-3937
-5405
-5526
-5242
-5008
-4199
-3702
-4454
-4353
-2346
-1049
-1216
-702
531
1243
1888
2876
3338
3398
3690
4085
3899
3390
3480
3589
2832
1884
1266
858
623
74
-891
-1512
-1800
-1915
-1587
-1628
-2123
-2115
-1365
-639
-243
158
837
1370
1878
2705
3179
3113
2773
2444
2807
3247
2579
1700
1258
852
642
300
-1103
-3337
-4121
-3274
-3477
-4661
-5237
-5537
-5491
-4438
-3412
-3785
-4201
-2929
-1445
-896
-251
654
1115
1728
2865
3627
3705
3981
4153
3835
3711
3695
3467
3023
2204
1345
825
597
36
-871
-1472
-1889
-2127
-1959
-1743
-1878
-2143
-1774
-1112
-789
-73
754
1053
1430
2210
2875
3300
3116
2423
2357
2903
2850
2062
1226
717
507
468
-227
-2451
-4288
-3790
-3280
-4284
-5095
-5275
-5601
-5221
-3769
-3307
-4052
-3518
-1713
-846
-548
494
1456
1775
2483
3563
3920
4064
4518
4548
4042
3696
3907
3856
2884
1837
1312
857
406
-48
-851
-1810
-2199
-2052
-1737
-1755
-2129
-2032
-1463
-959
-273
331
658
1190
1772
2392
2965
2940
2414
2129
2257
2314
1862
1192
688
220
-203
-353
-1478
-3991
-4738
-3643
-4026
-5019
-5241
-5630
-5626
-4556
-3352
-3311
-3857
-2730
-857
-260
401
1433
1751
2253
3461
4083
4285
4665
4650
4357
4186
4067
3961
3464
2551
1717
994
771
497
-568
-1329
-1760
-2165
-1909
-1620
-1834
-2047
-1878
-1098
-364
24
652
1042
1476
2354
2756
2805
2688
2057
1938
2286
1745
906
607
276
-226
-588
-1530
-3550
-4826
-4229
-3786
-4894
-5812
-5762
-5710
-5054
-3584
-3452
-4213
-3245
-1100
-49
128
948
1924
2414
3292
4353
4429
4355
4835
4982
4425
4032
4163
3878
2898
2027
1403
982
595
-93
-861
-1679
-2051
-1609
-1366
-1816
-1978
-1559
-959
-464
64
637
1042
1581
2320
2787
2794
2606
2256
2089
2239
1812
918
476
195
-431
-871
-1499
-3371
-4977
-4594
-4270
-5247
-5911
-6031
-6145
-5594
-4225
-3735
-4251
-3436
-1582
-746
-298
852
1800
2302
3272
4143
4326
4672
5222
5164
4667
4356
4499
4331
3334
2451
1813
1233
876
273
-575
-1319
-1746
-1456
-1225
-1711
-1878
-1245
-664
-297
217
720
1107
1877
2709
2929
2904
2854
2545
2412
2594
2146
1068
329
145
-203
-816
-1454
-3004
-5176
-5422
-4474
-5164
-6257
-6440
-6634
-6365
-5112
-4086
-4229
-4292
-2790
-1074
-502
329
1581
2110
2755
3868
4420
4662
5080
5261
4954
4445
4407
4533
3882
2967
2212
1506
1048
470
-203
-812
-1511
-1696
-1294
-1296
-1444
-1201
-824
-444
182
990
1443
1805
2575
3174
3239
3055
2832
2652
2629
2511
1585
593
313
-16
-635
-1234
-2613
-4747
-5415
-4665
-4997
-6254
-6632
-6642
-6699
-5722
-4496
-4516
-4759
-3375
-1570
-899
-177
1172
1895
2338
3472
4320
4521
4795
5145
5130
4606
4405
4618
4138
3110
2326
1641
1107
749
84
-803
-1477
-1650
-1399
-1268
-1455
-1463
-1026
-457
50
610
1139
1715
2480
3033
3246
3229
2836
2469
2765
2908
1922
865
494
180
-297
-700
-1957
-4492
-5659
-4355
-4204
-6081
-6764
-6425
-6628
-6057
-4372
-4164
-5097
-4010
-1573
-933
-946
545
1865
1905
2743
4126
4356
4424
5063
5153
4451
4094
4515
4415
3231
2315
1894
1357
772
249
-405
-1201
-1597
-1365
-1178
-1359
-1399
-853
-346
-73
595
1248
1702
2450
3133
3392
3388
3038
2692
2926
3001
2236
1360
767
341
8
-602
-1783
-3806
-5350
-4788
-4393
-5619
-6411
-6772
-6930
-6118
-5002
-4719
-4922
-4310
-2741
-1449
-751
141
1072
1785
2738
3629
4037
4514
4905
4817
4774
4619
4341
4223
3706
2825
2047
1529
1230
506
-440
-833
-1069
-1327
-1376
-1273
-1182
-968
-422
2
280
907
1737
2517
2932
3042
3283
3135
2718
3035
3172
2258
1300
1005
715
40
-515
-1397
-3516
-5134
-4673
-4199
-5467
-6523
-6526
-6778
-6436
-5066
-4699
-5114
-4403
-2822
-1696
-1129
-189
951
1616
2417
3408
3868
4168
4701
4943
4594
4133
4166
4326
3824
2826
2048
1595
1124
615
-18
-758
-1194
-1187
-1137
-1248
-1299
-932
-447
-123
344
789
1395
2323
2918
3031
3161
2962
2633
3036
3290
2411
1349
911
827
486
-225
-1019
-2895
-5051
-4701
-3802
-4989
-6176
-6415
-6613
-6323
-5221
-4358
-4786
-4925
-3150
-1593
-1294
-398
819
1223
1832
3115
3745
3791
4248
4649
4460
4078
4014
4077
3652
2991
2287
1660
1275
691
-2
-401
-831
-1291
-1293
-1058
-1044
-996
-469
-158
-139
505
1422
1935
2421
2829
2959
2799
2684
2932
2928
2353
1618
972
809
609
-15
-669
-2307
-4618
-4919
-3824
-4249
-5713
-6381
-6418
-6175
-5006
-3964
-4594
-5061
-3422
-1485
-886
-516
380
1143
1918
3079
3697
3707
4004
4586
4640
4226
3880
3801
3611
3014
2067
1411
1196
607
-106
-660
-1157
-1340
-1331
-1331
-1282
-1301
-802
-160
-99
286
1017
1683
2399
2790
2903
2933
2724
2652
2911
2715
1839
1114
910
806
172
-690
-1713
-3545
-4865
-4251
-3778
-5035
-6275
-6266
-5791
-5511
-4801
-4025
-4246
-4110
-2275
-746
-614
-55
1265
2139
2525
3267
4141
4253
4156
4645
4519
3757
3772
4016
3331
2063
1361
1320
827
31
-548
-1177
-1423
-1265
-1204
-1366
-1471
-1083
-460
-27
224
605
1291
2204
2757
2873
2819
2500
2512
3072
2910
1979
1329
808
429
256
-199
-1258
-3346
-5049
-4478
-3875
-4849
-5847
-6414
-6390
-5562
-4632
-4147
-4425
-4310
-2569
-951
-634
59
1139
1873
2705
3606
4067
4333
4595
5064
4966
4071
4025
4460
3775
2777
2019
1184
796
607
-65
-1055
-1485
-1377
-1346
-1421
-1384
-1189
-949
-473
139
479
915
1796
2443
2558
2733
2773
2433
2527
2813
2299
1351
782
569
223
-459
-1015
-2434
-4670
-4977
-4131
-4821
-6021
-6287
-6374
-6303
-5456
-4424
-4420
-4653
-3346
-1585
-1107
-529
931
1704
2083
3158
4031
4355
4640
4959
5058
4500
4203
4629
4215
3017
2374
1877
1086
645
298
-686
-1460
-1392
-1389
-1535
-1519
-1360
-1073
-838
-373
386
808
1280
2087
2501
2702
3088
2985
2559
2669
2759
2174
1463
1051
577
13
-485
-1326
-3263
-5005
-4474
-3981
-5419
-6078
-5944
-6468
-6182
-4783
-4193
-4769
-4262
-2259
-1392
-1317
266
1613
1556
2327
3890
4224
4211
4980
5198
4519
4396
4880
4663
3654
2960
2363
1450
940
648
-238
-1159
-1493
-1620
-1662
-1641
-1688
-1532
-1161
-833
-432
205
854
1404
1923
2349
2736
2892
2575
2575
2857
2459
1671
1254
1015
556
13
-509
-2159
-4267
-4340
-3733
-4640
-5603
-5885
-6325
-6328
-5289
-4392
-4686
-4771
-3431
-2038
-1361
-414
703
1253
1900
3000
3880
4343
4617
4813
4974
4559
4369
4921
4508
3123
2319
1969
1493
869
201
-581
-1474
-1680
-1254
-1404
-1910
-1768
-1394
-1261
-840
-91
296
679
1392
1941
2327
2649
2589
2240
2413
2712
2204
1529
1239
835
360
65
-846
-2965
-4487
-3901
-3468
-4783
-5795
-5881
-6115
-5734
-4488
-4055
-4760
-4383
-2463
-1190
-972
-44
1115
1487
2243
3542
4108
4242
4670
4804
4585
4502
4731
4601
3813
2900
2198
1685
1348
827
-258
-1008
-1137
-1388
-1616
-1577
-1641
-1720
-1459
-979
-623
-328
318
1075
1347
1720
2340
2283
1845
2199
2687
2219
1502
1296
1026
501
326
16
-1954
-4189
-3878
-3043
-4105
-5149
-5448
-6021
-5953
-4756
-3828
-4517
-4980
-3270
-1649
-1419
-635
571
982
1563
2913
3817
3904
4088
4591
4673
4217
4210
4656
4267
3219
2464
2045
1718
1111
381
-321
-1096
-1354
-1159
-1213
-1589
-1782
-1424
-1021
-872
-408
188
537
1117
1701
2048
2212
2055
1874
2011
2167
1971
1510
1040
587
256
176
-746
-2836
-4110
-3495
-3315
-4463
-5089
-5439
-5919
-5240
-3974
-4041
-4794
-4020
-2199
-1491
-1146
26
679
1051
2227
3194
3439
3756
4276
4484
4285
4262
4557
4331
3525
2863
2452
2053
1434
636
-33
-348
-804
-1177
-1109
-1351
-1732
-1418
-1011
-1143
-941
-98
537
701
1130
1752
2124
2149
1772
1680
2018
2101
1667
1148
705
371
270
-46
-1640
-3785
-4140
-3079
-3318
-4830
-5484
-5444
-5481
-4639
-3501
-3982
-4685
-3358
-1386
-1085
-958
338
1128
1239
2349
3600
3597
3469
4068
4273
3892
3981
4240
3760
2844
2265
2106
1799
1099
431
-184
-654
-899
-975
-924
-1121
-1315
-1108
-843
-615
-159
394
823
1113
1475
2076
2412
1984
1655
1981
2090
1678
1278
800
405
219
97
-651
-2776
-4145
-3326
-3131
-4297
-4937
-5331
-5552
-4898
-3860
-3744
-4470
-3947
-2137
-1301
-1079
-174
600
1049
2018
2957
3252
3616
3894
3763
3651
3918
4232
3743
2890
2483
1885
1543
1652
779
-482
-723
-612
-832
-1091
-1087
-1194
-1420
-939
-375
-448
-223
585
1057
1214
1672
2181
2035
1531
1677
2119
1844
1193
850
506
-36
-105
-115
-1714
-3996
-4085
-3064
-3596
-4696
-5137
-5431
-5205
-4145
-3335
-3735
-4106
-2910
-1217
-675
-267
632
1242
1850
2766
3421
3805
3904
3846
3915
3926
4026
4069
3533
2691
2037
1739
1693
1109
3
-600
-594
-746
-1042
-1041
-1088
-1307
-1008
-580
-466
-246
303
977
1291
1425
1932
2358
1860
1402
1706
1927
1570
1049
460
43
-8
-96
-859
-2885
-4494
-3809
-3105
-4083
-5109
-5437
-5376
-4765
-3760
-3394
-3987
-3723
-1939
-731
-639
-18
1066
1565
2111
3055
3546
3720
3954
3873
3476
3469
3981
3876
2863
1905
1481
1350
1067
385
-438
-1004
-1009
-848
-1070
-1315
-1252
-1070
-899
-647
-269
235
827
1350
1546
1639
2208
2683
2147
1486
1730
1963
1539
1028
562
30
-338
-260
-1127
-3552
-4564
-3458
-3265
-4456
-5211
-5323
-5246
-4584
-3326
-3132
-3953
-3334
-1311
-372
-258
542
1365
1666
2453
3564
4041
3814
3787
3966
3690
3800
4152
3418
2375
2023
1701
1197
693
51
-647
-846
-851
-1251
-1452
-1205
-1031
-1083
-1049
-734
-299
260
974
1281
1224
1612
2369
2552
1752
1382
1986
1918
1133
737
538
98
-257
-569
-2253
-4356
-4059
-3028
-3909
-5186
-5353
-5333
-5195
-4071
-3254
-3976
-4037
-2421
-960
-530
-130
799
1447
1968
2900
3638
4031
4098
3950
3850
3772
3981
4071
3227
2239
1698
1522
1277
537
-319
-865
-985
-977
-1139
-1438
-1484
-1187
-910
-834
-518
-15
457
1122
1475
1444
1869
2425
2227
1690
1829
2082
1692
1154
817
426
-47
-168
-1123
-3373
-4231
-3132
-3224
-4469
-5095
-5414
-5356
-4362
-3312
-3628
-4205
-3200
-1386
-676
-445
375
1098
1573
2557
3396
3578
3757
3950
3788
3473
3618
4072
3544
2464
1887
1482
1242
814
-33
-650
-1130
-1298
-1018
-1306
-1699
-1483
-1186
-1091
-924
-380
325
672
979
1439
1708
2040
2417
1978
1415
1767
1923
1327
851
527
126
-126
-587
-2074
-3661
-3734
-3282
-3652
-4324
-4927
-5196
-4632
-3577
-3151
-3536
-3343
-2027
-860
-249
415
937
1415
2301
3046
3387
3753
3974
3912
3658
3457
3713
3783
3045
2291
1669
1075
949
466
-451
-851
-1022
-1193
-1157
-1266
-1224
-1020
-964
-762
-420
36
747
1208
1214
1511
1982
2254
2198
1593
1362
1683
1297
808
713
137
-400
-594
-1518
-3308
-4228
-3499
-3418
-4734
-5235
-4827
-4931
-4658
-3415
-3173
-3839
-2969
-1065
-497
-477
532
1572
1849
2277
3222
3727
3636
3787
3842
3143
3094
3829
3477
2238
1488
1148
1102
936
133
-748
-1218
-1106
-715
-906
-1281
-1129
-955
-647
-206
58
428
1015
1371
1582
1857
2366
2639
2027
1397
1538
1672
1291
788
196
-318
-424
-649
-2067
-4037
-4303
-3451
-3697
-4570
-5071
-5270
-4906
-3845
-2987
-3330
-3577
-2211
-723
-214
287
972
1470
2010
2777
3470
3713
3670
3648
3471
3111
3168
3525
3104
1822
910
939
1106
529
-264
-781
-1484
-1393
-553
-680
-1338
-1362
-895
-391
-2
445
900
1126
1504
2130
2477
2507
2251
1790
1682
1839
1591
1091
688
136
-196
-308
-1393
-3331
-3942
-3320
-3734
-4558
-4612
-4948
-5345
-4371
-3129
-3472
-3862
-2419
-1083
-1013
-219
1131
1341
1516
2713
3413
3365
3787
4200
3601
2814
3105
3739
3220
1967
1335
956
538
565
478
-698
-1989
-1584
-620
-984
-1608
-1340
-1141
-1013
-300
480
460
486
1448
2190
2099
2327
2707
2090
1476
1859
2041
1243
667
516
88
-352
-1141
-2725
-3888
-3735
-3439
-3977
-4774
-5121
-5077
-4490
-3497
-3351
-3772
-3123
-1567
-601
-148
420
1018
1670
2395
3028
3577
3677
3631
3752
3382
2821
3025
3384
2736
1336
699
832
600
230
-287
-1312
-1972
-1331
-517
-968
-1687
-1446
-947
-526
100
505
579
935
1694
2237
2436
2413
2062
1761
1821
1778
1397
1059
655
48
-149
-362
-1915
-3697
-3700
-3151
-3733
-4459
-4651
-4918
-4815
-3574
-2703
-3390
-3528
-1779
-372
-259
276
1241
1607
2061
3072
3629
3477
3602
4061
3597
2802
3073
3576
2849
1691
1151
903
625
225
-355
-969
-1455
-1553
-1078
-1099
-1570
-1378
-873
-602
-377
21
697
1142
1328
1760
2186
2406
2205
1725
1602
1704
1462
1009
550
-9
-428
-594
-1688
-3516
-3982
-3506
-3675
-4420
-4998
-5047
-4854
-4157
-3029
-3164
-3560
-2260
-679
-160
204
956
1690
2202
2859
3469
3626
3731
3981
3781
3040
2816
3329
3070
2102
1221
613
584
369
-282
-679
-1243
-1681
-1169
-923
-1325
-1348
-894
-563
-402
78
752
1115
1294
1718
2155
2410
2423
1980
1464
1568
1557
1049
761
341
-392
-649
-1140
-2846
-4134
-3663
-3286
-4353
-5048
-4666
-4628
-4583
-3422
-2872
-3508
-2808
-845
-165
-243
664
1711
2052
2511
3193
3481
3701
4017
3898
3069
2590
3148
3367
2430
1336
653
461
573
149
-608
-1249
-1690
-1409
-853
-1005
-1363
-1171
-707
-347
37
501
912
1166
1552
2125
2431
2480
2281
1754
1523
1560
1185
745
422
-253
-766
-951
-2111
-3839
-4293
-3660
-3745
-4670
-5076
-4879
-4679
-3901
-2905
-2952
-3160
-1995
-269
392
477
1213
2086
2474
3013
3727
3993
3929
4039
3603
2758
2869
3368
2898
1795
856
432
530
402
-329
-1137
-1531
-1386
-1061
-992
-1080
-1177
-1032
-452
-43
287
993
1418
1479
1773
2288
2638
2488
1882
1358
1443
1422
960
432
-163
-604
-870
-1787
-3448
-4365
-3932
-3765
-4511
-5023
-5085
-4998
-4284
-3175
-3053
-3437
-2472
-715
-36
254
1081
1699
2117
2838
3441
3651
3778
4028
3712
2830
2645
3156
2970
1937
1027
479
318
390
6
-873
-1533
-1636
-1111
-732
-1033
-1206
-975
-577
-15
417
649
1093
1634
2016
2209
2433
2695
2309
1586
1643
1686
863
569
535
-379
-948
-1315
-2791
-4136
-3946
-3613
-4368
-5141
-4979
-4733
-4597
-3617
-3005
-3433
-2815
-1001
-106
64
728
1670
2352
2906
3431
3661
3812
4150
4141
3263
2668
3112
3288
2435
1467
770
360
284
122
-543
-1412
-1660
-1224
-874
-974
-1151
-963
-539
-144
251
597
1111
1711
1950
2053
2287
2615
2554
1777
1394
1551
1079
592
409
-438
-1098
-1207
-2538
-4291
-4382
-3852
-4286
-4981
-5222
-5375
-5280
-4032
-2828
-3407
-3638
-1827
-249
104
690
1382
1861
2620
3485
3937
3868
3934
4272
3886
2750
2614
3362
3053
1741
799
452
201
21
-46
-842
-2030
-1874
-657
-439
-1117
-1148
-630
-239
300
979
1222
1379
1966
2533
2647
2715
2814
2365
1704
1579
1493
979
598
83
-731
-1386
-2382
-3806
-4281
-3996
-4325
-5042
-5436
-5388
-5116
-4344
-3512
-3601
-3705
-2329
-746
-229
295
1087
1597
2302
3310
3741
3746
4043
4379
3988
3071
2756
3194
3198
2247
1061
414
225
157
-35
-807
-1842
-1960
-1184
-666
-1106
-1345
-769
-409
-97
686
1156
1323
1823
2335
2517
2608
2877
2754
1876
1474
1663
1417
800
226
-324
-853
-1788
-3344
-4130
-3932
-4271
-4883
-5108
-5392
-5529
-4746
-3501
-3328
-3886
-2823
-923
-353
82
1124
1635
1968
3005
3918
3893
3803
4351
4486
3469
2668
3113
3429
2615
1505
783
324
52
-132
-336
-1202
-2142
-1728
-717
-890
-1471
-1067
-466
-438
20
1007
1281
1336
1901
2441
2622
2747
2837
2400
1636
1517
1587
1142
499
-285
-899
-1327
-2672
-4163
-4156
-4018
-4882
-5227
-5030
-5558
-5590
-4077
-3138
-3867
-3631
-1673
-685
-524
672
1629
1520
2293
3673
3807
3600
4294
4591
3661
2935
3166
3285
2801
2246
1324
350
19
127
30
-832
-1878
-1869
-1133
-820
-1020
-1067
-851
-586
91
839
1038
1233
1865
2421
2594
2753
2893
2407
1836
1885
1758
1066
600
192
-531
-1076
-1901
-3479
-4385
-4126
-4167
-4862
-5309
-5440
-5305
-4448
-3435
-3394
-3681
-2579
-940
-277
222
1064
1580
2189
3182
3782
3701
3916
4480
4158
3065
2891
3416
3141
2334
1670
749
-1
264
373
-763
-1829
-1662
-1215
-1097
-1117
-1106
-1136
-836
38
560
534
949
1812
2177
2231
2556
2872
2511
1873
1863
1829
1058
633
609
-222
-1063
-1377
-2697
-4270
-4190
-3835
-4620
-5418
-5482
-5284
-5045
-4185
-3389
-3742
-3561
-1744
-403
-164
475
1354
1953
2616
3492
3895
3923
4259
4450
3840
3098
3227
3395
2759
1941
1291
693
301
-58
-338
-769
-1511
-1564
-1031
-995
-1098
-748
-400
-424
-137
703
1201
1383
1890
2226
2251
2721
3117
2469
1652
1663
1558
1055
755
165
-579
-941
-1939
-3529
-4173
-3931
-4182
-4898
-5288
-5506
-5430
-4482
-3354
-3644
-4093
-2689
-983
-437
77
879
1316
1932
3043
3708
3554
3657
4237
4047
3129
2945
3291
2977
2176
1473
838
319
-29
-204
-478
-1342
-1877
-1284
-770
-1144
-1215
-799
-633
-343
444
1058
1118
1374
2138
2516
2506
2946
2948
2020
1658
1924
1583
952
526
-33
-561
-1132
-2397
-3700
-3989
-3865
-4283
-4853
-5204
-5353
-4880
-3808
-3279
-3749
-3520
-1824
-552
-224
379
1103
1617
2444
3293
3547
3582
3994
4189
3562
2969
3042
3172
2679
1860
1207
693
350
-85
-642
-858
-1259
-1690
-1344
-1084
-1379
-1087
-456
-449
-453
322
1321
1608
1554
1970
2421
2658
3015
2738
1738
1393
1632
1383
836
104
-718
-1076
-1756
-3304
-4112
-3884
-4120
-4840
-5094
-5190
-5401
-4770
-3477
-3333
-3894
-2861
-960
-322
-92
991
1683
1843
2815
3818
3857
3798
4240
4179
3292
3054
3500
3097
2087
1608
1257
572
173
-78
-988
-1720
-1223
-860
-1405
-1587
-1189
-827
-520
-95
235
313
1020
2155
2226
1901
2383
2973
2755
2173
1964
1791
1350
1141
850
-165
-890
-1203
-2414
-3798
-4085
-4009
-4341
-4892
-5350
-5413
-5045
-4117
-3327
-3564
-3450
-1997
-739
-186
472
1143
1693
2417
3232
3647
3762
3934
4124
3698
3081
3200
3237
2549
1901
1416
670
122
-23
-340
-1047
-1575
-1500
-1234
-1272
-1241
-919
-864
-662
89
665
960
1423
1862
2158
2450
2789
2847
2139
1665
2000
1760
926
717
237
-612
-942
-1973
-3626
-4183
-3916
-3936
-4578
-5464
-5492
-4957
-4300
-3425
-3372
-3690
-2607
-997
-241
252
866
1499
2279
3010
3491
3849
4055
4149
3834
3223
3196
3430
3015
2216
1456
889
704
429
-397
-1196
-1281
-982
-1037
-1313
-1324
-1082
-640
-250
-99
54
580
1572
2184
2065
2115
2671
2912
2465
1924
1829
1609
1125
844
322
-498
-888
-1653
-3343
-4327
-4034
-3950
-4630
-5203
-5423
-5460
-4787
-3477
-3259
-3943
-3070
-1138
-488
-196
791
1405
1739
2704
3597
3604
3568
4201
4280
3211
2853
3329
3042
2249
1718
1188
615
199
-278
-799
-1111
-1242
-1301
-1330
-1377
-1137
-636
-304
-275
-111
708
1647
1983
2041
2312
2682
2937
2777
2217
1818
1699
1516
1143
485
-251
-680
-1354
-2933
-4108
-3940
-3824
-4466
-5052
-5394
-5469
-4880
-3796
-3260
-3768
-3454
-1636
-409
-81
544
1247
1759
2597
3522
3788
3694
3964
4240
3687
3043
3208
3195
2461
1863
1333
701
337
-162
-950
-1229
-1082
-1315
-1501
-1439
-1277
-930
-480
-206
-226
79
1202
2044
1896
1928
2444
2728
2551
2095
1805
1661
1220
945
677
-279
-939
-1070
-2395
-4249
-4301
-3590
-4034
-5028
-5332
-5221
-5198
-4155
-2808
-3347
-3846
-2129
-458
-59
443
1279
1748
2229
3337
4067
3804
3816
4288
3855
3058
3088
3203
2698
2049
1371
767
529
158
-492
-1072
-1412
-1223
-989
-1199
-1337
-1080
-548
-121
1
250
799
1465
2099
2171
2095
2464
2650
2256
1921
1823
1327
862
784
279
-572
-1143
-2149
-3744
-4196
-3623
-3971
-4915
-5203
-5319
-5275
-4134
-3197
-3604
-3694
-2336
-946
-299
386
1061
1429
2155
3208
3566
3494
3936
4205
3678
3223
3254
3250
2986
2363
1426
800
786
503
-281
-755
-1140
-1495
-1139
-829
-1249
-1319
-612
-326
-332
199
930
1203
1405
1939
2250
2256
2547
2344
1476
1356
1587
1118
553
89
-553
-864
-1616
-3328
-4159
-3749
-3898
-4517
-4739
-5012
-5402
-4701
-3192
-2977
-3706
-2891
-1144
-479
-23
965
1376
1600
2706
3657
3621
3540
4012
4017
3279
2919
3153
3071
2476
1698
921
620
489
95
-299
-891
-1451
-1147
-712
-808
-939
-718
-288
-102
63
785
1386
1513
1848
2203
2329
2337
2095
1730
1571
1369
1008
711
196
-502
-766
-1321
-3138
-4384
-3862
-3557
-4362
-4965
-5188
-5394
-4759
-3309
-2997
-3739
-3103
-1410
-613
-117
690
1158
1542
2624
3404
3316
3559
4090
3820
3210
3075
3098
2951
2633
1899
886
572
807
398
-507
-911
-1053
-1220
-985
-652
-867
-924
-384
-1
124
523
1156
1610
1773
1943
2312
2426
2145
1669
1614
1631
1046
603
490
-114
-673
-1225
-2712
-4086
-3951
-3482
-3996
-4729
-5051
-5168
-4822
-3553
-2865
-3449
-3288
-1758
-648
-53
692
1128
1462
2434
3369
3513
3487
3862
3974
3409
3059
3005
2753
2538
2245
1235
273
314
506
-38
-822
-1101
-1162
-1175
-788
-575
-833
-755
-254
99
401
869
1351
1622
1718
2027
2346
2140
1643
1477
1343
796
430
459
-101
-961
-1286
-2279
-3987
-4151
-3306
-3984
-5018
-4783
-4696
-4963
-3910
-2630
-3131
-3490
-1754
-281
-367
311
1527
1532
1865
3230
3650
3287
3632
4024
3558
2917
2878
2989
2724
2117
1370
845
557
127
-75
-157
-904
-1536
-1079
-506
-757
-877
-273
-158
-397
423
1425
1269
1213
1927
2177
2087
2193
1920
1406
1202
1077
792
339
-198
-596
-1039
-2156
-3660
-4098
-3685
-3840
-4493
-4825
-5061
-5061
-4001
-2813
-3136
-3481
-2132
-847
-350
510
1098
1120
1845
3035
3473
3288
3552
4001
3613
3080
3061
2812
2562
2622
1836
704
520
492
106
-159
-562
-1195
-1233
-708
-445
-639
-562
-163
-170
85
1018
1372
1254
1618
1957
2053
2236
1968
1342
1153
1002
640
365
-66
-566
-971
-2015
-3537
-4189
-3739
-3647
-4422
-4942
-5022
-5091
-4296
-2955
-3028
-3587
-2625
-1039
-275
324
1012
1259
1802
2951
3535
3450
3664
3970
3788
3390
3015
2637
2727
2862
2041
942
614
607
98
-383
-409
-861
-1378
-916
-512
-815
-658
-129
-99
-171
453
1392
1657
1496
1752
2074
2082
1855
1542
1274
951
667
522
181
-538
-1018
-1666
-3088
-4144
-4011
-3718
-4101
-4903
-5189
-4850
-4468
-3652
-3018
-3205
-2855
-1482
-455
89
589
1183
1941
2514
2997
3427
3631
3825
3959
3529
2981
2766
2793
2804
2310
1170
438
576
425
-106
-461
-841
-1153
-941
-514
-639
-832
-262
128
59
483
1135
1480
1691
1843
2037
2193
2060
1610
1204
989
816
534
262
-277
-943
-1465
-2453
-3810
-4144
-3536
-3781
-4748
-4997
-4665
-4490
-3770
-2822
-2898
-3049
-1806
-261
321
545
1217
1934
2355
2967
3569
3611
3581
3797
3632
3006
2546
2529
2635
2182
1212
594
463
116
-408
-516
-634
-1167
-1232
-775
-775
-807
-326
-48
-185
57
916
1629
1589
1381
1719
2097
2070
1747
1250
885
707
485
289
-248
-1049
-1497
-2394
-3833
-4057
-3506
-3905
-4739
-4963
-4651
-4461
-3952
-3005
-3001
-3106
-1830
-516
-157
237
1145
1803
2231
2864
3332
3462
3734
4038
3771
3095
2768
2725
2651
2445
1771
974
638
342
25
-327
-877
-948
-638
-681
-817
-731
-283
184
267
402
582
931
1713
2115
1783
1659
1864
1698
1371
1224
759
171
131
44
-644
-1396
-2294
-3511
-4176
-3830
-3687
-4478
-4938
-4766
-4763
-4261
-3190
-2943
-3109
-2240
-902
-300
170
1041
1632
1898
2662
3336
3363
3552
4006
3757
3114
2953
2734
2456
2430
1949
904
429
468
61
-441
-479
-703
-1126
-808
-356
-560
-508
148
290
157
631
1398
1589
1610
1905
2017
1997
1876
1486
1100
833
489
280
36
-531
-1147
-1818
-3101
-4233
-3910
-3373
-4080
-4798
-4770
-4742
-4419
-3199
-2574
-3232
-2960
-1109
-63
2
802
1566
1693
2334
3398
3429
3129
3666
3939
3205
2739
2758
2454
2234
2203
1391
383
266
213
-232
-414
-543
-1067
-1158
-597
-442
-697
-310
164
78
371
1102
1432
1465
1689
2024
2113
1971
1717
1260
888
730
615
371
-272
-983
-1744
-2916
-3685
-3668
-3786
-4150
-4429
-4731
-4842
-4452
-3601
-3120
-3199
-2678
-1582
-818
-281
514
1062
1511
2279
2930
3093
3175
3591
3825
3378
2843
2631
2435
2368
2291
1564
685
367
146
-258
-370
-378
-817
-990
-653
-642
-684
-115
274
105
251
856
1398
1588
1747
1888
1815
1889
1962
1425
901
814
578
254
-149
-715
-1282
-2363
-3490
-3650
-3661
-4019
-4184
-4375
-4709
-4665
-3811
-2837
-2833
-2845
-1767
-633
-235
436
1333
1578
1981
2906
3279
3168
3381
3825
3582
2878
2564
2536
2455
2250
1594
944
557
-42
-312
-203
-394
-1034
-1154
-558
-552
-923
-284
286
-226
-27
1019
1284
1215
1767
2089
1841
1793
1897
1573
1013
704
602
331
-153
-610
-1140
-2119
-3403
-3876
-3535
-3777
-4452
-4459
-4442
-4827
-4310
-3020
-2862
-3260
-2292
-811
-487
-52
1200
1578
1574
2487
3233
3112
3181
3784
3721
2923
2697
2744
2382
2330
2148
1153
352
256
69
-283
-358
-706
-1198
-911
-458
-498
-453
-54
125
49
566
1193
1271
1523
1932
1982
2009
1853
1454
1132
860
566
373
104
-457
-996
-1655
-2955
-3915
-3631
-3438
-3937
-4389
-4432
-4444
-4289
-3290
-2470
-2826
-2542
-1221
-412
50
742
1334
1681
2128
2744
3203
3256
3454
3571
3214
2749
2564
2547
2455
1960
1169
773
553
92
-323
-401
-491
-826
-866
-647
-825
-782
-53
249
-48
79
732
1340
1515
1568
1777
1835
1804
1665
1205
751
560
417
252
-260
-925
-1510
-2626
-3616
-3611
-3613
-4075
-4210
-4344
-4563
-4455
-3633
-2866
-2962
-2654
-1505
-763
-343
639
1292
1481
2098
2874
3103
3077
3484
3760
3231
2827
2900
2546
2195
2386
1813
701
525
510
-25
-230
-228
-682
-988
-644
-352
-626
-464
181
192
139
798
1301
1358
1683
1983
1950
1833
1601
1252
1019
755
414
226
-230
-886
-1278
-2085
-3466
-3950
-3447
-3516
-4207
-4491
-4422
-4432
-3918
-2819
-2645
-2984
-2015
-584
-169
76
911
1501
1839
2470
3011
3046
3176
3584
3487
2818
2381
2356
2466
2267
1466
807
638
241
-162
-30
-385
-1198
-1038
-392
-576
-1036
-560
133
66
139
814
988
990
1722
2090
1819
1806
1920
1477
934
750
518
285
39
-535
-1001
-1689
-3008
-3620
-3365
-3540
-4139
-4278
-4113
-4250
-4166
-3026
-2392
-2883
-2362
-895
-299
-19
824
1460
1651
2155
2873
3143
3137
3279
3440
3121
2540
2309
2437
2388
1747
1009
784
491
-131
-199
-5
-702
-1137
-505
-364
-953
-729
170
285
-83
308
1009
1121
1353
1972
1931
1504
1619
1588
1015
632
497
353
43
-572
-986
-1655
-3116
-3839
-3497
-3430
-3933
-4415
-4320
-4196
-4112
-3284
-2546
-2739
-2570
-1155
-133
-36
492
1408
1827
2138
2775
3154
3161
3266
3490
3289
2684
2391
2620
2661
2024
1197
916
758
170
-214
-11
-299
-1010
-649
-95
-667
-869
113
490
12
232
1138
1360
1255
1792
2132
1704
1515
1563
1183
690
494
405
33
-687
-1080
-1431
-2657
-3781
-3649
-3410
-3996
-4506
-4375
-4237
-4311
-3535
-2613
-2826
-2672
-1304
-396
-268
354
1170
1546
2009
2705
2951
2923
3182
3419
3219
2729
2345
2466
2572
2066
1364
994
691
63
-232
60
-306
-1051
-726
-319
-826
-769
161
299
-174
268
1048
1052
1200
1884
2010
1544
1528
1570
1114
726
511
200
-51
-508
-911
-1303
-2728
-3985
-3593
-3267
-4067
-4428
-4172
-4417
-4507
-3423
-2481
-2906
-2832
-1185
-380
-511
499
1477
1383
1908
2892
3013
2923
3327
3688
3344
2673
2564
2842
2583
2015
1620
1143
738
412
200
160
-281
-723
-451
-217
-623
-611
165
320
-95
365
1060
1069
1235
1775
1896
1550
1461
1431
997
555
529
328
-174
-703
-985
-1446
-2809
-3941
-3732
-3417
-3983
-4390
-4236
-4379
-4524
-3559
-2554
-2799
-2749
-1329
-335
-299
351
1300
1489
1833
2748
3159
2955
3117
3671
3564
2749
2348
2709
2778
2025
1456
1305
758
123
129
224
-309
-767
-440
-260
-749
-673
202
373
-115
223
1038
1173
1253
1793
1957
1564
1449
1462
1086
578
396
370
-32
-689
-994
-1300
-2532
-3759
-3833
-3525
-3805
-4349
-4375
-4117
-4242
-3780
-2673
-2462
-2675
-1697
-394
-107
192
1137
1772
1839
2340
3078
3115
2903
3352
3490
2622
2188
2707
2645
1787
1387
1285
705
150
190
76
-483
-671
-378
-421
-830
-565
155
275
64
399
836
959
1330
1743
1744
1527
1516
1313
879
707
613
313
-153
-763
-1033
-1397
-2688
-3906
-3905
-3617
-3939
-4270
-4322
-4476
-4381
-3460
-2638
-2743
-2582
-1231
-413
-304
547
1339
1477
2101
2894
3068
3071
3289
3582
3457
2907
2624
2669
2473
2126
1720
1186
677
394
377
87
-556
-642
-283
-337
-555
-405
19
229
358
782
836
745
1342
1980
1952
1694
1444
1089
944
843
488
96
-375
-775
-879
-1393
-3010
-4222
-3724
-3383
-4187
-4452
-4110
-4483
-4440
-3077
-2499
-3197
-2664
-876
-357
-527
591
1542
1321
1814
2949
3064
2767
3226
3660
3241
2509
2383
2618
2376
1825
1500
1188
651
171
121
200
-298
-720
-332
-188
-633
-380
318
297
47
568
1193
1039
1115
1847
2036
1518
1405
1293
771
525
515
171
-340
-874
-993
-1304
-2894
-4081
-3748
-3422
-3899
-4328
-4283
-4275
-4292
-3382
-2433
-2751
-2739
-1322
-321
-189
448
1317
1565
1799
2541
3092
3062
2978
3263
3174
2507
2255
2414
2289
1845
1474
1243
809
270
149
83
-339
-444
-188
-234
-476
-332
156
439
385
552
867
1039
1307
1644
1790
1682
1533
1324
905
525
463
366
-46
-667
-981
-1391
-2586
-3569
-3569
-3582
-3852
-4030
-4129
-4152
-4102
-3463
-2620
-2681
-2613
-1494
-613
-300
298
958
1294
1714
2344
2835
2846
2827
3189
3259
2633
2294
2408
2277
1978
1662
1300
808
253
257
402
-264
-625
-257
-168
-364
-254
93
155
177
673
977
795
936
1510
1814
1654
1478
1236
736
513
575
361
-138
-563
-744
-1127
-2291
-3383
-3564
-3456
-3573
-3803
-3975
-4169
-4135
-3388
-2508
-2584
-2695
-1624
-585
-326
292
1034
1256
1639
2425
2841
2814
2886
3288
3333
2732
2277
2254
2228
2072
1762
1278
772
469
369
235
-126
-493
-429
-206
-267
-429
-175
165
174
325
686
788
908
1323
1669
1593
1379
1346
973
354
212
261
-65
-459
-806
-1304
-2235
-3387
-3787
-3358
-3389
-4119
-4359
-4105
-4110
-3791
-2681
-2430
-2986
-2191
-522
-75
-118
646
1290
1462
2130
2933
2856
2566
3018
3487
2990
2301
2375
2481
2123
1779
1558
1159
636
186
57
129
-170
-368
-138
-307
-568
-10
587
369
168
594
1060
1181
1261
1586
1715
1501
1450
1203
512
302
416
172
-297
-735
-1025
-1752
-3065
-3744
-3445
-3393
-3856
-4022
-3971
-4120
-3824
-2758
-2309
-2548
-2077
-894
-288
51
784
1227
1416
1980
2710
2943
2852
3113
3332
2807
2310
2404
2323
1939
1801
1586
1048
529
270
121
-96
-231
-214
-374
-558
-445
-125
45
45
163
372
753
1081
1191
1377
1546
1505
1404
1110
610
348
346
195
-281
-760
-1051
-1583
-2835
-3741
-3405
-3287
-3928
-4059
-3889
-4114
-3968
-2905
-2261
-2775
-2526
-861
-99
-191
525
1244
1251
1686
2774
2926
2422
2827
3502
3018
2281
2453
2500
1858
1697
1851
1200
379
152
289
140
-286
-367
-253
-464
-411
-14
128
44
168
671
953
793
984
1557
1693
1603
1578
1230
604
417
426
150
-291
-656
-917
-1556
-2839
-3624
-3427
-3377
-3726
-3946
-3982
-4001
-3743
-3012
-2477
-2609
-2286
-1083
-280
-78
493
1170
1411
1871
2558
2875
2746
2858
3314
3177
2423
2308
2578
2117
1643
1647
1371
568
115
364
211
-482
-459
-124
-434
-569
-81
97
-92
110
596
841
790
974
1383
1569
1538
1497
1206
620
376
365
163
-242
-661
-797
-1130
-2563
-3730
-3353
-2994
-3655
-4066
-3909
-3991
-3944
-3030
-2194
-2595
-2640
-1084
-96
-278
295
1213
1257
1527
2490
2906
2558
2590
3258
3123
2284
2258
2501
2066
1749
1699
1357
747
294
186
114
-134
-248
-273
-355
-389
-266
54
263
135
201
755
1006
910
1163
1550
1539
1448
1227
669
357
399
321
-169
-734
-835
-1058
-2345
-3549
-3551
-3216
-3479
-3804
-3934
-4145
-4030
-3102
-2235
-2604
-2699
-1309
-316
-273
330
1099
1156
1592
2612
2856
2438
2667
3330
3185
2538
2429
2433
2017
1842
1794
1295
686
459
635
325
-491
-425
-27
-195
-273
-132
-50
38
287
690
770
627
948
1409
1537
1584
1548
1157
640
369
273
167
-193
-669
-847
-1121
-2223
-3431
-3640
-3292
-3488
-3850
-3888
-4062
-4096
-3294
-2428
-2544
-2688
-1654
-476
-234
190
900
1084
1404
2292
2687
2518
2522
2901
3094
2610
2283
2348
2192
1867
1596
1381
1037
516
230
217
16
-314
-325
-222
-317
-336
11
193
121
210
716
1099
1025
1058
1455
1643
1542
1297
847
468
310
321
100
-526
-936
-990
-1774
-3213
-3546
-2942
-3208
-3940
-3917
-3743
-3945
-3502
-2343
-2213
-2764
-1788
-238
-141
-61
917
1306
1244
2077
2926
2653
2324
2920
3275
2714
2366
2480
2145
1702
1841
1707
887
379
519
427
-130
-348
-82
-125
-291
-164
-56
30
202
448
662
699
887
1203
1430
1548
1409
1058
676
455
286
111
-243
-648
-831
-990
-1806
-3148
-3748
-3351
-3228
-3624
-3861
-4005
-4007
-3379
-2429
-2367
-2695
-1824
-513
-217
98
842
1058
1289
2175
2649
2406
2484
2948
3025
2631
2325
2227
2040
1856
1775
1390
786
493
400
170
-79
-188
-217
-270
-323
-250
-62
158
264
307
487
812
1132
1274
1339
1497
1578
1435
1067
660
359
183
87
-311
-772
-990
-1671
-2961
-3533
-3242
-3193
-3498
-3860
-4021
-3912
-3467
-2693
-2356
-2568
-2053
-863
-276
37
613
972
1272
1858
2430
2622
2565
2763
3056
2751
2318
2402
2309
1890
1743
1568
1177
755
471
247
-136
-226
29
-35
-327
-341
-143
167
348
319
314
573
959
1239
1268
1337
1422
1259
918
465
209
223
81
-455
-935
-1041
-1550
-2837
-3623
-3383
-3095
-3568
-4043
-4045
-3950
-3572
-2623
-2215
-2753
-2346
-710
96
18
462
1098
1410
2078
2852
2755
2382
2788
3429
3057
2296
2372
2504
2036
1779
1789
1305
513
510
863
242
-451
-159
69
-268
-211
118
42
-20
487
839
547
609
1188
1414
1390
1505
1375
827
421
379
159
-277
-546
-748
-983
-1667
-2990
-3681
-3320
-3226
-3630
-3935
-4157
-4108
-3520
-2736
-2433
-2790
-2421
-987
-261
-226
394
920
1070
1738
2478
2552
2318
2567
3062
2802
2019
2097
2327
1896
1571
1506
1155
544
392
642
190
-516
-215
201
-37
-185
84
231
167
442
857
878
799
1221
1601
1451
1420
1402
910
449
398
289
3
-357
-749
-918
-1394
-2650
-3492
-3195
-2995
-3501
-3752
-3677
-3717
-3416
-2560
-2145
-2565
-2146
-644
-86
-123
596
1087
1158
1893
2644
2495
2332
2847
3163
2875
2471
2395
2239
1946
1868
1676
1303
891
369
222
387
42
-254
-178
-211
-327
-75
276
172
33
441
771
688
868
1218
1215
1120
1119
735
206
32
8
-195
-569
-1031
-1276
-1910
-3142
-3617
-3318
-3421
-3817
-3791
-3841
-4017
-3523
-2497
-2300
-2592
-1904
-687
-244
77
934
1208
1109
1956
2845
2613
2464
2938
3155
2780
2510
2496
2089
1735
1876
1703
1124
638
554
401
-89
-149
178
30
-265
-195
16
285
460
540
606
620
968
1435
1377
1222
1315
1134
736
523
303
-117
-235
-417
-832
-1170
-2132
-3410
-3565
-3047
-3270
-3833
-3967
-3920
-3856
-3249
-2351
-2491
-2753
-1594
-329
-271
-15
858
1157
1262
2121
2705
2453
2398
2955
3145
2652
2448
2411
1995
1828
1869
1499
1046
631
529
558
71
-336
-95
-26
-169
-124
28
101
180
568
825
691
762
1196
1363
1295
1327
1080
455
269
213
-214
-448
-655
-1010
-1248
-2150
-3479
-3635
-3147
-3411
-3889
-3810
-3843
-3905
-3064
-2136
-2447
-2656
-1364
-102
-218
92
1209
1369
1323
2263
2857
2397
2364
3112
3190
2473
2289
2397
1980
1614
1658
1496
907
451
569
613
130
-70
127
14
-131
28
293
396
405
613
830
788
1004
1360
1351
1278
1337
1029
475
281
149
-161
-431
-664
-1039
-1491
-2426
-3494
-3631
-3257
-3430
-3803
-3878
-3861
-3718
-2968
-2114
-2288
-2499
-1417
-204
4
240
963
1289
1447
2171
2703
2456
2347
2833
2946
2457
2129
2151
1981
1626
1388
1324
1003
403
375
421
-129
-345
-23
45
-208
-199
183
379
336
570
840
836
903
1159
1336
1193
1078
880
401
102
79
-160
-492
-779
-1063
-1694
-2811
-3437
-3299
-3221
-3537
-3631
-3641
-3917
-3569
-2507
-2172
-2433
-1913
-874
-191
132
742
1315
1429
1913
2641
2701
2521
2826
3040
2836
2493
2332
2236
1979
1613
1487
1383
832
554
662
306
-150
23
243
74
-171
-24
303
359
532
756
666
731
1094
1305
1235
1078
891
519
151
65
-109
-563
-888
-1075
-1392
-2288
-3461
-3737
-3407
-3457
-3866
-4001
-4093
-3988
-3155
-2302
-2340
-2538
-1674
-427
35
317
963
1390
1618
2228
2751
2683
2639
2938
3121
2814
2381
2281
2297
1944
1332
1206
1196
681
438
522
102
-290
-70
231
109
-147
143
592
614
639
806
841
897
1145
1423
1308
1001
823
473
-22
-204
-274
-570
-1046
-1257
-1623
-2849
-3718
-3441
-3429
-3919
-3918
-3781
-3985
-3833
-2746
-2209
-2571
-2078
-807
-382
-191
845
1420
1302
1866
2686
2715
2562
2904
3079
2787
2486
2434
2223
1960
1728
1393
1183
927
660
593
367
12
18
149
192
133
132
308
503
749
972
908
947
1213
1266
1327
1340
1038
558
206
25
-221
-578
-874
-1179
-1552
-2373
-3521
-3788
-3425
-3735
-4140
-3846
-3820
-4048
-3446
-2428
-2281
-2414
-1542
-489
-343
97
1280
1615
1450
2169
2756
2554
2697
3133
3030
2547
2421
2453
2128
1751
1553
1282
1028
797
654
458
86
-26
225
340
211
150
329
608
791
961
1006
920
1055
1388
1330
1175
1201
931
400
-95
-228
-346
-719
-1080
-1326
-1786
-2865
-3789
-3651
-3442
-3971
-4159
-3971
-4117
-4006
-2996
-2200
-2487
-2402
-1109
-190
-124
590
1503
1498
1625
2509
2842
2512
2590
2954
2877
2462
2253
2195
1890
1503
1297
1115
782
492
537
429
60
-24
153
327
285
105
318
640
762
1022
1135
1030
1142
1286
1424
1424
1019
510
224
-6
-239
-411
-667
-1170
-1580
-2007
-3124
-3839
-3527
-3461
-3947
-3976
-3798
-3919
-3656
-2602
-2060
-2343
-1765
-440
-20
63
989
1622
1569
2132
2856
2709
2568
3009
3180
2671
2414
2421
2111
1807
1635
1317
970
754
648
563
179
-52
202
332
315
211
172
368
688
978
1078
835
841
1243
1359
1275
1187
796
234
-96
-222
-508
-931
-1160
-1381
-1824
-2805
-3757
-3826
-3658
-3854
-3996
-4007
-4175
-4015
-3023
-2223
-2414
-2241
-1110
-340
-76
586
1347
1507
1788
2617
2845
2575
2733
3024
2904
2619
2453
2145
1783
1743
1512
1126
908
573
452
539
336
112
149
280
342
306
431
677
876
1079
1198
1135
1184
1307
1379
1364
1166
703
202
-210
-507
-616
-791
-1190
-1515
-1940
-3039
-3983
-3813
-3476
-3850
-4094
-3984
-4161
-3958
-2841
-2160
-2513
-2226
-844
-98
-129
640
1514
1523
1885
2720
2726
2313
2597
3107
2932
2412
2241
2118
1795
1639
1526
1200
771
583
682
584
275
89
284
503
345
316
606
792
940
1252
1288
1097
1256
1501
1430
1263
1086
540
-43
-267
-494
-831
-1157
-1409
-1640
-2397
-3584
-4039
-3714
-3657
-3862
-3927
-4064
-4086
-3472
-2397
-2070
-2425
-1650
-143
142
163
1066
1558
1579
2248
2853
2602
2425
2792
3022
2676
2156
2046
2089
1773
1369
1242
1064
602
359
648
470
-72
137
572
430
175
522
815
720
988
1433
1192
988
1429
1536
1255
1187
1039
332
-303
-410
-549
-915
-1261
-1561
-1997
-3052
-4011
-3724
-3427
-4051
-4213
-3829
-4005
-3973
-2995
-2129
-2386
-2259
-857
-3
-116
464
1514
1521
1627
2595
2789
2380
2617
2930
2740
2368
2155
2053
1751
1336
1136
1098
811
355
366
410
82
37
301
427
466
490
648
755
892
1303
1415
1190
1359
1508
1394
1389
1295
767
113
-228
-410
-692
-878
-1130
-1607
-2293
-3265
-3775
-3543
-3578
-3883
-3874
-3800
-3913
-3556
-2527
-2078
-2262
-1604
-360
14
176
1096
1752
1683
2179
2863
2726
2616
2893
2879
2648
2454
2147
1819
1653
1430
1130
1027
768
295
307
413
140
31
311
480
363
385
637
751
975
1324
1207
1065
1262
1411
1374
1172
883
336
-273
-502
-690
-1074
-1369
-1596
-2012
-2962
-3951
-3941
-3660
-4000
-4182
-3982
-4144
-4159
-3197
-2199
-2368
-2370
-1100
-100
-76
515
1455
1491
1595
2612
3025
2596
2675
2926
2829
2601
2475
2169
1649
1484
1417
1129
905
473
192
447
326
18
218
464
442
453
696
858
856
1190
1488
1328
1245
1449
1562
1429
1271
945
258
-270
-400
-625
-937
-1293
-1646
-2234
-3386
-3920
-3583
-3734
-4126
-3972
-3933
-4169
-3744
-2647
-2265
-2455
-1744
-585
-111
265
1142
1630
1618
2134
2840
2786
2694
2847
2904
2858
2576
2222
1941
1695
1421
1153
967
704
383
354
271
-31
8
311
446
359
429
640
650
962
1405
1287
1178
1383
1488
1407
1250
1042
560
-88
-390
-559
-986
-1234
-1403
-1881
-2789
-3776
-3876
-3668
-3872
-4022
-4103
-4231
-3937
-3134
-2428
-2432
-2228
-1136
-249
50
527
1164
1526
1984
2581
2761
2673
2722
2821
2976
2724
2150
2082
2071
1580
1221
1152
950
506
384
554
228
-102
260
606
390
290
695
850
825
1268
1517
1246
1218
1441
1536
1372
1127
978
374
-334
-397
-589
-1121
-1468
-1640
-2144
-3245
-4092
-3815
-3578
-4063
-4088
-3829
-4085
-3933
-2796
-2182
-2575
-2123
-709
-7
30
719
1477
1502
1896
2801
2900
2473
2593
2948
2873
2342
2079
2090
1705
1264
1250
1133
515
261
572
443
-194
-145
402
384
185
516
729
510
827
1435
1380
999
1192
1480
1358
1214
1248
856
-48
-484
-470
-782
-1128
-1280
-1610
-2455
-3521
-3774
-3285
-3489
-4069
-3823
-3640
-3931
-3431
-2285
-2119
-2419
-1426
-159
-66
122
1258
1739
1631
2353
3094
2818
2633
3029
3133
2782
2368
2357
2259
1671
1269
1359
1119
554
523
701
321
-41
319
588
352
291
546
625
566
993
1395
1015
807
1182
1251
1104
1048
858
315
-381
-582
-644
-1091
-1417
-1626
-2059
-2953
-3786
-3767
-3647
-4018
-4073
-3927
-4044
-3971
-3246
-2398
-2347
-2127
-1058
-297
-145
448
1322
1552
1702
2400
2750
2595
2594
2886
3000
2493
2033
2073
1909
1431
1312
1209
712
378
547
680
114
-134
334
491
338
491
771
701
849
1416
1500
1075
1068
1434
1461
1250
1177
986
355
-232
-321
-537
-1004
-1295
-1510
-1947
-2964
-3719
-3537
-3405
-3809
-3891
-3724
-3935
-3799
-2787
-2097
-2297
-1994
-862
-179
-52
579
1346
1500
1825
2599
2740
2389
2515
2957
2962
2420
2163
2182
1835
1556
1450
1137
679
537
703
575
122
3
307
523
440
377
487
579
842
1254
1178
865
1026
1263
1294
1095
861
652
178
-404
-538
-660
-1131
-1434
-1622
-2168
-3194
-3874
-3529
-3297
-3799
-3971
-3773
-3774
-3447
-2502
-2099
-2260
-1716
-546
86
198
734
1463
1684
1969
2594
2667
2448
2580
2897
2778
2226
1974
1963
1696
1510
1468
1030
550
527
697
542
119
49
316
445
399
339
373
507
801
1123
1001
772
917
1176
1216
1054
827
589
103
-473
-634
-739
-1147
-1336
-1352
-2173
-3325
-3589
-3187
-3219
-3644
-3618
-3534
-3745
-3283
-2185
-1873
-2109
-1455
-395
-47
115
878
1531
1545
1891
2567
2507
2152
2462
2931
2591
1974
1916
1814
1389
1348
1369
838
260
307
606
391
-3
-36
174
290
397
479
417
435
862
1238
1052
775
887
1105
1175
1052
888
690
188
-242
-386
-651
-1029
-1168
-1433
-2016
-2831
-3417
-3257
-3045
-3333
-3573
-3528
-3441
-3031
-2385
-1952
-1775
-1428
-676
63
305
739
1421
1730
1897
2285
2505
2342
2442
2849
2766
2152
1844
1984
1843
1479
1362
1111
618
546
746
487
67
77
325
433
349
228
311
523
761
836
710
545
617
880
997
755
515
504
141
-506
-688
-695
-1083
-1332
-1456
-2007
-2786
-3201
-3174
-3192
-3412
-3381
-3394
-3577
-3136
-2431
-2043
-1817
-1542
-960
-254
277
765
1205
1458
1705
2136
2401
2279
2284
2502
2636
2224
1777
1843
1796
1479
1401
1240
657
488
789
673
210
93
322
464
408
343
405
461
624
908
879
648
704
954
1113
948
638
619
389
-261
-529
-515
-863
-1201
-1372
-1758
-2287
-2825
-3046
-2939
-3002
-3200
-3168
-3037
-2914
-2592
-1945
-1440
-1453
-1143
-256
312
437
975
1590
1482
1557
2168
2330
2073
2264
2537
2139
1643
1758
1770
1299
1172
1122
659
398
490
418
230
122
95
190
238
160
235
444
460
445
515
630
647
663
830
756
520
535
411
-208
-509
-423
-652
-945
-1171
-1473
-1908
-2472
-2846
-2796
-2832
-2958
-2828
-2785
-2842
-2552
-1898
-1416
-1326
-1083
-316
228
442
956
1449
1343
1588
2229
2161
1920
2226
2429
2059
1766
1860
1710
1413
1423
1226
744
729
833
462
263
344
203
181
419
248
44
395
599
451
352
444
625
723
770
693
410
291
317
-55
-544
-615
-712
-1010
-1275
-1495
-1897
-2504
-2913
-2744
-2614
-2901
-2955
-2723
-2690
-2409
-1755
-1435
-1426
-1031
-161
327
467
928
1401
1468
1674
2183
2185
1979
2253
2392
2148
1813
1637
1642
1536
1283
992
661
580
615
456
237
15
-104
33
228
40
-134
86
266
227
261
343
375
431
584
601
328
240
364
-8
-515
-671
-813
-1032
-1210
-1373
-1728
-2459
-2959
-2671
-2521
-2799
-2840
-2585
-2582
-2403
-1678
-1144
-1273
-1062
-77
501
464
917
1524
1362
1453
2219
2319
1932
2060
2460
2209
1687
1742
1850
1496
1253
1258
865
541
707
758
420
167
157
199
312
342
239
232
297
413
525
568
555
567
673
716
547
390
415
177
-315
-611
-686
-860
-1108
-1314
-1640
-2209
-2750
-2796
-2558
-2681
-2893
-2691
-2621
-2583
-2082
-1492
-1307
-1181
-667
26
363
516
900
1161
1183
1525
1887
1803
1721
1888
1976
1688
1424
1525
1538
1239
995
913
734
667
665
462
211
84
143
346
381
160
176
322
338
415
544
604
550
565
764
713
469
518
440
-112
-507
-501
-664
-989
-1134
-1343
-1791
-2293
-2550
-2403
-2313
-2485
-2404
-2215
-2173
-1984
-1492
-1018
-864
-646
-47
345
365
760
1341
1364
1337
1741
1946
1668
1695
1989
1797
1359
1461
1597
1183
892
902
754
634
509
360
243
19
9
239
284
96
-13
105
233
201
271
390
329
260
416
423
181
223
312
-80
-572
-681
-688
-924
-1170
-1291
-1493
-1943
-2372
-2445
-2238
-2260
-2242
-2019
-2026
-2082
-1654
-1009
-765
-663
-260
215
406
679
1132
1209
1193
1545
1718
1579
1637
1825
1693
1532
1557
1452
1294
1161
1021
845
813
762
480
305
216
33
64
364
350
-10
-79
110
153
195
364
380
251
334
511
444
218
175
67
-276
-617
-657
-685
-983
-1183
-1249
-1489
-1866
-2113
-2108
-1934
-1882
-1910
-1850
-1719
-1429
-1059
-670
-404
-330
-74
472
778
753
878
1246
1367
1379
1611
1671
1446
1493
1614
1388
1126
1102
1118
820
561
582
614
421
102
31
30
-103
29
157
-17
-252
-169
133
119
-45
152
250
7
80
383
292
53
60
0
-439
-667
-545
-674
-1032
-1179
-1289
-1539
-1687
-1813
-1905
-1874
-1762
-1691
-1492
-1463
-1365
-915
-416
-286
-301
-25
399
575
770
1128
1093
989
1350
1637
1486
1384
1472
1476
1386
1238
1144
1083
936
812
733
676
393
233
339
216
5
60
245
60
-154
84
177
34
176
413
290
179
396
533
307
139
154
-57
-340
-460
-471
-714
-993
-975
-1131
-1424
-1443
-1506
-1735
-1723
-1554
-1519
-1452
-1331
-1147
-906
-609
-451
-363
-148
271
542
561
728
822
730
918
1203
1062
960
1073
1018
955
924
857
713
543
473
476
349
145
113
81
-28
0
99
6
-36
54
172
259
226
294
403
436
546
673
564
362
321
245
26
-151
-252
-427
-636
-703
-818
-1020
-1029
-1033
-1233
-1476
-1426
-1198
-1174
-1221
-1017
-820
-730
-475
-105
-116
-125
202
493
455
522
758
848
790
919
1084
903
776
923
997
795
668
585
460
274
232
242
33
-82
-27
-19
-97
-112
-30
35
1
98
260
222
225
367
465
453
458
468
315
161
68
-27
-169
-348
-441
-578
-743
-804
-842
-877
-980
-1110
-1230
-1214
-1101
-1118
-1062
-890
-796
-711
-473
-282
-224
-88
126
272
328
408
605
680
665
866
940
842
864
920
852
744
709
645
484
334
372
371
177
76
93
42
19
79
82
10
36
167
178
112
176
300
314
335
436
389
253
201
78
-83
-198
-224
-309
-483
-610
-605
-672
-753
-797
-865
-894
-963
-1010
-852
-718
-727
-641
-485
-428
-341
-124
49
40
50
255
454
483
485
532
532
600
710
720
687
597
544
532
406
240
206
235
96
-57
-97
-112
-80
18
52
2
-27
48
125
66
120
211
202
235
310
328
268
167
86
54
-29
-167
-182
-234
-403
-444
-397
-507
-658
-661
-601
-652
-722
-654
-690
-774
-608
-367
-404
-466
-281
-93
-28
-15
100
215
296
411
584
554
515
657
781
719
671
736
648
465
413
398
314
213
122
92
52
20
33
72
105
61
-18
24
73
88
171
209
123
168
275
279
205
131
61
4
-11
-71
-188
-332
-324
-268
-317
-403
-443
-499
-505
-506
-541
-561
-677
-697
-641
-583
-498
-447
-404
-373
-274
-197
-126
-45
-21
46
159
243
297
348
403
411
311
312
427
383
301
257
227
153
78
124
111
35
48
156
193
80
111
225
219
278
374
367
305
355
369
196
85
93
161
155
60
-9
-57
-7
-20
-60
-124
-199
-212
-202
-236
-340
-446
-465
-504
-549
-506
-493
-501
-465
-440
-399
-344
-210
-84
-82
20
149
199
133
192
301
258
288
384
348
271
281
318
256
195
231
221
127
144
184
154
116
140
146
98
103
152
197
201
202
140
66
8
35
13
-15
11
-50
-92
-129
-163
-169
-184
-183
-228
-273
-268
-272
-388
-397
-379
-385
-387
-358
-370
-344
-267
-254
-275
-211
-94
-7
60
101
158
166
184
304
348
316
332
343
340
331
288
236
208
154
157
174
125
127
173
140
67
78
119
94
107
136
148
144
110
123
66
43
94
87
48
84
96
21
-3
-12
-34
-61
-63
-84
-117
-180
-269
-322
-321
-313
-367
-388
-421
-420
-401
-375
-340
-337
-301
-265
-206
-118
-33
48
53
52
77
92
115
176
214
200
188
152
140
155
139
100
60
42
59
103
75
35
10
-15
-1
8
55
52
62
88
112
104
75
76
62
72
127
137
93
38
-10
-3
77
66
19
37
7
-83
-139
-175
-152
-171
-190
-208
-247
-275
-236
-111
-107
-150
-149
-65
12
67
127
130
94
152
218
204
206
236
219
183
208
175
154
118
60
80
109
64
58
34
-3
1
14
-34
-66
-14
-4
-21
8
43
42
43
32
38
22
35
35
66
57
1
25
66
71
100
90
2
-2
-52
-46
-57
-128
-196
-234
-287
-305
-300
-347
-299
-297
-314
-294
-214
-178
-149
-109
-125
-99
-68
-10
34
49
69
138
115
62
118
122
48
36
64
64
35
69
73
27
25
18
44
9
-8
12
17
-15
9
46
57
54
76
127
165
191
179
140
125
178
207
247
244
206
196
170
137
84
72
46
-46
-97
-117
-148
-145
-151
-174
-191
-154
-116
-104
-59
-46
-43
-21
-5
-15
-4
16
42
39
68
71
59
54
54
62
45
16
7
-34
-39
-25
-52
-77
-107
-119
-171
-192
-196
-194
-227
-221
-188
-168
-136
-91
-11
1
0
12
46
59
68
132
152
168
136
121
119
106
144
102
48
32
34
32
83
101
60
61
57
32
79
120
102
85
55
84
115
96
50
66
75
63
69
23
5
-15
-52
-46
-76
-155
-188
-141
-164
-202
-210
-238
-231
-243
-241
-219
-222
-247
-217
-219
-239
-161
-90
-32
-17
14
45
67
117
133
167
189
177
176
146
151
173
149
162
142
92
71
39
35
60
63
55
72
94
125
130
113
89
58
67
81
105
112
116
122
126
86
71
63
29
42
16
-32
-77
-130
-170
-161
-173
-206
-242
-251
-273
-267
-279
-291
-282
-247
-206
-192
-150
-105
-81
-43
11
4
47
55
122
168
188
160
155
174
149
71
73
133
79
29
22
50
29
34
44
17
18
58
68
72
86
88
78
85
150
137
148
138
99
95
110
106
88
101
59
69
66
-5
-63
-111
-133
-160
-147
-175
-219
-270
-234
-211
-264
-266
-195
-176
-177
-132
-122
-100
-63
-25
-35
24
80
107
145
172
175
181
203
164
159
147
99
72
14
14
21
6
-2
7
-5
-7
54
77
84
101
100
98
88
49
89
75
45
37
52
44
24
31
2
3
30
-20
-86
-158
-146
-154
-205
-253
-253
-288
-311
-336
-331
-297
-285
-238
-221
-213
-159
-84
-47
12
114
153
152
168
211
248
278
319
287
281
236
242
262
231
196
159
135
111
57
37
67
55
39
47
69
27
1
5
0
-1
-16
-11
10
44
21
55
58
3
30
22
14
15
-26
-45
-98
-103
-115
-155
-191
-230
-256
-298
-308
-310
-339
-311
-296
-293
-232
-186
-128
-104
-87
-7
31
63
128
170
177
231
254
212
238
255
175
131
156
101
69
46
17
-23
-20
54
44
11
31
66
42
47
89
102
113
116
112
136
152
111
99
111
120
136
122
79
66
66
10
-68
-105
-132
-177
-199
-247
-267
-286
-305
-316
-318
-325
-277
-231
-241
-198
-145
-130
-114
-50
-19
30
96
118
131
163
183
179
183
196
185
193
173
146
151
123
82
30
18
33
6
9
26
13
31
37
18
25
48
44
35
67
66
80
77
69
92
92
108
79
94
88
46
2
-33
-50
-77
-70
-137
-185
-187
-190
-199
-214
-210
-203
-185
-152
-111
-70
-83
-72
-46
-54
6
48
47
64
91
114
67
43
84
99
71
43
39
54
-12
-70
-56
-90
-100
-84
-80
-97
-114
-98
-90
-80
-60
-27
-13
-14
29
83
100
128
128
135
133
129
138
101
109
78
52
26
-6
-10
-25
-82
-86
-72
-81
-79
-89
-78
-97
-82
-63
-39
-3
27
81
120
136
174
179
228
278
263
282
238
222
228
215
189
166
133
88
24
-19
-57
-75
-119
-145
-138
-193
-200
-233
-254
-211
-183
-195
-205
-154
-152
-126
-101
-97
-88
-65
-20
17
10
-21
-17
-25
-36
-46
-78
-102
-72
-77
-89
-112
-121
-110
-127
-128
-125
-90
-66
-38
16
27
29
81
103
113
146
167
149
171
188
224
240
216
205
198
192
161
147
127
85
44
-9
-16
-41
-50
-77
-96
-110
-104
-60
-65
-81
-76
-48
-11
2
35
50
35
39
23
29
29
52
49
7
-7
-9
-21
-27
-49
-103
-131
-112
-115
-133
-95
-101
-86
-56
-39
-28
18
-1
0
29
79
124
136
147
151
164
165
171
162
182
165
116
118
73
37
21
-8
-47
-75
-54
-110
-132
-116
-143
-176
-162
-132
-115
-124
-133
-98
-65
-68
-41
-15
-6
-18
-24
37
45
18
12
4
-26
-19
8
-11
-59
-75
-79
-109
-139
-150
-140
-145
-158
-143
-134
-95
-41
-53
-36
-20
23
52
66
64
80
92
104
118
133
130
115
120
122
125
105
78
71
70
75
65
57
47
20
-12
-13
8
26
45
43
20
44
67
85
116
128
117
97
97
86
83
64
76
77
42
28
20
-14
-11
-17
-55
-81
-110
-91
-85
-87
-94
-56
-53
-66
-51
-37
-35
30
57
33
41
38
19
16
-2
-2
-12
-6
-10
-31
-35
-41
-42
-75
-74
-78
-87
-128
-112
-101
-100
-98
-85
-80
-98
-76
-59
-43
-42
-12
-2
-11
-5
-4
0
10
9
10
4
13
9
18
1
2
22
12
6
-19
-24
-19
2
16
-9
-26
8
45
69
72
74
74
63
59
66
76
71
80
90
68
84
99
78
98
61
47
61
47
-2
-19
-17
-24
-45
-64
-22
-27
-30
-33
-48
-65
-43
-41
-38
-24
-32
-36
-62
-55
-60
-23
-37
-51
-17
-13
-7
-46
-48
-33
-7
3
-34
-66
-53
-48
-34
-48
-45
-31
-42
-7
-3
-13
14
51
50
26
43
83
62
73
78
71
81
94
109
83
74
86
66
47
33
56
60
40
54
50
59
45
33
23
31
36
4
-23
-35
-19
-7
14
10
7
10
-10
11
33
27
-14
-36
-38
-56
-98
-87
-55
-72
-87
-80
-62
-64
-71
-66
-51
-37
-41
-31
-36
-24
-43
-27
-25
-33
12
28
25
32
38
19
33
8
9
22
25
-6
-8
-10
-26
2
10
-19
-33
-3
-4
-14
-23
5
4
-20
-29
-27
-14
-14
-2
9
4
6
4
1
-8
15
13
-7
9
1
-10
-9
13
5
-28
-36
-60
-50
-51
-45
-56
-26
-1
-13
8
48
41
41
52
42
38
36
46
26
11
36
28
32
9
-29
-7
-6
-13
2
18
18
41
39
16
37
61
55
38
15
21
29
21
18
13
22
26
7
-5
-8
-14
-8
25
15
6
10
17
-17
-41
-15
-6
-43
-83
-49
-39
-39
-49
-61
-44
-43
-44
-35
-21
-9
10
-15
-20
-7
-5
-5
3
27
21
23
37
34
25
31
41
54
50
47
38
37
57
35
28
52
43
43
71
73
52
58
69
46
12
48
27
-1
11
-6
-15
-24
-33
-14
3
-20
-24
-23
-43
-89
-93
-60
-84
-73
-77
-100
-98
-94
-88
-100
-80
-66
-38
-19
-34
-27
-7
15
16
36
63
50
64
55
61
40
9
3
-29
-48
-47
-14
-4
10
-6
2
13
30
49
25
48
87
43
40
70
71
49
32
32
6
13
0
6
-1
-13
-22
-18
-27
-40
-33
-47
-64
-56
-70
-74
-75
-105
-88
-72
-73
-71
-71
-78
-61
-53
-32
-29
-20
-23
-2
-8
-2
-13
-24
-14
-3
-2
-28
-6
-16
-19
-20
-33
-39
-11
-11
-14
-23
17
74
68
80
80
86
97
122
143
170
151
154
176
182
179
164
165
151
156
128
104
101
92
89
59
20
-5
-4
-29
1
-9
-45
-59
-77
-53
-68
-57
-79
-88
-85
-105
-92
-90
-80
-64
-57
-47
-36
-55
-71
-83
-87
-89
-87
-97
-92
-114
-80
-78
-80
-37
-34
-32
-30
-11
17
22
36
60
35
21
12
41
55
56
72
62
61
71
80
58
67
88
70
73
68
54
29
-4
9
-15
-66
-47
-59
-91
-88
-87
-80
-69
-25
-35
-30
-34
-37
-6
-4
-13
-14
-5
-33
1
-12
-19
-14
-13
19
-5
-30
-44
-19
-50
-53
-41
-44
-10
1
-5
-3
16
-10
0
44
63
59
88
102
88
108
96
116
116
96
94
80
65
40
47
52
25
9
17
28
19
-19
-11
-24
-51
-69
-99
-99
-91
-93
-110
-96
-81
-100
-97
-106
-77
-55
-44
-40
-43
-18
-4
-4
-14
-34
-33
-23
-29
-57
-45
-40
-67
-58
-71
-56
-49
-38
-31
-19
31
65
58
55
62
100
124
119
127
130
140
154
144
127
118
127
102
70
75
44
20
12
4
-8
-46
-48
-37
-51
-63
-65
-45
-28
-39
-41
-14
-19
5
0
-2
-3
4
6
10
11
-3
24
-3
10
-8
-15
-23
-22
-47
-67
-39
-37
-44
-25
-19
-33
-27
-10
-10
-11
22
16
36
42
81
91
73
100
115
126
106
75
52
65
59
27
25
11
9
4
-14
-32
-30
-11
-20
-44
-51
-67
-72
-86
-108
-94
-93
-96
-88
-79
-60
-42
-41
-53
-23
-30
-58
-40
-36
-26
-42
-59
-70
-94
-116
-106
-86
-82
-89
-82
-95
-95
-80
-68
-40
-16
2
23
29
41
72
74
87
96
122
127
134
154
157
177
145
147
132
107
107
120
101
43
43
24
23
38
-15
-22
-18
-25
-30
-16
-57
-53
-35
-58
-55
-79
-52
-24
-25
-35
-27
0
12
-11
-40
-31
-24
-28
-42
-60
-31
-36
-47
-22
-16
-35
-58
-65
-51
-37
-20
-11
-3
-9
0
13
25
44
56
68
102
118
114
140
118
104
136
155
137
95
88
77
55
67
56
23
11
-11
-4
-9
-32
-54
-47
-27
-41
-60
-50
-53
-31
-20
-28
-9
-27
-30
-45
-68
-73
-82
-85
-78
-78
-79
-81
-78
-58
-69
-74
-69
-90
-112
-117
-101
-83
-92
-80
-57
-54
-43
-34
-25
-18
0
6
28
38
35
30
6
10
18
30
51
50
45
55
64
71
47
16
10
14
21
29
17
2
25
44
41
57
65
76
86
101
85
73
106
115
115
103
102
89
67
91
98
93
97
63
43
13
-6
-24
-38
-54
-76
-94
-104
-112
-123
-94
-90
-84
-66
-68
-77
-59
-52
-41
-38
-20
12
-10
17
19
27
20
9
10
-4
-16
3
0
-20
-34
-55
-52
-55
-55
-44
-23
-20
-28
-21
-35
-21
-4
7
22
24
34
46
49
51
37
40
23
23
27
28
-4
-23
-3
-8
-17
-18
-17
-12
-30
-62
-39
-50
-38
-4
-18
10
27
2
-4
3
0
0
12
10
0
4
17
24
21
26
48
33
1
1
-6
-35
-21
-20
-15
7
-3
-7
-15
-24
14
36
36
49
62
44
35
39
9
34
30
27
5
16
16
-5
6
2
26
-4
-21
-45
-60
-47
-42
-24
-57
-85
-75
-49
-31
-41
-8
19
-21
4
46
37
18
7
57
44
-3
49
70
25
-2
68
49
8
24
27
4
-16
28
16
20
10
-6
9
-8
-6
-1
-2
-23
-4
40
46
41
27
39
-2
-24
-1
11
6
-2
4
5
13
-4
-10
10
8
-6
-38
-41
-39
-56
-58
-58
-59
-62
-78
-74
-62
-69
-51
-60
-65
-44
-25
-3
33
39
26
29
33
4
-6
-9
-2
-3
18
34
14
29
19
40
68
73
85
104
76
56
46
63
40
13
25
-2
11
-22
-22
-16
-37
-18
-15
-31
-28
-33
-45
-48
-41
-26
-35
-40
-53
-56
-58
-56
-66
-61
-40
-40
-38
-51
-13
11
-9
-29
-36
-38
-34
-62
-89
-81
-61
-62
-37
-21
-19
10
3
3
40
47
43
73
70
61
54
69
87
108
110
106
114
123
109
107
112
75
95
119
84
81
99
81
87
99
87
66
76
73
54
41
42
36
53
41
2
-13
-16
-16
-51
-43
-62
-58
-77
-79
-71
-84
-87
-83
-76
-92
-76
-84
-97
-106
-77
-89
-90
-56
-68
-69
-86
-79
-70
-62
-64
-75
-80
-60
-35
-39
-31
-6
-1
-23
-29
-16
-31
-14
-40
-39
-19
-43
-36
-38
-3
7
15
-11
-1
17
6
-11
2
14
-7
-2
-16
-16
5
13
16
25
17
23
11
0
22
25
21
15
20
14
31
33
28
47
49
43
77
72
66
73
66
70
66
63
45
58
72
92
84
57
43
44
37
50
45
23
49
49
52
48
50
26
9
1
-50
-65
-70
-97
-92
-83
-85
-77
-48
-36
-35
-15
-32
-57
-56
-32
-33
-30
-19
-3
6
13
15
26
31
35
56
61
48
14
9
17
0
7
3
-11
-31
-1
38
33
20
50
37
24
26
36
56
36
34
36
42
39
35
24
8
18
14
-20
-55
-61
-61
-74
-74
-94
-89
-87
-106
-85
-71
-73
-96
-87
-72
-70
-73
-58
-56
-36
-2
-5
6
32
40
44
48
88
95
86
83
65
54
54
49
48
38
18
11
-2
47
34
51
66
33
31
0
-11
-23
-11
-7
-2
5
21
36
41
23
15
18
22
3
-14
-20
-50
-70
-92
-89
-95
-82
-69
-83
-78
-88
-113
-124
-107
-106
-125
-123
-100
-94
-79
-59
-43
-19
-28
-13
8
7
-23
-21
-7
-18
-43
-28
-23
-25
-21
-15
11
3
28
50
66
83
82
100
94
106
126
134
120
134
142
135
152
144
156
150
154
135
117
115
99
95
74
63
57
59
55
49
26
23
17
-20
-35
-61
-70
-64
-77
-56
-43
-34
-4
-29
-46
-36
-24
3
-14
10
2
-25
-9
-13
-35
-24
11
0
-1
0
-16
-35
-56
-57
-66
-71
-86
-97
-93
-89
-78
-84
-88
-77
-64
-42
-23
-36
-26
-6
-6
-30
-24
-17
-15
3
-6
-18
-16
-26
-37
-43
-40
-37
-19
-14
-30
-33
-39
-30
-36
-8
-11
-16
6
10
26
32
36
53
48
58
60
73
90
54
65
68
57
42
11
6
9
4
7
-3
0
1
-3
6
14
2
15
4
7
2
22
25
18
21
13
-3
-7
11
-26
-28
-30
-30
-17
-2
-13
-21
-9
-33
-23
-31
-53
-31
-41
-67
-72
-32
-37
-71
-39
-28
-31
-2
21
44
50
57
85
76
89
104
111
102
92
105
95
116
101
90
73
61
63
67
73
57
44
21
-3
-1
-14
-22
-34
-16
-14
-34
-9
-8
-18
-8
3
-6
0
-15
-41
-66
-60
-53
-85
-91
-97
-101
-94
-69
-54
-41
-39
-32
-34
-57
-53
-56
-59
-51
-36
-40
-47
-27
-12
18
22
15
21
15
25
25
16
17
22
18
9
12
15
31
10
5
-4
-28
-20
-37
-39
-30
2
-5
-10
-13
-13
-22
8
15
9
21
4
30
37
33
48
53
50
67
53
41
27
29
39
16
32
14
-10
-20
-30
-44
-60
-66
-64
-64
-52
-42
-37
-20
-44
-32
-36
-38
-27
-36
-26
-18
-21
-28
-16
-12
9
-4
-20
-3
1
2
-5
-4
-11
-15
-12
-9
-17
-21
-32
-14
8
20
31
16
20
34
49
74
68
83
100
106
109
113
114
114
113
102
104
87
65
28
9
17
0
-9
-3
-24
-31
-26
-15
-2
-4
-3
-14
-15
-15
-3
-1
10
34
18
21
26
8
28
11
27
56
53
33
28
28
-17
-20
-37
-54
-65
-54
-61
-68
-59
-59
-66
-81
-73
-50
-53
-52
-29
-39
-37
-26
-20
-17
-17
18
22
28
49
27
17
2
-3
-15
-36
-45
-24
-38
-65
-44
-52
-46
-46
-56
-64
-35
-37
-43
-26
-22
-4
7
27
15
22
23
33
51
34
22
18
22
8
16
-3
2
12
-5
-15
-6
-17
-12
-9
-8
-5
-4
3
-1
14
4
-13
-7
-7
-23
-4
13
28
22
18
49
42
35
48
42
28
27
23
9
7
-1
-29
-28
-26
-26
-45
-49
-58
-56
-34
-30
-33
-49
-50
-28
-28
-18
3
10
7
20
56
64
79
71
51
54
43
19
34
32
30
21
3
4
7
0
6
24
28
37
33
51
48
52
52
20
47
29
21
56
31
25
23
38
28
9
19
0
14
7
-2
5
-6
-30
-38
-34
-54
-71
-74
-76
-81
-69
-78
-90
-69
-65
-65
-42
-22
-6
-18
-2
-9
-11
21
14
22
16
15
16
9
31
35
17
6
-4
-1
5
6
0
-19
-18
-8
-22
-13
-1
13
18
20
26
35
28
21
16
13
11
2
5
1
24
25
27
26
25
6
-9
-3
-19
-34
-31
-18
-43
-57
-32
-43
-33
-19
-19
-21
-9
-1
-3
0
6
15
25
25
9
13
29
20
-5
-6
-2
-15
-25
-23
-27
-32
-38
-42
-35
-23
-19
-29
-33
-31
-21
7
7
30
28
21
29
15
37
52
44
36
47
60
60
58
62
76
69
47
51
71
42
39
36
11
8
15
2
-19
-6
-8
-10
2
-24
-27
-21
-13
-8
5
10
7
6
14
3
-12
-3
23
15
7
36
28
22
19
2
-11
-23
-46
-42
-53
-63
-55
-63
-75
-65
-33
-61
-67
-55
-61
-40
-43
-57
-49
-54
-59
-37
-31
-43
-56
-55
-63
-78
-55
-53
-57
-42
-62
-57
-55
-48
-26
-32
-22
-4
7
24
28
36
42
50
45
59
60
70
99
96
96
87
75
60
76
106
95
78
78
52
25
40
45
34
39
30
31
23
23
15
10
2
7
6
9
15
13
41
28
29
40
32
57
74
70
61
58
43
34
35
4
20
0
-18
-16
-17
-14
-33
-30
-53
-80
-82
-79
-59
-60
-30
-36
-39
-38
-32
-35
-41
-31
-23
-11
-13
-23
-40
-22
-20
-21
-21
-16
-25
-16
-15
-23
-41
-40
-36
-40
-32
-45
-17
-21
-39
-29
-7
-20
-8
14
1
-22
-24
-19
-7
0
5
-2
-10
-22
-29
-32
-17
-26
-41
-33
-30
-24
-36
-31
-28
-32
-14
-16
-20
-5
2
8
0
-13
0
9
21
31
33
34
25
27
16
42
53
63
50
40
46
27
12
1
16
13
7
-10
-13
-16
-14
-3
-24
-6
4
-5
11
24
33
43
67
84
67
81
91
103
115
97
77
65
55
33
17
18
22
8
19
27
22
11
8
23
16
16
25
21
-3
2
5
-18
-8
-13
-20
-45
-30
-23
-29
-13
-25
-31
-39
-25
-29
-33
-22
-22
-49
-63
-42
-66
-73
-62
-51
-43
-52
-40
-30
-42
-19
-18
-2
11
15
43
39
33
41
53
42
26
52
47
26
20
27
21
4
17
6
16
4
-19
-27
-28
-21
-33
-26
-30
-29
-29
-31
-13
-8
-10
-5
-10
-4
-10
-5
-7
-13
2
-2
-5
4
9
-2
-7
-9
-17
-36
-35
-29
-41
-33
-32
-54
-44
-40
-47
-54
-59
-71
-75
-58
-79
-77
-61
-50
-52
-31
-33
-36
-40
-27
-25
-28
-6
-9
-10
4
9
3
15
49
44
33
61
69
75
74
72
76
54
55
76
83
72
79
76
55
49
57
48
41
56
55
54
16
13
23
30
41
40
48
41
47
44
34
55
32
33
41
45
39
43
42
41
43
28
22
11
9
20
22
15
14
7
-8
-5
-4
-11
-28
-12
-21
-28
-42
-59
-50
-62
-57
-67
-66
-63
-54
-78
-72
-83
-83
-72
-73
-60
-60
-40
-26
-32
-36
-31
-29
-20
-2
3
7
13
20
37
37
30
20
20
34
21
14
26
29
15
29
12
-3
-7
19
6
13
33
7
-15
-21
-2
-34
-30
-1
9
-3
-2
-7
-4
-23
-25
-27
-17
-33
-32
-22
-11
-16
-34
-40
-50
-41
-61
-60
-69
-33
-21
-33
-36
-36
-43
-42
-35
-24
-24
-27
-13
-26
-9
-7
-9
-4
5
1
-10
1
2
16
12
18
42
37
36
41
44
38
47
37
35
36
33
54
38
63
50
68
63
28
30
24
12
3
29
18
24
36
48
44
53
55
46
60
43
42
36
39
13
11
18
22
17
23
23
2
-15
-16
-9
3
19
19
16
17
26
8
10
8
-11
-17
-31
-52
-50
-30
-52
-66
-38
-25
-33
-30
-22
-22
-32
-21
-21
-28
-24
-14
-26
-20
-20
-39
-22
-31
-36
-31
-57
-60
-36
-44
-39
-16
-20
1
1
18
20
17
32
36
45
53
45
60
59
58
69
86
69
79
74
76
92
68
60
47
31
10
5
-2
-12
-26
-40
-43
-47
-44
-43
-28
-32
-27
-38
-39
-30
-48
-67
-44
-39
-46
-62
-59
-54
-67
-64
-63
-55
-51
-39
-53
-67
-56
-49
-45
-37
-28
-47
-34
-28
-21
-12
-23
-27
-26
-14
-21
-17
-5
4
0
9
12
19
27
18
28
23
10
19
37
53
42
34
44
22
22
30
37
35
41
46
38
37
28
34
38
45
48
39
45
45
45
30
36
37
18
21
21
21
4
8
9
5
5
-9
-8
3
22
16
11
20
19
21
25
12
31
26
22
31
31
30
19
39
23
26
34
33
41
30
29
11
23
30
23
9
1
3
4
-5
-14
-14
-12
-40
-52
-41
-53
-75
-66
-55
-75
-69
-69
-54
-57
-57
-66
-67
-44
-55
-58
-45
-37
-44
-49
-36
-29
-9
-4
-14
1
-8
-20
-13
-3
-1
-4
15
11
-11
-8
3
8
-7
12
5
-8
-14
-5
2
1
0
-14
-8
-19
-23
-33
-5
-7
-14
-32
-22
-37
-51
-29
-32
-12
-24
-15
-11
-25
-23
-9
-5
-1
4
16
17
20
30
23
25
37
38
45
55
34
42
62
53
54
56
58
52
56
46
51
52
54
64
63
42
41
68
52
48
38
37
35
27
13
13
10
-2
10
-10
-13
-14
-25
-25
-32
-38
-35
-12
-31
-22
-7
-4
-7
-23
-15
-12
-15
-10
7
4
-27
-29
-21
-42
-50
-29
-20
-19
-23
-13
-14
1
24
34
29
25
34
31
13
12
1
4
11
3
1
-9
5
-8
-25
-26
-7
-1
-10
0
4
3
23
10
8
17
25
17
11
7
8
12
1
0
6
2
-4
-5
-17
-28
-9
-10
-31
-26
-33
-30
-23
-19
-27
-21
-15
-27
-33
-19
-29
-31
-24
-20
-15
-35
-42
-44
-47
-50
-67
-56
-41
-50
-47
-43
-47
-38
-34
-21
-34
-29
-10
5
-6
-14
18
7
8
23
37
43
44
26
27
52
58
59
79
63
56
54
54
65
48
52
36
40
41
47
38
39
45
35
22
9
15
-6
21
6
4
2
-4
10
12
9
15
21
-6
0
-14
-27
-19
-21
-17
-11
-13
-14
-26
-11
-8
1
12
2
0
0
8
3
6
9
-4
-16
-23
-16
-27
-26
-20
-24
-10
-11
-5
-15
-21
-2
0
5
6
-4
5
15
6
10
12
13
6
21
20
15
18
11
-10
-13
-11
-17
-3
-11
-9
-1
4
-24
-31
-21
-26
-41
-51
-39
-31
-28
-33
-38
-27
-39
-38
-32
-29
-16
-1
-3
2
5
10
2
3
26
21
23
19
35
20
12
22
27
30
40
39
39
19
21
28
19
31
42
31
5
-3
2
2
-14
-5
-12
-19
-8
-18
-2
0
-15
-7
-12
-5
2
4
13
13
15
-3
-7
-7
3
-2
-5
4
-4
2
8
8
21
1
-5
0
-11
-11
-8
3
6
1
6
12
23
30
33
45
46
32
25
19
7
2
-9
0
-2
-10
-19
-27
-29
-38
-26
-22
-18
-8
-14
-14
-25
-34
-39
-48
-31
-27
-37
-33
-31
-35
-22
-27
-32
-43
-31
-36
-45
-22
-23
-21
-18
-25
-20
-2
11
4
-6
4
8
0
12
13
10
8
-3
12
19
23
20
19
10
8
25
40
36
35
36
23
27
34
42
41
47
47
42
56
43
46
47
29
36
21
24
15
19
25
16
27
6
-5
-11
-18
-26
-29
-26
-30
-21
-22
-15
-19
-37
-37
-23
-29
-34
-15
-17
-10
-6
6
1
3
6
-5
2
-3
-8
0
5
-5
11
19
16
21
27
27
25
24
20
18
4
13
4
3
2
-4
-1
-17
-18
-18
-11
-12
-9
-10
-14
-7
-10
-16
-23
-19
-14
-5
-12
-19
-17
-14
1
2
8
6
-2
-10
-13
-5
-20
-13
-4
-3
-6
-2
3
-6
3
5
1
8
7
9
16
5
6
4
9
9
-13
-14
-17
-27
-24
-28
-17
-37
-39
-22
-19
-21
-29
-24
-25
-19
-23
-15
-12
-5
4
2
-5
-4
0
-2
10
21
16
11
16
16
13
11
12
3
-3
3
0
1
-11
-11
-11
-14
-17
-10
-6
-5
-7
-6
6
1
0
5
13
8
2
14
22
18
21
24
24
35
37
34
29
34
41
36
35
41
44
50
63
61
49
43
43
51
49
44
49
41
39
25
18
33
21
20
10
12
2
-8
-10
-18
-8
-18
-22
-34
-36
-37
-39
-51
-54
-40
-38
-49
-50
-47
-48
-52
-55
-55
-53
-50
-43
-48
-47
-46
-52
-45
-49
-53
-42
-30
-39
-31
-8
-13
-9
-12
-6
-12
-3
12
7
7
14
11
8
16
10
23
18
25
25
25
36
35
38
44
52
52
48
57
65
56
49
50
42
28
26
15
2
6
0
-16
-16
-10
-24
-33
-33
-36
-40
-42
-35
-36
-35
-29
-35
-24
-30
-22
-18
-23
-23
-34
-32
-37
-31
-25
-22
-16
1
3
8
12
11
14
27
34
35
46
49
45
53
50
47
48
50
47
34
27
29
32
33
20
18
21
12
7
-2
-9
-2
0
-3
5
0
-4
-4
-5
-17
-23
-12
-17
-32
-21
-29
-23
-31
-41
-39
-41
-36
-50
-43
-33
-36
-31
-20
-12
-9
-6
5
0
-15
-2
-6
-15
-11
-9
-2
-4
7
6
6
7
3
-1
6
6
8
10
7
17
23
24
29
39
35
26
30
41
27
26
30
21
13
18
22
6
2
5
2
-8
8
6
-3
9
2
2
-1
8
-5
-7
-15
-16
-12
-1
-2
-2
0
-3
13
4
7
15
16
11
7
2
0
-9
-10
-13
-11
-5
-17
-15
-16
-10
-12
-17
-9
-6
-19
-14
-12
-13
-11
-8
-8
-26
-24
-20
-19
-20
-18
-16
-13
-19
-12
-11
-26
-21
-8
-9
-12
-9
-4
0
-5
-9
-13
-6
-7
0
-1
2
11
17
11
7
9
5
7
19
20
13
6
15
17
19
25
29
32
35
29
15
23
22
23
18
16
14
17
9
11
19
10
10
-2
-16
-17
-21
-28
-23
-25
-31
-34
-34
-28
-26
-22
-20
-8
2
2
0
-4
-5
-8
-5
-1
11
10
12
17
19
24
25
22
20
31
27
25
27
38
36
30
29
17
13
13
15
11
13
12
12
5
7
10
8
10
5
6
-4
-5
1
-2
-11
-14
-4
1
1
11
12
13
10
17
5
-2
7
-5
-13
-10
-14
-27
-32
-26
-26
-21
-24
-24
-23
-19
-22
-23
-22
-26
-18
-27
-36
-37
-34
-37
-34
-39
-37
-30
-28
-34
-36
-29
-23
-21
-20
-16
-17
-18
-16
-11
-11
-6
3
9
0
5
12
6
7
11
16
16
12
14
11
10
14
26
20
22
15
19
13
0
7
13
14
11
17
10
22
29
24
26
36
28
21
20
14
14
10
5
9
5
-6
-4
-5
-9
-6
3
1
-7
-10
-9
-4
-10
-9
-6
3
1
6
3
8
13
-1
5
-2
-3
-3
6
9
5
12
9
5
4
3
12
9
15
17
11
12
14
18
20
17
16
23
24
18
11
11
15
9
0
0
-2
-7
-5
-7
-12
-12
-17
-18
-17
-14
-9
-6
-8
-11
-8
-17
-12
-6
-5
-1
-4
-2
-1
0
-11
-7
-15
-8
-1
-7
-4
-7
0
-4
-17
-17
-12
-9
-12
-7
4
-2
-5
-1
-4
-9
-4
-6
-4
1
0
3
1
7
4
2
4
-2
4
-4
-1
-4
-1
1
1
6
-2
-1
-3
6
5
5
10
15
11
8
7
9
9
7
9
10
10
8
8
1
7
2
-2
-10
-4
-4
-8
-11
-10
-11
-12
-10
-13
-10
-16
-14
-17
-18
-13
-14
-14
-14
-14
-13
-15
-16
-14
-20
-14
-15
-19
-16
-8
-8
-8
-1
0
2
2
-8
-5
9
7
2
6
6
6
1
4
11
9
4
7
9
14
13
14
17
19
15
10
16
21
21
26
31
25
30
30
25
25
20
26
33
32
23
24
17
17
16
9
10
1
-10
-2
2
-4
-5
-2
-9
-12
-9
-3
-12
-14
-12
-16
-15
-27
-20
-21
-18
-19
-28
-26
-21
-15
-21
-17
-7
-10
-13
-11
-11
-11
-10
-15
-13
-6
-13
-8
-4
-4
-4
0
3
4
3
9
4
10
15
14
11
6
10
6
-2
-1
-1
-4
-5
-4
1
0
-4
-3
-4
-2
-6
-4
-1
0
-1
0
4
1
7
0
1
4
1
5
2
4
6
8
14
13
20
14
11
13
8
15
12
-3
1
-1
-6
-9
-11
-8
-8
-6
-10
-10
-7
-12
-7
-9
-15
-6
-1
1
-3
1
2
3
6
9
6
7
3
-4
3
-4
-6
-7
-4
-2
1
10
9
7
6
12
13
11
8
11
8
-1
4
-1
-4
-2
0
1
1
1
-3
-5
-7
-7
-9
-10
-21
-18
-18
-16
-10
-11
-10
-11
-10
-13
-8
-4
-4
-4
0
-2
-1
2
1
5
-1
2
4
4
9
9
10
0
1
4
2
3
2
6
6
5
12
11
9
8
6
7
12
11
10
9
6
7
9
13
18
19
16
22
23
21
19
21
16
18
17
16
15
16
17
12
6
-1
-4
-9
-6
-6
-6
-5
-8
-6
-10
-13
-14
-9
-15
-18
-15
-15
-16
-19
-19
-25
-24
-25
-22
-22
-20
-21
-19
-18
-22
-18
-11
-15
-16
-14
-14
-14
-14
-12
-10
-9
-10
-14
-15
-9
-7
-7
-7
-4
-3
-7
-11
-11
-10
-5
-3
0
9
17
16
15
19
16
18
23
20
17
16
8
4
10
11
9
14
18
22
24
20
24
20
16
14
12
14
18
17
15
12
8
9
8
10
11
11
10
8
6
5
1
4
2
2
2
3
0
-6
-5
-6
-6
-8
-9
-9
-12
-12
-9
-8
-12
-15
-16
-18
-17
-20
-15
-14
-17
-9
-14
-12
-14
-13
-13
-15
-11
-12
-9
-8
-6
-2
-4
-4
-3
-7
-9
-3
-3
0
1
6
6
2
1
2
0
3
6
6
11
18
14
14
16
16
15
16
