SAMPLES:	20999
BITSPERSAMPLE:	16
CHANNELS:	1
SAMPLERATE:	16000
NORMALIZED:	FALSE
-8
-19
-24
-23
-23
-19
-20
-7
-2
-4
-9
-20
-19
-26
-35
-37
-25
-27
-35
-37
-39
-38
-46
-43
-41
-34
-34
-29
-26
-24
-15
-19
-13
-10
-9
-7
-2
-2
4
6
10
22
20
27
34
37
45
54
60
55
50
51
56
49
52
50
48
53
49
46
41
36
34
32
32
31
20
13
1
-7
-6
-19
-24
-21
-28
-32
-22
-21
-24
-23
-22
-22
-24
-28
-38
-37
-30
-31
-29
-33
-36
-40
-46
-44
-48
-33
-24
-20
-19
-19
-9
-7
-2
3
13
15
10
9
4
14
11
12
21
19
20
17
18
11
14
22
20
16
14
12
8
5
8
7
6
10
13
21
29
31
33
31
38
41
42
48
41
29
20
11
8
9
3
-4
-2
-1
-2
-5
-8
1
2
1
4
-2
-10
-14
-12
-19
-24
-26
-23
-28
-23
-16
-12
-3
2
6
6
8
4
0
0
3
-2
-4
-14
-17
-16
-21
-17
-19
-15
-14
-18
-11
-9
-10
-11
-10
-8
-6
-4
-6
-6
-8
-9
-5
0
-7
0
3
2
-5
-8
-3
-4
-13
-17
-21
-16
-21
-26
-28
-35
-40
-31
-29
-27
-22
-25
-14
-11
-7
-4
0
6
11
14
17
12
14
20
16
15
11
13
14
13
17
12
14
21
17
17
14
10
15
14
10
6
3
5
7
10
7
11
5
1
3
1
8
17
20
14
14
6
8
12
14
22
20
22
18
17
13
10
5
-2
1
4
3
-2
-2
-2
3
5
7
9
4
0
-4
-3
-6
0
0
-2
2
5
4
-2
-5
-12
-14
-13
-15
-16
-13
-15
-17
-12
-15
-9
-9
-4
1
-1
4
11
9
11
14
18
26
23
25
21
19
13
9
8
6
6
6
3
4
3
-1
-11
-13
-14
-20
-25
-28
-30
-42
-38
-42
-41
-41
-42
-37
-28
-28
-33
-25
-22
-20
-14
-14
-15
-13
-6
-3
-1
-3
2
7
6
7
12
19
25
26
21
25
24
14
16
13
8
1
-2
2
2
2
5
9
6
10
9
6
7
8
6
5
7
1
-7
-11
-15
-20
-23
-16
-21
-24
-23
-24
-21
-22
-19
-22
-26
-22
-25
-23
-12
-11
-10
-3
1
7
14
20
23
28
27
22
26
28
30
31
30
26
28
26
23
22
27
29
26
33
29
37
42
38
41
42
37
37
30
23
22
16
12
7
1
-1
4
5
4
4
7
11
9
0
-3
-3
-4
-6
-3
-4
-5
-7
-7
-12
-16
-24
-27
-23
-20
-20
-23
-26
-29
-29
-29
-38
-41
-41
-48
-46
-45
-44
-37
-28
-31
-25
-15
-12
-6
-3
-3
-2
2
-1
2
5
1
4
8
9
13
14
23
23
23
25
25
31
30
26
30
32
25
27
23
22
21
21
14
19
16
10
8
1
3
-2
-7
-6
-8
-10
-7
-11
-16
-15
-17
-17
-19
-16
-12
-6
-7
-6
-14
-10
-11
-19
-21
-17
-18
-23
-27
-29
-27
-27
-23
-20
-17
-13
-10
-9
-6
-3
-2
-8
-9
-11
-13
-22
-24
-26
-31
-41
-40
-43
-41
-38
-33
-22
-18
-10
-8
1
8
13
15
20
17
20
24
25
26
26
25
25
28
28
32
35
36
42
44
49
44
46
49
46
48
42
38
37
32
33
33
39
35
34
32
25
22
19
20
13
6
3
3
2
6
6
5
1
0
0
-8
-14
-21
-18
-11
-15
-17
-22
-24
-20
-25
-22
-17
-14
-16
-15
-17
-13
-10
-8
-5
-6
-5
-4
-6
-5
-5
-3
-3
-9
-4
-6
-9
-11
-13
-11
-12
-19
-19
-21
-21
-23
-26
-31
-34
-32
-29
-31
-32
-25
-17
-17
-11
-11
-11
-8
-3
0
-4
-1
-4
0
-10
-13
-6
-7
-8
-7
-9
-16
-16
-15
-13
-14
-11
-7
-4
1
-4
-6
-6
-6
-2
-5
0
2
12
14
15
16
15
17
12
4
4
7
11
11
16
20
21
18
13
18
19
26
31
35
31
26
24
31
33
34
36
43
43
44
43
44
48
47
45
45
42
40
32
26
29
21
17
18
14
10
5
-5
-12
-15
-25
-28
-28
-27
-22
-23
-24
-27
-27
-28
-33
-33
-33
-34
-40
-48
-53
-55
-52
-51
-52
-48
-45
-42
-41
-36
-34
-33
-29
-26
-23
-17
-13
-17
-13
-10
-6
-3
3
9
7
9
11
9
9
18
18
17
17
18
19
22
28
29
28
27
26
24
26
23
25
25
22
22
22
25
25
24
24
22
22
25
23
25
25
22
22
17
16
12
1
-4
-7
-14
-17
-13
-15
-17
-16
-19
-16
-15
-17
-14
-20
-17
-13
-12
-13
-16
-15
-24
-25
-25
-23
-27
-26
-25
-24
-23
-26
-24
-25
-22
-24
-24
-25
-26
-22
-27
-25
-21
-22
-17
-13
-11
-3
4
5
9
6
2
4
8
9
10
15
17
13
17
19
16
18
19
27
25
21
25
21
20
17
17
18
18
21
21
25
28
31
37
37
42
43
40
40
37
35
37
42
40
38
33
31
27
17
13
10
8
6
0
0
0
-3
-5
-14
-12
-19
-21
-23
-29
-29
-31
-32
-33
-37
-38
-40
-35
-31
-27
-26
-24
-19
-18
-23
-21
-19
-20
-21
-21
-19
-17
-14
-21
-17
-13
-14
-11
-7
-3
1
3
4
4
5
4
4
6
5
7
6
5
0
0
1
-1
-2
-4
-7
-11
-12
-11
-7
-9
-3
-4
-7
-8
-9
-8
-12
-9
-8
-10
-4
-7
0
3
0
3
3
2
0
0
2
1
0
1
-5
-6
1
-5
-3
-4
-9
-4
-1
7
8
4
6
6
10
11
9
13
13
16
15
13
16
13
11
11
7
6
8
7
11
11
15
18
14
13
8
8
11
10
11
8
0
-2
-9
-13
-13
-14
-17
-17
-9
-7
-13
-17
-12
-14
-14
-14
-12
-10
-10
-7
-2
1
4
8
9
12
15
19
19
20
21
20
18
18
17
18
13
17
16
11
14
16
18
15
10
13
9
4
5
3
1
0
2
-1
2
3
5
0
-1
1
-3
-2
-3
-6
-9
-6
-5
-4
-2
-5
-3
1
2
2
3
6
10
6
5
5
6
5
4
2
1
-2
-2
-7
-11
-16
-17
-15
-11
-8
-8
-4
-5
-4
-8
-5
-6
-9
-9
-11
-11
-16
-15
-13
-20
-17
-13
-13
-12
-13
-12
-14
-16
-20
-12
-12
-13
-12
-15
-18
-23
-22
-19
-20
-20
-17
-13
-12
-13
-11
-9
-7
-4
-6
-5
-2
4
6
4
5
7
12
16
13
19
20
16
15
13
13
12
13
15
21
23
28
30
33
33
31
34
29
28
30
30
25
26
26
21
15
10
10
8
9
7
2
3
3
1
-1
-6
-10
-9
-13
-12
-13
-16
-17
-17
-10
-12
-16
-16
-13
-16
-19
-20
-20
-23
-22
-25
-22
-15
-16
-11
-14
-15
-10
-11
-8
-4
-5
-6
-6
-2
-2
-4
2
8
9
9
6
5
8
8
6
1
3
4
-1
-5
-12
-11
-9
-8
-3
0
1
3
1
4
4
2
4
2
3
0
0
1
1
2
2
2
5
9
13
14
13
12
12
15
17
18
23
22
22
19
17
12
13
9
8
9
4
1
-2
0
-1
1
1
1
1
-1
0
-1
2
1
-3
-5
-2
-4
-6
-10
-13
-14
-13
-19
-17
-16
-20
-23
-25
-26
-26
-27
-29
-29
-18
-18
-14
-4
-5
-5
-2
0
-3
0
-2
-2
-3
-3
-5
0
1
0
3
1
6
8
10
13
11
9
6
5
4
0
2
-1
-4
-4
-7
-5
-2
-7
-7
-2
2
1
-2
0
0
0
-1
2
4
3
1
3
-1
-4
-4
-5
-1
0
0
4
7
3
7
8
12
15
15
12
14
17
14
16
14
17
21
20
20
26
26
26
25
25
26
24
21
20
14
10
14
16
10
8
7
1
3
1
3
6
2
1
1
0
2
-1
-1
1
-2
-2
-5
-8
-13
-15
-16
-20
-21
-18
-20
-21
-22
-26
-26
-29
-27
-27
-25
-30
-34
-33
-35
-36
-36
-32
-27
-22
-21
-21
-18
-13
-13
-13
-15
-14
-13
-7
-7
-3
1
4
7
5
8
13
15
17
24
28
28
27
27
23
22
24
23
26
24
22
22
25
24
24
22
19
20
18
14
15
17
17
19
14
4
6
3
0
-1
-3
-1
-1
1
-1
-4
-3
-1
1
0
1
0
0
-5
-6
-7
-13
-14
-10
-10
-14
-14
-17
-20
-26
-24
-23
-23
-17
-20
-15
-19
-21
-21
-23
-19
-19
-18
-13
-11
-13
-13
-14
-12
-13
-12
-10
-10
-8
-7
-4
-3
2
5
4
5
9
12
11
18
18
13
14
18
16
21
22
23
26
26
28
25
27
24
23
21
20
18
14
10
8
8
9
4
2
3
3
3
1
-7
-8
-8
-9
-6
-4
-6
-7
-6
-9
-8
-7
-6
-7
-4
-7
-3
0
2
0
-1
-1
-3
-7
-6
-7
-8
-2
-1
-2
0
3
-2
-4
-8
-13
-13
-13
-10
-8
-6
-4
-5
-7
-5
-5
-3
-4
-4
-3
0
2
-1
-4
-6
-14
-13
-15
-11
-11
-10
-8
-7
-2
1
0
0
2
6
6
6
7
8
7
5
7
9
12
14
14
14
12
11
10
9
9
9
10
9
7
7
5
5
3
0
-1
-4
-4
-5
-7
-6
-9
-9
-11
-12
-16
-13
-15
-13
-6
-6
-5
-6
0
2
1
1
1
7
8
8
8
9
14
16
19
21
20
19
22
20
20
18
15
11
8
6
5
6
5
2
2
0
2
2
4
2
-2
-4
-5
-3
-3
-3
-5
-2
-7
-7
-10
-13
-14
-14
-16
-20
-19
-22
-22
-21
-19
-22
-18
-20
-19
-16
-18
-16
-15
-15
-16
-15
-9
-7
-8
-8
-8
-7
-5
-2
1
-1
4
11
10
12
15
15
15
17
18
22
23
24
22
23
26
24
23
22
23
22
21
20
19
18
17
11
10
7
4
1
-3
-3
-4
-5
-6
-7
-10
-10
-9
-10
-10
-11
-9
-8
-6
-7
-5
-5
-8
-10
-8
-10
-5
-3
-3
-3
-4
-3
-3
-2
0
1
1
3
5
6
5
4
2
-2
-3
-5
-4
-4
-4
-6
-5
-7
-10
-10
-11
-7
-7
-7
-11
-6
-4
-4
-4
-4
0
2
-1
-3
-4
-6
-5
-3
-2
-2
0
0
0
1
-3
-3
-3
-8
-9
-6
-7
-7
-8
-10
-7
-6
-5
-6
-6
-6
-3
-4
-1
2
3
4
2
-1
-1
-2
2
2
5
4
6
9
11
11
10
12
12
14
10
7
9
8
7
6
6
9
7
5
6
8
10
7
5
2
2
3
4
4
3
4
1
2
0
3
6
1
11
12
10
12
10
13
12
9
6
6
5
6
3
2
5
2
-3
-7
-5
-4
-6
-4
-3
-1
-2
-1
-2
-2
-3
-4
-4
-4
-7
-6
-7
-9
-6
-5
-3
-4
-8
-7
-6
-8
-7
-5
-6
-3
-2
0
-2
0
-1
0
-2
-3
-5
-9
-10
-9
-9
-6
-1
-1
-2
-4
-3
-2
-7
-7
-5
-6
-5
-8
-4
-6
-9
-8
-7
-5
-6
-5
-1
0
1
1
0
6
7
6
11
5
12
14
16
21
22
25
20
19
17
13
12
8
2
-1
-6
-6
-7
-9
-11
-12
-14
-15
-12
-12
-10
-5
1
1
2
5
7
8
9
8
10
7
7
4
1
1
-4
-5
-11
-11
-17
-19
-21
-21
-23
-21
-18
-16
-14
-12
-11
-11
-5
-1
2
5
4
7
10
11
10
11
9
10
7
5
3
2
4
1
-1
-1
2
2
4
6
5
10
12
12
12
14
16
15
14
15
19
20
16
18
19
19
20
16
14
13
8
5
0
1
1
2
-1
-4
-6
-6
-4
-6
-9
-13
-15
-16
-18
-21
-19
-15
-13
-10
-5
-3
-2
-2
-5
-6
-5
-7
-5
-6
-8
-6
-4
-6
-7
-5
-7
-4
-4
-4
-6
-2
0
0
6
8
11
13
14
15
14
13
16
14
19
16
13
17
11
10
8
6
7
7
5
1
-5
-4
-6
-12
-12
-17
-18
-19
-19
-19
-19
-20
-19
-16
-17
-13
-14
-14
-14
-14
-14
-10
-7
-7
-4
-6
-10
-7
-8
-8
-8
-11
-10
-11
-11
-4
-5
-7
-3
-1
0
-2
2
2
1
-1
-4
1
2
6
7
2
3
5
4
5
4
3
5
5
4
1
2
5
7
5
5
8
9
10
12
11
10
12
14
13
13
13
12
9
8
10
6
7
8
10
11
13
14
12
12
15
11
9
10
12
15
9
8
7
10
8
5
1
4
5
3
1
-1
-1
-1
-3
-2
0
1
2
1
-1
1
1
-1
-2
-1
-1
-1
2
3
1
2
-4
-2
-2
-2
0
-3
-2
-3
-4
-3
-8
-4
-8
-8
-8
-10
-7
-3
-4
-6
-8
-5
-2
-4
-1
-3
-6
-2
-5
-11
-12
-13
-16
-15
-18
-21
-14
-18
-22
-21
-18
-16
-13
-17
-15
-12
-14
-16
-15
-16
-14
-13
-18
-13
-14
-14
-13
-14
-7
-6
-6
-7
-9
-5
-1
2
1
5
7
8
5
9
13
13
12
12
12
11
18
16
21
19
22
28
30
34
28
34
34
34
30
31
24
19
20
17
19
15
16
11
13
14
12
1
3
4
1
-3
-6
-1
-1
-2
-8
-5
-3
-6
-6
-8
-4
-1
-3
-8
-5
-7
-9
-9
-9
-9
-7
-6
-11
-3
-5
-3
-1
-4
-2
-2
0
2
2
1
4
4
4
5
8
10
8
8
8
8
10
5
0
3
2
-4
-12
-17
-16
-15
-14
-19
-16
-10
-11
-13
-15
-13
-14
-12
-16
-19
-21
-18
-14
-14
-11
-12
-10
-8
-9
-3
-2
4
7
9
11
14
13
15
13
8
8
0
3
3
5
-2
-3
2
-4
-1
-3
0
-2
3
2
-19
-27
-16
-12
-26
-16
-7
-9
-13
5
26
12
14
34
31
5
18
42
23
2
21
29
-8
-14
7
3
-29
-22
-4
-25
-36
-10
-10
-25
-21
-24
-42
-63
-69
-74
-76
-85
-95
-90
-63
-48
-65
-43
3
12
-1
37
75
48
37
91
105
71
94
151
127
95
125
153
109
84
117
95
27
14
37
3
-42
-31
-12
-28
-23
2
1
-2
12
35
37
36
35
38
35
21
5
5
15
0
-7
-1
-2
-23
-30
-18
-36
-60
-73
-69
-87
-104
-99
-88
-98
-107
-75
-71
-69
-60
-41
-34
-35
-30
-18
-10
-16
1
-3
-8
-8
-14
5
19
12
13
35
34
21
33
54
48
5
14
37
19
-2
30
63
53
59
102
107
75
104
132
110
84
108
107
29
-33
-50
-91
-174
-207
-210
-249
-295
-291
-245
-249
-244
-194
-142
-128
-117
-53
0
5
34
117
152
158
189
246
266
242
255
259
217
173
148
102
28
-26
-43
-80
-138
-142
-120
-106
-105
-75
-26
7
34
56
94
103
109
116
124
140
123
117
123
118
100
98
88
61
48
70
55
23
4
-3
-31
-80
-83
-76
-77
-71
-44
-24
-19
15
50
45
44
72
77
53
40
40
-20
-96
-140
-189
-285
-360
-391
-457
-534
-523
-485
-516
-514
-424
-363
-367
-305
-162
-91
-63
70
206
244
296
442
524
516
559
631
583
510
513
480
353
251
213
125
9
-50
-86
-140
-169
-172
-182
-148
-89
-35
19
85
138
179
274
369
385
389
484
506
441
435
467
428
340
348
339
209
116
120
50
-116
-173
-238
-502
-755
-835
-961
-1217
-1331
-1261
-1319
-1430
-1291
-1053
-1003
-913
-583
-294
-234
-81
278
424
390
569
799
776
710
878
950
806
754
802
673
400
288
181
-112
-375
-493
-623
-790
-843
-769
-722
-605
-404
-178
52
265
459
612
777
920
987
1078
1180
1153
1158
1197
1223
1085
983
984
808
501
315
199
-118
-412
-499
-559
-764
-822
-670
-589
-618
-535
-351
-375
-612
-729
-824
-1046
-1349
-1435
-1428
-1565
-1646
-1395
-1070
-1067
-915
-454
-122
-139
38
392
444
360
560
750
601
504
756
888
744
791
1023
961
724
712
687
407
148
46
-83
-269
-355
-282
-234
-119
31
252
457
627
799
982
1131
1126
1110
1061
1015
846
729
757
677
545
503
559
493
360
339
291
59
-129
-241
-471
-722
-986
-1386
-1756
-1980
-2159
-2385
-2437
-2324
-2335
-2270
-1891
-1562
-1413
-1117
-554
-202
-89
283
717
846
921
1319
1570
1478
1522
1764
1702
1394
1331
1254
907
509
330
73
-366
-627
-714
-847
-1003
-970
-836
-715
-513
-293
-11
291
540
723
991
1249
1317
1404
1589
1673
1457
1450
1553
1416
1170
1145
1174
814
510
437
162
-310
-559
-697
-1034
-1488
-1795
-2028
-2395
-2649
-2782
-2828
-2869
-2859
-2697
-2351
-2009
-1748
-1270
-689
-257
-3
494
1020
1181
1299
1691
1931
1778
1792
2018
1918
1567
1515
1541
1110
681
576
305
-240
-536
-536
-778
-1052
-1020
-834
-795
-636
-263
154
402
719
1156
1387
1546
1676
1858
1870
1786
1714
1696
1639
1492
1417
1356
1173
849
658
453
77
-319
-621
-948
-1433
-1935
-2350
-2741
-3136
-3403
-3448
-3423
-3409
-3276
-2896
-2457
-2158
-1764
-1135
-595
-314
171
812
1165
1334
1759
2183
2240
2220
2478
2535
2171
1999
1912
1530
950
621
312
-238
-709
-891
-1072
-1361
-1393
-1240
-1090
-992
-715
-351
-50
275
668
1069
1340
1556
1800
2067
2140
2098
2128
2145
1991
1787
1723
1533
1106
785
634
253
-251
-534
-811
-1287
-1768
-2077
-2493
-2974
-3260
-3389
-3536
-3627
-3496
-3310
-2974
-2606
-2209
-1664
-1058
-500
-85
447
983
1298
1582
2035
2294
2299
2420
2608
2510
2195
2104
1946
1423
951
668
187
-422
-726
-927
-1256
-1483
-1381
-1271
-1186
-938
-543
-145
156
640
1105
1417
1684
1956
2189
2307
2307
2322
2386
2301
2187
2000
1757
1445
1103
760
318
-182
-612
-987
-1449
-1874
-2375
-2848
-3205
-3454
-3705
-3902
-3844
-3781
-3730
-3412
-2868
-2496
-2064
-1357
-626
-208
273
1007
1476
1681
2119
2567
2619
2571
2784
2835
2480
2231
2171
1758
1137
765
392
-134
-644
-899
-1155
-1435
-1533
-1444
-1315
-1081
-723
-311
180
661
1114
1544
1956
2207
2362
2565
2727
2685
2616
2666
2532
2165
1837
1586
1141
529
173
-184
-818
-1374
-1630
-2045
-2784
-3205
-3375
-3782
-4254
-4205
-4062
-4229
-4166
-3570
-3026
-2802
-2159
-1228
-599
-159
636
1400
1710
2019
2547
2803
2692
2723
2882
2742
2384
2195
2040
1597
1153
791
398
-114
-580
-867
-1162
-1420
-1530
-1424
-1268
-1134
-788
-252
202
625
1184
1767
2148
2403
2817
3059
3019
3022
3108
2920
2428
2161
1889
1284
657
318
-160
-847
-1348
-1605
-2113
-2870
-3258
-3511
-4002
-4470
-4491
-4494
-4645
-4519
-3891
-3348
-3060
-2324
-1331
-671
-204
593
1428
1729
2010
2611
2884
2711
2748
2957
2792
2424
2282
2226
1749
1234
966
593
-25
-529
-750
-1087
-1415
-1515
-1359
-1228
-1081
-768
-254
248
660
1246
1798
2240
2588
2991
3235
3313
3327
3321
3153
2752
2361
2019
1523
872
327
-157
-747
-1307
-1696
-2233
-2959
-3427
-3731
-4205
-4615
-4669
-4626
-4788
-4607
-4025
-3600
-3232
-2433
-1540
-916
-267
577
1319
1696
2154
2695
2876
2855
2997
3071
2830
2534
2356
2054
1517
1108
739
214
-314
-740
-1058
-1381
-1607
-1673
-1543
-1371
-1140
-698
-139
383
878
1530
2143
2609
3030
3480
3775
3863
3908
3847
3575
3089
2662
2140
1456
816
224
-440
-1126
-1635
-2172
-2875
-3529
-3930
-4344
-4883
-5130
-5112
-5169
-5182
-4738
-4133
-3724
-3095
-2093
-1169
-565
271
1264
1847
2211
2813
3282
3257
3242
3346
3225
2769
2478
2265
1754
1164
798
402
-189
-675
-1008
-1327
-1692
-1867
-1824
-1713
-1530
-1274
-796
-199
397
927
1608
2323
2822
3241
3753
4159
4151
4110
4055
3734
3130
2620
2129
1366
596
15
-568
-1317
-1916
-2445
-3155
-3783
-4257
-4724
-5156
-5308
-5371
-5418
-5168
-4607
-4078
-3504
-2535
-1547
-756
115
1162
1857
2249
2848
3378
3366
3329
3491
3345
2891
2569
2397
1871
1261
973
558
-94
-583
-876
-1308
-1733
-1918
-1972
-2038
-1974
-1661
-1244
-721
-141
609
1399
2122
2753
3384
4024
4391
4547
4534
4375
3985
3468
2947
2326
1578
855
257
-439
-1104
-1675
-2264
-3002
-3583
-4105
-4693
-5203
-5455
-5554
-5641
-5452
-4944
-4410
-3783
-2822
-1755
-887
-38
1010
1863
2396
2884
3376
3568
3653
3651
3542
3245
2913
2596
2133
1581
1047
515
-103
-591
-1117
-1571
-1942
-2221
-2399
-2442
-2300
-2136
-1789
-1244
-544
90
866
1742
2494
3200
3875
4444
4675
4703
4677
4430
3878
3246
2687
1965
1128
401
-182
-811
-1484
-2124
-2790
-3423
-4048
-4560
-5055
-5409
-5650
-5715
-5537
-5115
-4620
-3995
-3034
-1995
-1051
-93
989
1844
2489
3123
3651
3786
3762
3855
3744
3337
2961
2643
2213
1613
1188
708
108
-465
-890
-1340
-1826
-2161
-2340
-2422
-2492
-2323
-2052
-1596
-1060
-363
426
1218
2052
2878
3635
4248
4629
4769
4798
4569
4056
3520
2901
2122
1235
538
-54
-794
-1469
-2121
-2793
-3454
-4024
-4563
-5028
-5422
-5619
-5749
-5628
-5198
-4730
-4093
-3122
-2029
-1044
-31
1137
2062
2696
3394
3948
4023
3924
3996
3821
3330
2850
2555
2025
1414
967
557
-1
-535
-870
-1254
-1739
-2062
-2158
-2350
-2503
-2394
-2021
-1627
-1191
-531
285
1067
1825
2724
3516
4032
4313
4569
4604
4259
3822
3335
2666
1815
1091
538
-97
-868
-1570
-2110
-2681
-3345
-3918
-4318
-4706
-5146
-5316
-5146
-4932
-4773
-4159
-3235
-2440
-1715
-584
580
1241
1954
2820
3372
3402
3556
3854
3659
3093
2911
2738
2105
1509
1265
887
189
-294
-540
-974
-1521
-1797
-1947
-2243
-2455
-2358
-2040
-1797
-1445
-833
-135
511
1200
2040
2800
3298
3646
4012
4153
3924
3634
3361
2872
2125
1492
1033
395
-353
-984
-1536
-2231
-2908
-3449
-3921
-4394
-4787
-4996
-5042
-4914
-4699
-4279
-3600
-2811
-2036
-1127
-27
850
1543
2356
3053
3334
3456
3703
3688
3264
2977
2856
2419
1849
1586
1357
800
295
112
-169
-758
-1141
-1322
-1652
-2007
-2101
-1936
-1748
-1520
-1017
-361
251
928
1721
2502
2978
3252
3612
3771
3499
3138
2889
2447
1664
1082
735
143
-619
-1121
-1540
-2210
-2942
-3301
-3687
-4344
-4749
-4824
-4866
-4941
-4668
-4069
-3496
-2851
-1918
-922
-59
765
1633
2424
2916
3234
3485
3589
3463
3179
2916
2612
2161
1733
1401
1070
654
284
36
-322
-772
-1087
-1306
-1609
-1874
-1875
-1711
-1559
-1236
-627
-9
566
1270
2096
2738
3060
3339
3583
3518
3186
2856
2494
1856
1191
754
328
-309
-908
-1339
-1791
-2411
-2920
-3214
-3605
-4082
-4318
-4345
-4370
-4361
-4047
-3459
-2899
-2246
-1299
-281
470
1216
2062
2683
2990
3280
3553
3502
3167
2934
2728
2218
1746
1432
1089
633
281
94
-204
-527
-802
-1044
-1299
-1497
-1603
-1590
-1465
-1260
-890
-421
169
739
1378
2005
2430
2738
2983
3066
2851
2484
2187
1722
1039
497
63
-464
-1114
-1605
-1928
-2414
-2891
-3132
-3397
-3784
-4014
-3950
-3907
-3895
-3636
-3130
-2607
-2057
-1338
-441
340
1007
1808
2503
2863
3089
3385
3403
3083
2811
2625
2263
1749
1420
1107
705
287
78
-143
-429
-663
-803
-953
-1182
-1246
-1163
-1020
-880
-504
-11
491
1028
1694
2307
2623
2778
2990
2979
2670
2301
1973
1472
817
309
-77
-653
-1331
-1752
-2090
-2634
-3217
-3407
-3611
-3948
-4103
-3931
-3756
-3701
-3314
-2608
-2070
-1643
-868
23
605
1074
1860
2486
2660
2842
3218
3221
2831
2623
2518
2066
1503
1276
1011
496
70
-79
-302
-697
-942
-1021
-1234
-1495
-1478
-1228
-1053
-900
-436
199
699
1227
1966
2630
2876
3026
3213
3148
2732
2287
1965
1388
636
107
-261
-853
-1578
-2004
-2297
-2906
-3470
-3686
-3886
-4273
-4428
-4138
-3886
-3732
-3224
-2341
-1619
-984
-101
862
1490
1990
2704
3227
3253
3295
3500
3359
2861
2515
2332
1853
1320
1053
774
310
-86
-320
-593
-1017
-1306
-1444
-1658
-1884
-1889
-1680
-1421
-1137
-590
149
822
1513
2283
2970
3311
3495
3584
3441
2968
2377
1811
1125
274
-355
-811
-1406
-2103
-2555
-2851
-3345
-3833
-4066
-4278
-4625
-4779
-4639
-4363
-4057
-3472
-2656
-1743
-803
279
1379
2241
2958
3635
4134
4305
4279
4157
3867
3365
2784
2296
1789
1163
629
279
-69
-523
-829
-1004
-1315
-1668
-1819
-1914
-2108
-2141
-1825
-1409
-1103
-524
321
1108
1867
2797
3561
3956
4223
4409
4243
3673
3055
2404
1506
517
-191
-891
-1720
-2459
-2942
-3398
-3964
-4402
-4626
-4897
-5158
-5204
-5021
-4801
-4465
-3780
-2869
-1962
-993
223
1442
2423
3249
4115
4683
4839
4884
4847
4421
3768
3223
2656
1859
1140
633
107
-523
-986
-1219
-1573
-2014
-2205
-2263
-2439
-2584
-2422
-2121
-1824
-1333
-530
335
1092
2007
3027
3724
4067
4427
4630
4371
3819
3306
2603
1600
689
-33
-855
-1863
-2599
-3038
-3673
-4367
-4686
-4870
-5254
-5501
-5319
-5093
-4977
-4495
-3673
-2857
-2023
-898
401
1436
2381
3471
4320
4784
5075
5272
5105
4612
4104
3593
2829
2019
1360
775
123
-514
-913
-1261
-1728
-2135
-2292
-2463
-2714
-2774
-2500
-2286
-2035
-1370
-491
250
1112
2283
3218
3687
4208
4677
4665
4261
3947
3491
2568
1714
1102
298
-856
-1717
-2284
-3041
-3937
-4422
-4694
-5234
-5661
-5596
-5435
-5399
-5064
-4283
-3475
-2831
-1812
-465
542
1462
2586
3602
4182
4559
5050
5158
4790
4447
4172
3586
2760
2140
1619
877
170
-310
-794
-1428
-1920
-2225
-2525
-2910
-3085
-2940
-2747
-2562
-2002
-1179
-388
491
1560
2573
3183
3737
4293
4443
4197
3949
3666
3037
2221
1662
1037
17
-839
-1391
-2141
-3090
-3679
-3997
-4659
-5291
-5378
-5336
-5533
-5357
-4621
-3940
-3415
-2409
-1107
-163
738
1945
3016
3564
4080
4700
4866
4574
4388
4254
3716
3044
2580
2113
1416
756
343
-132
-747
-1278
-1623
-2076
-2600
-2880
-2892
-2947
-2945
-2492
-1778
-1152
-352
772
1738
2373
3052
3718
3863
3686
3602
3381
2751
2111
1752
1049
80
-535
-980
-1729
-2558
-2941
-3353
-4077
-4481
-4524
-4750
-5018
-4769
-4207
-3847
-3352
-2332
-1329
-547
449
1575
2433
3021
3714
4280
4340
4246
4244
4001
3487
3006
2606
2112
1515
1077
687
187
-333
-715
-1046
-1484
-1959
-2184
-2298
-2490
-2454
-2123
-1688
-1215
-476
421
1016
1561
2280
2753
2813
2778
2826
2538
1949
1619
1188
369
-301
-702
-1262
-2026
-2397
-2577
-3110
-3543
-3520
-3558
-3831
-3730
-3326
-3093
-2853
-2174
-1394
-839
-133
813
1624
2171
2741
3295
3468
3502
3593
3491
3127
2758
2425
2055
1587
1144
790
415
24
-332
-567
-832
-1170
-1364
-1420
-1549
-1621
-1464
-1198
-928
-519
16
413
758
1165
1464
1521
1510
1560
1343
998
783
502
-76
-615
-892
-1336
-1921
-2237
-2394
-2750
-3027
-2940
-2917
-3034
-2794
-2292
-2023
-1765
-1129
-443
-9
503
1201
1761
2110
2514
2878
2894
2758
2816
2744
2342
2007
1836
1563
1151
872
704
417
76
-133
-277
-522
-757
-805
-786
-865
-868
-614
-355
-186
167
602
801
847
1071
1227
1059
802
741
498
58
-160
-399
-940
-1382
-1557
-1884
-2386
-2581
-2618
-2896
-3031
-2808
-2626
-2586
-2283
-1706
-1341
-1025
-280
340
663
1171
1820
2141
2261
2550
2754
2588
2432
2431
2252
1855
1617
1406
1026
671
532
327
-22
-250
-351
-453
-613
-677
-573
-452
-389
-202
164
482
746
1082
1364
1381
1314
1315
1167
766
421
197
-224
-700
-964
-1196
-1682
-2051
-2201
-2524
-2963
-3102
-3102
-3328
-3353
-3030
-2752
-2581
-2075
-1339
-891
-390
467
1179
1542
2004
2517
2727
2758
2864
2868
2544
2232
2120
1865
1412
1122
976
684
377
219
80
-130
-332
-481
-615
-717
-804
-676
-429
-221
110
633
1155
1601
2043
2354
2399
2263
2081
1738
1153
516
-2
-611
-1233
-1639
-2060
-2619
-2928
-3075
-3374
-3664
-3704
-3755
-3876
-3746
-3399
-3112
-2763
-2067
-1258
-683
31
1010
1745
2240
2854
3388
3526
3524
3579
3345
2820
2405
2104
1604
1059
768
517
144
-133
-185
-314
-572
-693
-707
-847
-1036
-1023
-822
-661
-450
114
748
1245
1861
2613
3059
3091
3143
3068
2526
1765
1126
453
-466
-1248
-1723
-2376
-3109
-3429
-3619
-4074
-4412
-4337
-4322
-4505
-4307
-3809
-3488
-3147
-2352
-1400
-735
65
1240
2129
2722
3460
4173
4389
4341
4393
4189
3563
2907
2506
1879
1076
546
181
-292
-726
-888
-1054
-1306
-1499
-1480
-1495
-1641
-1584
-1295
-1047
-773
-182
580
1208
1882
2690
3269
3428
3529
3532
3146
2426
1762
1101
137
-698
-1294
-2054
-2887
-3363
-3691
-4154
-4560
-4693
-4807
-4945
-4782
-4381
-4031
-3541
-2732
-1813
-987
-25
1111
2044
2821
3664
4321
4684
4909
4960
4755
4295
3794
3200
2481
1752
1082
455
-134
-610
-1010
-1307
-1619
-1887
-2049
-2135
-2193
-2160
-1896
-1602
-1166
-560
233
1024
1799
2623
3214
3484
3661
3684
3289
2680
2153
1489
557
-158
-742
-1615
-2461
-2902
-3365
-4037
-4486
-4558
-4827
-5137
-4939
-4541
-4326
-3890
-2975
-2109
-1403
-390
837
1689
2428
3404
4117
4405
4670
4930
4771
4304
3949
3526
2838
2095
1518
905
198
-355
-783
-1236
-1693
-2016
-2187
-2356
-2518
-2482
-2254
-1959
-1567
-917
-66
711
1505
2389
3033
3364
3593
3643
3353
2843
2310
1626
818
128
-477
-1282
-2034
-2517
-3087
-3747
-4188
-4412
-4807
-5142
-4991
-4720
-4559
-4067
-3185
-2317
-1598
-540
675
1541
2330
3265
3967
4287
4555
4810
4698
4327
4045
3728
3147
2534
2032
1483
750
122
-347
-875
-1504
-2007
-2300
-2588
-2873
-2908
-2641
-2384
-2011
-1297
-443
305
1117
2046
2724
3052
3309
3464
3188
2685
2296
1752
976
339
-123
-836
-1602
-2058
-2500
-3169
-3696
-3944
-4348
-4777
-4792
-4571
-4511
-4162
-3337
-2477
-1732
-671
545
1440
2227
3157
3865
4148
4448
4687
4553
4166
3960
3688
3104
2558
2168
1660
1002
504
98
-501
-1113
-1636
-2082
-2510
-2849
-2962
-2897
-2736
-2345
-1758
-1008
-206
592
1383
2012
2457
2713
2822
2700
2362
1949
1471
937
489
15
-596
-1110
-1566
-2035
-2569
-3031
-3405
-3847
-4185
-4202
-4205
-4214
-3833
-3134
-2490
-1818
-712
368
1147
2035
3049
3636
3935
4363
4612
4368
4038
3927
3586
2941
2553
2313
1744
1151
801
384
-274
-900
-1366
-1871
-2469
-2836
-3022
-3127
-3105
-2743
-2118
-1527
-791
71
849
1338
1712
2054
2105
1881
1608
1370
921
422
194
-130
-720
-1138
-1313
-1705
-2306
-2630
-2856
-3361
-3774
-3776
-3688
-3744
-3425
-2675
-2001
-1409
-439
683
1447
2159
3045
3708
3938
4225
4508
4414
4014
3797
3683
3232
2727
2440
2151
1652
1169
844
364
-328
-893
-1306
-1887
-2482
-2700
-2721
-2813
-2672
-2063
-1430
-874
-126
685
1137
1346
1608
1663
1328
928
679
230
-290
-536
-719
-1163
-1483
-1543
-1787
-2245
-2560
-2740
-3187
-3591
-3637
-3607
-3669
-3429
-2714
-2037
-1441
-496
682
1541
2284
3155
3831
4133
4346
4577
4429
4066
3827
3620
3214
2762
2517
2275
1845
1442
1157
708
82
-505
-997
-1580
-2208
-2577
-2747
-2852
-2750
-2271
-1649
-1059
-320
491
978
1226
1510
1565
1236
807
448
2
-559
-891
-1096
-1496
-1802
-1900
-2065
-2463
-2711
-2849
-3268
-3640
-3738
-3768
-3847
-3621
-3107
-2510
-1830
-852
210
1102
2024
2923
3610
4064
4411
4606
4490
4182
3953
3680
3279
2931
2640
2383
2077
1768
1521
1119
669
197
-313
-872
-1448
-1929
-2244
-2469
-2484
-2182
-1698
-1143
-495
259
792
1151
1420
1475
1245
872
542
54
-501
-842
-1070
-1509
-1848
-1923
-2074
-2404
-2653
-2712
-3052
-3378
-3388
-3394
-3584
-3516
-2984
-2505
-2105
-1327
-291
480
1274
2260
3094
3567
3989
4436
4459
4188
4017
3903
3479
2998
2782
2525
2143
1810
1660
1381
883
468
135
-353
-951
-1328
-1558
-1819
-2006
-1766
-1406
-1135
-605
99
520
683
956
1107
862
465
215
-122
-699
-1056
-1209
-1617
-2056
-2114
-2231
-2592
-2854
-2907
-3115
-3411
-3403
-3301
-3318
-3204
-2725
-2203
-1787
-1064
-189
513
1155
1976
2678
3074
3519
3913
3977
3853
3782
3682
3358
3007
2819
2505
2167
1941
1704
1332
921
598
200
-255
-652
-977
-1230
-1410
-1455
-1282
-978
-644
-187
245
540
712
791
752
507
169
-165
-525
-964
-1260
-1428
-1773
-2121
-2223
-2346
-2685
-2927
-2996
-3191
-3458
-3432
-3240
-3239
-3085
-2465
-1809
-1348
-652
310
979
1497
2215
2872
3127
3351
3675
3742
3506
3393
3445
3173
2814
2695
2542
2203
1931
1775
1415
921
544
221
-234
-703
-964
-1103
-1215
-1172
-920
-583
-247
145
573
830
867
849
706
365
-89
-508
-882
-1320
-1617
-1802
-2117
-2415
-2542
-2682
-2958
-3173
-3255
-3471
-3696
-3600
-3419
-3286
-2950
-2256
-1542
-957
-121
866
1526
2096
2837
3334
3504
3658
3844
3714
3394
3252
3130
2791
2503
2407
2184
1907
1713
1524
1152
771
467
51
-393
-771
-993
-1164
-1185
-1021
-721
-360
125
647
1090
1379
1450
1365
1079
650
86
-460
-989
-1526
-1884
-2088
-2412
-2696
-2805
-2928
-3157
-3388
-3451
-3661
-3892
-3859
-3667
-3552
-3200
-2488
-1707
-1008
-64
948
1709
2430
3191
3726
3887
4024
4088
3809
3416
3166
2858
2417
2097
1966
1700
1431
1326
1191
855
502
274
-110
-549
-871
-1085
-1262
-1248
-1016
-674
-241
314
967
1521
1860
2015
2005
1736
1238
643
3
-674
-1301
-1803
-2127
-2534
-2931
-3067
-3182
-3466
-3698
-3719
-3928
-4196
-4143
-3899
-3803
-3532
-2839
-1999
-1307
-427
733
1616
2348
3154
3834
4092
4204
4374
4199
3703
3317
3040
2580
2085
1833
1586
1223
973
857
634
327
49
-188
-546
-901
-1087
-1174
-1223
-1107
-706
-214
308
952
1646
2155
2351
2442
2372
1922
1302
766
108
-644
-1240
-1551
-2004
-2603
-2838
-2939
-3298
-3737
-3838
-3974
-4364
-4467
-4206
-4086
-3965
-3366
-2473
-1783
-1048
128
1233
1970
2763
3631
4070
4210
4432
4465
4074
3629
3349
2930
2385
1974
1693
1338
962
716
523
220
-145
-435
-711
-1034
-1315
-1453
-1414
-1316
-1072
-558
14
543
1150
1838
2236
2268
2303
2218
1724
1108
582
23
-674
-1190
-1542
-2128
-2666
-2934
-3211
-3688
-4040
-4167
-4412
-4648
-4534
-4244
-4097
-3679
-2828
-2009
-1316
-329
775
1620
2349
3216
3840
4156
4399
4591
4484
4127
3857
3544
3064
2564
2134
1722
1318
922
591
250
-110
-457
-804
-1102
-1413
-1595
-1606
-1497
-1287
-918
-366
256
838
1450
1957
2178
2243
2175
1923
1394
876
418
-142
-728
-1102
-1543
-2159
-2534
-2849
-3340
-3888
-4143
-4351
-4698
-4809
-4600
-4421
-4125
-3374
-2473
-1775
-976
190
1154
1829
2596
3373
3823
4066
4360
4447
4203
3964
3786
3406
2961
2600
2213
1747
1308
905
507
107
-350
-776
-1123
-1420
-1671
-1804
-1673
-1413
-1141
-654
-22
513
1021
1637
2005
2042
2108
2096
1705
1205
875
506
-61
-489
-741
-1323
-1928
-2275
-2685
-3376
-3880
-4070
-4449
-4829
-4733
-4438
-4319
-3902
-2975
-2136
-1529
-536
652
1430
2043
2905
3582
3854
4083
4424
4429
4087
3910
3769
3304
2785
2497
2154
1661
1200
820
379
-169
-632
-1034
-1414
-1772
-1966
-1911
-1802
-1608
-1163
-556
-11
507
1154
1705
1883
1967
2075
1912
1485
1122
885
408
-164
-415
-681
-1372
-1909
-2204
-2772
-3569
-3987
-4190
-4708
-5048
-4869
-4610
-4509
-3962
-2974
-2266
-1583
-451
642
1299
2012
2889
3455
3647
3972
4336
4226
3995
3962
3764
3291
2971
2716
2249
1750
1329
814
258
-237
-706
-1175
-1559
-1809
-1900
-1838
-1656
-1375
-937
-369
189
747
1357
1825
2027
2129
2166
1952
1619
1393
1124
680
264
69
-312
-1002
-1480
-1908
-2639
-3402
-3793
-4137
-4672
-4917
-4759
-4584
-4398
-3796
-2961
-2233
-1466
-375
606
1275
2036
2822
3328
3605
3906
4116
4051
3883
3798
3568
3161
2855
2493
2022
1528
1039
539
30
-519
-994
-1403
-1784
-2054
-2145
-2026
-1833
-1522
-1033
-484
66
579
1189
1654
1840
2008
2086
1940
1671
1472
1173
772
395
80
-367
-973
-1494
-1976
-2619
-3300
-3656
-4092
-4628
-4818
-4687
-4548
-4354
-3752
-2927
-2215
-1471
-402
531
1218
1979
2811
3308
3602
4030
4280
4167
3979
3935
3689
3255
2904
2588
2078
1482
1013
536
-42
-596
-1039
-1419
-1749
-1976
-1985
-1829
-1693
-1436
-980
-476
-57
421
1043
1540
1736
1927
2180
2121
1844
1721
1612
1164
713
492
68
-723
-1332
-1786
-2491
-3334
-3749
-4008
-4556
-4847
-4619
-4405
-4345
-3864
-2951
-2242
-1697
-705
346
941
1599
2532
3132
3370
3773
4216
4164
3949
3972
3858
3362
2937
2673
2140
1441
951
474
-217
-808
-1202
-1587
-2010
-2214
-2132
-2046
-1931
-1621
-1152
-749
-304
247
760
1181
1544
1877
2058
2095
2052
1962
1744
1412
1089
729
257
-404
-1049
-1648
-2322
-3018
-3590
-3971
-4363
-4683
-4657
-4452
-4293
-3944
-3213
-2468
-1820
-994
2
806
1449
2307
3026
3451
3796
4210
4427
4288
4152
4023
3648
3175
2729
2209
1600
976
397
-173
-754
-1226
-1578
-1864
-2096
-2214
-2076
-1886
-1650
-1319
-856
-363
67
550
1077
1496
1748
2045
2209
2166
2071
1929
1719
1299
887
536
-60
-803
-1476
-2072
-2795
-3525
-3970
-4294
-4659
-4829
-4639
-4426
-4244
-3719
-2835
-2104
-1405
-415
582
1294
1980
2858
3500
3784
4079
4432
4433
4167
4005
3783
3271
2704
2252
1722
1036
409
-101
-620
-1176
-1569
-1831
-2058
-2215
-2225
-2053
-1801
-1515
-1099
-548
-47
444
1012
1628
2056
2264
2505
2648
2495
2259
2032
1629
1040
550
137
-638
-1459
-2010
-2540
-3307
-3901
-4153
-4524
-4907
-4872
-4555
-4405
-4082
-3222
-2380
-1793
-918
246
1119
1786
2672
3473
3811
4068
4482
4531
4186
3959
3751
3226
2635
2174
1698
1025
387
-77
-595
-1145
-1546
-1825
-2091
-2309
-2328
-2211
-1992
-1706
-1289
-716
-143
437
1095
1781
2284
2622
2917
3069
2916
2612
2299
1809
1130
537
73
-684
-1545
-2077
-2605
-3289
-3849
-4122
-4446
-4923
-4989
-4683
-4587
-4363
-3566
-2629
-2003
-1149
145
1150
1807
2726
3712
4154
4339
4749
4927
4476
4092
3904
3372
2580
2074
1646
936
283
-86
-550
-1139
-1549
-1783
-2069
-2369
-2440
-2309
-2167
-1963
-1493
-962
-410
252
1010
1765
2367
2836
3196
3373
3264
2989
2637
2113
1392
748
201
-489
-1350
-1997
-2501
-3166
-3804
-4134
-4414
-4845
-5024
-4919
-4781
-4605
-4044
-3192
-2432
-1545
-334
812
1676
2608
3578
4151
4467
4803
4895
4640
4262
3884
3312
2603
2025
1455
783
172
-316
-799
-1273
-1667
-1985
-2281
-2520
-2593
-2553
-2414
-2139
-1739
-1198
-592
144
864
1579
2315
2929
3317
3518
3518
3313
2922
2367
1720
1006
317
-317
-957
-1650
-2239
-2715
-3205
-3710
-4051
-4319
-4612
-4797
-4677
-4433
-4124
-3493
-2571
-1634
-719
437
1577
2473
3283
4095
4564
4744
4804
4752
4326
3734
3245
2629
1951
1349
786
171
-341
-746
-1194
-1600
-1856
-2103
-2360
-2498
-2480
-2422
-2256
-1846
-1389
-876
-207
625
1357
2039
2786
3320
3509
3559
3447
3045
2448
1852
1211
416
-264
-741
-1385
-2070
-2470
-2812
-3372
-3874
-4066
-4337
-4664
-4664
-4390
-4179
-3838
-3021
-2045
-1231
-253
1051
2059
2800
3658
4375
4629
4652
4698
4487
3890
3315
2799
2156
1437
883
408
-194
-662
-1038
-1373
-1687
-1953
-2138
-2274
-2300
-2282
-2173
-1824
-1467
-1043
-365
428
1111
1784
2568
3194
3436
3517
3557
3235
2632
2028
1415
632
-103
-595
-1094
-1793
-2334
-2631
-3118
-3648
-3959
-4141
-4526
-4750
-4564
-4292
-4051
-3487
-2525
-1629
-781
367
1625
2486
3199
3962
4468
4543
4540
4504
4077
3455
2939
2405
1636
954
523
50
-523
-906
-1123
-1454
-1728
-1878
-1962
-2096
-2132
-2008
-1816
-1545
-1136
-559
66
742
1469
2226
2834
3292
3518
3576
3406
2954
2391
1755
1039
284
-366
-810
-1278
-1891
-2322
-2643
-3072
-3541
-3815
-4038
-4386
-4494
-4244
-3987
-3727
-3056
-2056
-1203
-384
818
1879
2552
3215
3931
4227
4123
4110
3985
3387
2712
2255
1724
946
351
87
-365
-916
-1159
-1256
-1592
-1855
-1828
-1829
-1985
-1958
-1652
-1447
-1246
-769
-87
479
1044
1824
2504
2924
3291
3550
3500
3109
2691
2219
1481
725
142
-390
-918
-1376
-1765
-2180
-2609
-2896
-3258
-3582
-3816
-4060
-4126
-3968
-3633
-3254
-2605
-1685
-773
44
1072
2034
2700
3233
3749
3960
3770
3645
3457
2905
2216
1789
1302
602
114
-130
-514
-925
-1068
-1171
-1460
-1621
-1551
-1626
-1771
-1670
-1430
-1279
-1041
-507
53
549
1171
1867
2432
2827
3167
3312
3135
2837
2442
1840
1192
558
16
-506
-895
-1177
-1631
-2011
-2283
-2646
-3116
-3417
-3605
-3855
-3923
-3682
-3385
-3040
-2346
-1428
-598
133
1082
2007
2530
2984
3451
3578
3373
3216
3012
2440
1834
1434
986
377
-62
-258
-607
-951
-1114
-1220
-1438
-1569
-1573
-1615
-1680
-1606
-1402
-1198
-899
-463
63
566
1126
1719
2233
2629
2921
2965
2848
2617
2206
1684
1147
634
125
-325
-658
-931
-1352
-1705
-1963
-2302
-2673
-2970
-3112
-3353
-3463
-3292
-2979
-2657
-2111
-1279
-550
150
1004
1828
2310
2664
3023
3122
2931
2730
2555
2149
1586
1212
878
348
-60
-261
-557
-815
-912
-995
-1194
-1292
-1248
-1347
-1411
-1353
-1192
-1042
-815
-377
75
519
1077
1634
2061
2470
2743
2804
2673
2469
2091
1552
1058
568
113
-310
-572
-841
-1242
-1531
-1773
-2175
-2564
-2763
-2994
-3242
-3304
-3097
-2881
-2620
-2024
-1275
-660
-22
842
1547
1926
2363
2794
2871
2742
2662
2468
2019
1579
1277
897
364
12
-110
-398
-715
-759
-806
-1020
-1123
-1047
-1054
-1239
-1271
-1060
-952
-860
-510
5
374
805
1426
1987
2278
2484
2659
2588
2200
1800
1491
969
442
136
-141
-455
-839
-1146
-1401
-1758
-2118
-2437
-2619
-2866
-3151
-3143
-2973
-2876
-2639
-2016
-1361
-891
-270
657
1281
1606
2152
2645
2631
2477
2530
2383
1830
1445
1346
876
258
95
2
-377
-622
-517
-545
-831
-856
-737
-953
-1229
-1127
-1016
-1136
-1029
-583
-192
144
728
1371
1832
2205
2508
2642
2483
2234
1978
1573
1115
697
349
63
-199
-553
-882
-1122
-1491
-1912
-2198
-2427
-2796
-3069
-3066
-3027
-3021
-2679
-2092
-1560
-1057
-275
542
1050
1552
2154
2455
2443
2506
2549
2244
1787
1515
1189
712
389
250
50
-197
-233
-256
-413
-551
-594
-668
-896
-1077
-1171
-1231
-1274
-1107
-780
-422
47
654
1274
1773
2213
2471
2561
2475
2174
1814
1457
1069
631
313
95
-204
-558
-771
-1024
-1430
-1840
-2076
-2354
-2830
-3069
-3095
-3203
-3225
-2838
-2301
-1866
-1286
-372
385
904
1558
2206
2466
2532
2676
2616
2229
1898
1627
1180
770
603
449
192
41
18
-100
-291
-391
-551
-812
-1042
-1244
-1471
-1573
-1518
-1355
-1027
-595
-54
529
1186
1765
2175
2394
2509
2413
2133
1813
1502
1101
702
507
302
-62
-388
-526
-867
-1334
-1672
-1937
-2404
-2870
-3033
-3161
-3317
-3176
-2725
-2313
-1856
-1087
-210
420
1051
1754
2250
2463
2630
2718
2510
2170
1928
1646
1164
834
700
494
228
175
144
-56
-265
-400
-618
-1001
-1265
-1430
-1624
-1779
-1656
-1380
-1062
-597
26
670
1286
1772
2109
2284
2280
2084
1815
1548
1251
903
636
476
180
-193
-373
-603
-1112
-1565
-1840
-2259
-2822
-3028
-3095
-3350
-3395
-2971
-2440
-2087
-1430
-475
249
768
1552
2199
2402
2586
2849
2784
2414
2175
2009
1615
1226
1066
891
604
433
387
230
-28
-211
-446
-773
-1076
-1404
-1602
-1680
-1704
-1628
-1236
-721
-256
351
1091
1640
1916
2177
2386
2222
1871
1687
1463
963
617
535
253
-250
-428
-548
-1018
-1520
-1799
-2131
-2767
-3166
-3267
-3444
-3587
-3306
-2805
-2402
-1930
-1093
-291
266
944
1667
2122
2297
2538
2665
2497
2224
2037
1775
1428
1190
1016
813
608
444
260
104
-96
-332
-593
-826
-1114
-1333
-1439
-1450
-1381
-1147
-703
-180
316
923
1589
1978
2150
2363
2427
2159
1867
1717
1414
939
733
647
225
-258
-433
-723
-1306
-1821
-2071
-2521
-3094
-3280
-3326
-3483
-3457
-3029
-2458
-2086
-1468
-578
78
617
1261
1878
2121
2253
2444
2440
2163
1909
1719
1417
1110
882
737
492
265
137
-40
-245
-463
-704
-913
-1101
-1298
-1427
-1428
-1340
-1201
-815
-309
166
691
1319
1851
2106
2224
2362
2243
1912
1695
1490
1089
756
646
319
-226
-507
-706
-1225
-1796
-2066
-2379
-2956
-3218
-3191
-3296
-3407
-3003
-2350
-2001
-1527
-627
146
563
1201
1925
2265
2326
2573
2782
2492
2136
2072
1877
1382
1080
961
657
273
71
-13
-297
-627
-818
-945
-1191
-1446
-1467
-1398
-1399
-1259
-851
-435
-110
362
1032
1526
1772
2039
2337
2255
1971
1873
1689
1220
793
669
413
-151
-533
-656
-1079
-1707
-1977
-2180
-2706
-3152
-3144
-3119
-3284
-3090
-2485
-1994
-1634
-911
-38
492
979
1698
2252
2400
2549
2833
2780
2410
2161
2055
1645
1140
924
727
304
-82
-199
-350
-734
-969
-1020
-1164
-1448
-1536
-1385
-1350
-1348
-1045
-552
-203
184
858
1505
1804
2065
2372
2418
2162
1937
1765
1326
818
547
348
-117
-629
-863
-1094
-1634
-2149
-2324
-2633
-3181
-3412
-3284
-3294
-3378
-2939
-2263
-1803
-1302
-431
404
826
1366
2158
2558
2594
2813
3053
2783
2320
2188
1997
1442
977
828
549
36
-214
-276
-545
-910
-969
-930
-1147
-1320
-1235
-1099
-1124
-1026
-607
-188
143
647
1297
1802
2079
2353
2617
2491
2145
1929
1637
1145
634
415
91
-525
-963
-1150
-1544
-2164
-2436
-2521
-3020
-3466
-3303
-3184
-3343
-3067
-2275
-1781
-1475
-636
338
759
1179
2034
2560
2520
2700
3039
2815
2298
2193
2024
1359
860
731
380
-203
-450
-567
-846
-1094
-1113
-1143
-1294
-1305
-1174
-1097
-1031
-899
-655
-259
137
551
1027
1598
2043
2265
2457
2539
2351
2040
1741
1351
770
417
165
-393
-970
-1198
-1496
-2063
-2429
-2514
-2860
-3266
-3216
-3058
-3119
-3000
-2364
-1773
-1452
-821
125
685
1072
1761
2369
2514
2607
2889
2861
2457
2171
1948
1517
963
618
351
-75
-512
-726
-848
-1082
-1236
-1246
-1215
-1285
-1284
-1116
-931
-840
-627
-183
243
558
1078
1722
2077
2239
2465
2577
2290
1926
1734
1365
716
309
112
-365
-981
-1239
-1447
-1961
-2376
-2458
-2678
-3159
-3243
-3050
-3052
-2996
-2477
-1802
-1393
-853
41
765
1213
1781
2411
2673
2710
2874
2916
2553
2138
1904
1570
1012
553
273
-70
-500
-817
-891
-1056
-1286
-1303
-1185
-1204
-1224
-1003
-715
-634
-474
-43
389
669
1091
1717
2126
2327
2550
2716
2492
2096
1851
1519
870
368
98
-298
-841
-1228
-1393
-1828
-2323
-2541
-2676
-3060
-3347
-3214
-3057
-3042
-2703
-1993
-1421
-937
-147
716
1210
1672
2309
2724
2728
2779
2878
2662
2158
1770
1503
966
389
124
-154
-626
-971
-1067
-1209
-1448
-1543
-1434
-1449
-1512
-1363
-1085
-893
-748
-323
143
532
962
1549
2059
2322
2548
2713
2581
2213
1873
1513
960
345
-67
-397
-862
-1298
-1557
-1807
-2220
-2525
-2623
-2827
-3147
-3173
-2973
-2891
-2708
-2109
-1396
-852
-178
750
1485
1946
2471
2992
3128
3015
3094
3016
2523
2001
1725
1266
637
222
12
-418
-896
-1033
-1115
-1390
-1596
-1492
-1391
-1460
-1398
-1080
-817
-688
-348
191
606
948
1490
2055
2321
2505
2713
2693
2327
1905
1556
1060
458
7
-315
-724
-1230
-1548
-1751
-2166
-2593
-2729
-2869
-3242
-3430
-3194
-2992
-2919
-2485
-1650
-1004
-510
367
1267
1725
2098
2741
3118
2932
2862
2969
2636
1954
1643
1443
819
196
4
-239
-796
-1136
-1145
-1309
-1678
-1678
-1502
-1521
-1569
-1267
-885
-705
-398
134
680
1006
1485
2117
2486
2614
2799
2876
2590
2127
1762
1359
742
248
-118
-496
-1054
-1480
-1698
-2088
-2545
-2801
-2903
-3249
-3523
-3402
-3181
-3086
-2739
-1981
-1310
-762
56
1018
1592
2028
2658
3086
3027
2876
2902
2650
2051
1591
1344
878
299
31
-178
-627
-1021
-1092
-1254
-1613
-1751
-1623
-1580
-1687
-1486
-1060
-767
-544
-39
554
906
1304
1906
2373
2514
2699
2878
2708
2217
1891
1539
901
341
6
-329
-812
-1169
-1370
-1694
-2133
-2449
-2575
-2848
-3169
-3207
-3007
-2871
-2654
-2094
-1337
-706
-26
883
1633
2086
2519
2993
3086
2891
2778
2696
2241
1611
1249
918
342
-110
-306
-644
-1065
-1309
-1371
-1549
-1833
-1837
-1718
-1691
-1610
-1298
-885
-563
-211
352
897
1284
1760
2287
2629
2772
2867
2812
2511
2064
1623
1189
628
59
-283
-587
-1067
-1459
-1672
-1998
-2407
-2674
-2789
-3071
-3340
-3230
-3004
-2821
-2466
-1724
-916
-292
446
1306
1925
2316
2782
3104
3031
2856
2785
2456
1870
1410
1035
553
36
-257
-523
-902
-1183
-1353
-1490
-1699
-1802
-1774
-1715
-1638
-1404
-1046
-673
-311
109
664
1167
1579
2023
2457
2716
2762
2738
2571
2119
1599
1207
722
80
-370
-630
-1028
-1477
-1683
-1897
-2301
-2615
-2728
-2954
-3271
-3291
-3041
-2855
-2583
-1919
-1157
-550
181
1099
1764
2204
2707
3126
3148
2983
2892
2632
2116
1584
1229
761
240
-95
-337
-704
-1050
-1197
-1362
-1573
-1715
-1671
-1635
-1564
-1397
-1095
-734
-408
-6
475
972
1447
1909
2360
2698
2853
2889
2806
2479
2008
1590
1086
477
-58
-373
-681
-1167
-1551
-1766
-2063
-2492
-2737
-2815
-3055
-3261
-3186
-2870
-2693
-2336
-1562
-783
-233
493
1432
2006
2318
2777
3132
2976
2740
2671
2385
1704
1158
908
458
-150
-417
-585
-1011
-1384
-1442
-1515
-1816
-1895
-1746
-1645
-1628
-1364
-896
-599
-276
259
827
1219
1644
2171
2590
2774
2885
2874
2664
2215
1753
1302
730
145
-340
-620
-1052
-1503
-1763
-1997
-2403
-2729
-2795
-2993
-3294
-3299
-3001
-2800
-2565
-1875
-1067
-478
196
1166
1833
2184
2604
3070
3059
2794
2767
2597
1965
1378
1122
705
81
-311
-446
-807
-1227
-1394
-1410
-1601
-1792
-1681
-1537
-1509
-1327
-984
-632
-389
19
605
1085
1500
1987
2514
2751
2887
2933
2841
2437
1939
1508
925
349
-165
-507
-916
-1370
-1645
-1854
-2244
-2585
-2698
-2819
-3067
-3216
-3004
-2784
-2600
-2158
-1442
-754
-147
695
1503
2002
2436
2947
3194
3062
2875
2756
2348
1707
1276
849
327
-164
-462
-758
-1083
-1316
-1457
-1547
-1693
-1749
-1705
-1561
-1435
-1231
-890
-521
-179
214
765
1250
1662
2110
2613
2864
2903
2914
2735
2284
1750
1295
752
128
-335
-632
-1044
-1541
-1718
-1902
-2269
-2594
-2659
-2767
-3045
-3070
-2814
-2569
-2389
-1812
-1050
-464
111
966
1675
2053
2477
2958
3040
2824
2733
2558
2038
1433
1037
643
87
-374
-628
-940
-1281
-1452
-1547
-1741
-1822
-1750
-1639
-1647
-1539
-1239
-937
-664
-303
191
669
1143
1631
2135
2486
2747
2865
2794
2473
2045
1633
1094
493
-15
-368
-734
-1216
-1542
-1660
-1922
-2250
-2378
-2461
-2704
-2905
-2788
-2581
-2469
-2131
-1471
-795
-296
432
1261
1832
2247
2704
3017
2975
2845
2738
2434
1818
1352
970
492
-13
-354
-619
-909
-1151
-1268
-1329
-1510
-1538
-1467
-1404
-1368
-1224
-975
-727
-428
-52
416
911
1382
1866
2343
2644
2776
2807
2658
2262
1781
1342
797
202
-271
-612
-986
-1416
-1599
-1795
-2129
-2359
-2446
-2637
-2919
-2885
-2693
-2617
-2453
-1869
-1209
-723
-64
828
1474
1873
2457
2915
2924
2803
2809
2545
1946
1448
1111
633
41
-247
-451
-833
-1154
-1197
-1272
-1565
-1636
-1544
-1545
-1621
-1473
-1187
-992
-818
-395
118
497
969
1595
2131
2395
2651
2848
2728
2384
2018
1649
1070
476
62
-288
-756
-1135
-1285
-1577
-1919
-2117
-2218
-2443
-2722
-2777
-2701
-2644
-2467
-1983
-1457
-952
-300
506
1170
1687
2222
2708
2895
2830
2792
2681
2231
1634
1243
841
267
-142
-338
-608
-1001
-1190
-1185
-1393
-1605
-1572
-1449
-1535
-1578
-1316
-1026
-901
-609
-97
348
704
1270
1879
2208
2457
2783
2871
2606
2280
1999
1508
885
446
87
-327
-793
-1082
-1299
-1665
-2007
-2158
-2321
-2635
-2831
-2799
-2723
-2641
-2343
-1819
-1276
-710
-11
783
1332
1792
2340
2748
2779
2679
2665
2407
1873
1422
1130
661
132
-170
-385
-770
-1051
-1106
-1219
-1452
-1561
-1487
-1515
-1565
-1451
-1190
-1004
-791
-373
74
446
918
1486
1923
2210
2542
2705
2603
2345
2017
1638
1101
596
204
-154
-561
-959
-1223
-1476
-1818
-2107
-2241
-2421
-2738
-2852
-2688
-2594
-2496
-2061
-1432
-909
-383
411
1170
1635
2107
2650
2864
2781
2754
2717
2248
1692
1378
982
419
-22
-206
-506
-887
-1041
-1107
-1326
-1531
-1491
-1494
-1581
-1535
-1341
-1122
-945
-621
-155
226
624
1133
1665
2070
2368
2592
2611
2403
2083
1752
1281
736
242
-91
-438
-868
-1171
-1358
-1676
-2055
-2188
-2326
-2603
-2797
-2656
-2529
-2522
-2204
-1576
-1081
-625
157
940
1415
1887
2550
2858
2796
2819
2853
2525
1956
1574
1272
695
146
-77
-382
-824
-1073
-1107
-1312
-1529
-1555
-1471
-1544
-1602
-1389
-1089
-966
-827
-414
-29
316
775
1343
1769
2089
2356
2544
2464
2190
1966
1622
1013
518
172
-205
-650
-1068
-1277
-1593
-1981
-2187
-2252
-2475
-2759
-2706
-2540
-2533
-2362
-1829
-1217
-797
-187
673
1281
1622
2179
2733
2815
2715
2837
2753
2247
1744
1480
1027
375
25
-156
-551
-1017
-1014
-1043
-1366
-1545
-1426
-1403
-1548
-1493
-1227
-1042
-937
-530
-52
308
672
1273
1795
2059
2306
2530
2535
2258
1960
1648
1221
657
224
-67
-523
-1011
-1294
-1530
-1927
-2236
-2265
-2358
-2614
-2735
-2529
-2434
-2430
-2049
-1406
-959
-498
306
1080
1489
1916
2516
2733
2670
2734
2741
2302
1745
1483
1119
494
74
-90
-477
-942
-1113
-1181
-1454
-1706
-1661
-1597
-1685
-1675
-1400
-1124
-972
-645
-155
251
620
1114
1651
1996
2179
2375
2478
2269
1936
1661
1306
798
329
11
-345
-873
-1209
-1332
-1642
-2067
-2245
-2285
-2554
-2736
-2556
-2334
-2297
-1988
-1301
-783
-373
325
1151
1613
1940
2585
2989
2884
2811
2867
2539
1937
1596
1325
739
185
-28
-310
-721
-1010
-1040
-1181
-1512
-1591
-1514
-1582
-1715
-1501
-1210
-1088
-901
-465
27
384
809
1379
1884
2130
2292
2485
2376
2004
1728
1430
903
340
40
-250
-822
-1261
-1421
-1700
-2086
-2283
-2237
-2480
-2708
-2580
-2347
-2288
-2078
-1467
-972
-633
-46
807
1325
1673
2254
2725
2731
2677
2797
2599
2053
1640
1409
871
265
15
-255
-685
-1021
-1049
-1170
-1480
-1581
-1500
-1496
-1626
-1482
-1176
-1014
-853
-417
55
372
760
1286
1722
1929
2173
2373
2294
2004
1773
1489
981
529
158
-200
-723
-1164
-1388
-1685
-2086
-2341
-2337
-2525
-2724
-2650
-2383
-2267
-2078
-1556
-991
-610
-125
627
1198
1586
2005
2531
2705
2672
2747
2658
2270
1744
1508
1156
578
129
-99
-454
-922
-1055
-1135
-1365
-1581
-1567
-1467
-1544
-1525
-1203
-931
-784
-473
20
387
668
1183
1694
1922
2093
2273
2309
2043
1721
1481
1159
635
233
-38
-540
-1062
-1363
-1583
-2038
-2338
-2370
-2422
-2555
-2541
-2251
-2111
-1942
-1445
-821
-466
18
780
1389
1723
2093
2600
2740
2691
2713
2660
2246
1740
1503
1101
475
75
-129
-557
-988
-1167
-1332
-1590
-1784
-1739
-1665
-1680
-1588
-1267
-1012
-835
-514
-47
298
573
1044
1499
1778
2001
2239
2274
2029
1753
1539
1116
562
180
-90
-566
-1105
-1337
-1621
-2036
-2308
-2383
-2516
-2767
-2696
-2429
-2311
-2167
-1641
-990
-595
-61
698
1292
1636
2081
2556
2737
2701
2728
2695
2257
1799
1547
1163
560
176
-108
-504
-910
-1074
-1178
-1442
-1600
-1617
-1611
-1644
-1599
-1360
-1081
-886
-499
27
421
742
1198
1665
1950
2120
2244
2289
2080
1811
1568
1191
692
292
-3
-479
-999
-1353
-1609
-2002
-2363
-2441
-2521
-2710
-2715
-2440
-2252
-2108
-1621
-957
-512
-58
679
1305
1657
2082
2594
2826
2763
2780
2839
2472
1989
1711
1353
759
248
-20
-395
-831
-1075
-1177
-1431
-1661
-1667
-1624
-1690
-1667
-1407
-1117
-944
-611
-142
266
614
1016
1446
1729
1919
2093
2131
1954
1700
1445
1114
621
179
-116
-489
-1011
-1392
-1690
-2053
-2420
-2531
-2545
-2750
-2774
-2539
-2335
-2231
-1783
-1113
-626
-169
558
1244
1634
2034
2516
2823
2854
2870
2900
2630
2140
1838
1535
953
418
157
-176
-685
-1027
-1160
-1375
-1602
-1678
-1625
-1628
-1653
-1430
-1107
-883
-601
-107
310
626
1027
1500
1823
1999
2159
2261
2119
1732
1518
1233
712
250
-34
-375
-943
-1287
-1543
-1970
-2419
-2537
-2582
-2852
-2923
-2681
-2448
-2346
-1892
-1230
-659
-186
470
1184
1601
1938
2405
2703
2702
2732
2759
2467
2020
1717
1425
910
410
105
-264
-699
-1019
-1186
-1442
-1715
-1816
-1790
-1822
-1790
-1535
-1247
-1004
-715
-210
276
712
1105
1577
1971
2141
2295
2382
2270
1949
1730
1426
902
416
154
-203
-796
-1222
-1498
-1888
-2349
-2493
-2535
-2791
-2866
-2610
-2364
-2279
-1859
-1186
-655
-228
442
1170
1592
1991
2518
2861
2827
2865
2885
2641
2183
1857
1553
1009
491
161
-178
-673
-1014
-1180
-1462
-1790
-1862
-1855
-1947
-1967
-1772
-1486
-1263
-924
-422
53
422
887
1427
1774
1991
2256
2372
2199
1938
1736
1396
881
391
84
-268
-838
-1269
-1505
-1879
-2339
-2497
-2567
-2784
-2932
-2760
-2479
-2349
-2052
-1426
-758
-308
302
1116
1680
2094
2614
3021
3084
3042
3067
2918
2421
1991
1731
1284
683
244
-20
-523
-1008
-1148
-1335
-1708
-1902
-1808
-1857
-1978
-1878
-1522
-1314
-1087
-583
-35
350
745
1348
1783
1974
2168
2389
2293
1986
1777
1546
1061
556
215
-117
-651
-1184
-1443
-1786
-2254
-2598
-2631
-2793
-3067
-2949
-2596
-2486
-2299
-1665
-959
-442
97
953
1605
2011
2441
2904
3029
2969
2974
2873
2442
1994
1753
1358
771
346
86
-344
-775
-1003
-1183
-1527
-1796
-1854
-1889
-2018
-2006
-1713
-1448
-1223
-803
-209
229
626
1128
1649
1950
2156
2419
2446
2198
1886
1669
1220
641
267
13
-454
-1052
-1377
-1642
-2133
-2523
-2569
-2688
-2973
-2963
-2656
-2472
-2380
-1856
-1117
-640
-149
624
1383
1821
2272
2845
3143
3059
3073
3092
2739
2193
1888
1617
1034
494
211
-137
-658
-969
-1096
-1354
-1723
-1795
-1721
-1871
-1939
-1647
-1358
-1219
-882
-286
162
491
1015
1643
1965
2111
2430
2566
2304
2016
1848
1479
858
401
110
-364
-970
-1333
-1555
-2021
-2477
-2605
-2689
-2996
-3148
-2928
-2761
-2691
-2308
-1636
-1025
-546
147
980
1516
1924
2458
2891
2947
2879
2954
2787
2254
1819
1596
1146
507
163
-44
-508
-894
-1011
-1175
-1558
-1785
-1685
-1751
-1937
-1817
-1425
-1254
-1081
-545
16
337
754
1425
1870
2074
2349
2618
2494
2172
2009
1718
1131
615
340
-12
-576
-1067
-1298
-1674
-2187
-2482
-2553
-2778
-3100
-2950
-2722
-2662
-2423
-1759
-1086
-624
11
897
1561
1932
2439
2947
3073
2997
3075
3063
2588
2091
1848
1419
770
299
112
-312
-830
-1073
-1155
-1541
-1898
-1858
-1848
-2034
-2067
-1693
-1418
-1301
-866
-232
170
477
1061
1634
1909
2127
2444
2514
2259
2025
1859
1443
839
461
164
-286
-859
-1198
-1471
-1951
-2357
-2538
-2681
-2970
-3059
-2871
-2693
-2592
-2188
-1511
-912
-391
374
1193
1702
2138
2668
3020
2998
2947
2941
2723
2198
1804
1564
1039
469
170
-106
-618
-1001
-1161
-1390
-1749
-1914
-1815
-1888
-2008
-1831
-1480
-1323
-1121
-578
-61
287
761
1391
1807
2029
2329
2586
2440
2131
1974
1697
1176
700
418
41
-462
-896
-1141
-1525
-1975
-2270
-2422
-2679
-2959
-2931
-2797
-2669
-2430
-1870
-1227
-657
-21
741
1429
1938
2356
2815
3044
2952
2891
2829
2485
1972
1654
1329
775
285
62
-235
-679
-981
-1108
-1401
-1722
-1821
-1850
-1985
-2036
-1749
-1503
-1326
-914
-328
121
522
1078
1610
1916
2158
2410
2433
2197
1957
1745
1299
781
435
84
-325
-730
-1060
-1388
-1781
-2148
-2383
-2599
-2898
-3002
-2878
-2784
-2645
-2208
-1588
-1016
-414
314
1043
1636
2155
2623
2946
3019
2988
2919
2680
2223
1802
1492
1066
587
257
-34
-425
-749
-920
-1166
-1467
-1626
-1666
-1732
-1794
-1688
-1442
-1222
-972
-525
-5
358
745
1281
1719
1981
2161
2351
2336
2130
1933
1691
1245
742
377
50
-368
-778
-1111
-1409
-1804
-2210
-2414
-2620
-2900
-3047
-2958
-2795
-2615
-2177
-1592
-1011
-454
242
986
1490
1928
2384
2667
2702
2651
2574
2351
1881
1489
1212
801
353
79
-147
-488
-782
-920
-1086
-1361
-1546
-1565
-1573
-1668
-1581
-1300
-1106
-858
-402
118
522
952
1510
1942
2185
2374
2568
2465
2206
1978
1713
1265
813
480
139
-205
-615
-948
-1274
-1715
-2086
-2306
-2539
-2821
-2926
-2782
-2600
-2349
-1912
-1284
-732
-218
480
1156
1590
1917
2334
2601
2532
2439
2422
2121
1628
1291
1086
623
138
-20
-249
-671
-953
-1028
-1267
-1637
-1769
-1675
-1782
-1915
-1686
-1395
-1252
-956
-396
52
356
863
1447
1758
1930
2188
2320
2123
1885
1718
1387
933
588
376
51
-359
-717
-991
-1357
-1817
-2113
-2277
-2552
-2821
-2774
-2572
-2419
-2126
-1537
-929
-428
165
920
1496
1794
2181
2620
2655
2500
2476
2364
1904
1462
1306
979
455
169
62
-273
-701
-823
-891
-1230
-1475
-1416
-1460
-1663
-1618
-1302
-1113
-1023
-605
-59
294
623
1189
1681
1857
2043
2300
2279
2014
1795
1590
1210
746
478
302
-88
-542
-851
-1128
-1577
-2002
-2229
-2423
-2740
-2943
-2788
-2606
-2444
-2042
-1404
-843
-354
334
1026
1462
1761
2198
2479
2351
2264
2270
2003
1518
1241
1072
635
229
77
-128
-534
-779
-823
-1024
-1365
-1448
-1402
-1524
-1591
-1399
-1139
-1027
-766
-286
168
472
909
1468
1776
1995
2208
2306
2136
1871
1651
1340
892
491
221
-50
-441
-852
-1070
-1388
-1813
-2111
-2253
-2522
-2789
-2727
-2548
-2413
-2193
-1624
-962
-480
52
803
1401
1748
2114
2505
2560
2430
2456
2342
1899
1503
1347
998
533
284
134
-198
-529
-631
-764
-1111
-1370
-1360
-1424
-1572
-1507
-1262
-1135
-955
-539
-93
238
597
1101
1517
1742
1936
2093
1996
1750
1515
1284
940
575
309
88
-221
-679
-945
-1210
-1622
-2018
-2208
-2402
-2673
-2762
-2629
-2404
-2238
-1834
-1242
-691
-272
342
989
1377
1705
2104
2358
2277
2234
2186
1899
1454
1197
990
615
262
96
-113
-427
-638
-753
-984
-1262
-1378
-1405
-1470
-1481
-1292
-1057
-869
-573
-85
345
678
1129
1575
1884
2059
2206
2251
2092
1829
1565
1278
927
579
333
67
-395
-772
-1008
-1374
-1839
-2072
-2211
-2481
-2692
-2587
-2399
-2293
-2013
-1405
-833
-433
148
828
1286
1561
1997
2317
2261
2166
2172
2001
1609
1313
1114
753
372
165
-58
-453
-734
-836
-1054
-1335
-1459
-1450
-1530
-1610
-1467
-1210
-1011
-732
-286
101
423
820
1259
1572
1768
1928
1973
1854
1639
1424
1183
827
443
214
-28
-413
-816
-1041
-1327
-1759
-2027
-2195
-2443
-2685
-2627
-2406
-2291
-2093
-1508
-925
-502
35
782
1270
1518
1942
2296
2327
2237
2296
2143
1741
1476
1383
1074
641
458
253
-127
-388
-462
-692
-1056
-1191
-1223
-1314
-1379
-1241
-1047
-919
-670
-298
44
329
728
1129
1393
1630
1854
1908
1815
1667
1452
1170
864
563
239
-12
-320
-714
-1026
-1329
-1722
-2076
-2284
-2502
-2717
-2714
-2529
-2320
-2108
-1607
-1001
-528
-56
565
1098
1409
1796
2153
2280
2225
2249
2175
1847
1533
1367
1101
723
506
293
-66
-346
-525
-805
-1111
-1267
-1360
-1466
-1494
-1398
-1254
-1068
-759
-425
-90
228
622
949
1216
1470
1691
1728
1679
1563
1376
1145
886
644
342
99
-208
-594
-923
-1209
-1611
-1978
-2158
-2330
-2552
-2587
-2412
-2244
-2054
-1566
-956
-506
-34
639
1166
1463
1861
2250
2348
2297
2377
2332
1983
1722
1564
1289
852
588
416
29
-333
-495
-726
-1084
-1252
-1301
-1413
-1504
-1410
-1226
-1079
-870
-522
-197
104
472
829
1105
1346
1591
1681
1626
1549
1380
1127
873
584
282
77
-195
-602
-926
-1168
-1534
-1945
-2134
-2295
-2545
-2636
-2477
-2286
-2155
-1752
-1137
-667
-265
362
949
1257
1572
1947
2150
2144
2160
2157
1963
1687
1466
1260
902
575
394
125
-191
-434
-627
-882
-1126
-1265
-1357
-1357
-1340
-1220
-996
-748
-473
-180
171
495
858
1206
1506
1704
1791
1814
1726
1537
1285
1044
753
413
146
-89
-484
-815
-1111
-1455
-1833
-2082
-2229
-2427
-2533
-2365
-2159
-2020
-1662
-1140
-683
-288
333
910
1265
1549
1935
2167
2151
2160
2160
1977
1637
1417
1208
867
545
309
72
-262
-523
-726
-957
-1186
-1353
-1411
-1417
-1396
-1275
-1040
-760
-488
-163
223
563
861
1174
1465
1637
1686
1686
1635
1367
1092
875
601
204
-106
-379
-784
-1155
-1407
-1678
-2025
-2209
-2319
-2397
-2476
-2324
-2066
-1869
-1494
-917
-427
-10
590
1152
1502
1803
2141
2328
2346
2289
2237
2083
1740
1454
1226
891
491
237
-5
-318
-606
-838
-1077
-1354
-1540
-1623
-1608
-1580
-1441
-1149
-865
-589
-244
195
584
914
1269
1603
1802
1819
1833
1743
1397
1060
849
503
59
-239
-521
-928
-1300
-1528
-1762
-2097
-2270
-2360
-2481
-2519
-2320
-2054
-1828
-1377
-759
-197
300
927
1495
1876
2199
2483
2654
2598
2471
2394
2155
1771
1451
1157
781
390
85
-186
-479
-766
-1006
-1187
-1400
-1592
-1651
-1636
-1602
-1487
-1246
-872
-555
-187
289
743
1100
1417
1765
1928
1852
1772
1672
1348
931
637
326
-82
-462
-802
-1105
-1477
-1777
-1999
-2192
-2413
-2519
-2502
-2445
-2282
-2062
-1654
-1181
-635
-108
532
1129
1587
2021
2415
2658
2712
2751
2672
2451
2103
1805
1460
1035
645
328
-6
-342
-577
-819
-1097
-1350
-1496
-1627
-1745
-1707
-1571
-1437
-1236
-846
-423
-93
336
864
1260
1530
1833
2057
2003
1835
1719
1457
1034
688
377
-9
-495
-861
-1151
-1543
-1950
-2165
-2308
-2587
-2762
-2667
-2486
-2380
-2142
-1665
-1174
-721
-117
571
1078
1521
2045
2458
2607
2661
2745
2681
2378
2057
1849
1506
1043
670
391
16
-399
-627
-850
-1186
-1448
-1580
-1752
-1932
-1873
-1677
-1498
-1267
-815
-375
3
453
980
1393
1656
1957
2123
2044
1875
1709
1415
996
619
319
-119
-636
-1033
-1381
-1773
-2182
-2391
-2506
-2685
-2789
-2639
-2433
-2267
-1941
-1369
-809
-357
270
999
1520
1867
2351
2754
2880
2877
2925
2844
2487
2170
1919
1525
997
636
358
-71
-514
-736
-983
-1322
-1599
-1727
-1849
-2037
-2001
-1799
-1576
-1317
-871
-387
5
451
974
1365
1609
1840
1972
1922
1740
1531
1244
883
513
152
-248
-767
-1156
-1497
-1888
-2234
-2445
-2585
-2712
-2711
-2594
-2331
-2047
-1679
-1151
-593
-55
560
1212
1738
2166
2568
2898
3035
3041
2991
2860
2567
2240
1905
1499
1036
621
246
-179
-616
-1007
-1287
-1579
-1861
-2056
-2142
-2198
-2158
-1957
-1694
-1340
-920
-462
-16
449
884
1295
1642
1843
1922
1902
1801
1547
1222
867
477
68
-374
-853
-1294
-1669
-2070
-2403
-2566
-2733
-2837
-2781
-2569
-2343
-2054
-1614
-1058
-520
7
677
1313
1788
2245
2682
2945
3061
3159
3173
2950
2668
2434
2087
1574
1095
718
260
-224
-586
-929
-1295
-1577
-1749
-1932
-2073
-2106
-1994
-1839
-1627
-1274
-841
-413
13
530
1000
1355
1672
1880
1926
1879
1729
1481
1156
846
516
83
-406
-863
-1279
-1742
-2175
-2417
-2629
-2819
-2856
-2716
-2535
-2320
-1936
-1384
-860
-338
322
971
1523
2012
2518
2874
3071
3220
3289
3163
2892
2638
2364
1904
1429
1053
597
97
-372
-728
-1149
-1526
-1745
-1938
-2149
-2255
-2179
-2058
-1918
-1642
-1242
-878
-473
3
505
897
1251
1620
1821
1809
1781
1673
1397
1086
768
433
-35
-585
-1058
-1510
-1998
-2411
-2599
-2775
-2986
-2973
-2735
-2539
-2335
-1878
-1307
-824
-309
366
1043
1476
1985
2530
2837
2947
3143
3310
3146
2910
2761
2502
2000
1536
1179
686
99
-349
-673
-1119
-1519
-1704
-1879
-2119
-2197
-2044
-1907
-1769
-1454
-1041
-679
-278
189
650
1028
1354
1622
1755
1800
1743
1649
1428
1130
806
397
-100
-619
-1083
-1557
-2013
-2411
-2673
-2899
-3028
-2973
-2755
-2510
-2231
-1708
-1096
-594
-41
633
1206
1648
2125
2603
2863
3028
3243
3318
3115
2889
2698
2369
1906
1472
1078
595
37
-412
-827
-1252
-1623
-1831
-1992
-2175
-2195
-2054
-1863
-1671
-1383
-997
-597
-219
205
636
1039
1346
1542
1661
1653
1525
1366
1128
826
478
86
-401
-884
-1374
-1828
-2254
-2580
-2810
-2999
-3000
-2862
-2617
-2320
-1901
-1376
-851
-330
293
883
1375
1866
2367
2735
2964
3169
3311
3253
3093
2910
2662
2269
1855
1482
1015
485
-6
-448
-890
-1272
-1576
-1792
-1976
-2077
-2022
-1929
-1757
-1497
-1169
-841
-472
-43
339
709
1011
1273
1402
1455
1398
1301
1178
965
697
348
-100
-547
-1002
-1521
-1996
-2350
-2609
-2892
-3017
-2913
-2766
-2582
-2213
-1710
-1193
-672
-38
587
1104
1581
2111
2523
2757
2997
3205
3255
3126
3032
2860
2510
2117
1768
1333
786
316
-117
-582
-1050
-1398
-1655
-1884
-2063
-2089
-2038
-1933
-1708
-1415
-1083
-753
-405
-22
333
651
934
1104
1214
1247
1196
1087
939
750
495
112
-338
-759
-1189
-1701
-2128
-2383
-2674
-2886
-2905
-2761
-2622
-2354
-1860
-1327
-849
-270
390
925
1372
1839
2339
2586
2791
3078
3237
3174
3089
3018
2729
2354
2009
1643
1141
624
188
-280
-761
-1154
-1428
-1675
-1860
-1926
-1906
-1808
-1640
-1414
-1141
-823
-526
-174
209
563
835
1039
1224
1307
1274
1196
1126
968
751
445
36
-402
-836
-1288
-1768
-2125
-2419
-2652
-2779
-2711
-2574
-2387
-2007
-1534
-1077
-640
-95
461
936
1361
1831
2215
2441
2653
2878
2946
2882
2845
2718
2434
2085
1747
1367
890
405
-70
-544
-1009
-1358
-1635
-1898
-2041
-2059
-1972
-1835
-1644
-1371
-1069
-744
-416
-71
250
538
783
946
1043
1086
1070
979
880
739
528
160
-233
-613
-1048
-1524
-1898
-2162
-2455
-2669
-2686
-2563
-2466
-2208
-1726
-1251
-843
-310
300
820
1227
1712
2203
2476
2682
2972
3097
3027
2982
2969
2748
2414
2118
1761
1307
834
403
-38
-523
-960
-1263
-1579
-1843
-1958
-1943
-1884
-1724
-1510
-1285
-1025
-703
-397
-114
163
426
653
774
840
894
874
787
659
521
276
-98
-455
-784
-1211
-1681
-1951
-2159
-2443
-2609
-2504
-2364
-2285
-2001
-1509
-1069
-708
-147
465
846
1182
1702
2148
2343
2580
2921
3040
2924
2913
2903
2633
2249
1966
1651
1170
684
340
-76
-551
-879
-1098
-1340
-1554
-1585
-1528
-1477
-1364
-1105
-866
-651
-385
-45
206
407
638
757
785
766
746
678
562
421
236
-73
-456
-783
-1181
-1658
-2033
-2225
-2470
-2687
-2680
-2510
-2386
-2208
-1772
-1313
-925
-476
144
659
998
1425
1883
2143
2323
2579
2834
2847
2779
2786
2630
2313
1972
1706
1313
799
425
82
-327
-687
-970
-1184
-1428
-1582
-1571
-1487
-1421
-1264
-994
-786
-603
-341
-26
187
395
583
676
665
638
623
530
356
227
49
-319
-676
-949
-1339
-1780
-2025
-2191
-2417
-2496
-2318
-2139
-2009
-1685
-1193
-799
-470
72
567
889
1225
1703
2075
2279
2532
2814
2914
2843
2822
2745
2472
2133
1873
1483
956
533
213
-194
-588
-877
-1090
-1302
-1457
-1432
-1366
-1274
-1128
-906
-729
-588
-349
-31
218
377
551
655
674
634
571
487
303
119
-10
-283
-653
-904
-1152
-1559
-1915
-2050
-2229
-2423
-2381
-2157
-1973
-1808
-1398
-903
-580
-184
363
797
1089
1455
1903
2132
2250
2516
2708
2680
2565
2571
2442
2095
1793
1531
1130
609
240
-99
-491
-893
-1110
-1254
-1485
-1560
-1493
-1414
-1330
-1136
-857
-643
-473
-184
111
297
401
511
564
512
416
351
243
66
-105
-403
-742
-1048
-1337
-1643
-1945
-2129
-2267
-2382
-2364
-2194
-1990
-1718
-1270
-807
-427
0
517
933
1276
1680
2059
2328
2531
2775
2926
2934
2901
2893
2744
2442
2147
1869
1478
1016
625
239
-182
-512
-786
-1014
-1242
-1350
-1322
-1279
-1229
-1076
-851
-683
-483
-242
-10
150
260
372
414
325
209
112
-60
-256
-420
-707
-1053
-1330
-1610
-1939
-2239
-2407
-2573
-2670
-2572
-2393
-2210
-1900
-1438
-1004
-622
-117
429
807
1168
1570
1898
2116
2354
2630
2770
2763
2766
2772
2652
2362
2136
1856
1443
1018
659
271
-151
-438
-664
-906
-1101
-1146
-1109
-1071
-991
-812
-588
-415
-232
16
214
348
452
530
529
476
379
251
80
-121
-333
-635
-969
-1296
-1587
-1908
-2189
-2388
-2517
-2554
-2460
-2274
-2058
-1732
-1292
-832
-428
36
511
934
1290
1646
1928
2130
2324
2507
2598
2590
2584
2549
2421
2199
1945
1678
1308
884
534
134
-272
-593
-816
-1028
-1207
-1238
-1183
-1125
-1014
-796
-576
-362
-173
76
289
426
502
516
492
427
289
104
-56
-260
-535
-919
-1206
-1528
-1882
-2166
-2367
-2556
-2689
-2643
-2495
-2303
-2073
-1673
-1190
-743
-279
262
737
1121
1513
1900
2152
2309
2500
2672
2688
2671
2692
2654
2464
2249
2027
1674
1253
902
558
154
-268
-533
-727
-989
-1125
-1125
-1085
-1058
-913
-678
-512
-314
-35
236
403
496
564
547
401
258
102
-99
-267
-481
-810
-1152
-1431
-1769
-2126
-2381
-2555
-2756
-2864
-2749
-2572
-2375
-2012
-1538
-1040
-581
-65
486
925
1323
1720
2033
2215
2434
2637
2654
2621
2619
2594
2429
2254
2119
1859
1517
1186
840
447
56
-260
-550
-822
-1017
-1097
-1098
-1059
-945
-771
-584
-411
-186
20
159
307
493
580
568
509
400
264
60
-154
-373
-611
-955
-1301
-1553
-1967
-2338
-2529
-2654
-2837
-2867
-2643
-2376
-2118
-1701
-1114
-627
-207
302
836
1180
1472
1857
2154
2289
2420
2603
2665
2606
2571
2568
2403
2123
1943
1679
1295
884
582
246
-164
-456
-623
-812
-999
-1013
-979
-943
-863
-657
-460
-329
-121
90
234
330
459
530
461
342
244
102
-116
-333
-521
-828
-1247
-1570
-1826
-2184
-2483
-2598
-2716
-2809
-2712
-2461
-2200
-1905
-1454
-911
-479
-67
461
926
1210
1512
1914
2149
2284
2449
2629
2651
2593
2608
2531
2343
2087
1880
1572
1168
806
523
191
-168
-428
-607
-778
-897
-897
-855
-789
-682
-500
-337
-179
12
201
318
436
514
482
429
325
182
36
-159
-352
-592
-899
-1223
-1577
-1912
-2240
-2480
-2651
-2795
-2779
-2572
-2352
-2098
-1718
-1246
-824
-427
38
488
851
1143
1505
1811
1987
2185
2401
2483
2475
2504
2481
2322
2112
1914
1644
1261
880
571
213
-147
-375
-547
-762
-905
-902
-893
-866
-750
-516
-386
-263
-42
190
330
476
629
683
600
506
421
207
2
-174
-403
-789
-1157
-1424
-1746
-2131
-2344
-2483
-2660
-2737
-2581
-2346
-2146
-1795
-1301
-857
-490
-28
479
850
1137
1482
1826
1995
2211
2461
2598
2590
2600
2614
2446
2215
2010
1807
1426
1026
702
347
-39
-329
-483
-699
-910
-947
-883
-908
-846
-654
-514
-412
-237
-5
150
254
397
487
418
323
230
96
-121
-305
-525
-845
-1163
-1437
-1743
-2092
-2338
-2487
-2641
-2703
-2554
-2344
-2112
-1757
-1279
-826
-424
66
555
906
1230
1621
1942
2150
2358
2565
2657
2644
2640
2616
2439
2197
1976
1680
1343
969
638
304
-17
-266
-491
-706
-839
-896
-934
-961
-893
-759
-604
-441
-294
-133
6
136
243
277
238
187
89
-23
-175
-381
-676
-1009
-1285
-1608
-1955
-2195
-2372
-2537
-2614
-2558
-2369
-2189
-1926
-1520
-1042
-657
-241
266
679
998
1341
1697
1942
2127
2366
2557
2587
2616
2667
2593
2376
2163
1949
1620
1248
883
553
202
-85
-302
-504
-678
-768
-754
-772
-737
-606
-459
-352
-193
-13
127
216
338
370
324
266
194
78
-93
-246
-455
-792
-1115
-1339
-1622
-1988
-2225
-2372
-2569
-2662
-2537
-2362
-2221
-1884
-1421
-1003
-620
-173
286
645
965
1350
1670
1859
2058
2310
2450
2449
2504
2520
2396
2212
2067
1840
1492
1161
865
522
143
-121
-297
-498
-689
-729
-669
-679
-620
-477
-343
-269
-149
25
140
214
326
386
310
175
102
-1
-224
-360
-537
-849
-1185
-1440
-1735
-2081
-2310
-2413
-2532
-2606
-2456
-2233
-2061
-1793
-1339
-891
-566
-168
307
649
918
1256
1580
1773
1927
2124
2276
2268
2254
2298
2202
1995
1838
1642
1333
1026
753
458
148
-61
-229
-377
-522
-553
-507
-495
-426
-309
-180
-106
1
154
246
283
360
372
303
195
78
-51
-253
-432
-655
-932
-1206
-1479
-1735
-1990
-2173
-2326
-2427
-2405
-2300
-2109
-1843
-1490
-1083
-666
-279
141
501
805
1133
1390
1619
1779
1945
2095
2161
2192
2234
2219
2077
1927
1779
1512
1210
966
695
383
109
-82
-289
-468
-567
-570
-557
-544
-450
-339
-249
-146
29
120
183
261
290
244
128
0
-146
-285
-434
-545
-779
-1062
-1275
-1485
-1753
-2035
-2178
-2250
-2383
-2354
-2168
-1983
-1735
-1379
-908
-539
-161
273
680
952
1194
1484
1693
1802
1911
2047
2101
2072
2107
2114
1996
1848
1721
1551
1278
993
751
477
169
-61
-232
-399
-509
-504
-470
-463
-411
-295
-224
-213
-133
-7
67
123
190
211
134
-1
-108
-244
-423
-606
-871
-1151
-1391
-1632
-1888
-2138
-2267
-2350
-2426
-2382
-2173
-1945
-1707
-1340
-897
-539
-163
311
662
921
1164
1458
1659
1761
1902
2046
2081
2058
2111
2107
1954
1815
1719
1494
1202
941
715
443
133
-58
-207
-377
-492
-484
-477
-509
-442
-285
-175
-127
-9
130
169
175
223
226
127
9
-103
-258
-439
-602
-828
-1117
-1386
-1634
-1879
-2108
-2246
-2333
-2370
-2291
-2083
-1848
-1577
-1201
-807
-449
-81
308
670
974
1215
1450
1634
1775
1915
2037
2038
2012
2019
1973
1823
1657
1508
1307
1099
863
636
405
179
38
-103
-229
-288
-275
-300
-305
-229
-154
-75
2
103
178
220
260
314
255
155
48
-68
-240
-404
-532
-820
-1121
-1353
-1603
-1915
-2132
-2223
-2333
-2420
-2327
-2066
-1885
-1672
-1255
-840
-534
-189
260
584
790
1021
1256
1420
1504
1669
1826
1847
1850
1925
1920
1776
1641
1515
1270
987
797
602
364
158
44
-50
-185
-259
-208
-211
-261
-206
-93
-49
-26
74
179
218
259
318
298
236
150
45
-108
-288
-455
-733
-1025
-1297
-1553
-1794
-2023
-2122
-2220
-2302
-2248
-2039
-1814
-1591
-1258
-879
-532
-188
193
517
782
1016
1238
1424
1549
1685
1855
1929
1917
1944
1908
1778
1622
1460
1252
1019
774
553
325
119
-16
-110
-199
-284
-304
-317
-351
-307
-217
-169
-133
-44
61
115
181
221
210
128
57
-43
-184
-367
-489
-672
-972
-1228
-1441
-1681
-1947
-2050
-2069
-2119
-2082
-1860
-1629
-1466
-1204
-808
-495
-243
69
412
633
817
1051
1277
1424
1551
1751
1849
1844
1852
1871
1768
1597
1485
1349
1088
863
712
511
286
121
75
-34
-187
-210
-184
-238
-262
-247
-198
-202
-177
-79
11
96
161
233
209
145
83
-20
-158
-292
-443
-726
-985
-1226
-1440
-1702
-1878
-1939
-2004
-1999
-1905
-1700
-1561
-1334
-1009
-713
-493
-247
66
326
523
750
1033
1215
1358
1540
1686
1712
1731
1797
1737
1593
1491
1389
1188
965
774
609
375
171
79
-20
-146
-204
-174
-193
-242
-239
-197
-196
-177
-150
-61
-13
-14
80
133
77
-3
-33
-135
-271
-409
-585
-796
-1028
-1276
-1448
-1625
-1773
-1804
-1805
-1735
-1624
-1439
-1200
-947
-683
-427
-151
120
338
562
781
976
1148
1331
1494
1628
1694
1749
1751
1686
1587
1466
1297
1101
917
708
479
297
151
8
-83
-184
-246
-320
-361
-373
-356
-357
-341
-308
-272
-233
-179
-100
-46
18
55
42
8
-68
-142
-241
-369
-588
-810
-1023
-1245
-1437
-1619
-1683
-1750
-1704
-1584
-1460
-1325
-1114
-867
-628
-409
-150
127
353
557
735
954
1147
1321
1500
1630
1700
1747
1772
1731
1610
1509
1383
1186
993
799
597
428
299
197
79
-28
-85
-140
-187
-238
-266
-263
-286
-301
-296
-283
-240
-195
-109
-33
-7
-18
-24
-74
-156
-265
-434
-634
-850
-1023
-1255
-1453
-1588
-1639
-1659
-1641
-1543
-1397
-1241
-1036
-816
-617
-389
-146
63
251
454
681
894
1060
1232
1404
1528
1575
1622
1629
1567
1486
1378
1209
1021
829
666
494
337
188
76
-13
-97
-149
-171
-220
-255
-297
-332
-344
-363
-349
-297
-256
-189
-93
-22
14
16
19
-10
-125
-213
-317
-535
-778
-976
-1152
-1338
-1444
-1494
-1529
-1499
-1381
-1247
-1104
-960
-747
-525
-340
-181
36
256
439
644
874
1078
1232
1361
1460
1507
1530
1547
1487
1394
1261
1119
966
783
635
510
399
270
157
95
23
-40
-77
-121
-190
-226
-257
-310
-337
-315
-275
-228
-166
-91
-4
57
69
79
81
26
-65
-197
-409
-629
-824
-1023
-1201
-1330
-1413
-1478
-1448
-1363
-1264
-1158
-1004
-818
-630
-454
-266
-52
132
324
531
740
941
1135
1301
1411
1467
1494
1501
1420
1313
1181
1045
878
708
540
364
231
84
-28
-125
-221
-297
-326
-357
-406
-430
-439
-435
-411
-406
-351
-258
-197
-124
-43
52
142
207
222
208
154
66
-87
-318
-509
-680
-860
-1037
-1169
-1250
-1309
-1282
-1209
-1138
-1033
-849
-658
-485
-336
-146
68
240
424
675
895
1080
1248
1396
1487
1520
1514
1422
1266
1106
957
777
601
442
281
138
-14
-146
-242
-341
-425
-493
-494
-517
-541
-526
-474
-441
-371
-259
-167
-63
51
185
270
340
396
419
373
305
222
90
-114
-327
-522
-723
-914
-1078
-1197
-1290
-1307
-1289
-1237
-1167
-1050
-876
-698
-503
-291
-45
192
418
646
863
1067
1252
1401
1494
1545
1541
1483
1372
1236
1113
925
722
537
376
196
22
-124
-251
-367
-453
-504
-547
-544
-528
-486
-465
-442
-371
-277
-186
-87
11
119
246
338
400
444
467
427
329
175
0
-210
-448
-716
-983
-1199
-1364
-1437
-1511
-1537
-1480
-1364
-1259
-1092
-867
-626
-385
-142
133
391
617
846
1070
1241
1379
1501
1575
1546
1520
1462
1367
1214
1054
885
661
457
246
49
-153
-307
-406
-500
-556
-560
-559
-555
-504
-437
-352
-280
-195
-74
37
162
269
362
447
522
542
513
441
342
166
-39
-235
-460
-685
-923
-1135
-1302
-1430
-1523
-1563
-1549
-1444
-1288
-1099
-904
-676
-436
-202
32
265
476
689
879
1045
1161
1264
1338
1350
1315
1237
1178
1036
866
700
525
345
143
-33
-206
-347
-447
-493
-525
-537
-474
-409
-344
-262
-137
-13
108
195
304
408
498
562
622
665
653
603
517
417
263
87
-85
-292
-511
-714
-899
-1077
-1244
-1349
-1392
-1403
-1372
-1290
-1166
-994
-807
-596
-367
-129
138
378
583
767
921
1060
1140
1162
1176
1146
1099
993
864
728
561
389
217
55
-101
-240
-360
-478
-534
-528
-534
-496
-461
-335
-210
-135
-14
106
225
313
397
496
570
622
657
646
571
515
426
292
118
-65
-239
-452
-626
-795
-959
-1099
-1193
-1248
-1270
-1244
-1160
-1039
-915
-712
-491
-287
-75
158
369
546
713
860
990
1072
1110
1096
1072
1032
955
841
698
546
379
199
5
-162
-297
-398
-497
-540
-535
-510
-432
-392
-341
-231
-114
1
108
207
307
435
514
555
600
615
597
499
403
299
167
8
-142
-293
-434
-564
-699
-821
-927
-1000
-1068
-1116
-1102
-1049
-962
-847
-687
-465
-240
-39
166
356
531
687
806
885
918
935
903
843
753
640
529
408
260
119
-21
-165
-282
-396
-457
-521
-577
-582
-560
-512
-447
-345
-227
-75
66
240
400
505
614
705
762
761
740
688
626
518
401
259
115
-42
-235
-370
-487
-597
-688
-788
-868
-901
-919
-914
-884
-815
-721
-627
-481
-314
-149
63
255
413
551
656
758
804
809
797
756
698
590
472
376
250
132
34
-84
-170
-224
-278
-332
-326
-326
-321
-290
-218
-128
-24
101
220
348
452
549
629
690
706
688
642
559
421
267
131
-5
-128
-268
-364
-451
-542
-645
-733
-793
-871
-942
-972
-972
-938
-873
-772
-639
-506
-363
-189
-14
163
306
456
533
582
605
609
595
513
451
379
321
234
168
103
30
-24
-89
-141
-196
-217
-227
-223
-191
-134
-42
49
141
244
375
470
581
686
740
777
720
656
566
454
338
212
75
-29
-125
-241
-334
-409
-483
-567
-640
-732
-789
-822
-841
-839
-810
-718
-608
-485
-346
-168
-20
95
226
318
389
430
484
473
440
412
371
302
214
155
86
23
-63
-118
-215
-283
-339
-365
-352
-361
-314
-248
-171
-72
43
162
270
386
504
583
622
659
667
628
535
452
357
220
117
11
-80
-175
-258
-318
-390
-453
-517
-547
-576
-621
-637
-614
-565
-507
-407
-311
-180
-49
112
236
354
474
525
581
600
570
546
506
455
398
296
200
88
-16
-130
-231
-317
-376
-432
-455
-436
-431
-387
-323
-238
-126
-43
60
178
297
396
477
547
594
620
586
561
511
408
309
201
79
-31
-110
-200
-284
-358
-388
-427
-458
-469
-476
-444
-418
-377
-310
-218
-151
-75
9
107
204
261
332
394
411
420
400
381
315
217
154
71
-46
-147
-231
-325
-420
-499
-558
-592
-586
-570
-556
-521
-466
-371
-283
-168
-37
78
175
244
301
351
387
406
408
392
355
305
275
222
166
114
56
-4
-89
-137
-183
-247
-277
-298
-328
-335
-294
-254
-160
-68
31
151
262
366
419
477
497
510
505
504
462
388
350
284
216
150
100
2
-112
-225
-320
-402
-481
-548
-595
-600
-597
-577
-523
-439
-337
-209
-82
7
87
174
248
270
300
319
320
316
293
260
220
164
104
30
-32
-98
-175
-250
-303
-319
-348
-352
-335
-300
-256
-212
-144
-51
77
190
305
417
514
606
649
672
666
661
638
558
495
424
335
264
163
51
-70
-188
-291
-407
-516
-588
-657
-685
-701
-693
-641
-585
-495
-404
-306
-198
-78
28
112
203
275
308
329
329
307
277
248
195
137
71
13
-50
-127
-179
-230
-268
-294
-310
-285
-219
-166
-83
10
107
195
280
372
446
540
612
648
663
666
652
613
545
488
431
358
257
147
51
-78
-231
-359
-464
-549
-628
-701
-750
-784
-774
-757
-723
-651
-547
-454
-364
-264
-181
-103
-47
9
47
52
70
85
85
77
70
29
-29
-64
-107
-177
-238
-286
-318
-348
-377
-378
-351
-282
-204
-106
-6
103
240
377
508
614
721
806
876
921
932
917
898
838
735
649
534
434
306
162
37
-81
-162
-265
-372
-447
-499
-555
-567
-563
-531
-454
-402
-334
-269
-192
-101
-28
37
71
98
132
153
153
142
138
114
73
27
-29
-79
-160
-228
-263
-302
-329
-381
-409
-407
-416
-389
-325
-227
-104
18
135
281
414
510
596
668
716
719
716
684
623
549
484
403
292
191
96
16
-79
-172
-271
-348
-419
-500
-579
-627
-620
-621
-579
-520
-438
-347
-254
-184
-116
-52
2
38
49
72
100
106
95
86
71
42
-1
-43
-85
-142
-193
-260
-327
-370
-392
-401
-381
-342
-289
-215
-124
-15
104
226
345
451
562
649
730
770
765
762
704
653
549
471
377
275
206
98
16
-72
-146
-251
-326
-385
-418
-440
-483
-497
-478
-429
-408
-352
-304
-226
-140
-72
-7
35
89
126
161
161
166
159
137
100
49
30
-3
-48
-118
-165
-205
-245
-272
-299
-311
-302
-265
-225
-158
-102
8
116
212
340
425
517
582
631
662
671
647
604
549
486
397
300
225
111
21
-49
-134
-211
-295
-338
-392
-429
-464
-485
-489
-473
-451
-404
-325
-272
-204
-154
-86
-39
16
52
78
102
69
50
29
0
-29
-56
-100
-149
-171
-185
-200
-247
-265
-274
-277
-283
-273
-229
-188
-111
-37
63
170
292
385
453
537
596
626
632
632
618
567
497
451
394
321
255
175
89
-19
-90
-161
-212
-237
-270
-311
-337
-328
-335
-330
-323
-307
-284
-267
-237
-184
-132
-91
-45
-19
4
14
15
5
-9
-23
-34
-56
-88
-116
-146
-183
-216
-229
-249
-253
-247
-223
-189
-158
-124
-72
1
65
129
198
266
330
382
398
433
446
439
412
374
347
334
295
241
208
154
76
2
-42
-82
-113
-156
-188
-197
-181
-177
-160
-123
-115
-110
-94
-70
-48
-40
-24
-23
-17
-12
12
32
17
33
28
16
-11
-49
-62
-77
-90
-110
-142
-164
-169
-166
-159
-167
-151
-104
-75
-36
5
46
80
121
156
175
188
218
222
218
220
214
203
159
112
77
25
-32
-69
-107
-134
-163
-191
-216
-232
-218
-215
-219
-192
-174
-157
-126
-97
-64
-34
-13
-3
9
19
39
54
69
77
83
91
96
83
55
57
37
17
14
-6
-16
-18
-13
-18
-24
-21
6
41
55
89
123
137
156
168
190
204
189
199
214
196
180
173
149
132
95
45
16
-23
-59
-102
-141
-157
-160
-179
-202
-223
-225
-217
-209
-198
-192
-166
-133
-112
-111
-112
-106
-93
-88
-74
-87
-72
-55
-46
-29
-13
15
23
15
22
39
32
31
18
30
37
41
59
85
107
128
144
174
201
208
227
215
213
213
192
197
183
163
161
154
157
110
60
32
-15
-56
-100
-137
-144
-152
-157
-160
-169
-156
-138
-118
-111
-126
-116
-103
-94
-109
-121
-116
-134
-147
-149
-130
-131
-132
-106
-84
-70
-56
-38
-45
-29
-27
-34
-50
-45
-22
-4
27
36
53
69
78
101
132
150
167
173
174
176
189
201
190
184
188
190
172
177
178
164
128
90
65
46
27
4
-8
-23
-27
-19
-25
-24
0
20
15
-2
-17
-19
-39
-89
-122
-155
-176
-194
-220
-249
-246
-234
-231
-241
-233
-194
-188
-198
-198
-193
-182
-185
-171
-143
-115
-94
-63
-44
-13
40
78
98
111
139
157
171
176
159
139
132
126
119
109
94
103
119
113
134
137
130
117
114
127
126
134
130
128
118
112
102
108
97
95
102
74
69
54
30
-3
-44
-80
-112
-149
-164
-198
-225
-220
-225
-211
-209
-190
-164
-143
-123
-100
-81
-45
-17
-1
18
33
56
76
98
119
121
120
123
111
91
75
81
54
59
63
49
44
44
41
44
41
42
52
44
49
31
28
37
50
62
69
75
88
97
95
94
71
64
46
7
-17
-50
-70
-103
-148
-169
-171
-182
-182
-207
-213
-222
-231
-231
-230
-186
-176
-134
-123
-91
-57
-40
-4
15
48
64
87
103
97
86
74
62
55
50
52
56
30
3
-11
-18
-34
-44
-36
-31
-27
-31
-25
-16
0
33
39
51
58
72
78
77
84
90
101
113
119
122
131
125
108
70
46
29
-11
-56
-78
-92
-96
-110
-127
-115
-117
-109
-109
-84
-35
-13
26
48
55
76
105
114
126
147
156
156
140
128
103
94
77
66
62
44
37
-5
-28
-39
-58
-84
-72
-71
-84
-66
-53
-27
-14
7
26
25
30
24
13
19
21
29
30
10
0
-2
-22
-25
-31
-58
-110
-136
-149
-193
-233
-256
-269
-273
-268
-275
-261
-235
-206
-182
-147
-96
-50
10
61
87
104
120
140
151
147
160
178
185
183
168
175
160
154
155
146
127
107
103
79
73
53
67
78
98
127
141
155
154
175
161
165
154
141
121
99
86
57
40
11
-21
-71
-105
-130
-164
-217
-259
-288
-318
-342
-372
-374
-365
-352
-330
-298
-263
-223
-168
-126
-69
-34
-6
24
41
74
87
108
108
120
114
118
114
110
127
124
119
95
104
84
69
49
36
20
17
40
47
63
74
111
137
173
181
187
200
208
215
201
200
192
175
151
118
81
63
28
-5
-33
-58
-82
-118
-151
-192
-231
-256
-266
-269
-250
-229
-208
-187
-147
-102
-83
-37
-1
26
44
72
87
107
103
99
105
93
93
79
63
38
27
9
-12
-33
-63
-78
-67
-62
-60
-62
-64
-48
-22
10
45
71
99
124
130
152
155
155
141
120
102
82
55
20
-8
-42
-75
-98
-128
-156
-177
-199
-224
-240
-239
-222
-228
-234
-218
-195
-165
-125
-92
-58
-25
1
43
66
84
104
116
115
102
93
67
47
32
34
14
0
-15
-37
-38
-47
-43
-31
-24
-16
-23
-1
12
39
62
90
129
147
174
206
221
234
241
230
225
222
203
167
136
100
72
30
-1
-18
-61
-93
-100
-117
-122
-129
-144
-136
-146
-140
-116
-121
-108
-86
-55
-16
13
29
29
51
60
86
99
89
98
114
110
96
87
57
32
1
-17
-37
-30
-39
-50
-43
-61
-56
-64
-53
-54
-46
-26
-3
13
37
63
82
94
84
80
73
52
24
-15
-62
-98
-143
-161
-185
-220
-228
-241
-247
-243
-245
-228
-217
-219
-201
-177
-157
-121
-98
-84
-51
-30
-4
21
55
71
79
91
90
93
93
101
99
106
104
88
85
79
76
81
88
76
90
82
78
89
81
98
111
122
137
169
191
221
243
229
228
227
230
218
202
165
121
80
20
-1
-30
-60
-87
-108
-133
-156
-158
-171
-177
-190
-199
-199
-199
-194
-185
-178
-174
-159
-120
-100
-73
-76
-63
-49
-46
-18
-27
-13
-28
-30
-30
-25
-30
-26
-13
-7
-3
-20
-8
-3
14
33
44
59
73
94
122
139
140
159
170
172
176
175
174
171
172
150
119
102
81
43
2
-40
-80
-109
-114
-140
-147
-152
-167
-155
-163
-166
-158
-131
-117
-96
-88
-62
-48
-52
-36
-38
-26
-8
13
28
51
71
79
86
85
80
79
65
61
55
40
30
13
16
37
30
46
54
55
66
81
103
113
127
153
164
150
163
164
165
168
140
115
93
73
53
29
3
-34
-69
-93
-111
-128
-158
-174
-180
-204
-202
-208
-217
-198
-205
-185
-175
-168
-150
-129
-112
-101
-109
-109
-93
-87
-78
-69
-55
-45
-42
-58
-62
-57
-31
-24
-20
0
17
32
33
37
42
49
60
61
67
87
113
134
139
154
167
174
170
152
147
146
137
115
101
81
59
26
16
4
-11
-39
-61
-79
-112
-127
-124
-124
-114
-101
-99
-98
-94
-76
-66
-59
-38
-41
-19
0
7
26
37
48
67
61
41
47
26
31
12
8
3
-14
-7
-6
15
33
47
43
44
53
65
69
78
93
96
104
110
111
96
94
93
95
93
90
80
67
51
36
20
11
-7
-31
-44
-49
-67
-75
-78
-82
-74
-74
-78
-63
-46
-45
-36
-51
-36
-44
-53
-42
-56
-37
-24
-30
-49
-56
-55
-59
-57
-44
-57
-61
-62
-75
-90
-89
-82
-82
-72
-71
-52
-34
-15
-2
22
24
41
54
66
94
77
85
84
90
92
93
93
94
93
103
93
70
50
25
1
-14
-30
-46
-47
-44
-31
-36
-35
-44
-44
-42
-35
-27
-39
-40
-41
-45
-54
-56
-55
-43
-39
-36
-31
-43
-52
-64
-74
-82
-91
-85
-69
-58
-41
-42
-35
-16
2
18
45
62
79
98
103
115
113
112
107
93
74
65
61
50
63
67
58
62
72
54
34
21
33
36
37
35
41
36
35
48
38
26
8
10
0
-10
-21
-38
-36
-33
-36
-47
-36
-32
-41
-33
-33
-44
-49
-37
-47
-66
-64
-69
-85
-91
-92
-93
-84
-61
-38
-32
-9
12
20
19
29
41
41
52
61
74
85
90
92
95
94
84
87
90
96
91
69
56
50
38
18
19
24
13
-5
-9
-17
-15
-11
-22
-25
-39
-30
-33
-52
-42
-44
-39
-44
-56
-57
-65
-65
-69
-71
-57
-52
-44
-30
-52
-61
-71
-70
-59
-61
-53
-33
-29
-33
-23
-32
-20
-7
-6
13
19
9
13
4
7
22
15
32
25
21
25
34
42
42
53
47
30
28
17
1
7
-3
10
29
40
36
24
18
7
17
12
14
16
13
16
10
5
5
11
17
21
15
17
18
3
5
-15
-33
-32
-48
-59
-79
-79
-75
-76
-74
-61
-54
-45
-39
-24
-4
0
9
27
38
29
35
36
35
19
21
34
41
29
24
14
-2
0
9
27
14
4
2
5
-5
-10
-8
-4
3
11
35
37
44
52
53
54
50
46
38
31
20
17
1
3
-1
-10
-11
-18
-17
-20
-16
-25
-25
-21
-11
1
0
-4
-5
-10
-17
-16
-9
10
35
42
41
37
37
41
27
24
23
26
28
25
21
9
5
13
5
6
14
0
-3
5
-4
-26
-20
-19
-13
-22
-30
-21
-27
-49
-51
-57
-67
-62
-67
-66
-58
-68
-73
-88
-102
-122
-123
-113
-111
-94
-78
-57
-31
-23
-17
-4
-10
-4
-13
-20
-20
-11
6
15
20
23
37
43
53
69
62
59
55
64
62
58
73
66
54
50
43
38
40
20
19
14
8
-3
11
37
52
73
88
93
95
101
97
80
63
54
46
44
42
37
22
20
16
4
8
1
-9
-16
-16
-19
-35
-45
-45
-42
-46
-47
-55
-56
-60
-62
-53
-55
-53
-39
-35
-41
-38
-29
-35
-51
-40
-40
-50
-54
-59
-55
-49
-34
-9
-13
-18
-4
0
7
4
-3
3
11
17
20
27
36
40
50
68
74
81
86
63
51
47
41
22
30
30
24
29
52
55
50
61
70
63
61
64
49
28
26
26
22
8
-14
-21
-33
-47
-58
-58
-64
-73
-71
-71
-64
-45
-41
-40
-45
-48
-49
-53
-59
-50
-42
-41
-35
-34
-26
-19
-14
-13
-11
-11
-24
-19
-10
1
3
8
1
0
1
-2
-6
-18
-13
-32
-24
-29
-37
-29
-32
-33
-36
-30
-23
-9
-1
-2
-14
-4
13
18
17
16
11
-1
2
6
12
29
45
53
77
78
75
78
64
57
59
55
40
25
21
15
12
22
34
43
29
17
31
28
18
21
21
21
13
8
-14
-14
-22
-20
-21
-29
-34
-46
-44
-58
-62
-53
-49
-30
-27
-16
3
7
15
18
23
20
23
23
23
28
28
28
28
39
29
19
16
6
-3
-7
2
8
6
8
18
12
14
7
1
-2
2
-15
-14
-13
-14
-19
-30
-26
-31
-17
-19
-13
-9
-22
-34
-25
-27
-30
-14
-8
-16
-30
-17
-26
-35
-38
-34
-31
-38
-25
-15
-8
0
1
15
13
9
16
2
-10
-20
-22
-31
-37
-32
-31
-46
-67
-66
-60
-64
-46
-32
-26
-14
-17
-9
-7
-8
3
0
-13
-9
11
17
15
20
24
24
29
41
50
53
46
35
29
24
29
28
29
26
27
34
36
35
24
22
26
20
14
16
7
13
20
11
4
2
11
6
15
25
30
34
37
43
47
54
59
55
55
50
26
14
-5
-10
1
3
5
5
4
5
3
1
9
13
9
6
3
3
3
-9
-14
-13
-5
-4
-4
7
6
16
26
38
48
48
42
30
26
25
18
17
11
-5
-19
-27
-10
-14
-15
-8
-7
-1
2
-15
-16
-12
-26
-12
-14
-10
-13
-15
-21
-20
-23
-21
-37
-47
-51
-64
-70
-73
-72
-86
-91
-86
-77
-63
-51
-53
-46
-43
-42
-29
-32
-50
-54
-59
-63
-55
-38
-18
-16
-8
-10
-12
-12
-10
-4
-1
0
-2
-8
-9
-8
-14
-11
-3
-3
-3
-1
10
22
28
37
45
47
53
68
65
68
75
85
100
109
105
118
119
120
124
118
93
67
54
36
11
1
-7
-10
-11
-16
-9
3
-8
-15
-22
-22
-11
-3
7
1
-7
-10
-15
-16
-3
6
19
-3
-12
-30
-44
-48
-41
-23
-24
-35
-36
-26
-29
-16
-12
-20
-23
-2
20
28
15
12
19
5
-3
-19
-13
-22
-38
-22
-23
-28
-14
-12
-11
-14
-5
-11
-24
-36
-50
-58
-57
-56
-63
-66
-70
-65
-61
-49
-46
-34
-29
-19
-10
7
20
14
24
8
8
16
11
10
13
-3
0
-2
10
22
28
39
42
44
50
58
56
58
57
55
50
51
66
63
60
50
45
50
43
44
45
39
31
17
21
25
14
-2
-28
-31
-38
-40
-34
-19
-20
-29
-37
-58
-50
-52
-49
-42
-38
-32
-31
-9
-8
-7
8
4
13
14
3
1
5
6
-7
-33
-38
-24
-29
-35
-51
-46
-47
-36
-28
-16
1
-1
8
1
0
-5
-2
2
9
11
1
13
4
4
14
17
31
36
33
32
35
32
20
26
23
12
6
-5
-14
-11
-19
-26
-23
-21
-11
-7
9
10
19
32
29
38
48
60
56
54
59
67
73
62
55
54
45
31
16
4
-5
-5
-10
-9
-17
-19
-29
-25
-14
-30
-43
-33
-32
-38
-40
-30
-15
-13
1
19
25
17
25
13
15
10
21
30
22
13
-4
-14
-31
-29
-36
-42
-47
-52
-42
-42
-50
-55
-49
-56
-52
-53
-54
-52
-53
-47
-42
-36
-31
-26
-37
-38
-42
-39
-32
-28
-28
-32
-33
-34
-31
-15
-13
-2
7
15
10
-1
-2
-2
4
19
23
15
23
50
77
84
93
105
109
120
127
131
120
121
119
110
112
104
92
79
72
53
39
40
34
28
31
23
19
21
16
9
2
6
4
2
3
5
-6
-16
-18
-33
-30
-40
-29
-26
-26
-21
-37
-39
-44
-64
-75
-76
-85
-88
-85
-89
-99
-101
-92
-89
-105
-98
-91
-92
-85
-78
-61
-47
-38
-31
-34
-34
-22
-28
-33
-40
-31
-25
-20
-18
-25
-34
-42
-32
-36
-28
-24
-13
9
17
18
20
24
32
22
20
14
18
34
41
38
36
49
63
69
71
60
58
57
53
36
26
25
13
-6
-10
-8
-11
1
-5
-4
-3
2
11
25
33
48
53
54
57
49
43
46
52
47
60
58
46
34
29
20
16
3
7
4
-2
1
-2
-4
-10
7
12
20
20
25
21
14
8
1
4
-1
-11
-11
-19
-23
-10
-5
-13
-6
-3
-3
-4
-5
-4
-11
-20
-21
-23
-32
-36
-41
-40
-28
-22
-20
-13
-18
-4
-9
-4
15
19
19
14
21
24
28
36
22
7
2
6
-5
-20
-26
-42
-57
-65
-72
-76
-71
-73
-52
-51
-47
-34
-27
-25
-27
-19
-19
-7
-13
-15
-22
-31
-34
-42
-53
-39
-40
-29
-17
2
13
19
24
17
23
19
22
30
41
52
65
68
66
75
90
86
84
82
87
101
92
90
91
91
79
72
55
36
17
8
4
-1
-12
-14
-12
-21
-26
-27
-23
-24
-11
-6
-13
-23
-27
-11
-13
-20
-24
-30
-35
-26
-52
-66
-53
-51
-59
-54
-46
-54
-59
-77
-86
-83
-84
-94
-83
-79
-76
-58
-59
-57
-58
-48
-30
-28
-18
-3
4
17
27
33
52
58
56
56
58
61
69
74
84
90
94
98
92
99
104
103
102
93
72
65
62
46
37
38
36
31
23
20
18
12
0
-13
-21
-36
-36
-32
-33
-40
-39
-42
-52
-60
-55
-45
-52
-45
-56
-59
-61
-70
-61
-54
-45
-31
-28
-24
-25
-23
-18
-19
-7
-13
-11
-8
14
13
13
5
6
7
-2
-1
-19
-12
-4
0
1
-11
-12
-11
-10
3
-10
-6
2
-10
-7
-8
-8
1
-2
2
6
3
19
8
16
15
6
20
17
26
30
30
28
25
31
19
18
22
26
18
7
8
8
14
22
26
16
14
22
13
11
5
0
2
0
-4
-3
-10
-16
-25
-23
-22
-18
-13
-18
-12
-7
-13
-5
-3
-2
-4
-11
-6
-6
-5
4
6
-16
-10
-30
-27
-29
-40
-30
-38
-24
-27
-19
-20
-13
-13
-18
-16
-15
-9
-14
-17
-14
-4
-10
-1
3
1
-5
-10
-2
4
-4
-7
-2
-10
12
9
16
8
20
26
25
37
37
48
46
46
44
49
45
47
49
44
39
37
44
45
47
38
29
34
35
41
26
17
25
20
27
19
14
12
9
-3
4
-1
-3
-6
-24
-22
-27
-22
-30
-33
-29
-23
-16
-7
-6
-23
-12
-9
-18
-9
1
1
-3
-12
-24
-25
-30
-43
-48
-44
-36
-20
-10
-12
-12
-20
-16
-1
-2
6
13
16
5
4
-10
-17
-9
-14
-19
-19
-19
-20
-17
-21
-16
-23
-16
-16
-17
-11
-16
-2
0
-1
-6
-7
-12
-12
-7
-13
-19
-26
-31
-30
-33
-35
-32
-40
-40
-38
-35
-43
-37
-20
-17
-17
-24
-22
-19
-15
-8
-7
-2
5
14
12
16
25
33
25
30
32
37
37
42
49
36
39
46
50
52
57
62
78
81
91
102
97
77
86
95
89
82
68
59
50
44
36
35
12
10
10
0
3
-3
-1
1
-3
-10
-13
-18
-14
-22
-23
-23
-31
-26
-31
-42
-47
-48
-43
-59
-70
-72
-78
-84
-79
-87
-82
-68
-73
-56
-61
-53
-50
-53
-48
-54
-44
-35
-22
-15
-3
15
15
17
13
15
21
30
53
56
52
64
49
45
45
39
38
39
28
23
4
4
11
19
27
23
14
12
12
10
13
6
16
23
23
15
9
6
8
-1
-7
-2
-10
-5
-19
-30
-30
-35
-33
-36
-23
-22
-18
-18
-20
-2
3
11
13
0
5
2
1
-7
-1
-3
-13
-14
-15
-8
-13
-16
-7
-13
-10
-15
-14
-24
-32
-28
-27
-29
-37
-39
-58
-47
-57
-44
-40
-38
-15
-26
-17
-13
-7
-5
15
9
6
12
-4
9
12
2
-2
4
12
6
-5
1
8
1
-2
2
8
17
24
16
24
41
49
61
63
66
62
67
66
54
58
50
49
47
58
56
50
49
47
47
48
60
50
41
30
26
16
0
-12
-26
-37
-44
-60
-71
-66
-65
-59
-54
-35
-14
2
17
15
5
22
28
21
18
18
23
18
13
11
13
14
9
3
1
-9
-11
-15
-9
-3
-17
-8
-9
-20
-11
-12
-5
6
-2
6
-1
-5
-6
-11
-8
-27
-24
-35
-28
-34
-31
-28
-36
-43
-53
-52
-58
-55
-52
-52
-42
-41
-38
-28
-27
-22
-14
-11
-11
-14
-21
-16
-15
-10
1
10
15
19
24
19
20
16
10
6
6
11
20
1
0
6
-2
-10
-20
-14
-10
-5
-1
10
22
36
39
43
57
59
64
60
58
65
63
62
60
50
43
41
34
30
16
23
20
18
15
6
11
9
3
1
-3
-1
7
0
-5
-6
-9
-5
2
-6
-11
-18
-10
-18
-30
-27
-35
-42
-48
-50
-57
-62
-55
-56
-60
-61
-52
-43
-44
-48
-50
-49
-49
-49
-42
-38
-19
-3
-2
-4
-6
2
4
9
11
17
15
11
-3
-4
-8
-29
-21
-23
-34
-28
-17
-7
1
10
18
26
50
55
58
56
53
57
58
64
75
70
64
67
59
61
59
57
56
51
56
56
45
44
34
30
19
12
2
-18
-20
-18
-17
-21
-17
-18
-14
-7
-10
-5
10
17
24
18
8
22
18
1
5
6
-5
-3
-12
-13
-11
-8
-17
-24
-30
-41
-43
-43
-47
-51
-37
-44
-36
-35
-37
-37
-48
-44
-58
-53
-46
-31
-28
-23
-20
-24
-20
-26
-23
-36
-44
-48
-56
-47
-44
-51
-46
-39
-31
-28
-18
-21
-16
-5
5
16
21
31
30
38
37
51
50
48
43
38
55
62
58
59
59
47
35
25
6
1
0
-12
-8
-6
-6
3
0
-5
-4
-11
-15
-16
-25
-18
-14
-12
-6
0
4
10
8
-1
7
11
1
1
9
17
19
18
15
10
17
12
9
0
7
10
4
19
25
38
48
47
39
36
45
48
51
39
40
44
42
45
38
39
37
27
22
19
9
-1
-7
-11
-10
-13
-6
-15
-22
-21
-25
-36
-31
-20
-21
-16
-17
-22
-10
-11
-10
-10
-16
-9
-22
-22
-22
-32
-39
-30
-22
-30
-33
-29
-32
-26
-26
-33
-38
-32
-37
-42
-48
-48
-36
-34
-22
-16
-3
12
9
15
20
12
5
6
8
-1
-5
-7
-6
-5
-8
-15
-20
-16
-12
-5
1
0
5
3
3
12
1
2
2
1
-3
1
1
-7
-13
-11
-1
-7
-4
0
-3
-11
-5
6
-5
-7
-1
-4
-8
-6
-5
2
8
10
22
25
29
30
29
25
28
28
33
28
30
34
27
26
33
36
37
35
35
36
32
24
22
11
14
8
5
4
1
-10
-8
-6
-17
-18
-13
-10
-2
1
-4
7
7
1
-7
-8
-5
-9
-9
-11
-4
-5
-7
-10
-14
-16
-25
-27
-28
-31
-31
-35
-38
-38
-40
-42
-31
-18
-13
-6
5
6
1
6
14
19
18
20
29
28
23
23
26
16
11
14
10
7
6
4
9
5
5
8
12
17
16
22
26
24
20
21
29
23
17
15
16
10
10
9
10
5
5
2
-4
8
5
3
3
7
-1
-13
-13
-23
-28
-29
-35
-38
-28
-34
-38
-35
-27
-17
-18
-15
-19
-13
-17
-19
-17
-14
-19
-28
-20
-18
-22
-26
-18
-19
-17
-15
-13
-15
-16
-12
-13
-19
-13
-7
-8
-6
-5
-1
1
2
7
8
14
16
9
11
18
12
11
16
29
29
27
30
37
36
29
25
20
17
19
16
8
12
14
12
9
7
11
19
22
24
20
21
23
19
19
17
18
17
17
10
11
3
-2
-6
-7
-6
-12
-2
-6
-16
-17
-20
-24
-26
-17
-22
-30
-21
-23
-22
-20
-18
-14
-10
-14
-6
-1
-3
7
1
4
2
1
-7
-16
-18
-18
-19
-17
-13
-18
-11
-9
-12
-10
-9
-11
-9
-8
-5
-4
-7
-9
-11
-11
-11
-6
-1
0
1
4
4
4
9
5
16
16
6
5
7
12
11
6
11
13
20
27
23
23
26
25
23
26
19
30
26
25
33
23
21
17
14
13
2
-7
-9
-11
-14
-20
-23
-20
-14
-17
-18
-15
-8
-5
-12
-10
-12
-8
-3
-12
-5
0
0
2
10
10
12
22
19
17
13
13
13
9
8
2
0
-9
-8
-11
-12
-14
-9
-5
-9
-5
-7
-8
-11
-7
-5
3
1
0
3
-2
-5
-3
5
4
10
14
13
10
6
12
4
5
12
16
13
17
17
13
15
13
9
-3
-4
-4
-8
-18
-19
-18
-27
-29
-34
-40
-35
-33
-34
-32
-41
-32
-36
-39
-33
-30
-20
-13
-9
-3
-6
-6
-2
-3
1
2
3
11
15
15
13
14
18
12
14
13
12
9
11
8
6
10
9
8
7
2
-7
-6
-6
-1
-5
-5
-5
-8
-8
-11
-11
-9
-5
-2
5
-3
-2
5
9
5
2
11
12
17
19
27
24
23
24
20
26
28
25
22
32
33
28
30
31
29
29
25
23
26
25
23
21
17
17
16
15
15
3
9
5
1
-6
-9
-8
-14
-16
-16
-8
-14
-22
-22
-25
-28
-30
-32
-35
-35
-34
-32
-33
-29
-25
-21
-22
-25
-25
-26
-27
-26
-27
-21
-19
-21
-21
-18
-14
-17
-12
-7
-1
-4
-9
-5
-9
-7
-6
-2
2
0
-1
-3
2
3
-1
0
1
0
4
7
6
9
13
20
23
27
25
29
27
14
13
15
11
15
5
5
12
11
8
6
9
-1
-1
-1
-7
-9
-10
-9
-9
-11
-15
-13
-4
-6
-10
-9
-9
-2
5
5
8
5
9
10
6
11
5
6
8
8
18
20
23
34
34
35
37
31
35
32
30
27
22
14
14
12
4
7
4
1
-3
-2
-2
-4
-11
-19
-19
-22
-27
-25
-22
-23
-25
-27
-24
-19
-19
-14
-13
-10
-1
5
2
3
10
5
7
6
6
8
10
14
11
14
18
20
20
19
17
13
13
5
-1
-2
-3
-8
-12
-12
-14
-19
-18
-18
-22
-19
-20
-22
-23
-22
-14
-12
-15
-13
-11
-14
-15
-20
-18
-14
-16
-13
-13
-5
-5
-6
3
3
7
3
1
2
-1
0
-3
-8
-6
-4
-3
-2
-5
-4
-12
-9
-8
-6
-3
-5
-9
-18
-13
-12
-8
-12
-11
-12
-13
-15
-15
-8
-9
-12
-11
-9
-9
-13
-11
-11
-6
1
1
2
7
7
11
12
9
13
16
15
18
20
22
25
27
26
23
30
32
34
38
41
42
40
37
33
31
26
20
16
18
22
19
19
17
20
22
18
15
17
18
23
19
9
9
13
10
3
7
7
7
6
3
3
4
6
5
1
-1
0
-6
-4
-10
-9
-8
-17
-19
-21
-18
-18
-16
-11
-9
-14
-14
-17
-11
-12
-17
-14
-13
-6
-6
-6
-4
-6
-4
-4
-5
-10
-5
-5
-1
-9
-11
-10
-11
-13
-16
-14
-19
-16
-19
-19
-22
-21
-26
-24
-22
-29
-23
-24
-27
-31
-31
-32
-30
-29
-24
-22
-22
-21
-18
-18
-13
-8
-6
-8
-8
-7
-8
-14
-14
-13
-10
-7
-5
-4
-1
5
8
11
9
14
15
16
14
13
16
18
19
18
19
18
23
19
15
13
14
16
18
23
23
23
21
20
17
13
15
13
13
14
12
10
8
9
9
12
12
9
8
10
8
7
0
1
3
2
2
3
3
4
4
3
4
6
4
0
3
5
1
-4
1
5
12
15
23
24
24
22
21
19
10
8
6
2
-4
-3
-2
1
0
1
3
2
4
-1
0
0
-3
-2
-4
2
2
3
2
-2
-5
-13
-11
-10
-12
-11
-9
-8
-10
-9
-3
-3
-2
0
0
-2
-5
-6
-7
-6
-2
-1
0
0
2
2
-4
-1
0
0
1
-4
-5
4
2
-1
3
4
5
0
-8
-12
-13
-13
-10
-10
-12
-7
-6
-7
-6
-2
0
-1
-8
-14
-13
-12
-15
-20
-20
-17
-17
-20
-22
-23
-22
-22
-19
-15
-14
-14
-15
-15
-18
-14
-17
-14
-7
-7
-1
-8
-6
-4
1
0
-2
-4
-1
-1
-6
-3
-4
-1
-1
-2
-2
0
3
4
3
3
6
6
8
7
13
17
18
17
16
18
17
16
13
17
21
23
18
16
16
18
23
20
17
23
26
26
20
19
18
14
14
11
12
18
20
19
19
19
18
17
12
12
11
13
10
9
9
8
6
0
-3
-7
-10
-13
-16
-15
-11
-13
-14
-13
-13
-7
-10
-9
-14
-10
-7
-8
-9
-7
-5
-6
-9
-12
-8
-12
-13
-13
-15
-14
-11
-10
-13
-8
-2
-1
-1
-2
3
4
3
4
8
7
5
2
0
6
8
5
-1
-3
0
1
0
1
4
8
7
5
7
6
10
9
5
5
-1
-3
-6
-10
-13
-14
-11
-16
-14
-12
-12
-13
-15
-16
-11
-7
-9
-11
-13
-11
-12
-16
-15
-13
-13
-15
-16
-11
-8
-11
-16
-15
-13
-14
-15
-12
-12
-8
-7
-11
-10
-10
-8
-10
-10
-10
-8
-8
-5
-3
-4
-1
-4
0
1
5
6
8
10
17
22
24
27
32
37
34
32
29
26
24
23
24
23
28
26
27
32
33
37
36
33
27
25
23
20
18
14
13
13
10
6
5
6
2
-1
-5
-9
-8
-11
-15
-8
-10
-13
-15
-14
-19
-21
-16
-19
-15
-18
-11
-10
-8
-9
-10
-13
-14
-12
-16
-12
-11
-12
-16
-13
-10
-15
-18
-23
-19
-24
-24
-24
-22
-15
-15
-10
-8
-1
-3
3
4
10
12
12
11
9
12
12
10
8
10
11
16
13
9
13
14
13
13
15
13
15
15
13
15
13
11
7
9
10
9
6
1
3
4
2
0
-1
-2
-1
-2
-6
-7
-12
-10
-18
-21
-25
-18
-16
-22
-20
-19
-15
-15
-16
-17
-15
-16
-18
-16
-17
-10
-11
-8
-9
-9
-8
-7
-6
-3
2
5
11
12
16
20
22
20
16
21
18
14
12
17
17
21
20
17
20
17
18
9
9
6
10
8
4
8
7
8
5
8
4
8
5
-1
-2
-2
1
-2
-2
-3
-3
-5
-6
-5
-5
-2
-3
2
-5
-8
-8
-11
-14
-14
-13
-15
-17
-18
-17
-22
-24
-26
-25
-20
-21
-23
-24
-18
-17
-17
-15
-15
-13
-14
-11
-9
-2
4
8
10
15
16
21
22
21
28
26
29
29
29
33
32
33
35
32
28
27
25
21
19
17
17
11
9
6
5
3
3
2
-1
0
-2
-4
-5
-5
-7
-11
-14
-16
-18
-17
-19
-23
-17
-19
-18
-20
-17
-11
-17
-15
-15
-13
-12
-10
-14
-9
-7
-10
-9
-14
-7
-7
-6
-6
-5
-2
-2
-3
-5
-6
-6
-7
-14
-15
-15
-14
-15
-18
-16
-15
-12
-10
-13
-12
-5
-4
-2
-1
-1
4
2
4
7
11
11
12
11
13
15
15
14
20
24
21
19
18
21
19
16
12
10
8
7
6
4
4
7
5
4
6
7
6
5
1
1
4
7
7
11
10
10
9
8
11
10
9
9
10
4
7
5
1
1
0
2
-2
-2
-2
-1
1
-1
1
0
3
4
3
2
3
1
1
-2
0
-3
-7
-7
-5
-4
-5
-4
-5
-2
1
3
0
-1
-2
-4
-3
-8
-7
-9
-6
-5
-9
-4
-3
0
-7
-6
-6
-4
-9
-16
-11
-11
-10
-12
-14
-16
-16
-15
-13
-13
-16
-13
-16
-14
-14
-13
-10
-11
-8
-5
1
1
0
1
5
5
7
5
5
10
9
9
7
10
11
8
13
11
15
15
18
16
14
12
9
7
4
1
-6
-5
-7
-7
-11
-7
-6
-6
-3
-3
2
1
2
4
8
6
10
13
11
12
12
12
12
16
14
7
8
9
10
7
12
8
9
9
5
3
1
1
-7
-3
-5
-4
-8
-9
-10
-12
-12
-15
-14
-16
-12
-15
-12
-11
-9
-6
-9
-9
-8
-5
-5
-2
-2
0
0
1
3
-1
0
0
4
5
5
6
3
9
4
5
-1
-3
-3
-1
2
1
9
6
8
6
4
2
3
5
0
1
1
2
2
6
4
7
6
3
2
3
9
5
4
-1
3
2
-1
-1
-6
-5
-3
-5
-8
-3
-3
-6
-6
-5
-6
-8
-4
-11
-7
-6
-5
-4
-7
-6
-6
-7
-12
-9
-9
-12
-16
-17
-16
-15
-11
-12
-10
-8
-6
-5
-7
0
0
2
4
7
8
11
9
8
13
14
17
15
19
21
17
16
16
16
17
18
12
13
14
13
12
8
5
2
0
-5
-4
-6
-4
-4
-10
-11
-13
-13
-18
-17
-19
-15
-11
-10
-9
-9
-9
-7
-4
-6
-2
-5
-2
-3
-3
-3
-1
1
-1
1
-2
0
-2
-4
-3
-3
-3
-2
2
1
2
1
3
2
5
5
3
9
8
11
11
10
8
6
11
11
10
11
12
11
11
10
9
6
6
9
9
11
7
9
9
9
9
6
9
7
8
