SAMPLES:	22373
BITSPERSAMPLE:	16
CHANNELS:	1
SAMPLERATE:	16000
NORMALIZED:	FALSE
17
17
23
23
23
19
20
19
19
17
12
9
10
10
11
10
8
9
7
2
-6
-4
-9
-14
-12
-18
-22
-24
-21
-20
-20
-15
-18
-16
-13
-11
-12
-12
-9
-6
-5
-4
0
-5
-11
-11
-13
-12
-14
-15
-14
-14
-13
-14
-12
-10
-8
-6
-7
-8
-7
-9
-5
-12
-13
-9
-9
-8
-10
-7
-6
-7
0
4
5
9
9
8
11
8
7
6
4
7
9
11
14
14
10
8
9
12
8
11
11
11
13
12
14
17
21
21
22
20
23
21
17
16
9
10
10
10
7
7
5
2
1
1
-3
-7
0
-1
-1
0
-4
-3
-3
-2
-3
-5
-1
-3
-8
-8
-3
-4
-3
-2
-2
-5
-7
-6
-4
-2
-1
-6
-6
-2
-6
-3
-7
0
-1
-2
-4
-4
-4
-4
0
-3
0
-4
-8
-7
-5
-1
-2
-4
-3
-1
3
-2
-1
0
-2
1
-2
-8
-9
-6
-4
-5
-5
-2
-2
-4
-5
-5
-5
-6
-3
1
-2
1
-3
0
2
7
10
4
5
6
2
3
8
9
12
13
10
14
14
13
16
14
15
14
11
9
7
11
3
1
3
-1
0
-7
-9
-8
-10
-6
-6
-3
3
-1
-2
-4
-2
-3
-4
-4
-6
-6
-6
-6
-6
-5
-7
-8
-11
-13
-12
-11
-11
-7
1
3
0
2
-2
-1
-1
-1
0
-3
-3
-3
-7
-4
1
-1
-7
-7
-3
-7
-8
-9
-7
-3
-8
-9
-8
-8
-11
-9
-5
-6
0
1
3
5
5
4
2
4
3
0
-3
0
7
9
6
5
6
6
4
2
1
1
1
5
8
7
10
8
7
9
9
6
6
5
8
7
7
5
2
2
1
1
1
4
2
2
2
1
4
2
1
2
4
5
6
9
9
9
6
6
9
9
3
5
4
4
0
-1
-4
-8
-9
-11
-10
-11
-12
-13
-13
-14
-13
-14
-11
-12
-12
-8
-12
-10
-8
-4
-6
-6
0
4
1
1
4
2
2
1
1
2
-2
2
0
2
2
0
3
-2
1
4
8
7
5
7
5
5
4
2
-1
-2
-2
0
0
2
6
9
7
7
9
9
11
12
14
12
12
11
8
8
7
4
2
1
-4
-1
4
1
1
0
-2
-1
0
-2
-1
-2
0
-3
-8
-9
-13
-8
-10
-10
-12
-11
-7
-7
-10
-9
-4
-5
-7
-8
-7
-6
-6
-9
-8
-4
-4
-3
-1
-2
-3
-2
-3
-4
-5
-2
-1
-2
-3
0
0
0
3
4
1
5
9
9
9
9
9
1
0
-1
0
1
-2
-3
-4
-3
-3
-1
1
8
7
9
8
12
15
14
16
13
12
9
8
2
3
2
6
7
3
7
10
8
7
8
11
9
7
9
5
1
-1
-2
-8
-10
-13
-14
-14
-14
-13
-11
-8
-9
-8
-11
-13
-10
-8
-8
-10
-9
-7
-6
-5
-7
-6
-5
-5
-5
-4
-3
-3
-1
-2
-1
-1
0
-1
3
4
4
6
11
11
13
15
12
14
12
9
4
4
6
2
0
1
-2
-5
-5
-10
-10
-7
-6
-7
-6
-6
-7
-7
-11
-10
-9
-13
-13
-15
-14
-11
-12
-10
-7
-5
-3
-5
-3
-3
0
-1
-2
0
-1
2
-1
-3
-2
-1
3
2
5
6
6
8
8
12
12
7
9
11
9
11
8
10
13
15
13
13
13
11
12
12
12
12
13
13
12
10
11
10
11
9
8
11
11
9
10
9
10
7
5
5
4
0
-2
-3
-7
-9
-8
-5
-4
-5
-7
-9
-9
-10
-7
-7
-6
-8
-6
-8
-9
-9
-14
-15
-16
-16
-17
-17
-18
-16
-17
-19
-16
-18
-18
-20
-18
-18
-20
-17
-16
-15
-16
-14
-9
-9
-7
-4
-3
-2
-4
1
3
3
9
9
9
13
12
13
12
9
9
11
12
14
15
18
18
18
18
14
14
13
16
17
14
13
13
13
12
13
15
15
10
11
6
6
5
2
1
-2
-2
-2
-1
-3
-5
-4
-2
-1
-2
-3
-4
-6
-9
-9
-12
-12
-13
-12
-12
-10
-9
-6
-7
-6
-7
-6
-8
-11
-9
-8
-11
-11
-8
-8
-7
-9
-9
-4
-2
-4
-3
3
2
3
3
2
7
5
4
6
7
6
9
11
12
13
13
11
14
13
13
12
12
13
12
10
5
7
6
3
4
3
1
0
-1
1
-1
0
-1
-2
0
-3
-2
-4
-5
-4
-5
-7
-6
-4
-3
-2
-2
-2
-1
0
1
-1
-3
-1
-3
-3
-2
-4
-9
-5
-3
-4
-5
-4
-3
-4
-5
-5
-3
-1
-1
-1
1
4
2
4
4
0
1
3
3
0
-1
1
1
2
3
3
1
3
3
3
7
6
2
3
4
0
-4
-4
-3
-5
-6
-6
-8
-8
-8
-10
-10
-7
-9
-10
-7
-7
-8
-8
-8
-8
-11
-12
-9
-7
-9
-10
-7
-6
-8
-7
-6
-6
-3
-1
-2
-5
-3
-5
-4
-2
0
4
3
6
5
8
10
9
9
7
4
7
6
11
11
9
12
11
12
11
13
16
15
13
15
14
14
14
13
16
14
10
10
11
10
9
4
5
3
2
3
2
3
2
-3
-2
-3
-3
-4
-7
-4
-4
-2
-4
-4
-3
-4
-2
-4
-6
-3
-7
-8
-8
-10
-10
-10
-13
-13
-13
-14
-11
-14
-10
-8
-8
-7
-9
-9
-7
-6
-9
-10
-9
-9
-8
-7
-5
0
4
5
4
3
7
6
8
10
11
11
9
7
7
6
6
6
4
4
7
5
4
3
7
7
4
3
5
5
3
2
3
3
0
0
-3
-2
-2
-2
-3
-2
-2
-4
-3
-2
-3
-4
-3
-3
-4
-1
-4
-4
-3
-1
0
-1
1
0
-2
-1
-1
-2
1
1
-1
-3
-4
0
-2
0
1
2
3
2
3
1
2
0
2
1
2
1
3
3
1
1
4
2
1
4
4
3
3
1
3
2
2
1
0
0
-3
-3
-1
-2
-3
-2
-3
-2
0
-1
0
2
-3
-3
-4
-5
-7
-8
-6
-7
-4
-8
-7
-4
-4
-3
-6
-6
-5
-8
-8
-6
-5
-1
-2
0
1
0
2
2
4
8
8
7
5
6
7
6
5
7
9
8
10
12
11
11
12
13
12
13
10
11
10
5
6
7
6
4
5
4
5
5
2
4
3
0
-1
-2
-5
-6
-5
-6
-6
-3
-7
-6
-6
-8
-8
-11
-10
-9
-8
-9
-9
-10
-10
-10
-9
-7
-7
-6
-5
-7
-7
-6
-4
-5
-6
-6
-6
-5
-4
-5
-5
-4
-4
-8
-8
-5
-3
-2
-3
2
2
4
3
5
2
0
0
-1
2
4
6
6
6
6
5
6
7
6
8
6
5
6
5
5
6
5
4
5
4
5
6
4
1
1
1
0
-1
1
-2
-3
-3
-5
-4
-2
0
-2
-3
-4
-3
-3
-4
-6
-2
-1
-3
-4
-2
-1
-1
-3
-2
-2
-3
-1
-4
-2
-5
-6
-5
-5
-5
-4
-5
-4
-3
0
1
-1
5
4
2
2
2
5
5
5
6
7
10
7
8
7
5
8
9
11
11
13
13
12
12
11
11
10
9
9
8
5
5
7
6
8
7
5
7
6
3
4
0
-2
-4
-4
-5
-7
-5
-6
-7
-7
-9
-9
-6
-6
-3
-5
-4
-4
-6
-7
-5
-6
-6
-5
-7
-7
-5
-4
-3
-1
1
-1
0
1
2
3
0
0
-1
-2
-5
-5
-7
-8
-8
-11
-9
-10
-12
-11
-10
-10
-10
-10
-10
-8
-9
-12
-11
-13
-14
-11
-10
-10
-8
-6
-4
-4
-3
0
1
3
1
5
8
8
7
7
9
10
10
9
11
13
11
13
11
11
12
15
15
13
12
12
10
9
5
1
0
-3
-2
-2
1
2
1
3
2
2
1
0
0
1
0
-3
-1
-3
-3
-4
-2
-1
0
2
1
1
3
2
4
3
3
6
5
4
5
3
2
2
3
3
0
1
0
-2
-1
-3
-3
-3
-4
-3
-3
-5
-4
-5
-1
0
3
4
4
4
3
2
3
3
4
3
0
1
-1
-1
-4
-7
-7
-8
-12
-11
-10
-7
-6
-7
-5
-6
-6
-5
-7
-9
-9
-9
-9
-8
-9
-9
-9
-9
-9
-6
-6
-5
-4
-3
-1
0
1
5
6
6
7
7
9
7
7
9
10
11
10
10
11
10
10
7
7
6
5
5
7
7
7
7
10
9
11
12
9
7
6
5
5
5
4
4
3
3
4
1
4
3
2
1
-2
1
0
-1
2
-1
-3
-4
-1
-1
-1
0
1
0
-2
-3
-4
-4
-4
-7
-7
-6
-7
-8
-10
-9
-10
-10
-9
-9
-8
-9
-8
-7
-6
-7
-9
-9
-7
-10
-10
-10
-12
-13
-16
-15
-16
-14
-11
-11
-10
-7
-2
-4
-1
2
3
6
5
4
7
5
2
5
5
8
6
6
9
9
12
10
10
11
13
12
12
12
12
11
11
11
10
6
7
5
3
4
1
2
0
-3
-5
-5
-8
-8
-8
-7
-5
-3
-3
-4
-3
-4
-3
-3
-3
-2
-2
-3
-2
-1
-1
-2
0
0
1
1
0
1
1
2
4
4
6
4
3
3
2
2
1
0
1
0
1
4
3
1
0
1
3
3
0
0
-1
-2
-2
1
1
1
4
5
6
6
6
7
7
6
7
4
4
2
2
1
0
1
1
1
-1
-2
-2
-1
-1
-1
-3
-3
-1
-2
-1
0
0
2
1
-1
-2
-5
-4
-6
-5
-5
-4
-3
-4
-5
-6
-8
-7
-6
-6
-3
-4
-2
-1
-2
-1
0
-1
0
-1
0
-1
1
0
0
1
0
1
2
0
0
0
-2
-1
0
1
0
-1
0
-2
-2
-2
-2
-1
0
-1
0
0
-1
-3
-5
-6
-8
-7
-6
-6
-4
-2
0
0
0
-1
-2
2
3
4
2
0
2
6
4
3
3
3
2
1
1
1
2
2
4
4
6
3
4
4
5
6
6
7
6
6
9
8
6
6
8
5
6
7
8
8
8
11
8
9
9
11
11
10
11
12
12
7
4
4
2
1
-1
-2
-4
-6
-8
-10
-11
-11
-15
-15
-15
-12
-10
-8
-6
-7
-5
-6
-6
-6
-8
-8
-10
-11
-14
-12
-13
-13
-12
-12
-9
-11
-11
-9
-8
-5
-6
-7
-5
-5
-3
-2
-1
0
1
2
0
-1
-2
-3
-1
0
-1
-1
2
0
2
4
6
5
9
9
8
8
8
8
7
6
8
11
11
8
8
9
8
6
5
6
7
6
7
6
7
7
8
5
5
3
2
-1
-2
-1
-1
0
-1
-1
-1
-2
-3
-5
-6
-7
-9
-10
-8
-8
-10
-9
-8
-9
-10
-8
-6
-6
-7
-7
-7
-7
-8
-7
-5
-3
-1
1
1
4
5
4
7
8
9
8
9
10
8
8
7
4
4
4
5
5
5
7
4
5
3
2
1
-2
-1
0
-1
1
-1
-2
-2
-1
0
-1
1
3
4
5
8
6
8
6
7
4
2
2
3
3
3
4
4
6
4
5
5
5
5
5
5
6
7
5
3
1
-3
-4
-3
-6
-7
-7
-8
-7
-7
-7
-5
-6
-5
-5
-5
-8
-10
-9
-8
-6
-8
-7
-5
-5
-4
-5
-6
-9
-9
-9
-10
-11
-9
-9
-8
-9
-9
-6
-7
-6
-6
-4
-4
-1
0
-1
1
2
3
2
4
3
1
2
2
2
2
4
6
4
5
5
7
7
9
9
7
7
7
9
8
7
8
7
6
4
4
4
2
-2
-2
-4
-4
-5
-6
-6
-6
-6
-6
-6
-7
-6
-5
-5
-5
-4
-3
-3
-2
-3
-4
-2
-2
-2
2
2
6
5
4
7
10
9
10
11
11
12
11
11
10
9
11
13
13
14
15
15
12
12
11
8
8
8
5
6
3
0
1
-1
-3
-6
-8
-11
-11
-13
-13
-13
-15
-14
-17
-17
-18
-19
-17
-17
-19
-18
-17
-17
-15
-17
-16
-15
-13
-10
-7
-4
-5
-2
-1
-3
0
3
3
6
5
7
10
10
10
11
11
11
11
10
8
9
9
8
7
8
7
8
9
6
5
5
5
3
2
2
2
3
5
6
5
7
7
7
6
6
4
4
3
1
4
2
2
3
3
3
3
2
4
4
4
5
4
4
1
1
0
-1
-4
-4
-5
-6
-7
-6
-7
-9
-8
-12
-10
-9
-9
-8
-9
-10
-9
-8
-8
-11
-10
-10
-11
-11
-12
-15
-14
-14
-14
-14
-14
-10
-11
-10
-8
-8
-7
-3
-5
-2
-2
-3
-3
-3
-3
-3
-1
0
2
4
4
6
9
10
12
9
9
10
10
12
11
12
12
12
14
14
14
16
16
16
16
15
15
13
10
9
6
6
6
5
4
3
3
1
3
2
0
-1
0
1
0
2
2
1
1
2
2
1
-1
0
0
0
0
0
1
2
2
3
3
6
4
5
5
3
3
1
2
1
1
2
1
-1
1
-2
-3
-4
-6
-6
-7
-7
-8
-10
-11
-12
-14
-16
-14
-15
-13
-15
-13
-16
-15
-16
-17
-16
-17
-17
-18
-16
-19
-15
-15
-14
-13
-12
-8
-7
-7
-7
-6
-4
-4
-1
0
3
3
2
2
4
5
4
5
4
7
9
9
9
10
10
11
10
11
10
10
12
12
12
11
9
10
8
8
7
8
8
8
10
10
10
12
12
13
15
15
14
14
12
12
9
9
10
10
9
11
9
8
7
8
7
5
5
4
4
3
3
4
4
3
3
4
2
1
-3
-1
-6
-6
-9
-8
-8
-11
-9
-8
-6
-9
-9
-9
-11
-11
-15
-14
-16
-14
-17
-17
-19
-17
-19
-19
-16
-17
-16
-15
-15
-15
-13
-14
-11
-10
-8
-6
-4
-1
0
-1
0
0
1
2
3
2
2
5
7
7
10
10
11
11
10
12
10
9
6
6
6
6
5
7
3
3
3
3
4
3
4
6
4
5
3
1
1
-1
1
-1
1
0
-2
0
2
0
1
1
1
1
3
2
0
0
0
-1
0
0
0
-2
-3
-5
-5
-5
-6
-6
-6
-7
-9
-9
-9
-8
-10
-9
-7
-8
-8
-6
-4
-2
0
1
1
1
2
1
3
4
6
7
7
8
11
9
10
11
12
11
11
13
12
14
14
14
13
13
12
13
13
13
15
14
13
12
11
10
11
6
5
4
4
2
0
-2
-3
-2
-3
-3
-3
-5
-5
-8
-9
-8
-10
-12
-12
-12
-12
-13
-15
-19
-17
-19
-19
-17
-17
-15
-12
-12
-11
-8
-7
-7
-5
-6
-4
-4
-4
-5
-6
-9
-11
-11
-12
-11
-11
-9
-6
-5
-4
-4
-1
-2
0
2
2
3
2
3
3
4
4
6
7
7
6
8
8
6
6
6
9
9
10
11
12
12
11
12
8
6
6
5
4
0
-4
-3
-5
-6
-9
-9
-11
-12
-11
-8
-9
-10
-6
-4
-1
0
3
7
8
15
17
16
16
18
17
15
16
14
16
13
9
7
6
4
1
0
-3
-4
-3
-2
-4
-4
-4
-6
-5
-2
-1
-1
2
4
7
9
12
15
14
15
14
13
12
9
8
4
1
-1
-4
-5
-9
-12
-13
-13
-13
-12
-13
-13
-13
-13
-14
-14
-12
-10
-9
-7
-8
-7
-7
-9
-8
-9
-9
-8
-10
-10
-12
-12
-12
-12
-9
-9
-8
-11
-10
-9
-9
-9
-9
-10
-8
-5
-7
-5
-1
3
5
6
11
11
14
15
15
17
16
16
17
15
16
13
14
12
11
12
11
9
8
9
7
7
6
9
8
8
10
11
12
13
16
15
13
11
5
3
3
3
3
0
0
-2
-6
-9
-13
-13
-15
-17
-17
-17
-15
-16
-17
-18
-18
-17
-16
-12
-11
-9
-9
-8
-8
-9
-9
-8
-6
-6
-5
-1
0
0
-2
0
0
0
-1
-2
-1
-2
0
-2
0
-1
2
0
0
3
5
6
7
8
8
9
11
14
15
17
17
16
19
18
15
12
11
14
13
13
10
7
9
8
5
4
7
6
5
4
5
5
3
2
-2
-1
-2
-4
-4
-3
-2
-2
-2
-5
-7
-8
-9
-8
-10
-11
-8
-11
-13
-15
-16
-19
-19
-17
-20
-20
-20
-19
-20
-17
-15
-17
-15
-13
-13
-12
-14
-10
-13
-10
-8
-7
-5
-3
-4
-2
1
4
3
3
2
3
3
0
2
1
4
5
5
6
8
11
10
12
13
14
13
14
14
10
13
13
12
12
10
11
8
7
6
5
3
2
4
5
7
8
8
7
9
11
12
15
17
19
18
21
18
16
17
17
16
14
13
11
10
10
7
7
3
0
-2
-6
-9
-10
-11
-13
-13
-15
-14
-15
-16
-17
-20
-23
-18
-18
-18
-17
-17
-16
-13
-9
-8
-8
-7
-1
1
2
4
4
5
9
14
12
15
23
23
17
20
26
28
27
29
28
26
29
32
27
19
21
21
17
2
-36
-72
-62
-36
-45
-73
-99
-105
-94
-67
-62
-104
-124
-87
-48
-47
-53
-48
-43
-22
19
35
21
27
56
67
59
64
67
60
57
61
48
37
38
36
23
3
-7
-2
5
2
-9
-12
-8
1
19
33
31
34
48
59
68
70
75
79
71
66
64
62
56
48
26
2
-5
-13
-19
-27
-42
-52
-55
-51
-46
-43
-45
-44
-35
-21
-15
-9
-3
2
1
-2
1
2
4
2
0
-7
-16
-19
-27
-37
-45
-50
-53
-58
-65
-68
-71
-71
-74
-72
-72
-74
-72
-60
-53
-38
-27
-19
-3
3
18
33
49
64
71
75
79
84
85
82
79
73
61
51
47
34
28
25
17
10
-5
-9
-5
-4
-2
-5
0
1
-5
-1
6
7
12
20
30
23
21
28
27
25
18
14
12
1
-4
-15
-31
-33
-31
-31
-40
-45
-44
-42
-35
-31
-34
-28
-11
-10
-14
-9
1
2
5
10
4
-6
-5
0
-7
-12
-13
-12
-15
-24
-21
-25
-25
-28
-30
-25
-24
-16
-10
-5
-3
-4
7
18
27
43
51
54
57
64
62
46
37
35
33
25
14
-2
-8
-9
-8
-6
-15
-20
-21
-8
1
-6
1
5
-5
-4
1
-11
-7
0
-16
-5
23
23
7
5
13
14
25
44
29
10
38
63
46
30
37
32
28
50
51
26
10
10
10
-9
-19
-28
-45
-50
-56
-66
-73
-78
-76
-69
-88
-101
-87
-73
-85
-110
-112
-93
-82
-82
-72
-72
-73
-51
-26
-20
-12
8
19
35
53
67
81
102
132
151
153
168
186
208
220
213
209
212
224
222
216
209
197
175
155
122
77
65
62
1
-9
-25
-241
-499
-421
-219
-290
-483
-555
-585
-606
-426
-266
-498
-708
-433
-134
-180
-215
-105
-122
-79
217
365
222
208
409
469
374
399
465
386
323
334
292
213
182
166
90
-25
-111
-81
-38
-66
-149
-157
-97
-75
8
124
116
40
135
306
308
267
321
333
279
274
270
197
113
83
29
-84
-122
-104
-192
-289
-263
-249
-269
-241
-198
-211
-166
-50
-9
-65
-15
120
174
183
211
193
161
201
219
163
99
83
25
-111
-205
-175
-255
-591
-837
-769
-746
-879
-932
-980
-1118
-1122
-855
-724
-932
-928
-535
-338
-290
-36
190
217
406
791
922
875
1045
1273
1242
1156
1232
1195
1034
964
866
629
446
401
305
105
-57
-142
-201
-263
-313
-328
-301
-209
35
246
214
265
525
738
845
894
923
923
949
1155
1173
933
866
920
767
436
271
171
-76
-272
-255
-695
-1837
-2280
-1670
-1441
-1969
-2305
-2385
-2552
-2354
-1550
-1395
-2337
-2367
-1134
-628
-876
-578
-268
-384
84
1024
1107
630
856
1367
1208
950
1207
1198
783
643
601
358
137
69
-2
-312
-580
-571
-582
-399
58
-6
-423
-157
561
921
1012
1081
960
874
1486
2224
1861
1048
1165
1591
1401
1218
1141
564
102
331
368
-321
-762
-552
-464
-669
-689
-660
-906
-907
-539
-331
-435
-1066
-1788
-1411
-543
-509
-971
-1332
-1529
-1410
-729
-339
-1171
-2093
-1488
-546
-729
-957
-748
-857
-776
79
516
105
-9
521
811
646
808
1174
1048
879
1018
930
800
676
651
967
710
65
259
736
693
475
496
353
-18
497
1523
1326
433
601
1270
1210
1271
1672
1230
609
954
1326
898
449
547
532
62
99
172
-440
-655
-372
-469
-779
-1106
-1779
-2304
-1922
-1445
-1900
-2546
-2489
-2332
-2284
-1782
-1523
-2302
-2461
-1266
-749
-1083
-811
-366
-425
-120
709
896
538
831
1474
1270
976
1340
1454
1043
885
988
836
618
520
411
216
48
85
258
194
-10
21
245
482
763
1092
1200
1143
1433
1838
1900
1887
1921
1887
1825
1817
1694
1414
1353
1442
1174
462
-206
-346
-80
-216
-731
-1347
-2410
-3129
-2551
-1995
-2557
-3198
-3191
-2979
-2878
-2314
-1819
-2374
-2671
-1568
-653
-764
-470
116
75
272
1184
1647
1350
1307
1707
1691
1383
1541
1532
913
563
495
227
-34
-193
-450
-882
-1158
-1039
-916
-1099
-1199
-740
-190
-76
-26
443
1039
1496
1813
1793
1668
2152
2962
3047
2326
1835
1930
2108
2195
2019
1366
787
884
795
25
-455
-351
-488
-903
-1184
-2052
-3015
-2624
-1951
-2475
-3122
-3001
-2789
-2733
-2213
-1771
-2391
-2731
-1523
-585
-889
-722
-54
-15
140
1024
1386
987
1121
1665
1607
1179
1243
1352
937
574
458
207
10
-64
-260
-601
-1025
-1184
-896
-310
77
-320
-464
242
638
1043
1623
1555
1343
1835
2601
2816
2363
2184
2429
2232
2001
2163
2062
1621
1433
946
12
-211
156
18
-628
-1176
-1736
-2566
-2751
-2060
-2414
-3298
-3216
-2986
-3019
-2694
-2200
-2381
-2877
-2269
-1053
-851
-867
-280
-64
39
850
1605
1555
1395
1693
1850
1712
1602
1562
1267
688
300
179
28
-307
-732
-965
-1367
-2067
-1667
-447
-609
-1369
-998
-329
-53
630
1512
1515
1132
1984
3198
2928
2492
3073
3202
2679
2776
3073
2755
2371
1986
989
-116
-248
502
481
-889
-1886
-2286
-2848
-2839
-2599
-3018
-3715
-3846
-3040
-2539
-2856
-2693
-2399
-2457
-1817
-755
-380
-371
-35
414
705
1200
1800
1958
1795
1755
1864
1736
1635
1596
1070
495
212
-66
-138
-368
-931
-1322
-1715
-1641
-1042
-860
-963
-936
-710
-291
122
703
1280
1435
1740
2226
2308
2405
2955
3168
2659
2386
2585
2714
2676
2033
936
410
501
576
226
-585
-1093
-1472
-2339
-2913
-3025
-3334
-3490
-3393
-3593
-3785
-3485
-2885
-2580
-2829
-2689
-1738
-979
-630
-115
201
297
1061
1945
2115
2045
2261
2559
2465
2300
2318
1960
1278
990
810
252
-190
-506
-983
-1364
-1283
-1171
-1313
-1201
-851
-741
-645
-110
561
930
1338
1862
2040
2218
2825
3091
2875
2831
2977
3079
2973
2591
1647
866
972
941
258
-447
-1000
-1157
-1410
-2585
-3663
-3698
-3552
-3716
-3805
-4045
-4375
-4073
-3099
-2767
-3525
-3356
-1769
-1043
-1142
-437
56
3
994
2177
2043
1773
2435
2974
2622
2490
2812
2343
1722
1723
1385
574
262
34
-398
-593
-801
-984
-832
-747
-732
-555
-276
216
658
1049
1530
1775
2146
2784
2954
2778
2929
3144
3173
3308
2859
1538
978
1319
1074
362
-282
-915
-1232
-1386
-2277
-3729
-4219
-3653
-3481
-3843
-4176
-4487
-4356
-3341
-2535
-3150
-3702
-2432
-1093
-936
-616
-158
-165
414
1736
2142
1734
2021
2563
2479
2406
2398
2045
1686
1466
1085
491
-28
-345
-461
-596
-1010
-1314
-977
-591
-679
-626
-159
133
511
1430
2008
1915
2222
3136
3465
3351
3633
3848
3643
3606
3071
1837
1679
2054
1312
325
-359
-850
-874
-1105
-2486
-4320
-4649
-3714
-3496
-4160
-4560
-4770
-4742
-3527
-2474
-3173
-3472
-2100
-1169
-1125
-675
-34
-28
328
1470
1799
1347
1842
2556
2242
1818
1857
1763
1405
1204
818
287
-50
-418
-462
-373
-918
-1297
-730
-314
-489
-382
130
372
661
1569
2252
2183
2479
3443
3733
3424
3773
4243
4090
3534
2577
2168
2269
1791
1163
374
-680
-996
-780
-1650
-3971
-5067
-3773
-3498
-4656
-4820
-4764
-5103
-4161
-2702
-3170
-4176
-2827
-809
-782
-1068
-187
315
443
1580
2308
1648
1621
2474
2596
2030
1668
1591
1415
1014
492
41
-256
-651
-1089
-915
-1065
-1622
-1297
-685
-787
-964
-338
462
556
985
2025
2288
2426
3292
3871
3734
3768
4403
4700
3868
2805
2690
2795
2174
1574
917
-85
-552
-494
-1060
-3026
-4665
-4048
-3301
-4156
-4745
-4743
-4915
-4353
-3031
-2794
-3753
-3363
-1522
-732
-895
-431
121
369
1188
2147
1975
1642
2131
2512
2140
1594
1410
1245
842
479
-31
-771
-915
-837
-1216
-1567
-1672
-1590
-1160
-831
-957
-781
-126
492
1154
1608
1892
2602
3263
3515
3769
3882
4009
4517
4132
2783
2291
2615
2348
1530
611
-156
-560
-488
-982
-3221
-4979
-4139
-3211
-4166
-4972
-4778
-4839
-4459
-2876
-2502
-3693
-3240
-1063
-202
-621
-33
893
879
1386
2619
2629
2035
2420
2943
2474
1767
1786
1700
967
407
78
-458
-776
-886
-1193
-1557
-1798
-1711
-1277
-1148
-1347
-1193
-589
249
856
1191
1656
2241
2707
3369
3763
3594
3828
4327
3874
2670
2331
2659
2199
1330
677
-7
-543
-568
-1061
-3184
-4837
-3966
-3171
-4000
-4585
-4712
-4858
-4014
-2589
-2453
-3322
-2864
-1057
-209
-365
133
678
788
1660
2483
2200
2045
2499
2746
2346
1698
1534
1375
971
587
-4
-409
-643
-968
-982
-1248
-1657
-1430
-1072
-1143
-1214
-916
-244
243
630
1435
2045
2198
2801
3374
3452
3756
4251
4311
3541
2550
2556
2636
1770
1034
514
-285
-777
-891
-1783
-3877
-5042
-4080
-3758
-4735
-5069
-4950
-4976
-4227
-2824
-2814
-3653
-2738
-718
-79
-134
460
958
1194
2106
2947
2739
2436
2834
3140
2631
1937
1734
1502
943
329
-223
-534
-768
-1036
-1231
-1525
-1648
-1369
-957
-879
-996
-532
74
326
960
1718
2145
2614
3079
3467
3777
3876
4054
4105
3334
2405
2349
2329
1533
727
177
-334
-728
-963
-1853
-3924
-4940
-3918
-3656
-4584
-4820
-4830
-4955
-3959
-2446
-2625
-3505
-2427
-579
-320
-232
673
814
748
1956
2767
2155
2080
2791
2732
1997
1742
1677
1207
809
552
-50
-497
-554
-703
-945
-1359
-1509
-1161
-957
-1097
-996
-517
-73
424
1080
1512
1845
2476
3188
3355
3272
3724
4309
4181
3175
2272
2364
2466
1845
1109
310
-559
-863
-1013
-2464
-4692
-4906
-3625
-3921
-5192
-5281
-4933
-4789
-3611
-2602
-3370
-3629
-1758
-165
-247
-180
709
1166
1612
2555
2740
2382
2799
3315
2990
2254
1843
1673
1340
907
355
-261
-503
-692
-1035
-1239
-1349
-1437
-1296
-992
-1008
-815
-278
-49
523
1556
1942
2108
2725
3212
3578
3913
4195
4200
3555
2794
2699
2589
1947
1341
579
-244
-500
-689
-1948
-3972
-4797
-3998
-3926
-4846
-5176
-5177
-5190
-4276
-2932
-3157
-3911
-2611
-636
-344
-429
480
1103
1117
2058
2980
2502
2184
2968
3137
2264
1902
1911
1220
499
430
227
-597
-1257
-978
-882
-1569
-1695
-1339
-1401
-1124
-621
-359
-47
346
888
1597
2234
2680
3110
3389
3457
3833
4407
4331
3283
2252
2409
2797
2065
988
338
-236
-565
-1099
-2850
-4577
-4278
-3506
-4263
-5168
-5181
-5028
-4417
-3274
-3137
-3881
-3232
-1049
-237
-567
126
896
1093
2014
2902
2550
2332
3008
3236
2473
1960
1874
1397
760
550
174
-551
-884
-903
-1230
-1477
-1503
-1502
-1287
-1154
-904
-316
101
506
972
1504
2141
2680
3141
3450
3515
3747
4174
3973
2960
2228
2325
2287
1599
820
223
-490
-1006
-1856
-3525
-4381
-3986
-4012
-4866
-5399
-5167
-4782
-4284
-3477
-3447
-3701
-2427
-763
-437
-279
447
1096
1762
2526
2886
2790
2900
3401
3310
2568
2304
1975
1263
975
566
-327
-664
-806
-1223
-1456
-1616
-1655
-1557
-1409
-1169
-787
-364
216
846
1287
1747
2335
2730
3078
3570
3793
3901
4107
4001
3068
2099
2142
2167
1233
334
-201
-809
-1278
-2229
-3818
-4700
-4344
-4019
-4689
-5512
-5304
-4653
-4072
-3202
-3143
-3601
-2294
-322
50
57
647
1310
1982
2711
3120
2932
2792
3277
3283
2439
2039
1830
1157
773
466
-303
-887
-1095
-1182
-1427
-1838
-1898
-1670
-1480
-1184
-709
-266
173
773
1474
1805
2150
3039
3683
3634
3678
4017
4347
3882
2817
2490
2195
1548
1282
592
-660
-1212
-1614
-3003
-4339
-4508
-4255
-4717
-5452
-5438
-5149
-4917
-3822
-3044
-3616
-3294
-1321
-66
76
519
1363
1874
2568
3534
3676
3256
3475
3821
3284
2719
2528
1913
1168
890
404
-371
-846
-1100
-1343
-1596
-1773
-1804
-1705
-1477
-1244
-1170
-624
379
928
1168
1825
2465
2901
3532
3871
3645
3740
4365
4101
2621
1771
1975
1671
841
148
-764
-1643
-2274
-3405
-4645
-5070
-4953
-5040
-5575
-5861
-5512
-4923
-4017
-3352
-3566
-2985
-1170
-121
190
776
1332
1958
2832
3428
3560
3597
3822
3803
3324
2804
2470
1917
1294
959
285
-611
-909
-1049
-1511
-1799
-1835
-1922
-1722
-1284
-1144
-954
-375
357
1110
1559
2067
2979
3500
3768
4108
4319
4562
4572
3609
2664
2717
2642
1781
854
14
-798
-1306
-2411
-4091
-4954
-4802
-4771
-5587
-6310
-5966
-5509
-4900
-3824
-3891
-4167
-2610
-749
-182
113
793
1492
2356
3278
3666
3502
3540
4036
3961
3174
2693
2147
1554
1418
729
-355
-793
-956
-1214
-1544
-1905
-2134
-2091
-1530
-991
-919
-604
77
581
1241
2109
2579
2861
3345
3831
4095
4319
4590
4031
2817
2522
2668
1984
1238
548
-392
-1053
-2069
-3449
-4235
-4737
-5054
-5154
-5665
-6049
-5975
-5339
-4271
-4195
-4343
-3009
-1636
-982
77
776
958
1847
3123
3632
3560
3736
4178
4036
3509
3389
2790
1906
1735
1310
290
-277
-624
-1081
-1470
-1862
-2053
-2052
-1916
-1466
-1173
-963
-333
387
1023
1751
2425
2891
3288
3727
4265
4573
4347
3627
3204
3252
2879
2114
1352
590
182
-302
-1795
-3685
-4503
-4237
-4286
-5214
-6069
-6114
-5836
-5130
-4202
-4483
-4942
-3350
-1484
-1001
-562
327
1010
1723
2849
3563
3283
3327
4095
3996
3304
2977
2514
1892
1655
1117
132
-434
-762
-1214
-1552
-1904
-2237
-2078
-1685
-1457
-1320
-949
-160
462
955
1881
2498
2736
3447
4016
4176
4612
4667
3723
3014
3248
3179
2302
1428
729
40
-596
-1718
-3404
-4400
-4209
-4287
-5206
-5870
-5852
-5605
-4983
-4192
-4273
-4431
-3066
-1439
-1025
-605
424
1276
1908
2768
3377
3543
3811
4132
3956
3474
3079
2770
2442
1756
854
236
-126
-738
-1386
-1668
-2038
-2478
-2304
-1854
-1825
-1866
-1224
-388
-146
335
1559
2365
2539
3099
3552
3718
4498
4760
3452
2561
3003
3108
2478
1602
564
-155
-597
-1570
-3049
-4162
-4345
-4350
-4955
-5571
-5704
-5621
-4850
-3898
-4144
-4317
-2915
-1416
-928
-347
473
1044
1853
2911
3467
3480
3578
4026
4007
3431
2949
2653
2276
1668
877
225
-269
-803
-1108
-1465
-2188
-2519
-2099
-1620
-1655
-1731
-1170
-530
37
1001
1686
1727
2199
3041
3604
3892
4314
4336
3002
2404
3385
3176
1806
1099
458
-172
-957
-2225
-3288
-4160
-4235
-3824
-4953
-5956
-5197
-4594
-4360
-4002
-3965
-3517
-2178
-1028
-389
-164
446
1749
2558
2834
3269
3512
3740
3949
3658
3270
2841
2501
2339
1480
374
140
9
-664
-1300
-1599
-1862
-2108
-1697
-1245
-1735
-1837
-860
-156
170
996
1750
1961
2488
3366
3665
3743
3756
3164
2756
2843
2577
2033
1427
590
-31
-758
-2178
-3474
-3946
-4041
-4359
-5108
-5695
-5673
-5174
-4160
-3675
-4245
-3724
-1958
-1071
-548
255
714
1361
2596
3436
3508
3621
4077
4151
3690
3324
3074
2646
2141
1512
741
199
-253
-776
-1053
-1554
-2244
-2133
-1665
-1557
-1664
-1449
-856
-519
97
1114
1351
1677
2705
3151
3200
3602
3980
3576
2466
2266
2675
2106
1559
1006
-184
-896
-1598
-2906
-3847
-4394
-4586
-4583
-5277
-5900
-5567
-4801
-3868
-3597
-3818
-2887
-1446
-506
258
698
1083
2141
3104
3537
3771
3934
4072
3929
3560
3159
2689
2363
1844
877
373
50
-656
-982
-1249
-1884
-2171
-1890
-1450
-1330
-1435
-981
-401
-109
567
1434
1916
2326
2832
3179
3509
3914
3880
2753
2042
2364
2122
1506
1033
106
-640
-1302
-2590
-3713
-4473
-4680
-4433
-5057
-5870
-5603
-5083
-4239
-3455
-3717
-3369
-1719
-520
156
744
1218
1991
2916
3726
4169
4087
4315
4672
4149
3536
3432
2997
2166
1461
771
226
-220
-610
-1115
-1935
-2315
-2019
-1693
-1515
-1513
-1465
-962
-331
414
1064
1169
1542
2453
2920
2958
3251
3433
2741
1938
2112
2016
1063
647
416
-549
-1279
-2259
-4005
-4708
-4362
-4558
-5342
-5901
-5818
-5389
-4722
-3679
-3579
-4001
-2523
-442
8
301
1270
1981
2702
3663
4244
4225
4322
4785
4743
3917
3506
3556
2962
1931
1208
751
351
-164
-749
-1176
-1818
-2150
-1548
-1118
-1465
-1512
-847
-317
52
1018
1803
1846
2149
2990
3407
3443
3510
2816
1960
2063
2060
1211
512
92
-637
-1339
-2397
-4022
-4909
-4909
-4903
-5459
-6197
-6283
-5884
-5073
-3939
-3874
-4090
-2651
-927
-202
417
1121
1827
2890
3955
4387
4285
4530
5085
4924
4198
3799
3582
3047
2312
1558
787
332
36
-479
-1162
-1985
-2355
-1527
-855
-1412
-1763
-1179
-423
283
1123
1606
1499
1976
3298
3686
3221
3190
2815
2131
2275
2170
1130
325
-59
-528
-1227
-2400
-4001
-5139
-5233
-5032
-5563
-6347
-6578
-6387
-5623
-4288
-3939
-4136
-3095
-1410
-418
320
1271
1961
2643
3828
4725
4701
4847
5333
5254
4598
4192
4035
3615
2767
1985
1329
578
116
-139
-845
-1686
-2141
-1853
-1113
-1314
-1771
-1152
-529
-66
935
1558
1707
2223
3161
3732
3541
3370
3320
2715
2380
2357
1517
490
108
-221
-997
-2154
-3834
-5367
-5519
-5119
-5607
-6532
-6957
-6897
-6237
-4947
-4224
-4500
-4077
-2293
-751
9
673
1488
2283
3276
4445
4862
4742
5129
5494
4979
4265
3951
3713
3174
2271
1311
649
199
-158
-525
-1362
-2223
-2057
-1474
-1608
-1715
-1041
-458
-234
521
1519
2057
2654
3405
3644
3499
3870
4249
3308
2477
2702
2226
1146
784
318
-742
-1499
-2465
-4418
-5657
-5221
-5077
-6118
-6907
-6938
-6664
-5808
-4609
-4292
-4611
-3650
-1604
-454
0
843
1732
2471
3472
4358
4711
4840
5095
5055
4493
3973
3940
3728
2804
1810
1184
811
301
-385
-956
-1546
-2061
-1778
-1128
-1155
-1383
-906
-163
312
931
1806
2441
2755
3328
3823
3855
3805
3508
2983
2760
2354
1658
953
347
-274
-1119
-2001
-3622
-5456
-5615
-5223
-6117
-6713
-6839
-7068
-6544
-5282
-4464
-4627
-4334
-2447
-828
-508
291
1469
1993
2922
4308
4579
4443
4870
5303
4873
3964
3868
3980
2988
1935
1594
1037
290
-99
-510
-1387
-2094
-1931
-1274
-1213
-1441
-1012
-377
2
860
1860
2176
2479
3222
3897
4095
4142
4050
3212
2654
3126
2670
1277
739
163
-810
-1174
-2067
-4281
-5740
-5380
-5210
-6088
-6626
-6698
-6883
-6233
-4721
-4334
-4896
-3826
-1673
-896
-526
667
1587
2130
3180
4132
4232
4349
4873
4986
4345
3748
3737
3633
2823
1838
1216
660
52
-340
-739
-1555
-2190
-1817
-1076
-1132
-1545
-983
-196
150
1055
1936
2070
2601
3619
4011
4000
4192
3944
3218
3148
3051
2078
1285
955
267
-788
-1491
-2420
-4363
-5508
-5160
-5367
-6099
-6415
-6656
-6598
-5873
-4721
-4180
-4374
-3494
-1728
-829
-142
874
1514
2063
3064
3923
4294
4423
4471
4428
4061
3670
3658
3354
2331
1318
918
723
-44
-654
-865
-1743
-2290
-1538
-1076
-1452
-1474
-669
36
184
1071
2139
2282
2781
3730
3863
3841
4288
4072
3139
2952
2960
2015
1223
839
100
-745
-1372
-2601
-4603
-5512
-4850
-4866
-5976
-6660
-6566
-6137
-5199
-4102
-4151
-4348
-2886
-1113
-415
140
888
1651
2401
3241
3996
4300
4333
4382
4147
3731
3514
3468
2946
1755
888
747
371
-458
-986
-1402
-2089
-2274
-1654
-1265
-1543
-1577
-777
-149
197
1220
2068
2133
2645
3545
3873
3977
4187
3890
3119
2850
2860
2140
1206
649
25
-899
-1551
-2540
-4490
-5350
-4778
-5215
-6131
-6221
-6192
-6121
-5311
-3948
-3705
-4033
-2619
-786
-462
225
1667
2148
2191
3271
4276
4195
4086
4392
4324
3529
3187
3365
2780
1508
773
500
94
-640
-1120
-1238
-1920
-2423
-1759
-1108
-1509
-1646
-775
-19
123
969
2049
2168
2373
3303
3822
3682
3939
3742
2862
2560
2560
2021
1275
283
-434
-688
-1190
-2411
-4706
-5643
-4679
-4780
-5688
-5942
-6303
-6172
-4769
-3464
-3516
-3863
-2699
-820
81
562
1469
1991
2323
3390
4377
4419
4131
4152
4362
3993
3163
3007
2723
1508
648
519
82
-717
-1081
-1340
-2144
-2501
-1669
-1050
-1523
-1779
-879
-92
322
1320
1954
1962
2624
3598
3839
3770
3924
3729
2936
2689
2746
2058
1120
402
-178
-764
-1310
-2297
-4368
-5624
-5019
-4942
-5621
-5844
-6282
-6304
-5053
-3781
-3460
-3623
-2865
-1306
-243
612
1667
1922
2042
3304
4408
4329
4249
4415
4245
3886
3420
3032
2557
1650
918
504
-64
-601
-954
-1318
-1835
-2198
-1946
-1517
-1606
-1425
-667
-294
5
1047
1910
2136
2780
3550
3700
3800
4210
4013
3022
2700
2893
2168
1261
799
8
-922
-1338
-1856
-3782
-5716
-5472
-4825
-5516
-6124
-6219
-6266
-5662
-4362
-3411
-3630
-3534
-1794
-156
297
931
1859
2338
3012
4001
4341
4135
4207
4472
4216
3257
2604
2624
2180
971
138
-168
-603
-1238
-1366
-1561
-2606
-2736
-1502
-1196
-1822
-1410
-267
258
789
1964
2548
2472
3280
4381
4322
4083
4246
3819
3244
3173
2661
1711
977
404
-243
-975
-1741
-3345
-5353
-5464
-4844
-5607
-6098
-5996
-6281
-5949
-4573
-3503
-3643
-3527
-1820
-402
-101
947
2180
2268
2688
3912
4335
4122
4329
4561
4031
3117
2727
2696
2021
856
82
-377
-903
-1293
-1445
-1967
-2697
-2862
-2318
-1721
-1681
-1648
-836
-49
461
1569
2324
2432
3174
4076
4340
4428
4546
4149
3402
3156
3189
2509
1411
705
145
-820
-1393
-1877
-4128
-6086
-5282
-4616
-5661
-6183
-6103
-6140
-5512
-3838
-2838
-3705
-3513
-995
365
245
1235
2283
2262
2986
4343
4425
3880
4181
4428
3554
2661
2556
2223
1435
679
-229
-893
-1084
-1421
-1636
-1969
-2720
-2856
-1920
-1240
-1420
-1341
-497
383
1165
2032
2585
2704
3220
4297
4595
4262
4357
3974
3291
3197
2748
1953
1283
345
-499
-1103
-1695
-2896
-4920
-5755
-5140
-5256
-5978
-6042
-6060
-5960
-4723
-3289
-3413
-3729
-2188
-301
277
708
1804
2303
2575
3767
4547
4055
3893
4354
4095
3180
2533
2158
1730
1086
135
-640
-1001
-1336
-1581
-1781
-2400
-2907
-2528
-1573
-1245
-1525
-1025
-15
499
1333
2348
2549
2908
3846
4397
4374
4381
4537
3966
3139
3172
2866
1648
839
341
-608
-1445
-1824
-2908
-5094
-6056
-5287
-5064
-5714
-6038
-5892
-5770
-4779
-3066
-2905
-3465
-2150
-227
513
972
1812
2288
2533
3620
4445
3994
3656
3934
3776
2845
2008
1715
1337
547
-333
-966
-1229
-1582
-1781
-1849
-2578
-2893
-2151
-1404
-1300
-1325
-577
280
778
1758
2619
2742
3261
4182
4510
4273
4562
4621
3629
3198
3278
2425
1407
783
164
-668
-1454
-1925
-3559
-5541
-5499
-4921
-5248
-5497
-5775
-6016
-5368
-3919
-2946
-3095
-2933
-1573
-162
706
1425
1895
2103
2813
3712
3855
3824
3828
3548
3201
2609
1845
1435
1152
391
-587
-1042
-1254
-1704
-1854
-1962
-2433
-2589
-2058
-1219
-1077
-1095
-312
419
1108
2180
2673
2882
3502
4134
4564
4643
4623
4254
3566
3356
3169
2200
1244
614
-21
-664
-1300
-2290
-4290
-5539
-4878
-4601
-5439
-5746
-5900
-5771
-4601
-3430
-3265
-3495
-2692
-847
236
367
1163
1999
2308
3118
3712
3565
3607
3623
3447
2925
2002
1348
1125
841
8
-1011
-1421
-1620
-1930
-1949
-2193
-2775
-2698
-1820
-1043
-1043
-1016
-81
795
1438
2409
2827
2951
3638
4362
4547
4621
4594
4104
3470
3147
2823
2104
1122
243
-368
-1063
-1537
-2568
-4843
-5785
-4774
-4661
-5315
-5482
-5718
-5637
-4430
-2901
-2806
-3276
-2174
-332
452
885
1764
2136
2251
3194
3888
3557
3339
3468
3287
2545
1763
1280
848
514
-195
-1179
-1416
-1635
-1927
-1683
-2083
-2727
-2311
-1386
-846
-827
-537
441
1091
1699
2702
3004
3063
3783
4466
4509
4450
4414
3880
3159
2755
2342
1506
626
56
-650
-1376
-1821
-3359
-5191
-5184
-4761
-5034
-5160
-5301
-5618
-5338
-3838
-2524
-2940
-2908
-1283
-300
260
1507
2003
1666
2283
3445
3598
3247
3417
3389
2641
2016
1848
1238
387
366
-193
-1455
-1637
-1430
-1728
-1844
-2031
-2311
-2117
-1327
-411
-349
-308
501
1351
2064
2750
3088
3190
3631
4350
4640
4492
4116
3328
2882
2839
2223
1198
314
-278
-719
-1183
-2089
-3943
-5250
-4873
-4409
-4743
-5284
-5568
-5406
-4677
-3296
-2745
-3346
-2744
-984
-57
419
1097
1502
1716
2355
3030
3112
3015
3067
2920
2262
1645
1457
909
233
127
-499
-1417
-1356
-1341
-1803
-1690
-1573
-1834
-1665
-861
-164
-125
122
1073
1732
2136
2990
3389
3336
3875
4510
4430
4202
3953
3267
2614
2174
1707
993
53
-476
-870
-1494
-2400
-4141
-5174
-4519
-4323
-4672
-4769
-5385
-5359
-3949
-2773
-2718
-2965
-2318
-839
197
891
1437
1327
1602
2606
2964
2842
3043
2790
2352
2072
1563
958
382
155
24
-902
-1593
-1411
-1496
-1447
-1454
-1925
-1888
-1274
-311
328
75
268
1216
1980
2694
3118
3036
3312
3961
4359
4326
4023
3486
2783
2344
1985
1396
568
-169
-544
-1088
-1557
-2301
-4148
-5379
-4525
-3699
-4418
-5298
-5132
-4655
-3877
-2502
-2248
-3046
-2398
-342
832
835
931
1371
1693
2289
2877
2695
2263
2231
2236
1632
932
614
267
28
-268
-1146
-1411
-1016
-1250
-1516
-1397
-1425
-1463
-793
175
240
35
952
1858
2075
2575
3220
3394
3521
4136
4426
4053
3769
3355
2468
1974
1794
1131
187
-383
-850
-1438
-1849
-2958
-4680
-4992
-4238
-4282
-4705
-4918
-4932
-4578
-3481
-2421
-2546
-2692
-1390
-11
440
926
1477
1481
1734
2530
2717
2495
2549
2393
1879
1420
1097
439
-15
132
-424
-1168
-985
-1107
-1487
-1181
-971
-1299
-1418
-505
428
228
449
1450
1728
2047
2953
3198
3087
3568
4165
4217
3811
3403
2878
2225
2077
1749
766
-44
-396
-842
-1259
-2163
-3926
-4867
-4496
-4303
-4615
-4736
-5011
-5039
-4189
-2952
-2636
-2892
-2135
-797
-115
518
1266
1286
1440
2302
2651
2412
2582
2539
2129
1812
1514
964
328
277
278
-535
-1031
-934
-1265
-1312
-867
-1180
-1536
-932
-197
79
307
957
1407
1680
2392
2935
2881
3173
3836
3963
3795
3659
3017
2228
2129
2001
1113
53
-502
-738
-1083
-1418
-2559
-4742
-5331
-4041
-3696
-4584
-5090
-5043
-4692
-3606
-2321
-2478
-3195
-2019
-107
374
388
1050
1506
1675
2362
2817
2461
2302
2597
2462
1706
1038
791
659
602
73
-905
-1077
-754
-728
-755
-867
-1336
-1345
-370
548
273
172
1108
1697
1965
2653
2991
2879
3202
3900
4067
3709
3358
2774
2167
1929
1704
890
-129
-581
-869
-1242
-1887
-3824
-5229
-4475
-3970
-4697
-5016
-5038
-5104
-4381
-3012
-2653
-3248
-2566
-697
15
-35
871
1559
1431
2008
2859
2559
2313
2772
2665
1996
1577
1323
847
645
466
-305
-737
-517
-640
-760
-616
-954
-1203
-601
198
251
171
884
1513
1590
2217
2827
2564
2678
3469
3673
3427
3351
2812
1972
1823
1836
1129
151
-543
-872
-1123
-1560
-2972
-4783
-4967
-4111
-4307
-5008
-5071
-4959
-4871
-3890
-2612
-2953
-3272
-1656
-265
-287
243
1356
1575
1474
2274
2927
2478
2346
2827
2524
1587
1395
1383
837
569
231
-262
-296
-594
-632
-252
-736
-1186
-598
85
296
229
651
1383
1416
1806
2793
2699
2453
3307
3639
3224
3270
3065
2165
1711
1717
1358
525
-293
-580
-1001
-1554
-2162
-3995
-5170
-4162
-3856
-4769
-4825
-4764
-5009
-4141
-2553
-2455
-3274
-2321
-442
-67
103
1204
1493
1195
2095
3070
2605
2250
2686
2525
1829
1644
1483
798
561
724
-12
-820
-624
-601
-836
-555
-640
-1166
-704
328
540
303
824
1485
1688
2281
2957
2696
2551
3235
3626
3481
3029
2318
1884
1689
1182
652
53
-609
-1106
-1448
-2044
-3658
-4959
-4426
-4026
-4836
-4987
-4773
-4944
-4346
-3030
-2677
-3135
-2476
-748
-107
6
944
1417
1296
2036
2820
2615
2348
2687
2709
2101
1817
1660
907
652
917
360
-311
-474
-613
-652
-381
-424
-843
-837
-56
513
422
653
1241
1447
1945
2777
2816
2559
2912
3380
3468
3232
2602
1929
1619
1429
1030
274
-607
-1081
-1377
-1866
-3133
-4670
-4763
-4275
-4692
-4998
-4864
-4947
-4663
-3487
-2686
-3098
-2914
-1331
-283
-168
464
1260
1364
1789
2694
2744
2364
2635
2919
2472
1900
1696
1217
670
870
701
-267
-483
-369
-642
-422
-255
-761
-893
-237
498
542
577
1213
1575
1799
2520
2865
2571
2817
3364
3359
3186
2890
2143
1686
1493
1028
454
-242
-898
-1223
-1578
-2483
-4116
-4933
-4307
-4223
-4778
-4833
-4971
-4900
-3706
-2633
-2839
-3181
-2038
-521
-144
197
995
1172
1472
2504
2801
2316
2548
2981
2603
2063
1854
1465
951
910
855
44
-671
-442
-186
-367
-516
-685
-1003
-679
293
597
210
469
1181
1685
2173
2445
2492
2549
2824
3319
3438
2836
2128
1815
1731
1263
624
65
-680
-1168
-1224
-1721
-3453
-5020
-4636
-3735
-4365
-4980
-4754
-4846
-4521
-2990
-2315
-3203
-3003
-1110
-51
-121
447
1301
1383
1674
2750
2901
2300
2570
2845
2181
1694
1643
1233
845
826
406
-296
-678
-573
-173
-303
-911
-994
-648
-6
603
414
372
821
1389
2234
2639
2341
2495
3036
3248
3414
3336
2515
1869
1893
1683
965
268
-223
-857
-1373
-1540
-2790
-4843
-4767
-3693
-4221
-4896
-4839
-5002
-4705
-3266
-2250
-2935
-3232
-1428
30
111
461
1182
1322
1723
2776
2935
2458
2592
2822
2471
1902
1541
1206
841
804
394
-394
-578
-563
-648
-523
-695
-1180
-1061
-225
379
171
166
818
1320
1819
2405
2530
2503
2788
3310
3521
3234
2641
2011
1916
1803
1207
543
-244
-852
-1145
-1419
-2355
-4292
-5081
-4089
-4067
-4859
-4869
-4823
-4758
-3798
-2470
-2472
-2963
-1843
-181
153
356
1274
1691
1716
2434
2941
2671
2729
2883
2544
2013
1623
1257
1025
847
305
-281
-456
-832
-1090
-589
-619
-1246
-1119
-401
-26
-69
252
852
974
1399
2360
2551
2391
2890
3322
3233
3110
2736
2057
1896
1888
1242
309
-314
-669
-1070
-1595
-2763
-4500
-5132
-4294
-4148
-4851
-5137
-5169
-4819
-3702
-2645
-2694
-2896
-1749
-249
210
594
1350
1738
2071
2832
3249
3137
3068
3193
3038
2458
1932
1496
1285
1144
581
-134
-514
-680
-635
-568
-808
-1243
-1157
-308
200
-2
146
825
1254
1714
2331
2601
2665
3040
3349
3368
3218
2654
2030
1910
1684
1002
284
-375
-1104
-1604
-1703
-2947
-5043
-5271
-4300
-4715
-5395
-5012
-5041
-5300
-3927
-2394
-2842
-3034
-1287
-75
-216
482
1848
1920
1822
2965
3497
3034
3195
3466
2916
2264
1959
1504
1064
921
469
-127
-451
-900
-973
-564
-832
-1445
-1121
-160
56
-158
396
908
1013
1879
2736
2521
2497
3295
3572
3190
3220
2870
1973
1873
1851
1177
302
-330
-793
-1469
-2016
-3058
-4751
-4962
-4245
-4748
-5305
-5187
-5173
-4952
-3841
-2801
-2941
-2740
-1184
-199
-102
702
1642
1785
2116
2984
3217
3102
3290
3261
2767
2331
1993
1341
898
1083
570
-713
-785
-510
-1253
-1304
-622
-1169
-1574
-384
437
-12
40
1022
1537
1579
2399
3233
2906
2797
3644
3809
3107
2551
2224
1987
1651
1116
499
-511
-1411
-1445
-1913
-3844
-5430
-5081
-4351
-4764
-5370
-5383
-5380
-4882
-3403
-2432
-2834
-2726
-1043
304
468
1004
1853
2193
2662
3393
3665
3483
3384
3420
3087
2453
1808
1412
1506
1126
-56
-724
-595
-686
-938
-1008
-1406
-1802
-1004
153
60
-477
66
1157
1602
1848
2426
2648
2757
3421
3832
3401
2731
2398
2310
1946
1270
785
143
-672
-1178
-1635
-2720
-4369
-5316
-4800
-4436
-5248
-5716
-5396
-5184
-4576
-3259
-2735
-3147
-2322
-415
379
358
1223
2213
2315
2723
3665
3849
3406
3464
3564
2945
2228
1761
1323
1042
804
-52
-822
-982
-1203
-1105
-824
-1447
-1985
-1149
-91
185
64
404
1039
1576
2396
3101
2939
2880
3560
3937
3590
2840
2155
2112
2012
1182
340
-185
-800
-1338
-1866
-3423
-5287
-5314
-4442
-4709
-5530
-5854
-5686
-5011
-3728
-2838
-3075
-2992
-1329
63
390
1031
1690
1873
2581
3482
3588
3667
3906
3656
3236
3004
2498
1687
1499
1530
457
-634
-576
-618
-1337
-1402
-1026
-1624
-1792
-529
-47
-483
-5
960
1364
1658
2341
2985
3055
3323
3852
3766
3261
2781
2404
2125
1509
863
432
-372
-1145
-1503
-2387
-4318
-5514
-4922
-4673
-5560
-5874
-5611
-5664
-5042
-3463
-2951
-3495
-2519
-576
24
211
1350
2160
2174
2765
3675
3753
3687
4037
3874
3109
2674
2381
1655
1201
1053
220
-710
-882
-1021
-1454
-1431
-1329
-1673
-1527
-666
-168
-146
389
1206
1596
1912
2772
3446
3462
3657
4055
3870
3304
2876
2645
2193
1382
802
339
-505
-1281
-1783
-3145
-5052
-5502
-4788
-4975
-5947
-6217
-5836
-5559
-4635
-3204
-3131
-3434
-1925
-51
305
597
1767
2493
2511
3193
4026
3933
3810
4079
3773
2893
2476
2190
1585
1121
575
-324
-1085
-1285
-1047
-1290
-1965
-2066
-1905
-1322
-309
-176
-405
201
1204
2152
2560
2684
3097
3506
3839
4187
3890
2970
2519
2414
1855
1100
585
-40
-875
-1573
-2412
-4010
-5386
-5179
-4839
-5630
-6129
-5896
-5731
-5164
-3892
-3162
-3370
-2650
-773
207
426
1327
2282
2654
3118
3812
4061
3924
4139
4218
3443
2670
2462
2108
1545
910
-22
-744
-923
-1195
-1599
-1617
-1847
-2288
-1715
-602
-482
-607
124
968
1357
2064
3036
3135
3022
3765
4386
4122
3558
3009
2617
2209
1697
1068
282
-503
-1172
-1766
-2946
-4794
-5748
-5174
-4982
-5747
-6203
-6107
-5762
-4687
-3333
-3102
-3218
-2114
-352
554
890
1724
2523
2882
3526
4062
4105
4168
4112
3751
3307
2643
1919
1551
1349
565
-514
-1060
-1346
-1656
-1850
-1980
-2315
-2363
-1592
-775
-684
-499
233
1070
1812
2363
2866
3370
3654
3936
4239
4070
3542
2987
2712
2303
1409
692
279
-540
-1554
-2187
-3500
-5281
-5503
-4906
-5328
-6038
-6206
-5991
-5359
-4132
-3151
-3163
-2836
-1254
128
665
1392
2217
2793
3351
3916
4164
4279
4313
4021
3577
3054
2392
1942
1825
1007
-266
-850
-952
-1348
-1778
-1910
-2258
-2549
-1908
-963
-1000
-1131
-305
750
1335
1898
2506
2913
3371
3953
4223
4157
3847
3301
2900
2538
1858
993
471
-158
-1122
-1836
-2903
-4739
-5608
-5105
-5193
-6112
-6358
-5918
-5701
-5025
-3656
-3233
-3404
-2056
-164
339
635
1883
2832
3036
3594
4285
4400
4426
4489
4115
3383
2762
2453
2117
1453
408
-372
-663
-1187
-1782
-2080
-2303
-2389
-2118
-1475
-1203
-1361
-633
493
955
1487
2282
2841
3419
4061
4355
4268
4102
3789
3357
3154
2629
1575
839
322
-448
-1349
-2525
-4152
-5320
-5458
-5372
-5735
-6353
-6671
-6368
-5453
-4299
-3858
-3721
-2641
-1213
-307
668
1592
2056
2817
3758
4173
4264
4551
4753
4353
3681
3338
2670
1962
1875
1177
-166
-939
-1287
-1621
-1837
-2268
-2727
-2834
-2363
-1550
-1144
-1078
-630
256
1280
2170
2529
2866
3530
4177
4597
4649
4061
3382
3191
3021
2339
1331
541
-81
-744
-1707
-3367
-4954
-5151
-4954
-5469
-6054
-6480
-6568
-5736
-4411
-3820
-3908
-3338
-1643
-211
362
1079
1960
2592
3459
4285
4419
4486
4790
4753
4205
3591
3025
2500
2146
1470
226
-688
-842
-1124
-1824
-2260
-2630
-2943
-2324
-1424
-1505
-1703
-959
115
844
1500
2158
2585
3058
3919
4428
4371
4050
3525
3260
3168
2585
1694
956
175
-597
-1375
-2766
-4530
-5252
-5177
-5465
-6127
-6475
-6491
-6377
-5381
-4119
-4105
-3969
-2324
-755
-180
561
1739
2464
2968
3918
4598
4537
4745
5122
4682
3826
3506
3175
2458
1758
969
83
-544
-1194
-1877
-1883
-2103
-2881
-2674
-1970
-1948
-1601
-749
-280
-25
893
2243
2854
2829
3523
4348
4408
4454
4121
3376
3256
3026
2229
1477
568
-223
-797
-2114
-3971
-5161
-5276
-5278
-5966
-6635
-6687
-6617
-5956
-4534
-4032
-4200
-3054
-1199
-311
251
1303
2281
2927
3765
4507
4602
4672
5142
5042
4302
3669
3193
2796
2344
1447
251
-341
-834
-1644
-1720
-1898
-2897
-2959
-2084
-1934
-1954
-1270
-608
-373
256
1455
2108
2363
3187
3997
4091
4186
4181
3625
3254
3039
2330
1516
925
179
-613
-1818
-3656
-4885
-4991
-5094
-5838
-6507
-6664
-6641
-6080
-4846
-4295
-4443
-3623
-1753
-584
-70
898
1937
2663
3506
4288
4563
4708
5049
5215
4577
3818
3494
3180
2645
1782
641
-125
-442
-863
-1490
-2014
-2531
-2684
-2000
-1703
-1995
-1692
-843
-175
468
1059
1748
2526
3204
3913
4220
4012
3736
3757
3820
3336
2467
1905
1385
670
-65
-1289
-3402
-4759
-4503
-4621
-5798
-6580
-6683
-6708
-6195
-5047
-4621
-4988
-3947
-1867
-949
-599
476
1646
2312
3162
4076
4272
4402
5071
5231
4442
3725
3511
3239
2694
1924
885
133
-422
-1222
-1457
-1538
-2489
-2827
-2154
-2077
-2150
-1465
-833
-824
-362
1017
1878
2021
2785
3664
3787
4061
4219
3593
3354
3515
3040
2129
1338
791
256
-952
-2890
-4273
-4507
-4671
-5452
-6099
-6378
-6736
-6437
-5039
-4430
-4795
-3965
-2123
-1251
-731
613
1625
1996
3017
4177
4262
4360
5059
5300
4608
3908
3748
3412
2708
2177
1585
450
-491
-673
-1229
-2251
-2339
-2006
-2353
-2693
-2322
-1598
-1120
-732
33
388
696
2091
3253
3193
3384
3897
3674
3297
3580
3651
2747
1846
1499
1044
204
-1109
-2837
-3993
-4315
-4577
-5079
-5886
-6725
-6767
-5878
-5024
-4999
-4898
-3723
-2441
-1682
-537
545
914
1882
3415
3971
3938
4488
5124
5103
4584
4197
3862
3358
2902
2513
1621
500
-7
-470
-1108
-1473
-1940
-2363
-2216
-2140
-1952
-1492
-1132
-752
-260
443
1298
1937
2460
3064
3543
3730
3481
3167
3249
3225
2604
1970
1472
878
279
-901
-2830
-4041
-4097
-4273
-5018
-5877
-6411
-6498
-5925
-5016
-4843
-4978
-4008
-2554
-1637
-676
251
896
1722
2942
3847
4147
4393
4844
5022
4649
4144
3879
3608
2850
2164
1703
905
-96
-394
-493
-1458
-2280
-1973
-1855
-2382
-2055
-1206
-1193
-1273
-203
671
749
1394
2422
2824
3100
3550
3248
2669
2877
3152
2538
1744
1337
1003
273
-1094
-2794
-3880
-4008
-4109
-4793
-5596
-6244
-6335
-5450
-4726
-4814
-4709
-3771
-2433
-1358
-551
271
885
1672
2888
3728
4029
4272
4545
4762
4621
4102
3721
3473
2940
2343
1847
1128
247
-400
-543
-870
-1667
-1895
-1695
-2020
-1961
-1130
-785
-984
-589
402
1104
1365
1930
2575
2820
2957
2837
2633
2720
2789
2291
1637
1036
718
348
-1089
-2963
-3691
-3565
-3833
-4487
-5272
-5910
-6005
-5191
-4257
-4463
-4747
-3533
-2176
-1596
-611
417
824
1519
2785
3536
3701
4033
4551
4473
4028
3928
3811
3242
2683
2337
1747
928
60
-268
-287
-1039
-1778
-1484
-1493
-2030
-1661
-943
-999
-1070
-201
534
637
1120
2109
2402
2422
2655
2358
2110
2428
2488
1976
1312
720
409
-310
-1710
-2970
-3619
-3774
-3950
-4552
-5274
-5682
-5462
-4672
-4238
-4413
-4060
-2880
-1906
-1168
-344
355
1003
1907
2871
3371
3615
4061
4391
4268
4006
3797
3569
3149
2674
2314
1851
1157
369
-205
-409
-579
-1008
-1270
-1476
-1657
-1286
-706
-637
-698
-270
454
1019
1400
1722
2059
2338
2155
1905
1983
1931
1624
1514
1161
521
156
-732
-2391
-3486
-3455
-3487
-4129
-4763
-5220
-5565
-5177
-4198
-4012
-4418
-3742
-2389
-1662
-1072
-178
509
1039
1994
2918
3275
3521
4079
4350
4002
3641
3713
3571
2989
2384
1816
1589
1450
760
-46
-388
-684
-740
-593
-904
-1300
-1040
-373
-130
-230
58
630
947
1350
1832
2109
2125
1896
1630
1543
1459
1193
974
677
170
-300
-1221
-2820
-3696
-3482
-3479
-4173
-4800
-4979
-5001
-4592
-3886
-3813
-3967
-3193
-1951
-1257
-782
-54
619
1117
1927
2709
2885
3139
3751
3971
3517
3324
3466
3084
2443
2068
1954
1781
1216
621
204
-323
-436
-131
-395
-1024
-1012
-343
2
-87
-42
275
582
914
1464
1728
1725
1799
1398
981
1322
1391
892
573
217
-97
-355
-1551
-3102
-3559
-3367
-3617
-4048
-4438
-4903
-4900
-4105
-3451
-3741
-3814
-2572
-1571
-1359
-467
299
369
1093
2225
2639
2657
3060
3546
3442
3184
3313
3131
2457
2275
2397
1865
1142
1146
1145
324
-258
-3
-36
-468
-481
-176
-220
-279
247
656
508
647
1297
1540
1532
2014
1899
985
924
1426
1169
519
171
-2
-232
-807
-1989
-3255
-3719
-3480
-3490
-4073
-4672
-4816
-4489
-3679
-3182
-3436
-3198
-2038
-1149
-754
-169
457
1015
1573
2242
2727
2842
3012
3458
3436
2914
2849
2938
2430
1958
1964
1519
683
824
1218
230
-596
-105
107
-301
-264
71
-98
-156
535
939
509
679
1401
1412
1328
1618
1213
482
701
932
390
-203
-374
-485
-809
-1604
-2936
-3972
-3869
-3612
-3883
-4285
-4677
-4832
-4146
-3032
-2868
-3269
-2490
-1212
-810
-242
605
940
1273
2023
2601
2734
2943
3368
3331
2850
2700
2922
2734
2070
1708
1597
1273
903
772
627
137
-153
162
252
-122
-19
467
574
453
717
1152
1254
1424
1790
1806
1672
1644
1382
937
651
544
224
-183
-597
-1040
-1310
-2309
-3838
-4130
-3881
-4168
-4429
-4616
-4836
-4681
-3797
-2890
-2947
-2880
-1760
-838
-325
368
916
1261
1892
2524
2745
2939
3176
3367
3283
2733
2439
2558
2246
1771
1406
1100
881
508
402
420
-46
-305
13
98
-22
222
612
544
660
1195
1439
1442
1554
1746
1813
1822
1608
810
319
571
225
-480
-711
-1099
-1519
-1972
-3146
-4262
-4384
-4117
-4301
-4728
-4836
-4671
-4190
-3296
-2720
-2822
-2342
-968
-179
112
853
1349
1630
2355
2900
2922
2888
3203
3461
3037
2420
2356
2204
1691
1398
1256
909
434
231
362
233
-159
-56
256
23
-23
755
1106
852
1083
1563
1720
1737
1969
2238
2069
1928
1715
874
455
659
302
-475
-988
-1327
-1457
-2119
-3663
-4656
-4456
-4299
-4528
-4774
-5120
-5074
-4269
-3119
-2736
-2959
-2225
-733
-243
172
1192
1599
1812
2582
3070
2930
2940
3322
3468
2765
2151
2275
2017
1450
1380
1116
470
255
294
-12
-398
-471
47
440
20
-43
705
1123
1312
1559
1539
1627
2008
2499
2643
2193
1847
1542
990
833
649
-68
-521
-815
-1394
-1771
-2651
-4310
-4938
-4319
-4279
-4961
-5188
-5105
-4929
-4123
-2885
-2713
-2934
-1730
-220
97
499
1461
1943
2201
2885
3347
3146
3138
3538
3442
2660
2249
2258
1584
916
1114
894
60
-190
0
-214
-706
-646
-103
-77
-200
333
738
742
1121
1785
1839
1602
1997
2491
2416
2273
2291
1497
481
558
864
102
-819
-1155
-1334
-1829
-3042
-4381
-4937
-4852
-4726
-4634
-4899
-5317
-5036
-3776
-2778
-2787
-2511
-1221
-196
259
1078
1852
2081
2557
3335
3537
3308
3498
3926
3535
2684
2469
2290
1485
1179
1354
831
-41
-194
75
-163
-608
-547
-211
-210
-168
406
915
866
1132
1820
1966
1971
2346
2663
2576
2459
2222
1373
682
738
598
-204
-940
-1363
-1599
-2236
-3670
-4990
-5227
-4934
-4877
-4967
-5275
-5647
-5120
-3605
-2814
-3010
-2452
-1042
-232
392
1364
1834
2024
2861
3549
3505
3387
3689
3857
3279
2761
2591
1953
1320
1419
1166
344
-110
-280
-321
-359
-606
-704
-492
-368
-110
469
733
871
1311
1767
2013
2150
2378
2608
2547
2470
1969
1029
893
1097
336
-562
-936
-1444
-1887
-2606
-4094
-5295
-5102
-4666
-4980
-5525
-5580
-5205
-4495
-3436
-2853
-2840
-2024
-373
346
612
1490
2374
2779
3288
3811
3892
3837
4097
4129
3401
2836
2768
2251
1469
1253
976
302
-99
-208
-408
-688
-810
-603
-400
-427
-203
394
753
981
1491
1896
2001
2260
2627
2776
2677
2549
1909
1092
840
728
183
-444
-1032
-1524
-2062
-3320
-4622
-5027
-4992
-5223
-5409
-5583
-5794
-5406
-4168
-3305
-3407
-2994
-1437
-354
129
1078
1814
2095
2823
3795
3982
3719
3942
4252
3850
3220
2931
2547
1787
1353
1216
673
21
-245
-299
-598
-996
-964
-750
-618
-432
-138
206
523
954
1598
1923
2053
2393
2637
2700
2928
2810
1806
1082
1045
808
183
-394
-1053
-1623
-2173
-3374
-4732
-5101
-4921
-5150
-5488
-5591
-5644
-5310
-4086
-3127
-3309
-2942
-1313
-196
255
1149
1946
2190
2745
3723
4062
3778
3866
4245
3846
3024
2863
2765
1932
1062
769
696
362
-228
-536
-835
-1184
-925
-308
-427
-913
-555
460
930
903
1301
1785
1975
2396
2904
2801
2693
2594
1940
1226
1006
743
269
-278
-1050
-1630
-2367
-3620
-4692
-4906
-4802
-5080
-5515
-5633
-5545
-4997
-3830
-3229
-3273
-2510
-981
-17
593
1359
1924
2469
3309
3958
3922
3906
4196
4302
3820
3275
3016
2626
2002
1459
1033
581
188
-219
-524
-668
-873
-973
-655
-541
-797
-570
210
561
620
1136
1668
1762
2011
2470
2626
2607
2287
1563
1081
906
589
145
-512
-1160
-1662
-2701
-4117
-4866
-4785
-4675
-5134
-5646
-5734
-5550
-4703
-3474
-3259
-3480
-2399
-765
20
605
1505
2004
2348
3245
4079
4033
3880
4320
4320
3501
3139
3305
2729
1764
1489
1410
634
28
36
-528
-1375
-996
-126
-445
-1172
-839
-56
297
652
1143
1110
1124
2100
2907
2421
2146
2778
2427
1345
1139
1248
602
30
-346
-996
-2020
-3227
-4062
-4517
-4919
-5232
-5276
-5438
-5683
-5597
-4589
-3615
-3663
-3211
-1645
-774
-504
681
1801
1981
2480
3641
3965
3650
3996
4484
4042
3283
3188
3069
2314
1467
1224
1306
740
-46
-26
-338
-1189
-873
-84
-466
-1147
-719
232
419
352
1069
1325
1108
1860
2655
2391
2289
2697
2243
1251
1078
1220
745
-62
-684
-1164
-1952
-3186
-4189
-4553
-4775
-5135
-5230
-5250
-5678
-5604
-4298
-3386
-3636
-3183
-1613
-703
-331
969
1881
1766
2415
3711
3958
3562
3838
4270
3826
3252
3355
3057
2159
1734
1552
1079
733
414
-39
-500
-963
-696
-70
-469
-1046
-677
32
543
690
747
935
1168
1881
2531
2219
2092
2360
1862
1288
1290
1007
448
16
-524
-996
-2056
-3450
-4050
-4280
-4757
-4949
-5020
-5444
-5623
-4956
-3800
-3526
-3685
-2612
-1249
-833
-10
1127
1473
1839
2849
3564
3613
3622
4004
4179
3627
3161
3167
2744
2119
1883
1520
860
317
266
-84
-783
-703
-269
-467
-857
-798
-235
190
391
713
780
854
1599
2150
1947
1900
2275
2211
1357
962
1112
766
266
-141
-782
-1469
-2290
-3373
-4136
-4531
-4769
-4819
-5059
-5513
-5496
-4704
-3827
-3493
-3244
-2305
-1302
-705
267
1292
1583
2062
3037
3583
3556
3732
4147
4090
3464
3261
3225
2572
2009
2041
1787
834
374
553
76
-701
-478
21
-323
-759
-481
-75
147
553
883
743
672
1406
2140
1925
1752
2150
1896
1118
1034
1100
590
165
-223
-832
-1470
-2573
-3781
-4176
-4269
-4714
-5030
-5153
-5398
-5403
-4513
-3507
-3495
-3391
-2087
-855
-446
315
1426
1884
2138
3058
3651
3504
3603
4153
4010
3214
2952
3051
2538
1802
1629
1406
871
494
169
-399
-472
-71
-85
-449
-647
-458
152
649
738
588
685
1405
1967
1903
1744
1963
2278
1927
1112
732
601
323
203
-313
-1251
-1808
-2578
-3810
-4340
-4439
-4775
-4966
-5157
-5406
-5273
-4496
-3611
-3363
-3236
-2178
-1039
-463
431
1233
1470
1998
2893
3361
3335
3493
3840
3706
3133
2934
2880
2284
1757
1559
1299
1054
806
326
-174
-321
-122
74
83
-221
-411
198
944
931
720
930
1231
1566
1996
2086
1967
1921
1654
1022
660
632
406
-9
-562
-1115
-1543
-2463
-3811
-4335
-4155
-4366
-4811
-4955
-5045
-4910
-4170
-3203
-3044
-3100
-2065
-674
-162
323
1148
1646
2022
2709
3193
3204
3329
3659
3653
3059
2690
2768
2363
1554
1417
1546
1077
475
275
126
-243
-281
187
58
-560
-288
468
605
466
706
1028
1022
1244
1788
1795
1664
1983
1676
618
451
877
463
-225
-645
-1001
-1361
-2249
-3413
-4160
-4405
-4262
-4227
-4766
-5154
-4888
-4185
-3305
-2966
-2994
-2276
-1009
-221
359
908
1248
1818
2637
3020
3040
3156
3512
3630
3067
2635
2547
2193
1913
1900
1528
923
608
484
293
69
-56
8
-90
-238
33
387
494
483
594
835
1053
1249
1554
1664
1601
1824
1596
701
393
531
290
-100
-593
-1128
-1388
-2140
-3410
-4048
-4110
-4247
-4388
-4488
-4778
-4999
-4268
-2989
-2792
-3113
-2154
-847
-421
331
1246
1333
1572
2652
3213
2944
3008
3510
3586
2966
2559
2569
2150
1741
1824
1572
864
521
562
491
80
-130
122
90
-150
48
455
504
439
670
1054
1071
1167
1635
1679
1468
1776
1672
717
363
617
350
-212
-622
-945
-1260
-2122
-3412
-4049
-4084
-4121
-4212
-4437
-4715
-4811
-4217
-3010
-2649
-3053
-2191
-790
-434
209
1188
1301
1487
2423
3060
2927
2886
3425
3527
2730
2332
2642
2291
1526
1535
1628
988
422
451
380
-139
-336
177
101
-562
-210
605
515
164
642
1150
997
1174
1785
1713
1420
1882
1867
738
209
654
535
-201
-665
-850
-1202
-2254
-3398
-3792
-3989
-4353
-4388
-4352
-4656
-4933
-4255
-2881
-2718
-3041
-1935
-624
-369
326
1418
1447
1480
2534
3280
3039
2904
3348
3545
2937
2587
2640
2082
1364
1508
1678
992
325
334
372
-83
-269
58
-2
-436
-123
564
499
289
798
1153
1059
1289
1690
1716
1678
1958
1678
701
360
675
449
-210
-757
-1140
-1388
-2164
-3379
-4163
-4300
-4206
-4158
-4362
-4674
-4737
-4039
-2925
-2610
-2781
-2039
-747
-87
448
1154
1434
1787
2631
3120
2966
2926
3300
3477
2877
2319
2314
1953
1460
1556
1440
678
309
430
218
-315
-403
-49
-223
-490
-62
303
220
456
859
886
914
1320
1788
1681
1519
1866
1584
541
404
754
310
-377
-708
-962
-1441
-2362
-3288
-3947
-4428
-4248
-3878
-4285
-4721
-4559
-3851
-2903
-2515
-2361
-1688
-728
129
911
1326
1530
2003
2696
3151
3134
3076
3309
3383
2856
2515
2361
1792
1583
1754
1313
497
273
375
206
-170
-195
-151
-415
-239
259
245
242
652
852
957
1176
1492
1797
1799
1819
1934
1289
506
677
824
187
-551
-978
-1142
-1498
-2554
-3664
-4352
-4636
-4273
-4007
-4499
-5008
-4803
-3706
-2641
-2642
-2647
-1645
-547
91
895
1406
1356
1888
2985
3259
2792
2912
3486
3299
2605
2520
2376
1578
1396
1781
1304
493
393
397
-106
-232
146
-29
-506
-345
206
468
436
626
884
927
1338
1814
1762
1644
1902
2001
1288
600
655
563
1
-429
-957
-1398
-1819
-2835
-3896
-4382
-4376
-4355
-4454
-4667
-4774
-4468
-3540
-2723
-2653
-2350
-1160
-217
82
896
1593
1791
2344
3007
3085
3025
3246
3498
3219
2628
2485
2103
1547
1523
1535
924
474
377
101
-349
-360
74
-126
-590
-272
156
250
548
849
859
892
1453
2092
1924
1604
2004
2031
1091
698
953
518
-100
-373
-819
-1251
-1940
-3024
-3825
-4315
-4494
-4269
-4225
-4727
-4911
-4250
-3260
-2817
-2648
-2053
-1052
-328
382
1219
1400
1766
2596
2963
3061
3170
3248
3323
2997
2618
2435
1898
1383
1388
1205
709
340
86
-106
-307
-328
-247
-411
-543
-154
193
287
477
737
953
1285
1555
1773
1927
1956
2224
1864
908
721
897
358
-165
-607
-1156
-1469
-2325
-3665
-4281
-4367
-4443
-4393
-4559
-4911
-4857
-4065
-3054
-2684
-2697
-1680
-509
-53
702
1561
1762
2108
2934
3298
3233
3328
3677
3546
2803
2554
2598
1826
1161
1384
1223
509
270
306
-190
-830
-343
383
-241
-794
-12
479
382
772
1222
1049
978
1733
2337
1901
1702
2229
1682
541
691
980
155
-459
-668
-1213
-1967
-2882
-3685
-4199
-4791
-4809
-4428
-4727
-5057
-4677
-3903
-3207
-2914
-2396
-1310
-571
-26
898
1470
1700
2446
3118
3180
3211
3378
3591
3444
2785
2587
2513
1638
1161
1446
1072
360
231
82
-433
-590
-177
-38
-588
-603
171
378
325
816
1117
1093
1491
1917
2022
1947
2157
2430
1702
682
643
752
188
-389
-962
-1381
-1906
-3077
-3913
-4088
-4633
-4905
-4475
-4571
-5071
-4788
-3653
-2996
-3072
-2439
-1069
-500
-57
1122
1668
1583
2322
3325
3309
3021
3430
3752
3204
2578
2673
2319
1243
1236
1678
819
24
300
197
-516
-544
50
-100
-646
-204
388
213
427
1100
1194
1079
1567
2155
2092
1926
2243
2410
1549
706
797
675
-2
-354
-770
-1473
-2029
-2846
-3886
-4452
-4507
-4502
-4615
-4807
-4804
-4596
-3847
-2888
-2609
-2423
-1353
-292
210
929
1652
1906
2320
2926
3164
3192
3272
3470
3267
2645
2413
2299
1527
1061
1412
1139
264
37
109
-432
-829
-131
197
-587
-652
149
394
424
968
1172
931
1270
2137
2334
1775
1815
2283
1727
789
870
824
-5
-488
-676
-1205
-1974
-3012
-3730
-4067
-4542
-4612
-4350
-4623
-4899
-4442
-3530
-2933
-2784
-2138
-1098
-516
18
1014
1513
1668
2412
3060
2981
2966
3364
3470
3013
2499
2439
2174
1255
1001
1416
780
-23
143
2
-714
-999
-331
56
-629
-657
111
63
68
1034
1363
854
994
1875
2223
1893
1992
2375
1556
592
897
871
21
-365
-621
-1125
-1818
-2950
-3704
-4009
-4359
-4475
-4275
-4462
-4809
-4447
-3246
-2632
-2811
-2126
-864
-409
154
1314
1708
1669
2478
3313
3229
3036
3477
3698
3095
2656
2706
2341
1433
1233
1630
1127
230
272
294
-319
-839
-700
-45
-114
-543
-166
28
-117
691
1472
1189
797
1368
2225
2118
1766
2040
1678
620
656
982
201
-636
-678
-921
-1825
-3035
-3649
-3880
-4444
-4402
-4017
-4490
-5023
-4482
-3343
-2656
-2683
-2320
-1243
-498
104
1033
1442
1418
2081
2959
3000
2805
3014
3343
3085
2429
2324
2237
1360
1061
1479
974
69
-54
7
-331
-705
-536
-226
-523
-607
52
228
-144
452
1224
1160
1074
1511
1906
1881
1888
2208
1955
1010
712
864
303
-299
-355
-793
-1767
-2867
-3532
-3749
-4106
-4367
-4291
-4437
-4628
-4264
-3539
-2849
-2583
-2260
-1300
-460
37
865
1490
1600
2055
2747
2971
3008
3129
3289
3201
2693
2403
2311
1939
1334
839
922
940
156
-318
-209
-497
-689
-133
85
-628
-587
350
600
382
787
1278
1270
1405
1939
2131
1865
2077
2166
1263
528
778
833
63
-670
-923
-1343
-2447
-3429
-3662
-3908
-4425
-4438
-4168
-4405
-4559
-3743
-2768
-2730
-2581
-1488
-554
-272
431
1295
1528
1863
2606
2946
2826
2912
3190
3159
2706
2344
2209
1949
1435
843
608
886
598
-441
-682
-482
-680
-433
-35
-438
-969
-360
655
763
399
856
1336
1274
1589
2146
2031
1856
1972
1582
837
557
711
402
-393
-938
-1126
-2004
-3227
-3624
-3671
-4156
-4528
-4352
-4182
-4350
-3973
-2810
-2445
-2621
-1699
-411
-169
209
1290
1630
1609
2300
2933
2847
2779
3138
3144
2541
2300
2376
1994
1441
1164
808
127
30
321
-168
-894
-796
-419
-317
-275
-278
-290
-230
427
1133
995
747
1194
1662
1832
2051
2241
2015
1409
977
837
639
52
-323
-595
-1226
-2016
-2933
-3558
-3634
-3764
-4046
-4161
-4300
-4256
-3633
-2813
-2489
-2545
-1857
-745
-179
377
1199
1547
1620
2345
3053
2954
2861
3176
3225
2681
2226
2306
2160
1485
1185
1014
352
-17
-65
-444
-856
-928
-650
-469
-602
-597
-185
146
366
747
1030
1091
1312
1779
1939
1879
2023
2310
2015
1130
690
744
427
-159
-575
-1073
-1824
-2889
-3557
-3599
-3866
-4297
-4203
-4212
-4503
-3985
-2906
-2602
-2655
-2008
-1045
-478
73
936
1361
1437
2117
2800
2733
2736
3120
3211
2726
2300
2268
2125
1658
1251
1001
579
-19
-65
186
-442
-1116
-696
-299
-438
-356
-213
-276
2
863
1321
919
914
1579
1906
1886
2060
2157
1782
1176
823
702
375
-63
-414
-945
-1749
-2710
-3323
-3344
-3587
-4159
-4201
-4076
-4205
-3938
-3085
-2540
-2638
-2241
-1141
-404
-108
655
1353
1341
1705
2677
2941
2669
2920
3250
2890
2348
2337
2379
1769
1052
1020
746
17
-74
199
-262
-918
-858
-448
-220
-260
-316
-253
-150
529
1316
1164
880
1260
1772
2037
2123
2101
1995
1453
851
643
454
104
-297
-810
-1338
-2291
-3346
-3339
-3238
-4005
-4352
-4056
-4084
-4078
-3497
-2777
-2628
-2591
-1466
-268
-123
327
1303
1551
1616
2330
2780
2603
2624
3099
3107
2336
1987
2311
2093
1340
1016
846
355
-90
-422
-437
-179
-648
-1076
-482
-272
-465
18
337
123
300
1151
1582
1150
1067
1719
1972
1999
2254
1796
779
428
707
550
-230
-830
-954
-1700
-2986
-3203
-2942
-3580
-4159
-3918
-3774
-3960
-3644
-2604
-2289
-2647
-1784
-410
-151
158
1151
1549
1471
2039
2800
2742
2445
2933
3301
2590
2057
2330
2148
1374
1132
1030
394
-145
-340
-414
-459
-702
-921
-794
-772
-831
-284
135
-101
-108
481
1064
1153
1081
1374
1660
1700
2072
2020
916
332
787
728
17
-497
-814
-1500
-2615
-3139
-2921
-3345
-3926
-3676
-3583
-3875
-3543
-2705
-2314
-2298
-1880
-916
-271
187
940
1401
1438
1927
2599
2756
2769
2852
2941
2707
2202
2093
2106
1585
991
856
677
269
-3
-189
-535
-834
-753
-493
-438
-760
-687
-59
135
147
562
926
1049
1189
1481
1772
1821
2020
2196
1419
495
561
755
275
-336
-680
-1157
-2065
-2954
-3077
-3142
-3685
-3791
-3673
-3902
-3881
-3155
-2449
-2405
-2338
-1506
-565
-129
493
1192
1255
1411
2180
2615
2509
2598
2951
2896
2364
2153
2221
1772
1186
1246
1111
394
225
244
-325
-637
-488
-611
-657
-529
-454
-299
-104
59
315
683
993
1206
1270
1529
1853
1946
1972
1643
789
390
631
508
-71
-528
-844
-1584
-2669
-3146
-3003
-3334
-3866
-3747
-3577
-3833
-3614
-2643
-2205
-2403
-1976
-954
-348
-38
648
1195
1199
1583
2336
2611
2505
2683
2898
2546
2114
2101
1962
1462
1212
1094
688
242
-20
-110
-259
-679
-820
-486
-418
-486
-159
-47
-132
113
586
977
983
1027
1470
1814
1882
2058
1800
1031
635
775
745
317
-203
-603
-909
-1808
-2825
-2955
-2843
-3309
-3517
-3347
-3508
-3778
-3228
-2172
-2148
-2467
-1536
-428
-365
61
1085
1308
1263
1978
2562
2429
2457
2870
2780
2115
1977
2146
1713
1260
1169
857
391
7
-173
-222
-605
-920
-703
-486
-629
-556
-225
-114
-93
326
816
845
849
1351
1691
1570
1832
2007
1243
592
722
739
363
-80
-380
-743
-1758
-2795
-2807
-2725
-3340
-3587
-3447
-3717
-3897
-3174
-2283
-2417
-2555
-1532
-483
-362
87
964
1085
1162
2126
2697
2410
2533
3037
2989
2450
2243
2220
1816
1445
1398
1099
516
173
138
56
-398
-846
-752
-444
-444
-443
-277
-341
-351
221
811
657
572
1070
1437
1489
1768
1930
1406
729
615
788
564
88
-195
-507
-1367
-2441
-2800
-2633
-3092
-3650
-3436
-3415
-3845
-3435
-2519
-2400
-2580
-1876
-851
-576
-238
683
1103
1029
1646
2397
2417
2406
2930
3075
2521
2251
2337
1939
1563
1607
1278
626
317
161
-42
-226
-662
-975
-821
-512
-399
-467
-419
-268
-38
502
853
701
827
1307
1418
1547
1768
1585
1051
602
572
660
334
-130
-416
-1120
-2236
-2857
-2666
-2798
-3528
-3602
-3298
-3712
-3865
-2866
-2245
-2537
-2304
-1228
-574
-378
457
1234
1111
1346
2449
2789
2488
2765
3150
2790
2263
2297
2252
1740
1466
1355
860
409
170
-54
-216
-607
-1017
-790
-412
-477
-549
-385
-269
-100
358
802
800
716
1164
1551
1567
1685
1779
1405
829
608
667
397
-81
-366
-780
-1854
-2823
-2805
-2644
-3252
-3547
-3422
-3774
-3844
-3057
-2372
-2426
-2385
-1554
-693
-382
105
747
1053
1415
2090
2418
2370
2620
3008
2929
2396
2108
2086
1927
1599
1228
891
623
209
-83
-68
-467
-989
-828
-405
-533
-660
-416
-276
-262
166
767
726
692
1204
1532
1418
1585
1805
1574
1056
573
556
670
347
-77
-395
-1341
-2606
-2853
-2364
-2760
-3580
-3470
-3270
-3681
-3447
-2359
-2151
-2586
-1867
-695
-454
-246
679
1294
1193
1620
2512
2605
2447
2904
3092
2424
1978
2200
2199
1591
1102
982
749
304
-63
-69
-452
-1055
-899
-432
-502
-729
-585
-320
-244
-76
427
739
692
950
1372
1369
1386
1672
1760
1269
569
405
556
322
-61
-319
-1122
-2537
-3046
-2305
-2407
-3473
-3649
-3323
-3695
-3626
-2551
-2213
-2706
-2281
-979
-447
-410
367
1164
1155
1485
2388
2602
2428
2797
3156
2634
2045
2148
2258
1826
1306
996
840
547
30
-99
-257
-767
-949
-533
-412
-731
-682
-351
-285
-212
327
732
665
795
1295
1425
1313
1591
1764
1482
934
460
435
439
61
-238
-718
-1933
-2857
-2593
-2311
-3026
-3505
-3308
-3429
-3654
-2956
-2163
-2364
-2460
-1457
-602
-487
63
902
1114
1261
2054
2554
2388
2547
3052
2780
2135
2063
2263
1960
1476
1198
878
528
256
10
-230
-575
-901
-699
-478
-515
-569
-466
-217
-34
188
561
763
752
1040
1332
1386
1487
1606
1568
1231
636
412
469
191
-101
-289
-1228
-2544
-2781
-2180
-2444
-3318
-3464
-3318
-3716
-3375
-2182
-2176
-2787
-1939
-671
-528
-277
706
1205
975
1546
2465
2318
2165
2800
2865
2090
1880
2198
2001
1502
1227
928
537
210
93
-12
-498
-890
-716
-436
-486
-653
-517
-214
-232
-59
520
689
576
925
1286
1336
1512
1795
1785
1439
972
633
475
312
97
-163
-838
-2078
-2838
-2515
-2174
-2802
-3448
-3461
-3615
-3519
-2569
-2114
-2606
-2419
-1275
-610
-373
265
849
1016
1382
2110
2381
2289
2617
2873
2406
1946
2102
2032
1686
1452
1080
618
407
279
-12
-284
-598
-794
-687
-538
-586
-495
-318
-227
-119
165
640
863
814
944
1191
1311
1535
1668
1443
1108
672
434
401
243
-99
-455
-1213
-2422
-2712
-2126
-2321
-3196
-3382
-3288
-3574
-3204
-2155
-2092
-2660
-1909
-631
-421
-253
677
1132
999
1621
2532
2436
2251
2832
2905
2111
1925
2230
1918
1463
1283
939
517
249
115
-31
-359
-729
-743
-537
-575
-616
-475
-272
-283
-227
307
629
490
713
1137
1178
1291
1631
1705
1337
942
629
441
309
136
-52
-788
-2066
-2695
-2367
-2229
-2867
-3365
-3415
-3483
-3356
-2581
-2141
-2485
-2238
-1152
-537
-375
153
797
1167
1442
1881
2259
2375
2578
2796
2487
2016
2049
2079
1713
1339
905
577
469
165
-222
-431
-670
-816
-777
-703
-716
-643
-407
-175
-107
32
471
792
804
906
1176
1339
1540
1727
1609
1243
835
550
464
283
-4
-305
-1083
-2266
-2711
-2192
-2223
-3027
-3430
-3379
-3399
-3057
-2209
-2017
-2551
-2051
-749
-279
-192
495
1006
1081
1619
2318
2379
2275
2657
2747
2206
1994
2186
1998
1563
1287
915
608
486
154
-140
-306
-606
-678
-508
-475
-545
-631
-409
-38
21
216
650
730
808
1203
1352
1375
1566
1632
1533
1190
685
511
466
145
-166
-536
-1579
-2524
-2505
-2194
-2578
-3379
-3558
-3358
-3451
-3012
-2256
-2479
-2697
-1692
-655
-483
-207
581
1044
1183
1695
2193
2152
2159
2552
2496
1982
1929
2056
1762
1374
1002
674
482
244
-49
-353
-616
-754
-702
-644
-693
-666
-450
-266
-115
102
399
714
850
1024
1222
1346
1584
1712
1573
1443
1191
747
476
357
124
-157
-687
-1935
-2699
-2365
-2212
-2843
-3326
-3451
-3527
-3180
-2311
-2060
-2605
-2248
-969
-422
-313
360
836
956
1581
2345
2249
2074
2541
2793
2227
2034
2270
1864
1396
1403
1016
339
244
274
-170
-603
-637
-663
-850
-790
-546
-564
-606
-305
12
132
386
806
954
982
1211
1470
1619
1651
1605
1531
1207
647
415
439
117
-216
-942
-2183
-2600
-2189
-2260
-2881
-3327
-3448
-3275
-2821
-2243
-2186
-2470
-1906
-802
-400
-179
450
888
1136
1706
2059
2128
2291
2444
2358
2064
1945
1901
1567
1287
1029
520
355
359
-34
-446
-610
-679
-727
-769
-704
-678
-579
-385
-261
-176
123
604
858
897
1068
1272
1438
1717
1708
1511
1470
1143
554
351
278
110
-225
-1198
-2396
-2619
-2174
-2272
-2786
-3276
-3438
-3093
-2482
-2064
-2239
-2347
-1485
-535
-273
30
461
845
1441
1898
1938
2049
2232
2349
2298
2070
1873
1703
1512
1284
888
447
363
220
-229
-605
-703
-787
-859
-699
-631
-834
-776
-406
-195
-45
322
686
734
865
1154
1332
1406
1524
1616
1506
1279
851
457
313
235
-3
-464
-1613
-2599
-2326
-2002
-2570
-3078
-3117
-3170
-3057
-2348
-1888
-2284
-2166
-965
-222
-266
154
934
1177
1442
2094
2290
2162
2290
2469
2295
2054
2039
1836
1445
1154
910
678
500
158
-297
-550
-672
-803
-805
-682
-710
-823
-600
-334
-202
25
439
700
707
847
1136
1268
1331
1510
1403
1196
1045
657
227
124
10
-236
-787
-1964
-2654
-2352
-2164
-2637
-3126
-3315
-3188
-2740
-2140
-2012
-2335
-1954
-799
-188
-199
198
833
1229
1654
2011
2036
2093
2323
2452
2265
2010
1828
1627
1344
1066
751
523
446
74
-394
-465
-516
-724
-691
-514
-597
-703
-426
-71
106
317
668
932
947
1061
1329
1420
1524
1577
1494
1371
1096
647
366
183
-6
-147
-786
-2030
-2674
-2262
-2100
-2603
-3002
-3165
-3224
-2763
-1902
-1800
-2366
-1839
-669
-429
-374
319
791
852
1390
2012
1867
1702
2119
2362
2023
1749
1670
1427
1059
896
762
391
-41
-340
-351
-413
-765
-885
-679
-693
-769
-554
-329
-347
-171
396
759
679
755
1143
1264
1266
1577
1660
1356
1151
964
543
285
216
136
-216
-1209
-2264
-2389
-1902
-2031
-2581
-2956
-3020
-2920
-2304
-1620
-1852
-2100
-1271
-334
-266
-65
680
1111
1206
1642
2092
2014
1878
2218
2478
1969
1573
1723
1566
1069
851
760
332
-76
-175
-142
-578
-1043
-813
-507
-733
-847
-501
-374
-362
21
560
589
445
802
1155
1032
1162
1550
1471
1194
1144
879
366
152
175
94
-424
-1473
-2376
-2309
-1940
-2206
-2671
-2908
-3055
-2775
-2043
-1658
-2018
-1973
-978
-280
-218
155
768
1001
1278
1790
1891
1778
2061
2414
2244
1841
1817
1773
1366
992
850
578
201
-107
-260
-430
-777
-855
-678
-701
-846
-730
-516
-383
-222
124
386
409
597
881
960
979
1230
1470
1322
1089
885
564
260
241
200
-185
-994
-1932
-2374
-2111
-2055
-2413
-2752
-3076
-2945
-2309
-1869
-1963
-1982
-1452
-643
-300
-80
367
792
1228
1698
1870
1794
1941
2298
2339
2119
1966
1864
1691
1422
1296
971
572
315
27
-198
-434
-633
-715
-686
-760
-740
-649
-558
-267
17
149
340
555
800
985
1033
1103
1240
1283
1198
966
522
268
344
255
-56
-527
-1520
-2281
-2141
-1904
-2310
-2794
-2920
-2899
-2613
-2013
-1756
-2029
-1753
-743
-201
-235
144
729
1037
1353
1702
1822
1870
2151
2403
2181
1874
1911
1806
1390
1092
938
691
324
116
-57
-443
-758
-654
-501
-598
-718
-614
-509
-315
-45
135
270
385
630
930
1008
988
1203
1287
1216
1043
667
251
189
221
56
-390
-1243
-2138
-2167
-1761
-2021
-2491
-2697
-2862
-2687
-2046
-1725
-2015
-2048
-1200
-418
-329
-147
410
805
1116
1562
1700
1686
1958
2217
2107
1767
1661
1743
1469
1058
889
672
365
207
66
-296
-622
-715
-600
-519
-590
-580
-512
-329
-87
76
176
335
645
850
852
810
939
1138
1270
1076
624
252
313
432
70
-443
-1159
-1887
-1860
-1626
-1970
-2418
-2594
-2473
-2364
-2143
-1794
-1808
-1738
-1038
-384
-344
-158
427
880
1084
1402
1628
1730
1971
2238
2104
1720
1691
1726
1478
1093
886
644
459
375
118
-228
-495
-521
-445
-422
-491
-574
-435
-155
-31
37
123
345
649
813
775
749
829
962
1071
965
577
164
181
232
27
-357
-1006
-1729
-1863
-1584
-1782
-2310
-2447
-2217
-2148
-1964
-1527
-1586
-1636
-950
-260
-218
-145
447
865
941
1279
1623
1553
1705
2131
2034
1628
1575
1656
1404
1049
751
526
417
271
55
-303
-621
-655
-459
-346
-502
-713
-517
-160
-165
-194
21
104
268
590
642
422
433
695
796
585
315
163
82
-18
-110
-426
-1095
-1588
-1606
-1466
-1756
-2199
-2177
-2034
-2002
-1806
-1499
-1509
-1416
-762
-243
-245
0
541
898
1086
1317
1513
1593
1811
2089
2054
1688
1498
1613
1560
1213
891
693
627
475
233
-5
-296
-492
-330
-234
-422
-534
-360
-128
-90
-56
45
144
297
549
642
481
401
558
656
564
385
177
-52
-132
-205
-451
-861
-1306
-1637
-1618
-1569
-1868
-2088
-1998
-1875
-1847
-1628
-1345
-1204
-1045
-622
-229
-143
150
664
924
978
1193
1460
1521
1591
1699
1543
1231
1250
1385
1106
766
670
629
460
258
106
-63
-213
-232
-158
-194
-291
-260
-12
98
-24
4
183
227
380
533
380
234
369
529
432
288
182
-1
-180
-268
-442
-777
-1113
-1402
-1411
-1315
-1539
-1775
-1656
-1523
-1531
-1345
-1098
-1039
-899
-410
-68
-35
128
525
864
964
1118
1247
1298
1458
1590
1505
1246
1154
1304
1173
849
725
631
411
248
134
-22
-108
-191
-156
-208
-326
-266
-99
-94
-162
-96
-28
57
187
279
266
117
134
358
274
69
58
-95
-338
-335
-392
-674
-892
-1097
-1279
-1317
-1378
-1477
-1476
-1400
-1306
-1229
-1123
-905
-706
-526
-187
18
128
449
761
888
979
1093
1189
1313
1414
1376
1208
1089
1105
1093
920
787
659
456
403
260
71
-22
-109
-203
-207
-161
-122
-96
-146
-145
-100
17
114
219
251
254
220
123
80
6
-70
-103
-148
-291
-357
-507
-738
-810
-992
-1222
-1287
-1279
-1401
-1404
-1244
-1181
-1220
-1153
-867
-622
-444
-136
83
133
345
683
825
878
1041
1131
1202
1326
1354
1232
1092
1053
1010
911
787
688
584
433
296
225
136
33
-71
-83
-98
-119
-84
-50
-15
-34
29
129
177
269
286
234
156
90
70
-42
-148
-180
-354
-515
-530
-660
-878
-934
-957
-1152
-1219
-1158
-1162
-1159
-1016
-919
-919
-823
-540
-325
-311
-117
181
258
414
596
683
734
810
929
1004
1023
1008
941
763
685
669
664
607
425
283
262
221
104
63
51
-36
-5
137
93
-35
26
120
118
99
162
201
181
152
72
-27
-66
-92
-108
-248
-410
-416
-446
-540
-657
-749
-771
-867
-975
-1045
-1066
-1032
-993
-905
-897
-901
-676
-357
-239
-182
-26
163
270
441
650
752
751
778
902
997
964
832
758
755
756
664
570
451
400
443
433
273
162
186
185
150
111
80
-12
11
86
134
173
182
143
122
96
31
-43
-103
-99
-174
-274
-327
-353
-466
-603
-657
-648
-665
-744
-836
-898
-860
-775
-642
-628
-658
-576
-412
-324
-213
-62
17
102
222
349
451
527
607
579
544
645
725
689
647
637
594
591
618
551
444
392
376
354
282
206
129
127
105
84
66
33
-8
-103
-177
-228
-240
-216
-222
-288
-357
-390
-351
-355
-416
-453
-447
-507
-587
-587
-567
-645
-719
-669
-652
-684
-661
-532
-477
-516
-422
-250
-166
-61
133
216
224
307
427
523
622
690
764
793
766
822
843
788
742
772
772
734
686
659
622
542
507
450
368
323
329
232
147
61
-72
-205
-206
-255
-367
-405
-460
-532
-574
-572
-627
-675
-660
-626
-606
-621
-647
-699
-764
-650
-562
-623
-552
-445
-481
-494
-416
-330
-302
-299
-186
-61
21
136
236
231
242
359
450
488
552
594
637
622
661
778
857
818
759
795
812
757
707
642
603
503
410
349
261
163
112
-6
-168
-225
-308
-370
-445
-499
-573
-603
-636
-631
-643
-752
-765
-713
-700
-685
-630
-630
-646
-626
-549
-472
-435
-429
-358
-274
-278
-190
-93
-84
-47
33
114
165
140
230
310
309
368
429
462
510
589
587
559
643
733
731
753
723
725
736
732
709
647
574
503
426
353
302
240
131
10
-98
-163
-254
-359
-432
-493
-579
-600
-630
-649
-665
-666
-667
-657
-607
-632
-605
-545
-503
-497
-428
-308
-257
-209
-151
-124
-82
-39
77
95
51
114
177
179
171
183
195
179
225
287
236
248
307
356
381
398
475
522
544
584
538
525
561
553
523
436
376
364
265
157
91
7
-138
-223
-234
-282
-397
-481
-587
-678
-625
-654
-701
-692
-658
-685
-682
-575
-523
-511
-472
-350
-341
-324
-171
-36
-1
38
110
147
145
165
190
170
138
187
223
187
166
214
292
253
257
274
275
335
407
434
455
474
498
505
510
472
454
465
462
496
408
318
306
250
126
40
-22
-136
-278
-342
-389
-496
-591
-649
-693
-703
-730
-749
-709
-668
-656
-667
-599
-511
-427
-328
-261
-190
-186
-106
57
132
149
201
286
306
302
295
276
250
228
282
230
138
159
252
267
253
283
303
291
362
412
407
436
442
491
527
498
430
375
352
341
286
207
149
129
34
-32
-87
-187
-328
-412
-442
-530
-583
-628
-622
-687
-692
-642
-655
-653
-571
-545
-530
-438
-334
-227
-160
-121
-92
31
145
223
268
275
301
407
421
345
348
336
332
355
294
202
220
252
267
227
200
153
178
248
243
250
270
254
255
282
297
315
235
203
228
204
97
29
-4
-85
-171
-197
-277
-375
-425
-429
-428
-496
-548
-545
-574
-596
-550
-540
-556
-480
-418
-367
-321
-264
-152
-53
1
91
131
146
201
267
306
335
354
326
314
293
304
309
256
206
176
179
175
140
165
149
125
130
126
151
156
152
163
171
177
220
252
191
135
127
125
84
-5
-68
-98
-144
-214
-290
-333
-385
-362
-360
-422
-449
-466
-438
-445
-418
-415
-370
-293
-281
-239
-186
-131
-47
41
80
101
205
257
255
297
329
379
385
359
380
383
336
310
294
284
238
166
121
123
131
95
85
42
55
65
82
86
23
33
52
88
96
57
22
35
58
22
-30
-61
-97
-135
-171
-194
-254
-377
-398
-381
-414
-440
-438
-430
-461
-405
-323
-321
-310
-215
-146
-112
-89
-30
83
175
223
229
235
269
349
366
384
374
399
403
338
327
320
328
311
253
227
169
155
172
126
91
39
16
42
58
40
9
9
-8
15
44
7
-27
-59
-84
-94
-103
-140
-182
-211
-263
-296
-309
-364
-404
-394
-402
-421
-418
-401
-412
-404
-346
-307
-280
-256
-176
-125
-132
-83
-2
24
83
160
221
226
270
362
413
392
374
371
371
327
277
317
265
229
159
119
104
129
122
81
91
60
68
98
105
65
50
52
93
112
52
38
53
12
-36
-32
-21
-48
-81
-132
-192
-205
-247
-314
-344
-339
-332
-338
-342
-332
-302
-266
-234
-206
-182
-113
-62
-39
-15
-11
77
133
172
155
153
231
292
333
317
350
350
294
296
286
265
207
165
112
106
81
35
43
-23
-59
-55
-46
-11
26
18
-2
-40
-22
16
30
9
-22
-14
-26
-66
-96
-115
-132
-143
-174
-164
-180
-220
-210
-223
-249
-275
-264
-250
-250
-235
-236
-201
-147
-111
-73
-32
-74
-52
59
109
118
130
132
168
189
199
247
258
261
239
216
205
191
176
158
156
111
75
73
100
58
11
24
-26
2
43
29
26
17
42
46
34
40
17
31
65
15
-45
-41
-22
-92
-121
-144
-196
-236
-220
-220
-254
-253
-248
-183
-159
-177
-171
-107
-130
-150
-86
-84
-55
-71
-57
-10
92
121
126
130
116
175
224
275
263
260
228
213
180
152
137
106
79
54
58
7
31
61
13
-24
-12
-22
-18
-3
-6
21
2
-17
-9
-35
-71
-46
-37
-89
-106
-72
-75
-92
-79
-118
-132
-131
-88
-81
-124
-106
-72
-73
-92
-83
-106
-41
-8
-26
-33
12
9
-9
45
105
114
137
181
170
157
156
189
207
191
226
200
160
154
142
109
46
14
-28
-6
-7
-23
-75
-81
-62
-62
-52
-50
-33
-49
-30
-56
-72
-39
-96
-93
-112
-146
-128
-100
-109
-112
-120
-145
-186
-203
-169
-146
-173
-191
-209
-182
-130
-155
-169
-104
-66
-68
6
21
5
-9
21
84
122
121
137
162
175
220
215
236
224
235
220
176
160
176
140
109
100
62
53
41
35
38
18
25
8
28
91
55
28
63
16
19
78
56
5
-13
-72
-69
-93
-124
-123
-167
-158
-179
-162
-199
-205
-133
-165
-194
-172
-193
-171
-151
-190
-176
-151
-125
-96
-46
-26
4
17
51
84
108
136
142
229
233
200
222
232
221
203
149
156
154
104
138
129
80
78
114
141
137
114
100
101
153
139
77
47
50
45
32
-34
-55
-57
-113
-132
-150
-157
-139
-162
-177
-165
-188
-200
-187
-178
-172
-179
-187
-179
-166
-146
-166
-158
-145
-92
-57
0
-24
0
27
67
104
137
176
185
219
185
179
177
196
162
183
155
112
132
93
75
86
40
14
-10
-14
12
-4
-7
-14
-27
16
-14
-37
-35
-59
-48
-47
-50
-74
-105
-94
-102
-126
-103
-97
-138
-146
-125
-127
-128
-121
-94
-115
-140
-113
-82
-73
-90
-50
-34
-33
22
39
38
36
70
117
102
118
116
133
156
128
139
130
126
164
152
115
118
87
99
72
21
62
25
41
43
58
64
44
32
24
60
33
19
-8
-73
-51
-43
-82
-112
-141
-140
-151
-153
-158
-191
-178
-190
-190
-163
-158
-123
-92
-85
-91
-83
-99
-46
-42
-80
-67
-30
13
2
61
57
62
126
154
165
172
217
231
213
216
239
200
148
157
123
75
61
74
31
17
36
-1
-16
15
31
14
34
32
42
47
68
57
24
14
-21
-63
-71
-65
-107
-127
-153
-163
-124
-122
-128
-145
-147
-153
-143
-148
-117
-119
-127
-119
-87
-63
-46
-13
-7
-11
11
50
30
5
18
44
49
72
56
85
91
80
79
76
90
99
94
79
74
52
62
43
27
10
6
-14
1
-9
25
41
50
72
51
55
45
65
49
19
-12
-16
-7
-40
-70
-55
-65
-53
-59
-95
-101
-107
-104
-108
-87
-73
-69
-71
-67
-34
-24
7
-12
6
41
30
30
58
45
40
105
67
47
68
88
115
100
103
56
49
41
44
56
38
9
-46
-54
-27
-13
-25
-50
-31
-22
-6
-10
-11
34
27
16
21
23
33
52
-17
-27
-24
-9
-16
-55
-76
-82
-101
-109
-99
-148
-129
-117
-95
-62
-72
-49
-24
-22
-5
42
52
59
72
80
94
128
94
107
101
76
70
39
55
50
38
60
26
6
28
3
-30
-59
-50
-17
-20
-36
-49
-32
-29
-26
-16
-23
-1
22
17
14
-14
-4
-3
26
8
-32
-39
-36
-52
-44
-54
-91
-122
-107
-97
-125
-164
-136
-120
-103
-114
-68
-34
-42
-17
11
28
41
68
35
80
86
103
100
111
143
136
151
125
185
158
148
138
113
112
77
106
80
62
46
37
37
32
27
42
16
34
28
31
39
32
23
10
23
12
30
14
9
2
-19
-54
-93
-77
-117
-156
-172
-184
-204
-203
-211
-216
-199
-194
-173
-174
-119
-103
-121
-115
-88
-58
-33
-5
35
51
90
123
113
175
161
165
176
142
174
184
139
148
143
107
76
99
54
33
77
47
39
22
-4
15
52
49
21
30
35
33
28
-36
-41
-48
-43
-65
-91
-51
-55
-77
-85
-107
-111
-134
-141
-112
-159
-192
-172
-227
-203
-189
-167
-172
-154
-107
-103
-43
-39
-1
39
72
100
91
129
136
131
110
105
121
107
98
103
71
63
86
48
44
44
54
37
34
32
24
56
34
48
31
27
41
18
43
80
64
71
63
92
119
89
111
101
108
88
57
41
21
-10
-50
-43
-52
-93
-99
-116
-122
-117
-102
-90
-98
-71
-68
-68
-69
-30
-8
0
13
-5
61
93
66
61
36
34
13
1
-21
-18
-13
-36
-23
-39
-25
-41
-24
-56
-49
-32
-38
-31
-50
-67
-97
-92
-114
-90
-61
-40
-48
-30
-10
16
50
38
42
38
41
42
30
6
-16
-45
-38
-49
-83
-71
-90
-79
-61
-90
-82
-40
-43
-35
-39
-3
28
64
85
84
94
144
181
171
159
162
176
137
101
115
127
121
103
67
60
47
51
51
9
-17
6
-4
-5
-9
-35
-35
-33
-53
-21
-21
-34
-17
-51
-25
4
2
-10
-16
-1
-5
-8
-54
-72
-89
-119
-172
-173
-177
-180
-198
-219
-167
-187
-127
-106
-71
-39
-20
39
70
78
89
133
126
131
123
171
162
183
168
174
168
155
148
92
106
75
62
40
24
15
18
-34
-72
-97
-93
-82
-99
-123
-135
-107
-95
-74
-77
-21
-10
-42
-14
21
46
46
26
36
37
38
34
20
21
-17
-50
-63
-48
-63
-90
-82
-92
-97
-85
-74
-51
-14
-10
1
29
40
83
93
100
110
155
157
144
141
120
146
120
65
57
30
32
-5
-25
-41
-66
-58
-67
-82
-89
-90
-100
-121
-120
-97
-82
-65
-73
-66
-44
-3
8
-7
1
42
53
58
25
17
39
26
12
-14
-37
-43
-49
-54
-70
-75
-94
-90
-71
-54
-50
-40
-8
-25
6
22
24
51
67
108
98
110
134
116
106
99
69
65
42
31
35
19
-9
0
-8
-27
-41
-64
-84
-98
-113
-144
-135
-133
-125
-105
-98
-88
-60
-45
-16
1
2
10
60
79
73
94
105
95
82
92
96
59
46
25
20
3
15
3
-31
-17
-4
35
58
51
62
102
123
114
101
104
118
145
119
115
126
119
112
104
85
77
79
34
11
-24
-48
-70
-107
-116
-153
-179
-203
-191
-213
-239
-211
-200
-201
-190
-150
-143
-127
-84
-47
-35
-22
11
27
37
52
23
22
32
61
39
32
31
23
33
-1
-18
-22
-3
3
-18
-3
34
46
52
45
52
75
103
100
108
149
132
135
130
106
104
96
111
92
81
57
50
-9
-6
-31
-59
-45
-63
-91
-102
-118
-119
-122
-139
-131
-146
-121
-130
-136
-114
-83
-73
-39
-16
5
26
23
29
49
61
55
63
54
57
41
7
-33
-24
-14
-46
-60
-55
-79
-81
-50
-36
-51
-32
-1
-17
0
16
20
37
50
72
69
106
96
114
99
107
105
96
79
81
53
25
-18
-40
-37
-83
-75
-98
-107
-108
-106
-112
-89
-75
-46
-10
18
39
26
48
78
62
76
108
104
103
107
122
112
123
100
83
43
35
25
-4
-18
-50
-53
-70
-75
-73
-76
-73
-51
-61
-40
-38
-1
28
52
55
38
69
66
83
74
46
64
106
49
50
29
21
21
-5
9
2
-8
-41
-46
-73
-84
-68
-49
-73
-58
-64
-31
-8
-34
-11
2
25
22
33
70
72
59
63
53
47
34
21
7
-6
-19
-71
-86
-97
-125
-142
-157
-176
-174
-163
-166
-128
-142
-131
-133
-112
-74
-65
-46
-47
-32
-9
3
-17
-7
-26
-6
-5
2
17
-5
20
2
2
-2
-3
-10
-13
-23
-45
-42
-48
-33
-28
-41
-26
-16
11
53
74
109
121
130
143
175
186
215
206
215
218
193
222
181
143
127
119
103
75
87
60
63
41
29
24
-2
3
3
15
28
18
38
54
54
53
40
50
43
12
17
11
19
14
-44
-31
-73
-78
-80
-79
-81
-121
-118
-122
-138
-119
-113
-143
-147
-153
-134
-131
-126
-70
-45
-24
-11
21
65
98
81
86
113
102
78
46
75
49
5
-26
-37
-50
-66
-93
-88
-108
-108
-123
-116
-109
-114
-77
-93
-98
-107
-78
-85
-78
-57
-45
-45
-26
-1
9
14
11
25
14
-18
-28
-7
-12
-18
-31
-37
-46
-65
-52
-63
-59
-53
-41
-32
-19
-24
-15
-3
29
35
42
69
79
95
88
122
110
122
125
106
133
121
109
89
81
73
57
29
12
3
-11
-30
-24
-19
-33
3
11
29
46
64
69
75
93
108
110
113
98
101
121
74
64
73
45
51
52
27
18
24
7
-4
-13
-17
-34
-71
-78
-93
-89
-70
-70
-54
-40
1
3
-14
-6
-10
16
35
41
34
32
53
53
34
51
22
13
11
-10
-30
-72
-62
-64
-73
-67
-104
-84
-81
-102
-95
-78
-67
-65
-55
-58
-34
-24
2
21
11
11
5
-15
13
24
-4
14
16
5
0
-33
-43
-48
-49
-49
-31
-44
-54
-27
-36
-52
-14
-25
-24
11
-1
37
37
28
45
79
78
68
92
77
97
96
60
73
62
48
14
4
-27
-21
-54
-43
-55
-78
-84
-114
-78
-90
-107
-100
-85
-86
-83
-74
-71
-59
-46
-31
-19
-30
-18
12
7
-1
4
1
14
31
-9
16
3
-11
11
13
30
27
38
24
33
43
52
51
63
52
62
97
100
97
126
156
147
118
123
144
111
127
107
88
74
43
16
0
0
-8
-32
-51
-38
-59
-58
-54
-61
-51
-41
-38
-23
-40
-35
-22
-18
-11
-22
-16
-12
-21
-35
-54
-36
-30
-44
-15
-15
-20
-19
-31
-20
-24
-58
-54
-69
-63
-82
-81
-78
-84
-50
-44
-26
-22
-1
13
15
35
50
80
61
69
73
65
63
48
46
24
48
41
28
11
-16
-15
-17
-37
-52
-61
-46
-59
-68
-64
-64
-44
-34
-23
-12
6
2
16
28
14
27
3
5
39
42
19
28
48
37
43
37
12
18
11
-3
-9
-13
1
-4
-29
-32
-13
-10
-44
-6
4
12
-3
-9
42
-6
13
14
33
20
1
31
8
-12
12
17
-30
-28
-23
-29
-33
-59
-47
-23
-46
-33
-6
14
8
12
21
24
25
22
64
39
65
82
76
103
88
71
79
96
74
82
71
47
70
44
36
26
-3
-16
-60
-42
-46
-56
-36
-58
-63
-67
-59
-59
-75
-66
-50
-69
-85
-77
-54
-34
-43
-30
-23
-33
-36
-40
-15
-39
-35
-46
-50
-34
-56
-44
-49
-57
-57
-27
-42
-41
-25
-43
-24
-39
-17
-17
7
26
18
31
52
68
78
85
98
104
109
112
105
109
90
74
53
71
58
57
60
14
31
35
21
0
1
5
-9
14
-6
-12
0
14
33
22
25
42
44
12
45
41
15
12
17
1
-16
-17
-42
-38
-24
-75
-44
-76
-53
-44
-71
-47
-79
-57
-57
-71
-83
-73
-63
-39
-71
-44
-47
-42
-47
-27
-19
-28
-13
-30
-28
-33
-27
-33
-47
-53
-53
-17
-41
-51
-40
-58
-43
-48
-23
-3
18
-10
24
47
38
35
37
63
88
87
81
93
89
95
102
124
115
129
111
97
88
80
76
81
62
28
28
15
10
19
10
-22
-20
-18
-12
-19
-29
-16
17
1
1
3
-4
-12
3
-4
-27
-30
-36
-31
-20
-33
-40
-47
-50
-30
-72
-49
-48
-44
-62
-39
-49
-27
-15
-43
-27
-18
3
-15
5
14
54
32
25
50
59
44
21
45
30
45
45
13
40
41
10
25
8
28
53
30
42
20
36
3
12
-16
4
11
-1
-5
-13
-11
-1
-5
-21
-31
-23
-45
-54
-60
-72
-76
-89
-66
-96
-80
-87
-82
-100
-100
-88
-118
-97
-115
-114
-93
-98
-87
-71
-64
-46
-28
-33
-25
-11
10
33
39
29
39
51
45
26
48
48
28
29
11
35
69
31
43
58
63
77
58
71
89
95
82
80
90
88
87
91
101
89
101
93
107
98
96
100
82
82
60
70
40
20
19
-14
-10
-25
-33
-11
-20
-42
-38
-21
-55
-31
-31
-1
3
6
27
-16
7
4
20
21
3
11
5
11
-4
-27
-28
-26
-49
-70
-89
-103
-111
-98
-121
-146
-117
-141
-116
-105
-105
-78
-68
-79
-63
-51
-54
-43
-37
-43
-36
-30
-29
-16
-8
-10
18
23
7
41
20
28
22
23
31
4
27
18
10
23
7
33
43
26
36
57
67
95
67
65
79
73
106
82
95
89
73
80
45
61
62
52
20
14
14
13
6
-16
-4
-33
-14
-14
-65
-34
-22
-48
-34
-44
-12
-30
-19
-43
-43
-14
-7
-19
-9
-9
-1
24
3
25
17
-6
10
-15
-10
21
-17
-6
-14
-24
0
-13
-30
-9
4
10
6
8
34
26
26
14
6
11
9
-4
13
25
16
8
-18
-14
-27
-17
-26
-42
-29
-44
-47
-68
-52
-49
-47
-39
-73
-36
-16
-17
-2
-8
2
15
16
29
26
37
52
6
31
27
18
36
25
54
46
48
42
38
27
22
14
8
20
25
28
12
14
29
5
-3
8
-11
-15
11
9
-4
24
19
8
17
-8
4
10
0
-16
-16
-19
-35
-33
-47
-37
-45
-32
-37
-38
-19
-18
-30
-51
-1
2
-24
-22
-31
-12
-17
-22
-26
-17
-1
2
-8
-26
-27
-10
-34
-38
-48
-62
-69
-69
-76
-89
-71
-81
-66
-72
-55
-38
-21
-10
-16
-32
-21
4
10
3
18
34
47
59
52
75
70
89
90
91
102
72
90
86
65
54
64
54
37
22
26
28
17
31
31
21
43
34
20
42
37
38
42
36
35
39
39
42
49
48
51
68
46
54
51
19
11
-2
1
7
0
-17
-34
-34
-29
-52
-58
-68
-58
-46
-45
-47
-33
-30
-27
-10
-37
-36
-31
-31
-18
-39
-55
-36
-49
-47
-38
-55
-44
-60
-56
-33
-39
-34
-13
-14
-3
11
-7
0
21
21
30
30
29
18
6
6
14
3
7
28
34
46
44
28
18
3
-4
15
0
-6
-13
-35
-48
-52
-59
-65
-79
-57
-38
-40
-31
-17
8
2
3
7
-4
29
33
35
36
31
52
42
53
31
42
43
38
42
29
15
7
-1
-4
-9
-23
-18
0
-5
-6
6
-2
-18
-7
-3
-4
-5
-7
7
0
2
34
-14
-8
-32
-25
-32
-53
-35
-32
-36
-56
-50
-65
-39
-50
-60
-57
-42
-45
-34
-20
-10
-5
-12
7
-4
14
25
23
35
21
30
29
15
21
15
31
28
20
26
22
13
17
40
26
25
34
28
53
37
19
20
35
24
49
37
52
62
69
91
90
71
78
82
64
88
57
56
76
76
70
64
40
41
25
15
19
-12
-7
-13
-23
-20
-40
-41
-50
-58
-44
-51
-44
-41
-48
-54
-61
-66
-57
-59
-64
-45
-64
-71
-81
-85
-90
-86
-80
-79
-55
-65
-65
-52
-31
-54
-23
-21
-24
-14
-6
18
19
49
47
44
57
46
40
73
44
42
45
29
26
12
9
11
-3
-12
-23
-45
-25
-47
-53
-71
-68
-70
-74
-65
-63
-45
-50
-49
-45
-52
-43
-27
-25
-1
-9
-3
6
-5
6
-9
-14
15
9
-2
34
31
28
26
21
26
8
16
34
29
23
27
52
45
39
59
72
76
83
92
90
84
79
93
72
70
90
78
76
69
78
62
38
57
48
39
19
32
40
20
3
-15
-5
-28
-42
-28
-19
-31
-49
-48
-49
-68
-57
-67
-59
-55
-73
-63
-66
-49
-68
-75
-84
-86
-79
-79
-55
-54
-56
-56
-56
-58
-44
-32
-14
-20
-4
15
20
20
33
28
49
63
54
58
46
45
35
36
38
50
57
32
30
32
12
15
14
7
12
-7
12
13
30
21
38
39
19
28
29
31
9
10
17
13
0
6
-17
-11
-3
2
-6
3
9
-11
-5
-15
-39
-27
-29
-60
-51
-64
-54
-66
-64
-64
-74
-41
-48
-43
-43
-44
-34
-39
-23
-23
-31
-26
-5
-31
-32
-19
-24
-10
-21
-17
-3
-7
-12
-10
-3
-10
-10
-5
-6
11
14
13
-3
-9
-19
-31
-25
-8
7
3
28
56
42
39
41
58
65
52
73
63
70
76
78
89
70
70
67
57
65
68
73
79
58
62
83
60
55
67
66
49
43
33
27
39
36
42
42
22
24
6
1
-3
4
-9
-7
-6
-3
-2
-13
1
-17
-29
-25
-46
-59
-65
-51
-59
-60
-54
-40
-35
-31
-40
-33
-28
-39
-34
-75
-42
-50
-76
-50
-58
-68
-73
-83
-84
-93
-88
-63
-69
-75
-77
-81
-87
-94
-70
-50
-67
-58
-38
-25
-37
-10
-5
6
2
16
7
9
20
14
32
12
24
29
29
23
30
54
32
26
22
21
17
18
28
25
29
36
37
37
56
46
41
64
61
64
55
73
72
51
68
69
57
51
51
30
34
33
18
11
14
9
13
7
12
11
-3
-16
-17
-13
-35
-18
-25
-21
-12
-9
-10
-1
-27
-9
6
-7
7
14
10
15
12
5
20
-1
-7
-7
-3
-8
-12
-4
-8
-6
3
-10
-6
13
5
1
6
7
5
-6
8
6
-16
-25
-22
-28
-31
-29
-44
-50
-53
-54
-78
-75
-72
-79
-58
-76
-71
-56
-38
-35
-36
-20
-30
-37
-44
-37
-28
-33
-33
-8
-15
-2
-8
31
41
48
53
52
85
74
69
54
62
54
51
44
48
41
40
54
44
63
40
37
62
55
74
81
59
76
73
78
76
49
57
56
37
41
39
31
8
10
5
4
11
0
2
12
-3
-9
1
8
12
5
9
-3
-11
-33
-36
-32
-38
-44
-75
-71
-80
-92
-104
-103
-83
-99
-84
-83
-73
-71
-67
-67
-62
-57
-44
-64
-67
-65
-82
-91
-98
-74
-90
-86
-80
-54
-39
-35
-24
-33
-25
-2
-5
-4
-1
-1
6
-14
-22
-20
-18
-17
-20
1
12
12
19
34
36
38
41
62
64
64
93
86
80
85
88
87
77
79
79
98
113
101
90
106
104
93
99
99
104
92
97
82
70
57
58
44
26
27
18
6
-11
17
25
9
0
-10
8
-5
-35
-22
-31
-24
-43
-56
-41
-56
-57
-50
-53
-46
-49
-51
-53
-52
-38
-38
-32
-33
-26
-18
-29
-44
-29
-42
-34
-31
-26
-10
-38
-14
-20
-6
3
-12
-3
-16
0
19
8
12
23
9
12
2
7
-6
-13
-10
-21
-29
-13
-22
-15
-25
-23
-18
-35
-39
-44
-44
-39
-36
-43
-35
-41
-28
-28
-30
-12
5
-7
14
23
9
22
19
15
3
28
39
15
20
20
35
16
2
10
4
22
37
32
34
50
50
46
42
37
40
34
20
33
27
24
5
20
9
0
-2
-10
1
0
1
-22
-11
-9
-14
-6
0
8
8
1
0
-10
-7
-12
-18
-11
-4
-11
-10
-18
-39
-30
-21
-25
-17
-20
-13
-18
-27
-24
-28
-21
-42
-53
-53
-58
-60
-57
-44
-36
-40
-31
-47
-48
-40
-37
-18
-16
-8
-3
5
13
22
19
33
46
29
39
39
51
34
27
49
64
71
60
71
76
70
79
63
67
60
48
57
50
46
41
35
29
42
43
44
49
49
48
39
31
38
33
29
12
8
-10
-26
-14
-27
-28
-41
-44
-40
-48
-47
-47
-64
-62
-53
-51
-56
-45
-31
-46
-40
-61
-55
-65
-76
-54
-56
-48
-46
-42
-34
-51
-49
-46
-49
-49
-44
-39
-37
-39
-43
-43
-45
-51
-28
-20
-28
-12
3
6
4
7
20
16
13
31
22
38
23
29
30
35
33
38
47
46
40
58
45
44
68
41
33
41
36
30
24
12
8
18
18
19
16
32
28
31
51
47
54
67
62
68
54
68
63
37
59
44
39
46
44
32
44
49
35
14
5
-11
-20
-12
-43
-40
-43
-42
-52
-44
-49
-37
-33
-47
-20
-28
-23
-13
-12
-25
-16
-18
-39
-27
-46
-45
-53
-63
-46
-41
-22
-35
-26
-28
-17
-2
-3
0
4
7
6
15
10
9
4
3
2
15
4
24
28
34
25
20
22
-1
0
-15
-4
-13
-19
-3
11
2
-3
2
3
8
6
7
6
5
-9
-9
-25
-40
-41
-40
-46
-41
-41
-34
-33
-24
-18
-20
-14
-8
-7
-25
-18
-5
-15
-10
-9
-17
-1
-22
-5
4
-15
2
-11
-5
-3
3
23
17
20
13
22
20
1
-1
0
-6
-15
12
13
4
5
6
-3
-8
-6
-30
-7
-11
-23
-15
-10
3
4
11
13
24
23
38
38
24
27
17
7
-5
3
5
-7
3
2
5
14
8
34
32
31
36
33
30
3
11
5
8
-12
-1
-6
-29
-8
-16
-19
-9
-21
-16
-25
-34
-29
-28
-35
-17
-26
-31
-7
-5
-2
3
15
14
23
39
29
36
45
54
54
45
36
48
54
54
57
59
60
48
49
47
37
47
55
42
36
40
41
31
34
24
18
27
19
5
-4
15
-13
-9
-16
-26
-17
-31
-26
-27
-25
-36
-37
-29
-41
-43
-41
-46
-45
-40
-57
-56
-54
-50
-49
-56
-43
-52
-52
-57
-66
-61
-56
-52
-56
-55
-40
-29
-23
-25
-19
-9
-11
-18
-7
-5
-14
-32
-43
-32
-39
-37
-28
-26
-7
5
-1
6
-4
6
30
38
40
39
58
60
41
44
52
50
40
30
39
31
36
36
36
26
40
43
24
20
23
30
31
16
31
38
25
21
23
39
24
25
24
22
22
12
1
5
-3
-7
-4
-15
-12
-9
2
-12
-12
-17
-4
-7
-11
0
8
7
-16
-19
-20
-19
-21
-33
-38
-23
-32
-29
-28
-33
-36
-46
-32
-40
-32
-25
-8
-19
-21
-15
-26
-26
-21
-14
-21
-21
-21
-21
-1
1
-7
12
7
17
30
31
29
31
40
33
27
28
27
25
18
3
11
23
13
16
15
15
22
21
20
28
34
34
29
38
36
18
6
16
21
15
16
8
5
3
3
3
-5
-2
-18
-12
-14
-20
-16
-13
-14
-14
-13
-22
-30
-41
-40
-42
-34
-25
-32
-19
-15
3
11
3
-2
-10
-6
-10
-14
-3
4
-1
2
10
17
20
17
6
16
9
11
13
3
10
10
11
6
12
26
22
17
21
24
26
7
8
9
0
-6
-5
-23
-19
-19
-25
-14
-27
-19
-19
-29
-17
-14
-19
-23
-26
-18
-21
-38
-38
-29
-27
-25
-21
-24
-20
-16
-6
3
-4
3
3
20
5
6
13
18
14
10
20
11
13
7
-5
7
6
16
8
-3
9
1
4
4
-2
3
6
7
8
13
16
17
13
9
4
9
19
20
19
25
22
17
16
22
20
20
28
21
10
8
10
8
17
10
15
16
17
14
16
19
10
12
-2
-5
-17
-24
-23
-25
-23
-35
-37
-47
-41
-38
-42
-36
-41
-43
-38
-40
-27
-30
-35
-30
-33
-33
-31
-27
-31
-33
-25
-17
-34
-25
-20
-15
-10
-7
7
11
16
12
14
10
5
17
24
15
24
20
23
20
24
25
30
38
30
42
30
25
24
35
29
34
42
46
43
46
54
43
48
36
44
31
31
22
11
14
16
14
7
15
11
14
13
17
13
20
17
16
15
11
10
-17
-13
-12
-27
-30
-26
-21
-27
-27
-32
-35
-39
-41
-38
-32
-47
-35
-34
-53
-45
-42
-41
-33
-35
-31
-24
-25
-25
-21
-12
-17
-15
-10
-1
-4
4
2
8
7
-4
9
4
8
18
21
25
31
26
24
22
18
16
17
22
12
6
5
7
1
-8
-3
1
-7
-11
-11
-7
-7
-14
-16
-12
-2
-12
-5
4
13
13
6
14
7
-1
6
7
10
9
11
5
-3
-3
-5
-3
-17
-13
0
2
1
12
15
9
6
7
9
7
8
2
3
6
1
3
0
9
16
8
13
14
12
15
17
20
17
23
17
23
25
23
20
24
13
7
6
-1
-4
-9
-5
-10
-6
-12
-16
-20
-19
-24
-27
-22
-24
-29
-33
-28
-35
-39
-32
-49
-44
-41
-42
-38
-34
-36
-28
-29
-35
-32
-41
-35
-37
-39
-35
-25
-17
-19
-10
-11
-4
5
-4
-6
-7
10
14
12
15
18
20
14
12
23
35
41
40
37
51
45
39
40
40
43
34
42
43
48
43
47
53
45
44
38
43
31
35
35
24
22
15
10
1
-4
-6
-3
2
-5
-2
-4
-9
-6
-6
-9
2
-9
-7
-9
-19
-15
-22
-21
-24
-31
-22
-23
-18
-18
-18
-10
-16
-14
-7
-13
-5
-2
-10
-8
-9
-10
-10
-16
-18
-16
-19
-16
-17
-20
-26
-23
-18
-21
-21
-12
-10
-8
-16
-15
-9
-8
-2
7
5
9
9
12
13
5
12
7
9
4
7
10
12
13
22
22
25
26
28
24
22
31
21
20
12
9
5
2
-7
-2
-4
-13
-12
-11
-6
-7
-7
-5
1
5
3
3
10
2
7
5
-1
-6
-4
-6
-9
0
-11
-12
-9
-10
-13
-11
-14
-7
-3
-1
-4
-8
-12
-13
-10
-17
-8
0
-4
-10
-6
-8
-7
4
-11
-11
-12
-12
-12
-14
-9
-1
-6
-12
-5
-2
-8
-2
7
5
0
8
10
8
16
6
8
11
12
13
11
10
11
13
9
16
19
17
17
12
11
16
18
11
5
5
6
2
5
8
2
0
3
-2
-9
-15
-15
-12
-9
-7
-6
-3
-5
-8
-4
0
-1
5
0
-2
3
5
4
1
7
5
13
10
5
1
1
0
-2
1
1
7
0
1
5
5
7
0
-4
-1
-7
0
4
9
11
13
9
4
3
6
-2
-4
-4
-14
-10
-21
-23
-22
-25
-25
-21
-18
-20
-22
-23
-12
-11
-8
-9
-5
-5
-9
-5
1
-4
-5
-3
-3
-6
-3
1
4
9
6
1
4
9
8
13
18
17
17
15
21
14
13
12
3
3
8
5
8
11
12
15
12
7
12
13
8
13
15
13
13
14
17
18
15
12
10
5
1
-3
-6
-10
-2
-4
-8
4
7
7
11
9
13
12
9
14
15
8
6
3
-3
-6
-9
-12
-16
-16
-21
-20
-21
-24
-22
-19
-21
-23
-25
-30
-29
-28
-24
-18
-21
-15
-18
-22
-21
-25
-18
-21
-18
-12
-14
-13
-16
-9
-3
-8
-9
-7
-3
-3
-7
-2
-7
-5
-9
-9
-1
-4
2
5
14
19
15
22
23
24
23
21
24
17
15
10
3
1
3
4
8
8
5
8
7
5
9
14
16
15
9
6
6
2
6
1
-4
-6
-9
-8
-12
-11
-13
-10
-11
-7
-7
-4
-2
-1
1
1
5
5
8
12
8
12
11
11
13
5
9
9
13
11
16
15
18
14
12
14
11
16
10
13
12
17
15
12
9
4
3
-2
-2
3
-2
-3
-4
-4
0
0
4
9
9
13
12
10
10
8
10
7
11
11
10
12
5
9
3
-4
-5
-12
-10
-13
-15
-17
-20
-22
-24
-23
-21
-17
-18
-18
-19
-18
-16
-16
-16
-19
-23
-17
-24
-25
-22
-19
-15
-21
-22
-20
-22
-20
-20
-14
-9
-10
-3
4
6
4
8
4
5
8
8
5
10
6
9
7
3
7
12
14
18
17
21
17
15
20
17
19
13
13
15
15
13
7
10
8
0
0
-2
-4
-5
-6
3
4
-4
-1
-2
0
-7
-3
-7
-9
-7
-10
-13
-16
-11
-13
-11
-12
-11
-8
-8
-7
-7
-4
-12
-13
-9
-9
-9
-14
-13
-8
-11
-15
-13
-7
-8
-8
-6
3
13
10
7
12
13
16
14
16
17
16
15
19
18
17
10
17
20
19
23
23
25
21
20
19
17
14
19
22
17
15
16
14
13
11
9
7
8
5
-2
2
-3
-5
-7
-11
-10
-10
-11
-16
-13
-16
-15
-20
-20
-15
-15
-21
-24
-26
-25
-23
-25
-23
-20
-13
-14
-16
-13
-11
-5
-2
-2
-2
1
-2
-6
-2
-5
-13
-12
-8
-3
-2
5
3
4
12
10
12
13
15
14
12
10
8
2
2
3
3
4
5
2
8
12
7
8
3
-2
-2
-4
-8
-5
-6
-12
-12
-8
-16
-16
-13
-12
-8
-2
-5
-7
-4
-4
-5
-8
-4
-1
-2
-3
1
-1
-2
2
4
1
3
-1
-2
-1
-2
2
1
3
3
0
-5
-3
-2
5
7
12
12
10
10
9
14
10
10
13
12
12
12
12
15
14
12
15
15
17
15
16
9
9
7
3
3
5
1
2
1
0
0
2
9
8
8
13
14
18
13
16
14
9
9
5
8
0
3
3
4
8
4
6
4
3
0
0
-1
-3
-4
-6
-9
-10
-10
-17
-21
-22
-21
-23
-24
-26
-27
-29
-31
-29
-27
-25
-24
-26
-22
-27
-21
-26
-28
-21
-25
-18
-24
-19
-18
-17
-8
-8
-5
-5
1
-3
0
2
8
11
7
10
9
15
14
18
17
18
17
11
16
11
8
8
7
4
10
10
11
12
13
14
14
12
12
15
14
14
13
15
11
12
10
7
5
7
4
5
4
9
11
11
7
6
4
-2
4
4
5
-1
-2
0
0
-5
-3
-8
-10
-8
-14
-10
-17
-14
-16
-16
-10
-9
-11
-11
-9
-9
-12
-9
-6
-8
-8
-8
-1
-6
-1
-1
-2
1
-2
-1
0
1
4
7
9
9
4
3
2
0
5
3
4
7
5
8
7
6
8
12
10
6
8
9
14
11
12
14
13
10
8
10
3
5
1
2
2
6
7
2
4
4
4
4
-1
2
-3
-9
-9
-10
-15
-17
-15
-14
-9
-8
-7
-8
-5
-5
-6
-6
-7
-9
-9
-8
-9
-11
-8
-10
-9
-8
-7
-4
-3
-3
-2
0
-1
4
1
4
3
2
5
-2
-3
-4
-2
0
-2
1
7
6
4
3
2
0
-4
0
-3
4
4
3
2
2
4
1
1
0
4
7
6
5
7
0
0
-3
-6
-7
-9
-10
-7
-4
-3
-6
-5
-2
-4
-5
-5
-3
-2
-2
0
0
-4
-5
-8
-11
-11
-11
-8
-4
-4
-2
-5
-4
0
2
5
5
12
13
11
16
17
15
16
14
14
11
8
13
11
11
8
6
5
5
4
5
9
7
3
4
-1
0
0
-1
-4
-2
0
-3
-6
-3
-1
-5
-2
1
4
6
6
4
0
0
-1
-2
-2
0
-1
-2
-1
-5
-4
-5
-5
-3
-4
-4
-3
-6
-6
-1
-3
-7
-6
-7
-7
-6
-6
-5
-6
-5
-3
-1
-1
1
0
2
10
8
8
15
18
16
18
18
15
14
10
8
8
4
5
3
8
10
7
8
8
8
6
6
7
1
-6
-10
-10
-14
-18
-17
-19
-15
-14
-13
-16
-20
-18
-17
-19
-17
-12
-11
-11
-9
-4
-7
-6
-7
-4
-7
-9
-11
-9
-10
-12
-10
-13
-11
-11
-8
-10
-8
-8
-9
-3
-7
-5
-1
1
6
4
5
5
4
6
7
8
13
15
16
15
16
19
17
19
18
18
20
17
16
15
13
13
15
14
20
17
18
19
17
20
16
16
14
13
13
7
7
5
0
-4
-6
-6
-8
-6
-7
-3
-2
-2
-1
-1
-4
-3
-3
-8
-5
-6
-8
-6
-10
-14
-19
-21
-21
-20
-19
-19
-22
-22
-19
-19
-17
-14
-18
-17
-13
-7
-11
-10
-8
-10
-9
-8
-4
-5
-3
-1
-7
-6
-4
-1
0
0
6
8
6
2
9
5
5
8
12
11
7
11
10
12
10
9
8
8
10
10
10
13
16
13
9
11
12
9
11
10
9
10
11
10
7
9
7
7
3
1
-2
-1
-2
-3
-1
0
0
-4
0
-4
-7
-11
-8
-7
-12
-15
-12
-15
-9
-11
-9
-7
-10
-7
-8
-8
-10
-10
-13
-12
-10
-8
-6
-7
-5
-3
-6
-2
-1
-2
2
1
3
4
4
3
1
-1
4
5
3
2
4
5
2
4
5
4
9
10
13
14
14
16
14
13
11
10
7
10
10
7
10
12
14
11
14
13
11
11
9
9
5
2
-1
-2
-3
-7
-9
-3
-2
-5
-7
-6
-9
-9
-7
-8
-8
-10
-15
-12
-10
-12
-15
-12
-12
-15
-12
-11
-7
-4
-3
-2
1
-1
2
4
2
3
6
3
0
1
2
2
-2
-2
0
-3
-4
-4
-2
-3
-5
-4
-5
0
1
-3
0
2
1
-3
2
7
7
2
1
-1
0
-1
-2
-2
-6
-6
-6
-8
-7
-7
-5
-3
-3
-1
-1
-1
3
4
2
0
-4
-2
-3
-6
-5
-8
-7
-7
-3
-1
0
5
5
6
5
3
4
3
-1
-1
1
0
0
-1
3
4
3
7
9
11
10
11
11
10
8
10
14
13
14
15
16
14
15
13
12
12
9
9
8
8
6
7
11
8
8
6
4
-1
1
-4
-5
-8
-10
-8
-11
-10
-13
-13
-14
-15
-17
-18
-17
-16
-15
-13
-10
-9
-9
-9
-9
-9
-9
-9
-6
-6
-10
-6
-8
-9
-10
-10
-10
-9
-10
-7
-5
-5
-5
-1
2
1
4
2
6
6
4
4
4
5
8
7
10
10
12
16
12
14
16
17
14
14
14
14
12
12
10
11
8
5
8
6
4
0
2
2
0
2
2
3
1
1
-2
0
0
-5
-5
-8
-8
-7
-8
-7
-9
-10
-6
-7
-7
-4
-6
-5
-5
-4
-4
-7
-5
-6
-7
-10
-10
-11
-12
-14
-14
-12
-12
-12
-11
-10
-9
-7
-6
-6
-6
-2
0
-1
0
0
1
1
2
0
0
1
6
5
3
6
11
16
13
10
12
15
16
15
15
12
14
11
11
9
9
9
8
8
6
3
0
-2
0
1
-2
-2
-1
-2
-1
-1
0
5
2
0
0
-2
-3
-4
-6
-6
-6
-7
-8
-9
-10
-8
-9
-7
-6
-7
-9
-8
-5
-6
-4
-6
-4
-2
-2
0
3
7
6
4
4
4
0
0
-2
-1
0
0
4
2
4
5
6
8
7
10
12
9
9
13
11
10
9
10
10
8
4
1
7
8
4
10
9
6
5
1
4
2
1
2
1
0
1
-1
-8
-11
-11
-15
-18
-18
-18
-19
-17
-17
-17
-16
-18
-17
-16
-10
-9
-9
-7
-7
-6
-4
-5
-4
-1
-1
1
0
4
3
4
8
10
14
14
15
15
17
14
12
13
12
10
5
6
5
6
