SAMPLES:	24051
BITSPERSAMPLE:	16
CHANNELS:	1
SAMPLERATE:	16000
NORMALIZED:	FALSE
1
-6
-1
-1
-4
-5
-10
-10
-10
-4
-9
-13
-9
-12
-16
-12
-11
-14
-17
-12
-15
-20
-13
-13
-8
1
-3
0
5
8
12
4
12
12
13
9
9
11
14
14
13
17
15
25
18
23
28
25
25
23
22
22
22
19
16
11
7
7
3
-1
-2
-4
-7
-13
-14
-15
-16
-13
-14
-10
-14
-6
-8
-13
-9
-7
-8
-10
-10
-12
-14
-15
-8
-11
-8
-9
-3
-3
3
3
5
11
7
10
4
9
6
2
3
4
6
8
5
9
7
3
4
5
3
0
-1
-7
-9
-6
-7
-11
-6
-7
-8
-8
-10
-15
-20
-25
-25
-26
-20
-20
-18
-15
-7
-4
-7
0
-1
0
-2
5
2
-1
4
5
4
-2
4
3
4
0
-1
3
4
5
6
8
6
6
5
4
9
9
9
2
2
6
6
6
2
7
1
3
0
0
-1
-2
-6
-4
-1
4
9
9
15
12
15
17
16
10
12
9
11
7
5
4
3
2
2
2
3
1
4
3
-1
2
4
3
0
-2
-4
-5
-5
-6
-8
-5
-6
-3
-5
-2
-2
-5
-1
-4
-3
-5
-4
-3
-9
-8
-10
-7
-2
-6
-5
2
-4
-3
-5
-1
-1
-2
2
-5
-5
-6
0
1
0
2
6
1
-1
3
0
8
8
5
3
4
3
2
1
-2
-4
0
-1
-1
-3
2
2
3
3
3
5
3
-1
0
-1
-3
-2
-3
-8
-12
-11
-10
-6
-3
2
1
0
4
5
5
5
-2
2
-2
-3
-2
-8
-5
-4
-1
-4
4
3
-1
-4
-3
2
-3
4
2
1
0
-3
3
1
0
-2
0
-2
3
0
-6
-1
-4
-3
2
4
7
3
1
-1
1
1
0
0
3
1
-1
0
-5
-3
0
0
4
3
1
-9
-7
-3
-9
-6
-7
-9
-10
-8
-8
-6
-5
-1
-3
4
6
7
12
15
13
12
13
10
10
10
8
6
3
4
6
2
10
10
8
4
5
12
7
5
3
2
3
0
0
-2
-3
-1
5
4
-2
0
2
1
3
0
0
0
1
0
-6
-1
-3
-5
-9
-12
-9
-7
-4
-6
-6
-5
-2
1
-2
-2
-1
-4
-6
-7
-4
-5
-8
-3
4
1
5
-1
0
4
-2
-4
0
5
1
0
7
11
13
13
7
6
0
7
4
-3
1
-3
1
5
-2
-3
-1
-1
0
-5
-11
-10
-12
-17
-13
-12
-13
-13
-12
-11
-12
-7
-3
-5
-2
-6
-5
-3
-6
1
-2
-3
0
-5
-1
-4
0
1
0
-1
0
2
0
2
3
6
5
8
8
7
3
6
9
9
9
6
2
0
-3
-3
-1
-5
-2
-6
1
-2
0
-2
-2
2
3
5
6
6
4
4
1
-1
2
-2
1
1
-2
4
6
2
2
6
9
10
11
13
13
9
11
11
4
4
1
-3
1
5
3
3
8
7
3
5
0
7
3
0
4
0
2
-2
-3
-6
-2
2
2
3
1
-2
-5
-3
-7
-7
-5
-6
-3
-9
-6
-2
-2
-3
2
1
-5
-5
-6
-5
-6
-7
-6
-3
-3
-1
-5
-2
-5
-2
-2
-4
1
-3
-7
-3
-4
-2
-2
-6
-4
-2
1
3
-3
-2
0
-1
-2
-3
0
-1
0
2
0
4
5
4
3
1
1
1
2
3
0
-1
1
-4
0
6
5
7
8
10
3
2
2
-1
-5
-8
-6
-9
-7
-7
-6
-7
-6
-3
-2
-2
-2
-5
-5
0
1
-2
5
6
-1
4
10
7
10
12
12
9
6
6
1
-5
-5
-4
-4
-4
-2
2
6
7
6
6
3
1
1
1
-1
-4
-4
-10
-7
-12
-13
-7
-12
-7
-10
-12
-13
-11
-11
-10
-4
-3
1
2
-1
-4
0
0
-6
-2
0
-4
-5
-3
-2
-2
3
7
13
11
12
15
11
13
12
14
14
17
19
19
22
20
18
16
16
18
18
13
22
15
16
15
11
9
8
7
6
2
-5
-2
-6
-7
-12
-10
-13
-13
-9
-15
-14
-12
-9
-14
-12
-19
-12
-16
-17
-17
-13
-13
-18
-15
-16
-9
-11
-6
-3
-1
3
7
6
3
7
3
3
0
2
1
1
3
0
-1
-2
-6
-7
-5
2
3
3
1
-3
-2
-6
-8
-13
-9
-12
-7
-11
-12
-9
-11
-12
-13
-12
-11
-7
-6
-5
-8
-1
-3
-3
3
5
4
3
3
7
7
8
8
7
11
13
18
13
15
15
13
9
11
9
9
9
6
11
11
13
9
9
8
13
12
10
10
9
7
4
4
-1
-1
-5
-5
-3
-8
-8
-7
-7
-5
-4
0
-4
-5
-6
-5
-2
-1
1
1
4
5
2
2
2
2
7
3
7
4
8
9
3
7
12
10
6
5
8
9
10
10
6
7
4
8
7
1
-1
-3
-1
-7
-8
-11
-11
-9
-9
-6
-13
-16
-11
-9
-10
-7
-9
-9
-11
-14
-12
-12
-8
-11
-10
-11
-11
-10
-9
-7
-11
-5
-7
-7
-10
-8
-7
-5
-4
-3
-2
-1
-5
-8
-3
-5
-4
-2
-3
-5
1
5
-1
1
2
5
5
7
9
4
9
8
7
6
2
7
7
3
3
6
0
2
4
-2
0
2
3
2
4
2
6
8
4
8
6
6
3
-3
-5
-7
-1
3
3
6
6
3
12
10
7
3
3
6
7
3
1
2
6
6
2
1
-3
-4
-5
-6
-3
-2
-4
-1
-1
1
0
4
5
3
9
5
4
9
8
8
10
13
8
4
5
4
3
0
-4
-2
-6
-3
-4
-2
-5
-5
-6
-8
-5
-6
-8
-6
-5
-4
-6
-1
-6
-3
-2
-6
-1
-9
-7
-6
-4
2
-1
-4
-3
-1
-3
-1
-5
-6
-4
-7
-2
2
2
1
0
-2
-1
1
-2
-1
2
-1
-1
-2
-5
4
-1
-1
3
0
5
1
-2
-4
-2
-2
-1
0
-3
-1
0
2
-2
-2
-6
-4
-2
-6
0
-1
3
4
-1
-2
-1
0
-2
0
0
2
-3
-4
-2
-2
1
-2
-2
2
2
1
-5
-4
-2
-5
-1
1
2
8
8
7
8
9
12
11
11
8
9
12
12
13
12
13
11
14
3
0
2
3
0
2
1
3
0
1
7
4
0
3
-2
-3
0
-5
-2
-3
-6
-4
-8
-6
-6
-7
-10
-8
-11
-13
-15
-14
-12
-10
-9
-7
-1
0
3
1
2
6
7
6
6
6
6
6
12
10
9
9
5
8
3
-1
-3
-2
1
0
0
1
1
2
3
5
1
2
2
-1
-8
-10
-7
-11
-12
-8
-7
-5
-5
-12
-5
-4
-4
-2
-5
-1
-4
-4
-3
-3
-6
-5
-1
-3
0
-4
-3
-3
-3
-2
-3
-5
-8
-1
-5
-2
2
8
8
9
9
6
8
9
10
2
2
3
3
1
1
1
-2
-2
-2
-4
-9
-9
-12
-10
-8
-6
-1
-6
-3
-3
-3
1
2
0
-5
-1
-1
1
3
4
7
10
9
8
13
17
13
15
15
11
8
10
9
7
6
8
8
5
8
9
8
6
6
8
6
6
6
6
0
-3
1
-3
-4
1
-1
1
-3
2
-1
-8
-11
-8
-5
-8
-5
-2
1
-4
-2
-2
-3
-9
-6
-10
-8
-7
-10
1
-8
-13
-6
-8
-2
-3
-2
-4
-2
-1
-4
-2
-7
-7
-9
-10
-10
-12
-3
-1
-6
0
-2
2
1
0
-1
0
-1
2
3
-2
-1
-3
-5
-4
-4
0
3
2
0
2
0
1
4
3
6
4
2
5
6
9
7
7
1
8
9
4
1
0
1
0
2
1
0
-3
-1
-6
1
2
1
2
3
2
0
6
2
1
5
4
3
5
2
-2
0
-4
-1
-1
-1
-5
-5
-3
-5
-2
0
3
4
2
4
7
8
6
8
7
8
10
8
8
9
11
12
10
2
5
3
4
2
-2
-4
-7
-4
-2
-2
-4
-9
-8
-8
-13
-6
-5
-2
-1
-3
-3
-5
-4
-6
-3
-2
-3
-1
-4
-3
-5
-6
-5
-4
-4
-3
-5
-2
1
-1
-2
-2
0
-5
-8
-4
-5
-3
3
-3
3
2
0
3
0
-5
-6
1
-4
-3
-6
0
-1
-1
-4
-5
2
2
-3
0
1
0
1
-1
0
2
-1
1
2
-2
-1
2
-2
-2
-4
-11
-7
-7
-6
-7
-7
-2
-6
-7
-3
-1
-1
3
9
3
5
4
6
8
8
8
9
8
10
12
13
12
11
12
15
11
12
10
6
7
5
9
6
5
3
1
3
0
5
2
-1
4
0
-5
-1
4
1
4
8
5
9
10
6
7
6
2
1
4
-1
-2
-4
-3
-2
2
0
-4
0
-4
-4
-6
-6
-7
-9
-7
-11
-13
-12
-13
-13
-18
-13
-11
-10
-14
-11
-8
-8
-6
-5
-4
-4
-5
-8
-6
-7
-6
-6
-4
1
0
-5
1
0
4
4
-2
3
3
4
9
10
6
1
-1
2
3
2
2
4
4
-4
0
-2
3
-2
-1
4
1
-1
-1
5
0
0
0
4
-4
-4
0
0
-2
0
1
-4
-2
0
-1
-4
0
3
6
7
6
5
8
9
11
8
9
7
3
12
13
11
12
10
9
6
4
3
2
4
6
2
3
4
-3
-2
1
-4
-2
0
-2
-1
-3
-2
0
-4
-7
-13
-10
-13
-16
-16
-11
-11
-10
-12
-14
-7
-10
-8
-3
-3
-5
-5
0
-3
-3
-3
2
2
1
8
9
10
9
15
15
14
13
15
17
13
13
13
8
7
9
9
11
9
8
4
-3
-3
-2
-5
-5
-8
-4
-8
-10
-4
-7
-5
-9
-15
-13
-13
-17
-15
-15
-16
-12
-14
-14
-9
-7
-6
-12
-6
-4
-1
0
2
7
3
11
10
13
11
13
15
12
15
14
14
12
10
13
13
13
11
10
12
10
9
8
11
5
4
3
0
-2
-2
-2
-7
-7
-9
-12
-15
-15
-16
-16
-19
-16
-18
-19
-17
-15
-10
-7
-10
-11
-10
-10
-5
-12
-9
-14
-10
-6
-10
-3
2
6
2
9
12
10
10
12
15
13
13
4
5
7
7
7
8
8
6
4
8
11
4
4
3
4
2
4
4
2
-2
-1
-1
2
3
0
1
-5
-7
-4
-5
-3
-2
-2
-2
-3
-4
-1
-1
3
7
8
10
8
12
14
14
11
9
8
11
8
2
4
2
-1
-5
1
-1
-1
1
0
-7
-10
-4
-7
-9
-9
-10
-15
-15
-14
-14
-13
-7
-5
-7
-5
-7
-5
0
2
6
5
6
7
3
4
0
1
3
-3
-7
-6
-7
0
1
2
4
4
9
10
8
12
14
11
13
10
9
8
3
3
0
-6
-3
-2
-6
-5
-8
-9
-9
-7
-7
-8
-3
0
1
1
2
2
5
4
5
2
0
-4
-4
-5
-6
-4
-7
-4
-7
-6
-10
-6
-10
-9
-7
-10
-6
-3
-3
-5
2
-3
2
1
-1
-2
-1
-1
-5
-1
2
0
2
5
2
4
2
3
8
6
2
7
6
3
-1
-1
3
-3
1
2
1
4
5
6
5
9
4
11
12
9
8
9
11
10
10
11
11
7
3
3
4
2
1
3
-1
1
2
-2
-4
-5
-4
-4
0
-4
0
-5
-11
-11
-6
-8
-13
-10
-11
-14
-11
-12
-15
-15
-15
-14
-15
-16
-10
-9
-9
-8
2
4
3
4
6
14
8
13
18
11
13
16
12
11
11
12
12
5
7
9
9
6
2
3
3
1
2
3
0
1
-2
-4
-2
-5
-1
-1
-3
-1
-3
-8
-8
-5
-9
-11
-14
-11
-11
-13
-13
-13
-12
-10
-8
-6
-2
-2
-4
-6
-2
-1
-1
-2
-1
0
4
5
0
3
0
-4
0
-1
-1
2
5
0
0
-2
2
5
3
7
9
8
9
9
9
11
3
9
10
5
9
2
4
3
0
0
2
0
-4
-3
3
-1
-4
-2
-6
-3
-7
-4
-3
-3
-4
0
-1
-5
-8
-8
1
-1
2
1
3
9
12
17
11
13
14
11
10
8
9
6
5
6
9
6
6
5
6
3
5
3
3
3
1
5
10
6
3
5
4
4
-1
-4
-6
-5
-14
-12
-11
-12
-7
-9
-11
-6
-7
-9
-8
-9
-9
-7
-10
-8
-6
-12
-7
-4
0
-3
-3
-5
-5
-5
-5
-7
-7
-4
-11
-7
-3
-2
-3
2
1
-7
-3
1
-4
-4
-2
-5
0
3
2
9
9
9
5
9
4
2
2
-1
2
0
2
-1
-1
2
-5
-6
-2
-2
1
0
-1
1
0
-1
-4
-3
-6
-4
-10
-15
-7
-11
-9
-6
-6
0
-2
1
5
8
12
9
9
11
11
11
9
10
8
15
11
12
14
12
8
8
9
4
2
2
4
3
7
1
7
0
-2
2
-3
0
-7
-3
-7
-6
-4
-2
0
2
9
3
6
4
4
-1
0
-2
2
-2
-5
3
5
0
1
3
0
3
1
-3
2
4
0
0
4
-1
-3
-2
-5
-10
-8
-7
-9
-10
-10
-10
-9
-8
-7
-5
-3
-5
-6
-4
-6
-2
1
3
-3
-2
4
-2
-4
-3
-3
-6
0
-3
4
5
4
4
7
8
5
6
5
2
0
4
4
4
2
6
5
4
7
4
6
3
1
2
0
4
1
1
0
-1
-5
-6
-1
-2
-4
-9
-8
-8
-9
-12
-5
-6
-3
-6
-2
-4
-5
-3
-2
0
-10
-5
-7
-6
-9
-9
-6
-6
0
-5
-1
4
2
3
0
5
5
5
12
12
12
11
13
9
9
11
11
11
10
5
4
8
4
3
2
3
1
4
-2
-4
-2
-7
-9
-4
-5
-8
-3
-3
-5
-6
-2
-2
-1
1
1
1
-2
4
3
1
4
4
3
0
2
0
-7
-7
-5
-8
-7
-5
-7
0
-2
-2
0
1
2
2
5
4
4
1
1
-2
-2
-1
-3
-2
-3
0
-1
0
5
-1
6
7
3
5
5
7
6
3
8
2
1
1
-1
2
-3
-2
-5
-6
-6
-6
-5
-5
-3
-1
-4
-5
-8
-6
1
-2
-6
-3
-2
-2
0
-4
-1
-1
-2
3
-2
0
1
-1
3
2
-2
-3
0
2
-1
-2
-4
1
0
2
8
5
7
10
6
6
7
5
1
4
3
1
2
5
2
2
1
1
1
0
4
-2
-1
0
-3
-2
1
-3
-1
0
-3
-4
-5
-2
0
0
-2
-1
3
3
0
5
6
0
3
4
5
3
1
2
0
-3
-3
-4
-1
-2
0
-4
-2
-1
-1
0
6
3
9
9
4
7
4
-1
-3
2
-4
-7
-9
-8
-7
-8
-11
-7
-7
-4
-5
-6
-4
-9
-8
-6
-3
-7
-3
2
-1
1
-2
1
-1
-4
-3
-3
-1
-2
2
5
4
7
11
13
12
10
13
12
11
12
11
12
5
4
4
1
0
-2
1
-6
-6
-7
-7
-6
-8
-3
-5
-3
-7
-4
-4
-5
-7
-5
-4
-9
-11
-7
-4
-11
-7
-6
-5
-5
-9
-6
-5
-9
-7
-8
-5
-4
1
3
0
1
4
4
2
0
-1
4
3
6
5
3
2
1
4
7
9
14
13
13
16
13
12
14
15
10
10
10
7
10
9
8
2
5
4
1
4
2
-1
-1
5
1
-1
-3
-2
-3
0
-4
-4
-6
-8
-8
-8
-7
-7
-6
-11
-10
-3
-4
-5
-2
-2
0
-1
-1
2
6
2
6
1
0
-3
1
6
1
6
3
3
-2
3
3
1
5
0
-1
-4
-7
-5
-4
-1
-4
-5
0
-7
-9
-10
-10
-12
-14
-15
-13
-6
-10
-6
-2
-6
-7
-3
-3
-9
-10
-8
-1
-5
-3
3
-1
2
0
2
3
2
1
1
6
1
2
7
8
4
6
7
9
11
7
8
6
2
5
7
1
7
0
3
6
-1
6
7
0
1
6
2
2
1
10
8
4
4
6
4
3
4
4
4
7
4
1
1
-3
-1
2
2
0
-3
-2
-4
-5
-6
-4
-4
-4
-2
-3
4
-2
-4
-2
-5
-3
-6
-5
-4
-5
0
0
-1
0
-1
1
-1
-2
0
0
5
4
4
3
-6
-2
-4
-6
-2
-4
2
2
3
0
3
1
-2
4
1
0
0
-2
-1
-4
-6
1
0
-3
-2
0
-1
-3
-1
-3
4
0
-2
1
0
-3
-1
6
0
2
1
-4
0
1
-3
0
-1
2
1
0
-2
-3
7
3
0
4
5
3
6
3
0
2
2
2
3
2
5
8
8
4
-1
-1
-3
-4
-3
-1
-4
-2
-3
-1
0
-4
-10
-11
-8
-7
-7
-8
-7
-9
-11
-9
-8
-8
-6
-8
-7
-8
-5
-7
-8
-6
-3
-1
1
3
3
2
7
8
8
6
2
11
9
10
7
9
9
12
6
5
5
4
3
-2
0
-6
-10
-2
-1
-2
0
-1
2
0
0
-1
1
0
6
3
3
4
4
2
0
-1
-1
1
-3
1
1
1
1
1
2
0
-2
-2
0
-3
-2
1
-2
-2
-3
1
3
6
1
2
1
0
1
-2
2
4
3
5
4
3
5
5
7
2
7
9
4
4
5
5
4
2
7
7
1
3
-1
2
-7
-5
-3
-6
-3
-8
-3
-3
-8
-6
-4
-6
-2
-4
-5
-7
-10
-9
-9
-4
-5
-3
-3
1
1
1
2
2
7
6
5
3
-2
-4
1
1
-2
-3
-3
0
0
-3
-4
0
-1
-1
0
0
-1
-1
-4
-3
-5
-5
-4
-4
-2
-2
-8
-7
-5
-9
-1
-3
-5
-2
2
-3
-3
2
0
1
-2
-3
0
-2
-1
-2
-6
1
0
1
1
2
-1
5
7
6
10
11
7
5
7
15
2
10
7
9
11
4
13
9
8
3
11
-3
7
1
7
7
6
10
7
7
2
4
2
-5
-7
-3
3
-5
-8
-4
-5
-2
-6
-4
-2
2
5
3
6
3
4
2
1
-5
-2
2
-6
-4
-4
-6
-2
-5
0
3
-3
0
-2
2
-3
-5
1
-1
-1
-1
4
2
2
1
5
1
-3
-7
-6
-3
-8
-9
-10
-10
-10
-7
-4
-2
-5
-4
-2
-4
-6
-9
-8
-10
-6
-8
-6
-10
-7
-6
-2
-6
-12
-8
-6
-7
-6
-2
2
5
-3
3
2
1
0
-1
1
0
-1
0
3
-1
1
-2
5
5
8
14
10
9
4
10
7
9
12
5
5
6
7
5
-1
0
2
0
-4
-2
-2
0
4
1
3
4
5
8
4
6
3
3
0
-4
2
-3
-6
-6
-9
-9
-6
-3
-6
-1
-1
-3
3
9
4
7
6
7
10
8
9
4
4
1
-3
-1
-2
0
1
1
2
3
4
3
5
2
8
1
2
9
2
5
9
7
5
9
8
7
3
4
5
1
1
4
6
5
6
8
7
6
7
2
1
2
0
-1
-6
-12
-10
-7
-7
-7
-12
-9
-8
-11
-9
-5
-6
-3
1
-1
-3
-3
6
0
-2
-6
-7
-9
-9
-8
-11
-5
-7
-4
-7
-6
0
-3
0
-9
-9
-7
-10
-11
-14
-7
-7
-11
-9
-7
-8
-8
-11
-5
-5
-7
-4
-5
-6
-6
-4
-8
-10
-4
-7
-7
-8
-7
-11
-7
-4
0
-7
0
6
5
6
5
13
7
11
6
10
11
11
18
8
8
11
12
13
13
9
8
6
11
13
15
11
11
15
9
8
5
4
7
0
5
5
3
3
5
-1
1
2
6
3
4
4
6
7
2
-2
3
8
3
3
4
2
6
2
5
-3
-2
9
-1
1
-1
-1
5
4
6
-1
1
2
6
10
10
9
9
7
3
4
4
6
4
2
-2
1
0
-4
-2
-6
-3
-5
-9
-9
-7
-11
-16
-15
-23
-22
-18
-23
-20
-22
-26
-27
-17
-23
-15
-11
-13
-12
-8
-11
-18
-6
-11
-5
-17
-11
-7
-10
-11
-3
-3
0
6
1
1
5
6
3
4
-1
13
10
3
3
2
3
2
0
-2
-1
3
5
0
5
3
4
4
4
10
8
7
9
5
4
11
11
12
12
13
11
15
10
15
16
13
15
9
12
10
12
13
2
8
7
1
3
1
3
1
4
2
5
-3
-6
0
-1
-1
-2
-2
-3
-4
-4
-5
-4
-7
-4
-6
-10
-3
-11
-8
-4
-7
-10
-13
-7
-8
-10
-8
-5
-2
-3
-5
1
-5
4
-1
-2
-1
-3
0
-1
-1
1
0
2
7
-1
6
8
3
12
9
13
12
7
11
6
3
6
4
2
2
2
3
5
5
3
0
3
2
-3
-4
-1
-7
-3
-3
-9
-8
-3
-4
-4
-5
-5
-2
-2
2
1
5
3
5
4
5
4
3
-2
4
1
1
3
1
-4
-4
-1
-6
-5
-3
3
1
1
2
3
-3
0
1
-3
1
-6
-7
-6
-9
-8
-10
-10
-10
-11
-13
-13
-10
-12
-9
-5
-14
-11
-11
-10
-12
-15
-9
-10
-10
-10
-7
-5
-7
-4
-4
-6
0
0
3
2
2
3
6
-1
0
0
2
-1
-2
8
6
2
6
10
7
11
12
17
15
13
12
19
17
17
16
16
16
8
10
8
8
6
7
7
11
11
12
9
12
10
10
12
9
11
4
7
6
5
5
6
4
4
3
4
-2
3
3
-3
3
-2
1
-1
-2
1
1
1
-6
-8
-4
-6
-6
-9
-10
-7
-10
-8
-11
-7
-6
-7
-11
-4
-5
-9
-8
-7
-5
-10
-6
-8
-7
-2
-5
-5
-3
-4
-4
-3
1
3
6
1
-3
1
-4
-9
-7
-6
-7
-5
-7
-8
-8
-7
-8
-9
-10
-11
-9
-6
-5
-7
-4
-8
-9
-15
-11
-7
-7
-11
-8
-8
-9
-10
-10
-2
-3
1
-4
-4
3
5
4
7
12
8
12
15
14
11
17
20
13
13
15
16
23
20
17
16
10
14
5
3
8
10
4
-6
0
-1
2
11
3
11
15
4
-2
-8
-5
-9
-14
-9
-10
-7
-7
-8
0
1
4
1
-4
-8
-5
-3
-5
0
-3
-2
5
0
9
8
-1
1
-5
-9
-11
0
2
6
4
7
3
9
6
3
8
7
10
6
5
6
4
0
-2
-11
-9
-5
-18
-13
-12
-4
-4
-9
-4
-11
-9
-7
7
2
-2
1
3
4
-8
-7
-7
-5
-5
-2
1
12
9
3
-4
-6
-6
-2
-3
-8
-1
3
-1
-5
-2
-3
-4
1
9
6
1
-7
-3
3
-1
-2
-7
-2
-7
0
1
6
17
21
21
15
15
13
8
0
11
17
17
10
3
7
-3
-2
-2
-9
-13
-5
-10
-11
-7
-3
1
-1
-3
-4
-10
-6
6
3
3
-5
-5
0
0
-4
-9
0
3
-3
4
11
7
2
-4
-2
-6
-5
13
10
9
12
7
-3
-7
-8
-4
8
4
2
5
-7
-12
-14
-27
-16
-21
-29
-18
-13
-13
-9
-4
-6
8
-5
-6
6
1
2
14
20
10
13
12
6
9
2
9
9
14
17
12
21
13
14
23
19
7
0
0
-16
-21
-28
-37
-28
-34
-35
-29
-15
-9
-9
-13
-22
-15
-12
2
24
45
38
29
35
27
13
3
7
8
5
18
20
11
-5
-3
11
8
3
-15
-50
-91
-111
-96
-75
-47
3
41
35
26
31
16
-8
-9
14
28
42
63
74
70
49
35
5
-9
-10
2
22
43
80
88
67
36
24
7
-12
-15
-2
16
32
32
-14
-94
-156
-169
-152
-129
-72
-4
21
29
41
21
-32
-79
-69
-49
-31
10
58
84
86
61
36
2
-24
-21
-11
14
33
68
86
77
37
10
-15
-43
-48
-27
19
58
82
44
-68
-147
-139
-133
-147
-83
26
54
46
65
48
-20
-72
-51
-35
-29
13
81
96
69
54
42
11
-23
-13
-3
7
40
92
110
91
64
50
21
-11
-25
-20
9
38
71
71
-4
-145
-188
-175
-181
-162
-52
64
67
63
80
49
-45
-73
-31
-12
-9
50
119
97
50
33
9
-32
-57
-40
-11
9
57
97
111
88
61
52
26
-34
-40
-3
24
46
88
114
43
-110
-219
-226
-234
-218
-126
1
52
38
64
58
-47
-129
-88
-46
-48
10
92
108
57
39
39
-15
-66
-52
-17
1
37
109
146
125
97
84
47
-21
-51
-23
12
29
101
155
138
49
-113
-252
-286
-261
-228
-134
25
136
121
104
90
-19
-120
-113
-53
-27
48
161
201
142
83
64
-6
-82
-80
-50
-16
46
115
145
126
75
35
4
-65
-82
-36
6
42
111
167
173
148
68
-114
-319
-377
-311
-261
-202
-17
138
105
39
21
-69
-182
-144
-44
19
80
173
249
197
92
30
-37
-143
-165
-122
-63
20
106
147
129
65
-13
-61
-130
-162
-97
-13
64
156
174
151
119
51
-14
-48
-84
-81
-21
26
53
93
94
25
-43
-93
-130
-149
-128
-75
-17
20
52
45
20
2
-35
-54
-33
-6
15
66
88
89
74
35
-12
-56
-85
-88
-45
-1
36
80
108
100
69
44
-2
-49
-60
-60
-14
19
40
51
37
8
-35
-61
-92
-101
-90
-39
-6
2
25
25
4
-31
-59
-67
-56
-29
9
43
77
92
77
59
23
-14
-25
-22
-27
-10
24
53
69
66
40
6
-11
-25
-14
-24
-22
2
30
37
23
18
6
-33
-44
-51
-50
-24
9
29
17
26
0
-23
-27
-30
-32
-20
-9
-1
4
14
30
23
13
-1
-6
-10
-16
-6
5
46
33
6
28
14
-22
-11
-13
-40
2
29
31
25
10
1
-13
-22
-28
-7
13
13
30
44
34
32
41
34
27
3
-42
-56
-58
-88
-84
-40
-34
-31
-31
-25
14
32
38
47
58
80
80
43
39
20
-44
-47
-24
-62
-47
0
-23
-1
3
-9
-3
-9
-13
-10
-20
-5
17
-1
-3
23
25
3
-11
-30
-19
-27
-65
-42
-23
-30
-38
-7
12
-27
-41
-9
-1
-31
-4
72
69
21
24
35
-2
-6
4
16
-1
7
31
39
13
-7
25
16
14
-6
-14
-27
-36
-16
7
40
42
56
59
40
11
-10
-22
-36
-17
4
-1
-1
16
8
1
11
2
26
47
41
54
62
45
44
30
7
-33
-81
-68
-70
-61
-31
-16
-9
12
2
-27
-8
-3
-14
-3
5
19
18
6
-11
-19
-30
-40
-41
-27
-13
13
50
70
56
54
50
12
-19
4
-18
-35
21
29
17
47
60
47
49
7
-30
-13
1
-14
-17
-5
-15
-44
-53
-73
-110
-114
-93
-86
-66
-46
-73
-81
-51
-68
-76
-51
-37
-42
-5
32
7
5
63
65
23
21
39
34
5
44
83
82
93
77
77
47
-3
14
44
43
37
69
77
74
55
28
32
-17
-55
-34
-31
-75
-104
-66
-38
-22
-1
9
-14
-27
-45
-62
-66
-62
-40
-10
28
57
73
53
56
55
47
38
40
53
47
71
72
56
53
33
4
-28
-34
3
17
14
41
44
32
17
20
1
-24
-50
-56
-64
-79
-52
-31
-48
-52
-37
-62
-62
-72
-65
-26
-5
-3
5
5
-27
-40
-27
-41
-53
-33
-25
-30
-20
-21
-33
8
21
-9
-5
26
26
6
1
17
16
-50
-44
20
3
-11
16
58
79
68
66
69
67
59
31
32
13
-2
9
5
15
41
39
32
44
57
75
56
22
35
46
52
41
28
17
23
-25
-10
24
-37
-69
-64
-53
-94
-87
-56
-33
-51
-31
-37
-71
-78
-79
-37
-6
-12
-22
22
14
-57
-97
-64
-52
-106
-90
-30
-31
-32
-43
13
27
-3
16
43
37
51
77
126
126
83
131
142
97
96
117
148
135
102
97
92
25
-9
21
5
-53
-77
-10
31
-31
-27
22
-7
-8
45
100
70
30
68
-24
-246
-404
-555
-686
-701
-624
-556
-414
-199
-81
-64
8
83
57
83
187
243
257
282
280
227
151
134
103
29
34
117
189
318
459
586
654
618
601
536
374
279
257
249
237
246
277
230
169
136
69
25
-9
-29
-47
-56
-100
-130
-111
-212
-557
-1043
-1246
-1258
-1364
-1434
-1148
-662
-447
-378
-162
72
-35
-135
-2
152
167
261
495
535
332
220
255
96
-135
-214
-128
-18
48
245
445
520
619
613
547
468
348
344
338
290
292
344
374
321
230
230
238
154
173
259
247
170
134
181
84
-71
-100
-116
-250
-355
-320
-253
-199
-159
1
199
236
226
282
315
204
57
48
1
-99
-200
-181
-245
-401
-670
-1249
-1732
-1742
-1610
-1583
-1255
-617
-170
-44
139
322
278
147
184
325
278
273
469
585
355
206
315
143
-45
-80
42
160
293
549
760
742
743
798
705
458
302
426
520
513
558
765
863
748
600
457
203
-92
-114
-79
-231
-258
-4
222
164
160
302
365
375
409
283
127
198
154
-52
-220
-291
-361
-427
-737
-1655
-2300
-2312
-2347
-2665
-2316
-1366
-870
-676
-148
340
194
201
564
652
525
621
1006
1010
620
448
519
223
-158
-325
-329
-280
27
550
685
684
981
1188
820
477
348
235
197
189
230
422
683
770
860
982
868
648
653
603
97
4
304
313
27
-35
69
223
355
431
613
716
763
626
558
387
138
63
-82
-250
-403
-412
-719
-2097
-3295
-3409
-3469
-3973
-3652
-2224
-1282
-1206
-563
572
498
-48
336
886
693
499
1169
1468
908
646
815
509
-218
-613
-548
-515
-471
55
681
885
1199
1578
1517
1059
688
529
543
574
653
1081
1300
1208
1097
1174
1167
579
512
792
499
195
454
703
481
170
62
221
356
502
675
858
1092
1232
1062
974
584
-12
-283
-425
-708
-1012
-1308
-2780
-4411
-4768
-4738
-5128
-4546
-2967
-1921
-1285
-522
252
310
152
373
617
760
889
1214
1463
1285
885
752
636
14
-510
-533
-329
-155
334
893
1160
1570
1915
1966
1644
1283
1085
979
1025
970
1319
1921
2225
1992
1917
2067
1828
1335
974
845
745
728
675
440
213
-63
-104
199
590
889
1112
1316
1203
814
315
-225
-580
-760
-1057
-1197
-1049
-1254
-3087
-5682
-6543
-6216
-6731
-6906
-5140
-2938
-1868
-1284
-167
591
824
693
834
1568
1899
1688
2218
2642
2011
1617
1537
814
-76
-652
-1008
-689
-78
316
736
1835
2601
2203
1931
1723
1289
1040
1103
1146
1421
2085
2622
2655
2413
2165
1360
582
393
-236
-697
-212
444
530
332
297
547
511
622
1233
1354
1513
1712
1649
1639
1053
354
340
-291
-1243
-1225
-649
-1731
-4972
-6528
-6123
-6758
-7745
-6635
-4232
-2926
-2558
-1177
478
356
386
1415
1801
1689
1734
2243
2543
1633
1201
1808
1225
146
-256
-243
-512
-420
671
1063
1045
2010
2766
2496
2027
1693
1755
1647
1454
1672
2158
2554
2664
2719
2404
1792
1411
1277
688
50
93
528
587
231
43
234
534
727
1230
1450
1575
1281
1180
852
133
-202
-157
-451
-1060
-935
-748
-1339
-3618
-6069
-6703
-6824
-7708
-7624
-5380
-2930
-1970
-1242
566
1478
820
612
1278
1527
1187
1390
2295
2092
1385
1534
1375
160
-949
-1105
-1151
-1405
-935
259
914
1675
2781
2994
2477
1846
1784
1841
1329
1003
1909
2879
3009
2218
2011
2362
1714
1034
850
731
269
140
427
571
314
286
781
1167
1223
1318
1876
1826
1292
1044
842
521
293
314
-377
-904
-932
-1186
-2562
-5433
-7098
-6718
-7084
-8339
-7325
-4469
-3041
-2401
-569
808
878
1444
1951
1598
1622
2078
2495
2575
2301
2047
2058
1514
466
-815
-1025
-741
-601
-173
199
1452
2832
3077
2545
2476
1832
1264
1126
980
953
1038
2222
2770
1826
1196
1782
1795
578
-400
-37
485
-318
-579
-96
125
-19
79
1322
1682
1483
2231
2633
1644
810
657
616
325
-36
176
284
-130
-527
-2263
-5020
-6309
-6659
-7495
-7969
-6420
-4009
-2634
-1723
-48
1206
1783
1833
1584
2013
1747
1346
2039
1977
1185
1100
1113
122
-1268
-2005
-2043
-2282
-1649
-494
18
1159
2157
2400
2052
1648
1753
1872
1467
1391
1622
2176
2821
2519
2132
2077
2134
1995
1332
665
811
826
597
747
764
805
959
1709
2374
2542
2918
2698
1998
1150
225
-133
-45
-429
-801
-697
-651
-807
-1389
-3304
-6060
-7310
-7443
-8372
-9044
-6931
-4431
-3062
-1553
186
1440
1481
1486
1564
1619
1315
1362
2148
2296
1657
1385
2097
1072
-947
-1667
-1146
-1079
-1145
64
1534
2690
3332
3874
3592
2723
2149
1779
1549
950
1306
2500
2808
2326
2269
2379
1975
1477
1072
620
131
104
399
480
455
608
1338
2035
1939
1734
2126
1951
1150
415
-67
-170
-473
-849
-721
-773
-894
-1064
-1531
-3068
-5990
-7392
-7101
-7699
-8334
-6728
-4244
-2485
-1686
-503
985
1429
1327
1155
1642
1818
1574
2076
2368
1486
1046
1486
829
-721
-1618
-1453
-1058
-671
-10
911
2297
3299
3247
3394
3229
2313
2084
2755
2084
1379
2256
3387
2639
1706
2315
2430
1760
1130
1163
952
645
781
1066
1051
885
1432
2308
2485
1512
1368
1314
256
-1094
-1324
-886
-1217
-1367
-1284
-1032
-1432
-1798
-2456
-4018
-6546
-7775
-7747
-8479
-8720
-6996
-4290
-2686
-1442
230
1279
1291
1561
1716
1649
2178
2426
2627
2992
2865
2408
2060
1459
200
-629
-470
-205
440
1304
2192
3209
4302
4453
3829
3561
2909
2395
2078
1777
1714
2227
2824
2429
2123
2143
1952
1038
390
-65
-382
-537
-552
-71
73
167
426
1294
1335
697
581
439
-688
-2315
-2024
-1137
-1384
-1956
-1225
-416
-1164
-1869
-2385
-4090
-6961
-8111
-7500
-7714
-8112
-6532
-3554
-1865
-1067
136
1877
2692
2323
2328
3245
3747
3061
3281
3884
3137
2153
1917
1260
-607
-1617
-1175
-642
-157
697
1855
3175
3887
3515
3380
3054
2100
1699
1822
1608
1335
2023
2410
1958
1628
1658
1249
579
79
-389
-517
-453
-72
377
661
607
993
1792
1842
1052
555
785
183
-1006
-819
31
65
-338
-140
-124
-640
-1603
-2453
-4035
-6500
-7505
-7272
-7479
-7852
-6413
-3931
-2597
-1770
-239
778
1329
1950
2129
2107
2465
2925
2972
2677
2178
1485
926
248
-1050
-1849
-1156
-514
-226
751
1666
2473
3249
3385
3173
2452
2087
2078
1859
1755
1577
2148
2615
2481
2328
2726
2339
1548
1243
923
670
357
689
970
1162
1276
1471
2044
2427
1751
963
1053
-47
-1459
-1341
-717
-856
-1243
-706
-516
-1316
-2235
-2723
-3919
-6054
-7900
-7911
-7380
-8331
-7786
-4578
-2560
-2397
-1102
1118
1452
513
964
2042
2065
2041
2579
2961
2798
1667
967
606
-642
-1527
-1295
-591
83
1175
2488
3258
3829
4397
4165
3441
3175
2566
1915
1879
1894
2391
2818
3009
2994
2615
2428
2036
1302
987
753
675
973
1439
1603
1682
1994
2203
2367
1871
846
-279
-630
-1425
-2195
-1388
-933
-1175
-1138
-724
-1353
-2236
-2687
-3445
-5511
-7546
-7918
-8280
-8771
-7988
-5602
-3501
-2768
-1645
318
987
633
1080
2232
2714
1944
2397
3622
2713
1442
1488
1294
-261
-1379
-731
120
182
826
2433
3529
3875
3955
4399
4423
3298
2889
3114
2653
1962
2398
3340
3266
2690
3003
2983
1753
381
305
450
-36
-598
199
1283
862
509
908
1628
1057
106
153
-219
-1625
-2392
-1621
-1386
-1834
-1707
-1072
-1156
-1910
-2041
-2654
-4156
-6519
-7960
-7768
-7898
-8413
-7024
-3815
-1882
-1321
57
1689
2258
2099
2323
3181
3816
3517
3305
3872
3619
2140
1745
1899
373
-1160
-425
414
115
308
1546
2727
2993
3160
3229
2785
2045
1695
1501
1160
929
1612
2204
1702
1402
1419
1331
573
-154
-341
-431
-105
148
484
696
874
1308
1911
2206
1550
693
143
-558
-1600
-1874
-973
-475
-477
-121
-61
-411
-1031
-2033
-3057
-4560
-6595
-7709
-6916
-6950
-7638
-5502
-2327
-1676
-1399
688
1813
1646
1903
2359
2379
2653
3025
3245
3047
2056
1020
689
-138
-1701
-1518
-722
-483
98
1386
2226
2685
3645
3994
2961
2207
2158
1967
1632
1107
1562
2924
3054
2141
2295
2612
1491
365
676
422
-370
190
1063
919
717
1123
1348
1402
1372
912
456
275
-573
-1724
-1591
-1020
-1286
-1011
-805
-924
-1514
-2101
-2768
-4217
-6176
-7550
-7514
-7590
-8007
-6752
-4163
-2715
-1995
11
1503
1630
2010
2695
2443
2176
2610
2862
2746
2345
2080
1608
1018
-227
-599
-339
-620
-378
970
2034
2486
3527
4236
3840
3309
2926
2391
1934
1652
1462
1944
2285
2150
2189
2327
1825
1083
583
118
-269
-388
20
376
886
993
1120
1402
1499
1445
983
441
-187
-924
-1442
-1633
-1470
-1117
-1061
-948
-954
-1297
-1702
-2464
-3522
-5630
-7263
-7211
-7479
-7805
-6461
-3786
-2209
-1270
306
1828
1818
1665
2298
2270
1986
1856
1968
2158
1662
986
898
266
-570
-1321
-1577
-852
14
841
1983
3066
3894
4092
3894
3522
2966
2582
2449
2028
2022
2413
2052
2238
2414
1892
1364
1009
684
85
-213
36
543
647
1029
1258
1157
1205
1424
1592
847
474
407
-657
-2142
-1819
-1359
-1724
-1659
-1132
-789
-1613
-2222
-2780
-4375
-6843
-7997
-7404
-7153
-7180
-5774
-3088
-1394
-739
466
2103
2716
2136
1952
2435
2413
1686
2011
2325
1759
1038
820
628
-357
-1175
-922
197
671
1323
2672
3754
4227
4211
3963
2803
2147
2011
1501
1141
1331
1642
1774
1849
1181
1089
1371
532
-378
-358
-110
-673
-170
1026
1021
454
1388
2274
1987
1332
526
465
112
-1177
-1486
-476
-166
-735
-629
39
-643
-1810
-2049
-2904
-5527
-6868
-6508
-6481
-7030
-6551
-3843
-1553
-926
156
1680
2242
1945
1815
2248
1835
1244
2014
2015
1041
378
170
-349
-1498
-2492
-2725
-1883
-1060
-138
594
1861
2895
2956
3174
2457
1807
1981
1881
1277
1213
1805
2424
2529
2125
1845
1712
1899
1272
562
633
694
1039
1535
1925
1877
2437
2586
2742
2272
1236
827
626
-75
-1325
-1098
-369
-493
-880
-521
-666
-1496
-2172
-2756
-4176
-6734
-7276
-6173
-6855
-8287
-6224
-2861
-2751
-2936
-591
1001
64
467
1701
1606
1464
1913
2304
1897
1141
721
619
-41
-1150
-1506
-556
56
297
1712
2850
3218
3806
4354
3852
2907
2986
3308
2790
1958
2290
3205
3413
2781
2315
2743
2417
1137
753
1152
495
87
820
815
201
446
1409
1740
1587
743
52
-107
-1044
-2535
-2572
-1724
-1842
-1866
-1186
-1071
-1859
-1907
-2383
-4214
-6009
-6804
-6642
-6759
-7227
-5922
-3179
-1958
-1627
-202
1334
1294
1185
2198
2260
2097
2860
3111
2598
2078
1446
912
75
-936
-1455
-1169
-622
-70
806
1842
2684
3409
3870
3354
2802
2435
1679
1460
1583
1408
1398
2024
2234
1691
1524
1606
817
362
377
-352
-235
697
955
646
1145
1713
1485
1541
1490
764
51
-138
-990
-1716
-1431
-1005
-894
-876
-826
-1063
-879
-1440
-2517
-3779
-5662
-6805
-6509
-6507
-7437
-5952
-2999
-2148
-2225
-284
1604
1481
1359
1983
2430
2381
2278
2197
2167
1311
334
381
68
-1097
-1564
-250
338
408
1708
2985
3529
3799
3819
3288
2997
2649
2021
1699
1430
1498
2066
2225
1921
2015
2073
1298
714
736
528
-24
255
864
954
683
886
1289
1264
1131
895
543
-158
-1062
-1770
-1934
-1759
-1456
-1170
-755
-642
-754
-1050
-1665
-2722
-4541
-6382
-6682
-6554
-7089
-6545
-4504
-2766
-2035
-885
409
850
1365
1808
1472
1684
2445
2332
1616
1470
1175
328
-231
-607
-1143
-1165
-609
-89
908
1792
2486
3560
4150
3583
2958
2805
2398
1695
1429
1725
2036
2374
2483
2276
2150
1985
1593
1309
1097
622
829
1371
1459
1366
1712
2037
1931
1803
1312
602
-15
-481
-1417
-2127
-1787
-1416
-1470
-1543
-1275
-1230
-1799
-2590
-3170
-4377
-6350
-7357
-7114
-7167
-7695
-6291
-3685
-2791
-2536
-887
476
673
938
1422
1667
1829
2312
2157
1623
1613
1318
610
170
25
50
550
1158
1958
2769
3599
4487
5150
5135
4217
3655
3407
2846
2084
1667
2173
2704
2567
2335
2294
1999
1342
816
631
190
47
654
857
673
844
1020
1190
955
288
-66
-644
-1660
-2514
-3226
-3422
-2950
-2125
-1906
-1869
-1517
-1491
-2343
-3211
-3942
-5609
-6705
-7100
-7202
-6795
-5689
-4116
-2517
-954
-357
290
1428
2112
1759
1743
2726
2977
2686
2372
2446
2001
1442
808
80
283
527
925
1769
3102
3454
3788
4906
4779
3504
3062
3233
2467
1661
1300
1300
1530
1749
1472
1433
1586
751
10
7
-17
-422
-85
311
134
603
1096
946
1032
1441
459
-503
-774
-1717
-2970
-2967
-2450
-2472
-2001
-999
-499
-480
-688
-1692
-2508
-3598
-6014
-7117
-6586
-6445
-6733
-5583
-3199
-1903
-1201
-45
1007
1411
1553
1488
2025
2448
2021
2071
2431
1788
768
716
672
-91
-647
564
1513
1632
2856
3693
4020
4059
4400
4151
3186
2608
2707
2310
1659
1687
1950
2121
1457
1285
1499
1144
383
165
-9
-229
17
194
488
541
715
1052
1199
749
-285
-978
-1678
-2540
-3335
-3480
-3011
-2275
-1954
-1461
-560
-575
-1425
-2021
-2647
-4674
-6400
-6382
-6138
-6906
-6358
-3817
-2253
-1721
-526
1620
2324
1873
2437
2870
2507
2447
2976
2849
2110
1490
1402
1116
214
-201
145
846
1131
1653
2653
3410
3639
3930
3620
2696
2233
1623
1253
748
487
792
1191
1208
1036
1414
1188
594
398
363
-134
-323
528
725
597
851
1626
1901
1264
799
386
-324
-1611
-2442
-2354
-2172
-1990
-1110
-481
-581
-531
-682
-1554
-2820
-3836
-5547
-6804
-6996
-6941
-7002
-5934
-3707
-2549
-1986
-572
1083
959
909
1951
2071
1558
2011
2450
1567
1294
1550
1202
489
82
350
1034
1981
1928
2772
4369
4698
4325
4777
4885
3449
2890
3054
2419
1504
1909
2458
1937
1752
1839
1517
1249
712
6
-101
-10
-438
-477
201
201
102
804
816
-437
-1096
-983
-2027
-3496
-3726
-3214
-2987
-3095
-2706
-1444
-1060
-1795
-1864
-1708
-2831
-4832
-6070
-6478
-6704
-6808
-6117
-4330
-1963
-929
-406
1340
2526
2070
1845
2657
2982
2757
2818
3045
2871
2708
2345
1679
1591
1187
657
1316
2097
2071
2609
3816
4000
3463
3181
3020
1867
936
859
528
389
392
663
1083
943
296
311
595
-435
-1182
-642
-343
-807
-414
648
822
872
1475
1402
826
162
-717
-1469
-2225
-2789
-2162
-1090
-772
-398
454
529
-481
-1288
-1704
-2886
-4762
-6002
-6361
-5836
-5671
-5291
-3397
-1244
-411
-142
942
1747
1481
1149
1481
1873
1847
1573
1545
1717
1085
226
431
329
-373
-95
1007
1496
1677
2458
3036
3029
2916
2735
2108
1422
1135
1136
896
420
713
1433
1490
1076
1227
1624
973
133
212
293
53
402
946
1301
1519
1714
2110
1889
1041
205
-660
-1658
-2402
-2357
-1872
-1536
-970
-120
-103
-427
-708
-1218
-1999
-2880
-4389
-5989
-6346
-6067
-6207
-6018
-3987
-2180
-1762
-839
739
1495
1323
1495
1608
1461
1124
952
937
795
338
-157
435
455
-38
371
1640
2051
1998
2462
3074
3239
2591
2454
2497
2079
1504
1528
1542
1115
921
1611
1827
1074
1052
1390
1281
722
708
1190
1134
920
1156
1506
1590
1754
1855
1567
852
4
-489
-1731
-2845
-2418
-1673
-1383
-983
-332
196
-137
-788
-1315
-2040
-3326
-5223
-6337
-6060
-6582
-7024
-5264
-3222
-2602
-1974
-291
612
383
490
1033
906
972
1185
853
634
926
901
374
210
534
698
768
1235
1865
2458
3093
3402
3448
3532
3430
2948
2643
2162
1465
1326
1510
1652
1704
2263
2344
1792
1793
2019
1574
891
954
1418
1129
421
891
1578
1527
853
378
242
-671
-2212
-2948
-2939
-2818
-2577
-1822
-1025
-767
-548
-666
-1507
-2505
-2917
-4104
-6041
-6943
-6513
-6503
-6435
-4802
-2821
-1826
-1013
199
967
1057
1086
1177
1425
1678
1552
1401
1843
1688
1035
1121
1147
813
750
1450
2001
2148
2606
3181
3303
2902
2803
2697
2112
1346
814
1074
724
287
1052
1862
1664
1206
1442
1501
837
496
859
815
701
1055
1311
1675
1836
1699
1304
1069
313
-931
-1722
-1969
-2246
-2072
-1233
-767
-416
-141
92
-260
-1153
-1971
-2837
-4573
-6651
-6748
-5669
-6224
-6342
-3439
-1362
-2058
-1441
852
1130
-279
382
1718
1131
345
857
1693
1180
247
458
1301
527
-593
529
1668
1309
1415
2897
3337
2900
3086
3052
2457
1989
1476
1050
1305
1331
1407
1864
2447
2247
1879
1990
1856
1383
1209
1180
1079
1404
1503
1463
1730
1971
1640
786
316
-445
-1516
-2157
-2723
-2569
-1823
-1177
-810
-314
168
-392
-1367
-2224
-3336
-4763
-6376
-7029
-6936
-6801
-6630
-5436
-3345
-2242
-1892
-721
630
424
302
962
1287
1127
1274
1935
1586
1242
1368
1302
647
421
771
961
1420
1872
2877
3387
3705
4071
3543
3167
2592
2062
1776
1495
1358
1636
2052
2099
2138
2223
2079
1612
1502
1248
603
535
1181
1193
1078
1543
2057
2081
1152
599
-11
-969
-2205
-2992
-2615
-2155
-2056
-1285
-225
-355
-708
-923
-1656
-3219
-4325
-5303
-6750
-7293
-6539
-6097
-5960
-4175
-1886
-1646
-1553
-291
661
145
-261
405
1151
1099
776
1224
1781
1476
897
1287
1225
318
668
2200
2256
1932
3289
4462
3573
2784
3556
3443
1886
1475
2280
2312
1570
1959
3018
3068
2018
1781
2606
1951
542
549
1499
1102
191
944
1817
1400
1227
1842
1331
174
-730
-1615
-2480
-3174
-3074
-2454
-1779
-1425
-968
-254
-268
-1391
-2206
-2534
-4202
-6502
-7078
-6677
-7060
-7152
-5113
-2844
-2367
-1770
129
1034
453
273
1093
1479
897
1010
1835
1888
1569
1654
1756
1373
868
945
1349
1490
1848
2793
3341
3547
3627
3251
2743
2025
1498
1249
921
814
1111
1255
1630
1789
1471
1418
1435
1080
324
61
494
588
363
778
1558
2059
2079
1673
1277
416
-711
-1551
-2295
-2301
-1822
-1238
-511
-75
300
548
-251
-1496
-2114
-3072
-5171
-6601
-6397
-6498
-6911
-5729
-3755
-2629
-1879
-913
-24
357
376
571
1007
1198
1190
1591
1833
1245
680
1095
864
-217
-80
621
895
1085
1998
2891
3210
3497
3545
3038
2397
2008
1469
1258
1059
1146
1867
2292
2019
1900
2152
2008
1488
1169
1245
945
813
1195
1278
1445
1716
1921
1927
1391
393
-452
-1070
-2181
-2974
-2565
-1620
-1573
-1447
-692
-431
-1069
-1876
-2445
-3118
-4602
-6628
-7126
-6774
-7112
-7066
-5118
-3062
-2546
-1700
232
860
185
886
1770
1526
1308
1698
2193
1858
1145
1151
1698
1226
605
895
1648
1901
2070
3065
3546
3649
3756
3502
2976
2483
2044
1568
1645
1613
1504
2146
2573
1983
1468
2007
1764
622
574
1068
510
191
902
1181
1323
1442
1694
1468
545
-542
-1499
-2364
-3284
-3299
-2585
-1855
-1627
-675
-134
-777
-1326
-1864
-2945
-4412
-5708
-6728
-6999
-6751
-6465
-5362
-3581
-2225
-1227
-153
495
745
1103
1241
1176
1624
2209
2027
1877
2162
1876
1164
1198
1018
499
1049
1607
1626
2014
3013
3321
2963
3172
2906
1971
1666
1344
840
1092
1528
1753
2278
2400
1934
1797
1486
430
-297
102
308
-21
397
1188
1487
1632
1714
1368
918
18
-996
-1765
-2591
-2916
-2352
-1413
-1182
-654
357
482
-543
-1340
-1659
-2664
-4613
-6315
-6335
-6030
-6447
-6111
-4042
-2333
-2121
-1156
323
713
612
1006
1793
1861
1667
1889
2169
1985
1407
960
686
439
111
155
523
1192
1949
2294
2561
2836
2955
2463
1885
1605
1227
909
877
1007
1190
1589
1795
1686
1357
1112
775
360
460
630
805
930
1377
1840
2105
2061
1931
1798
1054
-171
-1143
-1777
-2183
-2032
-1568
-1166
-555
198
5
-495
-826
-1737
-2699
-4061
-5892
-6870
-6685
-6478
-6501
-5115
-3054
-2064
-1406
-269
314
563
682
745
1030
1261
1429
1498
1685
1321
797
756
611
-126
-137
734
818
1193
2338
3173
3342
3436
3880
3321
2193
1756
1682
1167
812
1151
1888
2349
2182
2270
2188
1977
1485
1088
1021
968
1098
1376
1769
2097
2696
2642
1979
1312
331
-977
-2176
-2348
-2307
-2186
-1573
-768
-162
-457
-944
-1420
-2254
-3650
-4950
-5987
-7265
-7734
-7211
-6820
-6400
-4543
-2247
-1541
-1437
-54
946
762
386
757
1520
1570
1227
1227
1682
1562
841
601
744
634
398
1198
2352
2581
2903
3905
4617
4068
3382
3310
2943
2129
1647
1660
1812
1804
1885
2306
2307
1720
1533
1709
1197
807
932
1122
1139
880
1125
1775
1989
1418
907
664
-470
-2216
-2762
-2553
-2653
-2444
-1654
-746
-334
-530
-1108
-1909
-2966
-4084
-5627
-7280
-7649
-6869
-6378
-5938
-4220
-2072
-1207
-820
61
683
842
722
904
1624
1905
1627
2114
2634
1942
1076
964
859
164
-89
430
1331
2161
2795
3391
3913
4142
3785
3281
2528
1702
1563
1818
1444
1274
2129
2736
2264
1563
1721
1687
663
2
461
659
378
767
1742
2068
1894
1763
1349
616
-544
-1838
-2299
-2488
-2673
-2417
-1810
-1479
-1235
-794
-1064
-2007
-2690
-3167
-5100
-7154
-7206
-6588
-6833
-6672
-4643
-2314
-1528
-925
375
1322
1244
1162
1731
2166
2079
2034
2456
2337
1739
1338
1415
1140
375
122
967
1589
1561
2194
3259
3814
3673
3633
3317
2374
1892
1814
1393
1057
1415
1806
1834
1762
1399
1344
1133
552
74
14
252
151
346
847
1345
1713
1624
1131
556
-408
-1583
-2302
-2641
-2917
-2695
-1913
-1239
-1036
-998
-1285
-1930
-2677
-3556
-5500
-7233
-6959
-6434
-6811
-6455
-3757
-1450
-1252
-527
1296
2038
1433
1568
2327
2482
2094
2288
2975
2370
1464
1584
1875
809
-342
373
1252
860
1044
2540
3177
3148
3507
4062
3622
2428
2167
2214
1397
804
1286
1922
1729
1175
1360
1510
755
241
155
-22
-194
-162
387
829
1104
1941
2258
1405
640
-23
-1232
-2460
-2807
-2508
-2171
-2059
-1621
-1078
-706
-937
-2083
-2669
-3003
-4739
-6951
-7210
-6644
-6921
-6320
-4038
-2238
-1573
-86
1195
1078
1047
1956
2305
1736
2008
2704
2800
2281
2005
1678
1176
530
-68
22
198
631
1323
2303
2826
3108
3884
3833
3202
2883
2421
1660
1660
1566
800
935
1755
1533
833
1193
1138
98
-100
205
-126
-217
226
665
1128
1548
1793
1760
1609
365
-899
-1173
-2036
-2774
-2336
-1482
-1413
-838
-111
-475
-1411
-2114
-2995
-4948
-6626
-7276
-6936
-6646
-6384
-4758
-2143
-866
-655
542
1929
1766
1275
1819
2433
2326
2053
2298
2340
1790
1134
830
553
-503
-1192
-459
255
146
666
2542
3475
3211
3533
3730
2715
1814
1613
1244
729
780
1419
1684
1765
1655
1722
1845
888
-58
116
527
210
239
930
1484
2058
2482
2596
2019
1199
136
-1165
-2114
-2516
-2119
-1486
-990
-615
-24
189
-1036
-2419
-3052
-5031
-7260
-7693
-7115
-7248
-7030
-4596
-2203
-1677
-817
746
1347
947
927
1308
1400
1359
1663
2094
1815
1558
1400
724
-136
-867
-833
-570
-390
501
1778
2807
3488
4041
4359
3943
3186
2734
2435
1963
1689
1866
2372
2595
2523
2426
2458
1915
1117
715
409
254
437
876
1086
1479
2314
2622
2131
1704
1046
-219
-1155
-1807
-2584
-2622
-2074
-1781
-1693
-1519
-1460
-1968
-2698
-3470
-5334
-7445
-8081
-7655
-7677
-7633
-5637
-2673
-1584
-1592
-47
1402
958
581
1350
1888
1637
1951
2671
2438
1566
1516
1798
910
-375
-770
235
610
416
1537
3140
4036
4257
4600
4404
3623
2942
2811
2344
1639
1886
2676
2913
2117
1787
2189
1952
753
74
257
243
-67
85
870
1067
1467
2040
1722
806
126
-381
-1461
-2488
-2543
-1794
-1519
-1728
-1350
-739
-1041
-1906
-2344
-3055
-5143
-7212
-7389
-7039
-7775
-7819
-5323
-2485
-1774
-1448
606
2180
1731
1188
1893
2530
2383
2086
2521
2726
1862
1356
1344
621
-616
-752
-52
228
199
1233
2628
3419
3885
3964
3859
3626
2998
2389
2050
1816
1758
2181
2632
2322
1936
2119
2009
767
-177
-289
-326
-260
-55
263
998
1826
2110
1885
1418
768
-94
-878
-1777
-2225
-1888
-1437
-1469
-1173
-790
-1300
-1616
-2167
-3714
-5245
-6358
-7245
-8099
-7786
-6705
-5665
-3660
-1345
-690
-108
1620
2152
1626
1495
2319
2572
2268
2534
2699
2157
1618
1349
419
-383
-945
-669
-200
-101
837
1884
2682
3361
3688
3655
3486
2983
2496
2173
1653
1799
1908
2072
2229
2205
1987
1631
1217
670
123
-45
355
243
516
1337
1736
2071
2081
1644
1079
249
-821
-1518
-1863
-1740
-1405
-1070
-615
-624
-933
-1670
-2496
-3367
-4908
-6928
-7821
-7297
-7384
-7565
-6148
-3187
-1881
-2073
-598
1303
1103
206
1231
2000
1543
1584
2411
2389
1412
1226
1319
733
-662
-1017
-253
304
154
772
2755
3561
3394
3876
4486
3798
2535
2909
3269
2173
1750
2875
3472
2562
2120
2677
2691
1294
352
1074
999
-6
277
1410
1616
1066
1866
2541
1377
240
270
-113
-1366
-2225
-1899
-1257
-1450
-1832
-1458
-927
-1765
-3286
-3701
-4269
-6679
-8188
-7361
-7169
-8008
-6862
-3697
-2335
-2623
-1019
1383
1266
373
1131
2219
1708
1172
2044
2509
1700
1043
1236
998
-277
-1027
-226
450
259
778
2329
3611
3794
3644
4205
4106
3248
2933
3146
2765
2280
2811
3542
3042
2325
2563
2494
1552
780
798
630
385
376
691
1245
1790
1841
1538
1382
841
-255
-1231
-1632
-1856
-1976
-1759
-1370
-1500
-1788
-1888
-2060
-2872
-4147
-4736
-5489
-7100
-7950
-7182
-6674
-6538
-4847
-2605
-1834
-1692
-88
909
671
1059
1976
2445
2435
2518
2473
2387
1770
846
440
338
-205
-639
160
954
1201
1860
2935
3598
3583
3681
3749
3428
2797
2548
2671
2745
2519
2480
2887
2815
2207
1653
1417
921
567
372
252
381
787
1355
1704
1997
1846
1285
762
-17
-1169
-1769
-1789
-1702
-1371
-1030
-503
-492
-919
-1621
-2559
-3534
-4687
-5913
-7160
-7780
-7583
-6941
-6357
-5259
-3311
-2017
-1534
-752
606
835
444
1266
2511
2309
1718
2455
2668
1459
425
791
370
-1011
-880
59
476
618
1879
3207
3453
3583
4090
4198
3292
2721
2850
2984
2491
2397
3143
3439
2898
2310
2475
2105
1158
729
1082
984
566
1008
1685
1947
1813
1931
1574
775
-69
-1030
-1590
-2005
-2056
-1637
-1312
-1095
-945
-1205
-1849
-2754
-3444
-4036
-5340
-7015
-7680
-7466
-7278
-7169
-6195
-4222
-2962
-2468
-1585
-379
170
317
1077
2034
2354
2565
2858
2522
1830
1274
858
441
-242
-371
164
871
1437
2032
2905
3711
3928
3945
3954
3493
3117
2953
3066
2931
2931
3304
3477
3364
2999
2577
2134
1691
848
369
573
611
677
1004
1620
1865
1401
951
420
-276
-1304
-2206
-2534
-2381
-2217
-2107
-1736
-1469
-1497
-2069
-2779
-3642
-4318
-5101
-6360
-7603
-7666
-6906
-6830
-6408
-4670
-2655
-2070
-1423
181
1037
939
1514
2694
2894
2641
3039
3434
2600
1594
1463
1322
658
-34
439
1086
1251
1849
3049
3666
3663
3935
3882
3524
2733
2539
2672
2778
2545
2186
2901
3224
2276
1718
2063
1393
242
189
387
6
-352
539
1286
1057
967
1012
989
61
-1259
-1789
-1787
-2080
-2285
-1698
-1185
-1089
-1134
-1128
-1795
-2705
-3369
-4080
-5565
-7128
-7591
-6937
-6294
-5994
-4707
-2605
-1215
-1066
-353
1074
1487
1481
2070
2615
2583
2450
2617
2142
1350
966
395
-4
50
-86
-96
742
1843
2208
2336
2933
3460
3267
2816
2412
2292
2314
2128
2008
2330
2496
2425
2285
1990
1668
1408
949
371
179
323
342
524
1168
1501
1585
1541
1136
643
-4
-938
-1662
-1782
-1529
-1340
-1065
-666
-331
-798
-1534
-2307
-3328
-4095
-4913
-6112
-6892
-6935
-6564
-6120
-5461
-4006
-2646
-1529
-736
-332
651
1543
1559
1657
2565
2862
2179
1560
1810
1577
111
-202
222
32
-482
-36
1126
1816
1918
2705
3614
3315
2975
2804
2574
2133
1897
1962
2182
2516
2736
2908
2617
2422
1980
1424
1087
857
737
523
831
1427
1757
1913
1919
1422
918
241
-556
-1167
-1493
-1270
-813
-748
-661
-352
-621
-1369
-1984
-2708
-3900
-4613
-5108
-6430
-7351
-6824
-6308
-6081
-4921
-3577
-2719
-1766
-757
-299
-19
986
1614
1676
1924
2015
1882
1500
871
281
-148
-517
-381
-297
-70
410
1449
2360
2663
2824
3225
3572
3134
2797
2670
2860
3023
2911
3144
3477
3424
3174
2865
2284
1571
1244
1303
1046
747
1078
1437
1605
1687
1810
1629
1218
618
-179
-764
-1432
-1888
-1836
-1794
-1683
-1724
-1284
-1263
-2269
-2819
-2881
-3876
-5263
-6026
-6896
-7369
-7012
-6511
-6029
-4860
-3075
-2201
-1785
-475
517
743
1377
1919
2246
2392
2275
2138
1714
1352
929
336
135
279
339
918
1734
2396
3080
3255
3733
4022
3534
3014
3083
3010
2620
2384
2472
2824
2556
2427
2351
2138
1807
1139
1030
1000
652
468
640
900
1120
1303
1339
1322
606
-154
-793
-1712
-2124
-2082
-1879
-1616
-1337
-1193
-1215
-1414
-2007
-2679
-3234
-3703
-4527
-5922
-6823
-6617
-6306
-6432
-5517
-3380
-2117
-1777
-490
576
523
1126
2143
1931
1843
2565
2303
1100
927
715
-580
-662
147
89
-150
1126
2148
2030
2451
3065
3215
2854
2897
2667
2238
2079
2023
2371
2373
2169
2321
2876
2655
1561
1330
1520
1134
679
730
870
1315
1763
1693
1670
1606
1091
434
1
-736
-1477
-1298
-707
-1179
-1396
-768
-590
-1092
-1741
-2450
-3136
-3712
-4623
-5405
-6065
-6327
-5763
-5672
-5622
-4921
-3545
-2581
-2256
-655
743
876
1590
2731
2379
1610
1714
1845
1020
-226
-192
-86
-378
-174
241
850
1589
2375
2855
3064
2890
2842
2882
2531
1926
1635
2252
2475
1994
2109
2713
2590
1890
1825
1737
1342
1057
1142
1234
923
994
1709
2224
1851
1466
1378
1105
383
-333
-911
-1221
-1269
-1251
-1345
-1435
-938
-872
-1267
-1827
-2430
-2728
-3677
-4628
-5452
-6385
-6616
-6251
-5882
-5938
-5033
-3115
-2062
-1944
-886
648
920
1062
1623
2060
1546
1075
1166
659
-129
-278
19
145
329
515
1250
2324
2709
2706
2810
3459
3446
2873
2853
2683
2538
2569
2631
2483
2551
2753
2572
2349
1956
1583
1398
1445
1151
946
1244
1428
1370
1560
1701
1320
942
604
212
-724
-1613
-1796
-1599
-1680
-1789
-1448
-1043
-1020
-1571
-2039
-2292
-2893
-3843
-4596
-5264
-6557
-7161
-6454
-6116
-5813
-4662
-2840
-1808
-940
371
1223
1672
2132
2378
1941
1476
1297
1150
368
-173
211
479
478
718
1281
1831
2301
2596
2856
2889
2977
3159
2963
2750
2433
2526
2714
2311
2163
2409
2414
2342
2252
1793
1496
1457
1316
1082
813
894
1198
1534
1579
1299
1356
1262
472
-86
-694
-1606
-1627
-1720
-1905
-1675
-1054
-336
-942
-1392
-1392
-1840
-2903
-4093
-5173
-6534
-7118
-6997
-6817
-6571
-5281
-3338
-2450
-1730
-247
1082
1236
982
1392
1788
1308
525
656
518
-109
-154
342
372
180
536
1004
1694
1911
2467
2922
3104
3251
2886
2791
2619
2324
2205
2379
2324
2353
2640
2703
2335
1893
2031
1964
1368
1089
1356
1416
1368
1462
1787
2054
1762
1485
1116
642
-62
-819
-1182
-1711
-2042
-1879
-1686
-1617
-1255
-833
-1255
-1778
-2098
-2618
-3710
-5428
-6471
-6602
-6795
-7315
-6644
-4290
-3175
-2727
-835
1028
912
747
1762
1830
937
744
1315
886
269
298
639
838
590
805
1423
1957
1797
2232
3029
2929
2963
3244
3419
2760
2470
2473
2271
2180
2009
1987
2085
2271
1934
1776
1872
1661
1317
1284
1278
919
913
1339
1367
1295
1291
886
394
-70
-837
-1429
-1761
-1840
-1934
-1802
-1399
-1205
-918
-766
-1561
-2313
-2471
-3314
-5107
-6487
-7190
-7106
-6888
-6639
-5435
-3255
-1805
-1384
-404
1210
1569
880
1433
2014
1369
943
1429
1508
554
99
856
1031
448
698
1494
2053
2458
2770
3074
3277
3507
3352
2929
2620
2420
2258
2169
2089
1839
2171
2328
1958
1744
1555
1274
1113
1056
737
543
806
1242
1291
1273
1392
1204
582
-109
-768
-1517
-2051
-2131
-2100
-2022
-1748
-1161
-684
-994
-1470
-1519
-2340
-3767
-4587
-5466
-6882
-7253
-6446
-6155
-5946
-4379
-2200
-1243
-646
497
1590
2314
2125
1876
2366
2449
1406
1107
1397
1099
515
545
1019
915
970
1662
2342
2705
2497
2734
3507
3231
2215
2292
2651
2036
1717
1998
2006
1544
1653
1942
1373
1022
1052
1036
1003
839
886
1185
1325
1025
1106
1545
1143
306
-15
-233
-1240
-1945
-1807
-1970
-1959
-1434
-788
-349
-410
-657
-741
-1393
-2928
-3971
-4901
-6337
-7223
-6761
-6287
-5966
-4537
-2841
-1817
-878
303
920
1338
1528
1451
1663
1663
1412
1083
1060
970
885
859
610
783
1122
1300
1321
2130
2636
2483
2860
3225
2732
2133
2336
2041
1408
1553
1911
1718
1599
1823
1828
1781
1646
1195
976
1030
795
569
817
1141
1412
1750
1750
1245
863
440
-375
-1225
-1847
-1875
-1630
-1425
-1432
-823
52
-130
-752
-1117
-1789
-3141
-4163
-5558
-7434
-7734
-6796
-6338
-6035
-4246
-1806
-780
-562
286
1354
1573
1137
896
1564
1358
695
1043
1453
1101
537
912
1412
909
577
1553
2381
2427
2793
3459
3777
3455
3008
2723
2198
1766
1501
1414
1648
1582
1597
2227
2321
1596
1322
1570
1248
503
363
742
743
702
1289
1573
1252
842
449
-140
-1108
-1772
-1976
-1929
-2111
-1950
-1241
-544
-675
-740
-725
-1646
-2680
-3245
-4326
-6593
-7494
-6477
-6236
-6779
-5387
-2387
-1209
-1273
37
1608
1404
747
1314
1850
1497
1154
1456
1598
1157
609
699
1351
1338
672
1177
2516
2673
2171
2881
3814
3322
2726
2996
2704
1555
1438
2048
1544
828
1632
2661
1945
1041
1449
1782
788
46
627
827
321
383
1318
1544
1143
1389
1471
511
-619
-1283
-1756
-2359
-2679
-2154
-1341
-832
-762
-246
-72
-1042
-1900
-2285
-3238
-5137
-6584
-6784
-6793
-6869
-6261
-4958
-2948
-1395
-674
352
1311
1424
1385
1368
1243
1205
1196
1185
1008
1046
1112
858
849
1155
699
1104
2191
2166
2312
2858
3273
2991
2743
2707
1955
1454
1536
1319
1110
1418
1473
1770
2298
1699
1163
1393
1288
528
251
719
764
693
1260
1492
1339
1507
1060
309
-187
-876
-1574
-1728
-1676
-1817
-1263
-368
-187
-524
-675
-964
-1915
-2941
-4041
-5662
-6788
-6893
-6845
-6494
-5685
-4210
-2389
-1265
-691
325
1370
1386
992
1062
1515
1148
861
1289
1219
942
945
1078
911
800
941
1553
2084
2338
2664
3115
3578
3197
2806
2619
2071
1615
1471
1508
1277
1561
1998
1880
1749
1767
1501
1151
1189
863
621
670
909
1096
1255
1547
1603
1351
769
-79
-663
-1320
-2221
-2511
-2035
-1600
-1388
-667
115
-51
-902
-1496
-2182
-3379
-4404
-5642
-6600
-6789
-6763
-6473
-5747
-4105
-2588
-1577
-628
457
1127
977
1036
1461
1673
1134
1331
1981
1450
919
1055
1266
1019
881
1085
1743
2267
2233
2613
3120
3271
2819
2641
2492
1983
1680
1451
1418
1448
1459
1368
1794
1889
1258
1110
1303
1046
541
670
855
716
891
1314
1507
1388
1137
516
-143
-962
-1629
-2130
-2256
-1861
-1412
-709
-282
-169
-225
-468
-1228
-2133
-2979
-4426
-5666
-6381
-6758
-7031
-6509
-4832
-3621
-2751
-1291
200
654
595
1024
1479
1492
1147
1209
1533
1499
1028
1091
1452
976
706
1305
1700
1408
1598
2456
2983
2888
2648
2997
2807
2066
1514
1536
1308
979
1154
1410
1477
1430
1644
1773
1589
1287
1277
1406
1302
957
1182
1617
1608
1566
1617
1124
187
-479
-849
-1606
-2196
-2083
-1684
-1266
-1058
-500
-82
-179
-758
-1337
-1906
-3402
-4426
-5252
-6884
-7453
-6153
-5499
-5795
-4183
-1526
-1204
-1728
106
1492
361
329
1709
1871
1011
1207
1957
1568
818
899
1409
1361
1317
1262
2079
2729
2302
2916
3470
3002
2604
2743
2360
1503
1409
1517
1339
1170
1517
1899
2028
1759
1272
1479
1763
896
428
1319
1376
691
1043
1707
1248
351
241
-61
-829
-1392
-1684
-1775
-1759
-1566
-1494
-844
-404
-740
-830
-985
-1940
-3003
-3770
-4770
-6187
-6771
-6316
-6197
-5983
-4524
-3017
-2071
-1312
-439
691
899
556
1030
1532
1310
1260
1499
1564
1241
1172
1252
1058
1151
1611
1527
1903
2706
2697
2680
2969
3126
2620
1938
2062
2208
1487
1188
1704
2032
1805
1739
2181
2241
1742
1572
1843
1450
977
1358
1601
1273
1215
1802
1890
1054
289
-93
-538
-1310
-1872
-2040
-1766
-1464
-1295
-861
-658
-925
-1063
-1413
-2632
-3803
-4183
-5160
-7025
-7283
-6333
-6156
-6065
-4272
-2162
-1593
-1330
-70
922
649
209
784
1547
1192
875
1555
1924
1178
961
1496
1520
1132
1235
1896
2438
2465
2777
3290
3445
3020
2460
2448
2082
1361
1285
1671
1560
1345
1864
2222
1742
1581
2042
2045
1484
1216
1241
1135
1146
1144
1369
1543
1345
732
246
-134
-1126
-1884
-1916
-1925
-1962
-1566
-1013
-824
-742
-878
-1582
-2343
-2818
-3628
-4974
-6056
-6290
-6264
-6413
-6038
-4750
-2883
-2206
-1765
-462
585
347
345
1202
1436
898
980
1891
1516
615
1082
1752
1170
707
1426
1996
1815
1938
2715
2964
2874
2927
2598
2467
2078
1495
1408
1650
1427
1332
1986
2258
1848
1733
2030
1673
1285
1443
1305
1074
1174
1336
1255
1366
1384
1096
572
-56
-563
-1021
-1400
-1965
-1934
-1324
-1283
-1423
-776
-343
-1037
-1603
-2031
-3005
-4319
-5314
-5905
-6492
-6545
-6074
-5376
-4515
-3077
-2116
-1757
-632
420
569
354
1064
1962
1639
984
1518
1987
948
609
1057
1119
708
1096
2048
2141
2261
3072
3405
3046
2763
2552
2403
1980
1401
1600
1658
1411
1471
1804
1798
1285
1483
1788
1393
931
1371
1620
1386
1286
1208
1319
1410
1048
681
476
-181
-828
-1085
-1184
-1615
-1749
-1227
-1090
-1309
-1175
-919
-1119
-1860
-2564
-2764
-3374
-4699
-6113
-6386
-5935
-6071
-5783
-4216
-2625
-2094
-1401
-21
926
574
489
1455
1749
1119
916
1665
1767
836
823
1572
1525
876
1175
1719
1792
1838
2451
2969
2663
2701
2608
2461
2156
1537
1403
1778
1631
1132
1585
2067
1629
1106
1502
1615
1021
1104
1428
1170
931
1056
1229
1160
931
758
590
61
-816
-1349
-1219
-1560
-2043
-1565
-928
-1108
-1169
-748
-904
-1699
-2142
-2473
-3332
-4387
-5509
-6227
-6292
-5986
-5495
-4575
-2975
-1656
-1054
-317
758
962
604
916
1621
1380
826
1461
1788
901
751
1431
1340
957
1349
1876
2062
2206
2588
2590
2525
2679
2242
2077
1876
1326
1255
1465
1415
1105
1279
1797
1813
1241
1231
1511
1286
1058
968
957
977
872
894
1018
904
738
315
-238
-576
-1117
-1353
-1599
-1728
-1407
-1153
-911
-716
-726
-1049
-1476
-2022
-2629
-3195
-3865
-4815
-5684
-5535
-5023
-5211
-4831
-3273
-1926
-1826
-1280
477
968
279
736
1814
1548
655
1126
1773
1083
649
1497
1969
1631
1562
2065
2471
2246
2258
2530
2406
2234
2096
2126
1947
1481
1351
1498
1490
1341
1262
1490
1648
1551
1505
1567
1567
1466
1333
1234
1077
918
803
835
721
437
214
-113
-352
-803
-1284
-1566
-1551
-1382
-1426
-1141
-893
-946
-1280
-1648
-2147
-2722
-3296
-4062
-4717
-5550
-5873
-5638
-5274
-4957
-4256
-2889
-1712
-1244
-563
386
827
975
1089
1275
1522
1432
1214
1359
1527
1369
1279
1707
2189
1999
2079
2874
2987
2497
2520
2789
2521
2064
1823
1684
1464
1385
1249
1046
1235
1448
1462
1375
1478
1567
1605
1593
1436
1307
1309
1031
776
903
680
265
47
-167
-447
-868
-1223
-1598
-1611
-1452
-1604
-1292
-904
-912
-1188
-1394
-1695
-2159
-2895
-3756
-4383
-4856
-5633
-5875
-4990
-4479
-4248
-2940
-1482
-1194
-809
352
711
498
1007
1282
1125
1377
1737
1398
1510
1921
1640
1604
2025
1922
1769
2163
2278
2027
2282
2485
2090
1963
1925
1627
1276
1229
1006
1029
1302
1037
1259
1850
1616
1324
1809
1878
1113
928
1275
811
291
591
679
414
300
279
-64
-445
-917
-1532
-1500
-1548
-1816
-1393
-637
-494
-971
-946
-1267
-2318
-2970
-3565
-4457
-5443
-5834
-5747
-5079
-4511
-4157
-2845
-1328
-807
-749
243
829
412
582
1096
1119
1298
1816
1662
1685
2032
1930
1727
1974
2015
1637
2090
2585
2319
1959
2283
2348
1605
1454
1291
1010
868
889
1020
1290
1634
1700
1907
2201
2033
1670
1877
1663
984
824
842
618
475
485
297
148
-95
-504
-793
-901
-1310
-1713
-1258
-1137
-1230
-893
-591
-900
-1300
-1382
-2212
-2983
-3431
-4206
-5424
-5830
-5405
-5415
-5598
-4171
-2476
-2178
-1740
-246
637
-24
-29
1370
1519
655
1098
2121
1765
1035
1330
1961
1744
1308
1765
2132
1977
1884
2253
2474
2169
1738
1850
1842
1251
888
1023
1263
1235
1311
1796
2058
1987
1993
2164
2129
1836
1534
1517
1481
851
727
1033
808
425
86
-121
-466
-711
-1115
-1603
-1486
-1119
-1045
-1034
-753
-440
-445
-790
-1383
-1778
-2343
-3418
-3978
-4704
-5592
-5927
-5316
-4948
-4891
-3693
-2278
-1659
-1315
-255
191
233
763
1166
1152
1211
1761
1841
1467
1428
1943
1979
1634
1689
1911
2153
2018
2137
2255
2005
1850
1811
1568
957
965
1006
1001
924
1126
1762
1916
1955
1942
2034
1972
1731
1500
1484
1173
687
859
1040
729
385
608
266
-729
-1110
-1014
-1407
-1872
-1530
-1101
-869
-766
-409
-192
-760
-1227
-1585
-2338
-3129
-3882
-4731
-5414
-5465
-5407
-5263
-4434
-3324
-2919
-2379
-1173
-629
-513
259
1048
1218
1369
1932
2304
1976
1882
1995
1922
1697
1607
1925
2050
1852
1934
2298
2354
1894
1583
1705
1412
957
805
992
1035
994
1393
1698
1853
2022
2138
1993
1867
1721
1403
1236
866
630
593
667
501
169
78
-281
-768
-886
-1002
-1352
-1336
-1084
-1101
-1043
-728
-625
-627
-771
-1041
-1540
-2256
-2887
-3446
-4321
-5235
-5660
-5141
-4779
-4912
-3853
-2151
-1656
-1549
-434
501
285
537
1423
1686
1475
1801
2232
1976
1672
1601
1818
1831
1607
1617
2119
2106
1753
1945
2058
1627
1314
1453
1275
876
870
983
1050
1279
1452
1591
2023
2151
1811
1851
1924
1428
935
1060
873
447
585
827
532
274
-38
-405
-598
-857
-1287
-1223
-873
-1146
-1165
-561
-533
-813
-580
-526
-1196
-1840
-2389
-3482
-4541
-5361
-5633
-5770
-5524
-5089
-4332
-2822
-2109
-1711
-644
213
155
254
1109
1538
1272
1475
2064
1777
1743
2064
1771
1570
1597
1574
1438
1698
1918
1920
1872
1817
1832
1574
1488
1226
1151
1261
1317
1672
1965
2124
2265
2426
2352
2341
2339
1972
1584
1210
1070
1010
891
822
817
586
92
-297
-584
-1065
-1656
-1751
-1627
-1535
-1413
-1000
-579
-680
-908
-1156
-1469
-2372
-3530
-4082
-4676
-5699
-6105
-5654
-5300
-5154
-4189
-2905
-2255
-1755
-752
45
146
509
1119
1502
1635
1828
1973
2092
1930
1815
1943
2018
1874
1717
2139
2231
1935
2040
2128
1948
1708
1510
1408
1293
1192
1207
1471
1737
1671
1737
2166
2313
1909
1895
2064
1679
1334
1096
819
771
755
547
220
180
-109
-571
-634
-825
-1416
-1594
-1219
-1093
-1318
-1049
-422
-289
-766
-964
-989
-1703
-3054
-3945
-4353
-5346
-6183
-5831
-5060
-4768
-4067
-2708
-1604
-1226
-717
259
629
769
1119
1577
1826
1943
2175
2374
2324
2045
1895
1884
1746
1452
1524
2004
1904
1631
1884
1949
1593
1396
1324
1120
966
936
1156
1314
1606
1965
2257
2391
2089
1935
2031
1637
1013
907
905
503
337
521
414
-6
-216
-312
-614
-1115
-1355
-1384
-1358
-1315
-1471
-997
-555
-649
-971
-1065
-1458
-2493
-3491
-4177
-4678
-5556
-5650
-5262
-4956
-4679
-4053
-2774
-2067
-1718
-773
200
261
399
1416
1579
1156
1653
2559
2052
1352
2188
2289
1577
1495
1875
1783
1766
1983
1838
1846
1830
1719
1334
1665
1694
1165
1417
1805
1854
1656
1965
2170
2153
2251
2368
2430
2210
1870
1497
1315
903
540
617
483
-233
-581
-305
-657
-1149
-1412
-1418
-1321
-1248
-1114
-1119
-697
-388
-825
-1423
-1598
-1903
-2997
-4162
-4758
-5131
-5890
-5919
-5144
-4704
-4319
-3356
-1934
-1328
-1163
-428
543
1042
1047
1399
1963
2197
1760
1692
2089
1852
1399
1456
1934
1821
1312
1743
2510
2166
1636
1965
2514
2073
1374
1808
2086
1528
1345
1861
1980
1775
2024
2347
2290
1941
2026
1983
1483
1064
659
712
716
307
145
-15
-535
-1036
-1103
-1242
-2049
-2294
-1757
-1395
-1612
-1539
-858
-596
-925
-1395
-1489
-1916
-3087
-3904
-4153
-5138
-6298
-5670
-4741
-4996
-4674
-2872
-1523
-1527
-1063
252
771
740
1431
1855
2062
2304
2487
2719
2423
2085
2301
2485
2015
1550
1900
2410
2188
1951
2164
2106
1911
1938
1609
1283
1369
1495
1379
1486
1772
1889
2070
2065
1912
1754
1794
1421
909
731
532
343
318
425
97
-369
-536
-556
-980
-1410
-1629
-1679
-1505
-1410
-1361
-967
-652
-1006
-1223
-1186
-1777
-2635
-3001
-3281
-4579
-5856
-5756
-5463
-5731
-5035
-3565
-2438
-1645
-728
-17
339
827
1369
1335
1405
1978
2097
1997
2016
1955
2035
2013
1948
2059
1950
2034
2171
2037
1906
1966
2027
2047
1759
1707
1648
1339
1499
1611
1390
1579
2052
2262
2132
2153
2278
2101
1844
1439
1020
653
696
547
198
-11
-398
-663
-715
-1053
-1482
-1590
-1672
-1851
-1804
-1561
-1407
-1216
-1102
-1230
-1569
-1900
-2671
-3503
-3902
-4698
-5861
-6042
-5224
-4737
-4799
-3806
-2095
-1411
-1243
-444
430
916
1020
1192
1802
2122
2112
2150
2277
2429
2096
1995
2411
2367
1843
2000
2430
2318
1943
1957
2273
1733
1508
1661
1584
1270
1145
1660
1782
1671
1835
2346
2259
1715
1804
1911
1622
880
728
905
652
207
63
93
-366
-988
-1121
-1095
-1613
-2086
-2067
-1651
-1657
-1619
-1040
-889
-902
-1067
-1401
-1973
-2494
-3118
-3831
-4496
-5272
-5698
-5765
-5241
-4685
-3945
-2700
-1611
-871
-210
439
973
1406
1529
1693
2110
2332
2322
2344
2362
2220
2176
2229
2106
1916
1989
2229
2159
2069
2106
2111
2002
2054
1971
1490
1518
1813
1812
1575
1764
2220
2363
2271
2015
1849
1630
1494
1142
742
680
581
450
74
-488
-836
-945
-1176
-1480
-1582
-1877
-1990
-1633
-1496
-1614
-1461
-1041
-993
-1318
-1503
-2080
-2970
-3621
-4266
-5109
-5621
-5484
-4900
-4644
-4227
-2778
-1758
-1545
-870
194
598
686
1252
2010
1967
1813
2339
2571
2234
2038
1985
1997
1745
1688
1883
1755
1811
2062
2116
1869
1862
1864
1608
1283
1243
1262
1195
1404
1455
1474
1785
1973
1838
1690
1762
1824
1559
1285
1059
792
618
500
239
-31
-324
-777
-1001
-1178
-1848
-2164
-1677
-1365
-1535
-1215
-527
-493
-865
-1103
-1530
-2185
-2933
-3776
-4243
-4643
-5697
-5865
-4767
-4710
-4903
-3543
-1719
-1541
-1225
367
818
689
1502
2074
1770
1935
2494
2361
1823
1578
1669
1713
1719
1541
1538
2199
2329
1917
1997
2312
2108
2012
2057
1917
1771
1841
1824
1769
1888
1903
2166
2554
2448
2170
2253
2209
1702
1312
1079
726
657
646
171
-540
-795
-1005
-1398
-1759
-1978
-1936
-1789
-1801
-1826
-1413
-929
-1020
-1243
-1344
-1972
-2861
-3386
-3865
-4731
-5643
-5686
-5505
-5500
-5078
-4312
-3174
-2154
-1257
-515
127
928
1598
1674
1717
2234
2329
2294
2382
2302
2085
2062
2293
2063
1772
1985
2181
2181
2240
2056
2085
2490
2330
1873
1817
1727
1393
1417
1572
1448
1680
2125
2190
1861
1817
1885
1536
1308
980
451
429
484
205
-77
-260
-575
-1015
-1223
-1689
-2134
-2121
-1992
-2052
-1828
-1414
-1239
-945
-911
-1578
-2108
-2242
-2927
-4046
-4508
-4696
-5250
-5523
-5211
-4660
-3925
-3101
-2324
-1127
-155
-82
275
1554
1951
1334
1839
2792
2498
1906
2246
2397
1868
1714
2023
2141
1884
2121
2508
2593
2357
2225
2452
2318
1708
1346
1610
1624
1126
1373
1763
1870
1965
2219
2221
2002
1952
1687
1363
1074
775
498
656
490
-158
-330
-401
-895
-1353
-1551
-1784
-1997
-1787
-1831
-2075
-1632
-930
-1037
-1211
-1154
-1493
-2245
-3003
-3729
-4312
-4919
-5685
-5831
-4936
-4318
-4174
-2867
-1136
-928
-895
493
1302
854
995
1891
2133
1811
1860
2184
2084
1695
1508
1602
1715
1411
1292
1928
2302
1998
2131
2731
2542
1795
1770
2027
1421
977
1341
1686
1696
1732
2168
2420
2171
1846
1811
1738
1225
861
842
799
344
225
315
-87
-729
-1068
-1252
-1527
-1919
-2096
-1835
-1578
-1572
-1286
-757
-839
-1219
-1340
-1847
-2868
-3502
-4014
-4727
-5617
-5696
-5508
-5084
-4154
-3491
-2647
-1164
-265
-136
612
1420
1440
1377
1785
2097
1800
1660
2059
1905
1594
1658
1619
1464
1713
1856
2077
2294
2527
2618
2280
2202
2110
1899
1628
1450
1453
1583
1775
1882
2025
2303
2372
2384
2214
2047
1691
1264
1065
762
473
521
399
23
-453
-731
-902
-1303
-1642
-1860
-1784
-1909
-1833
-1467
-1309
-1280
-1340
-1399
-1977
-2589
-3277
-4009
-4516
-5125
-5598
-5534
-5041
-4708
-4224
-3141
-2286
-1694
-633
312
396
723
1565
1712
1347
1807
2372
1997
1794
2016
1913
1624
1726
1922
1948
2106
2320
2438
2559
2564
2505
2343
2294
1995
1680
1488
1379
1536
1717
1786
1849
2120
2181
2012
1893
1865
1637
1286
932
662
523
371
-62
-459
-667
-935
-1265
-1483
-1795
-2215
-2111
-1845
-1926
-1867
-1359
-1144
-1523
-1696
-1955
-2407
-3266
-4142
-4619
-5295
-5878
-5557
-4760
-4521
-3912
-2229
-1181
-1308
-477
858
771
600
1641
1947
1639
2147
2545
2169
2130
2478
2186
1862
2148
2050
1789
2271
2496
2307
2532
2819
2646
2383
2215
1946
1635
1414
1382
1556
1774
1858
1985
2307
2135
1670
1829
1735
1036
668
732
595
314
293
100
-399
-604
-909
-1615
-1942
-1867
-2120
-2245
-2132
-1951
-1658
-1408
-1440
-1714
-1835
-2286
-2917
-3462
-4119
-4867
-5226
-5286
-5328
-4906
-4035
-3220
-2336
-1227
-290
75
636
1467
1700
1558
1797
2316
2309
2065
2063
2229
2084
1894
1793
1734
1796
1823
2056
2355
2430
2299
2400
2506
2032
1603
1593
1553
1428
1465
1499
1456
1666
1797
1608
1521
1529
1547
1459
1182
755
726
922
541
-34
-178
-297
-597
-936
-1290
-1649
-2076
-2248
-2344
-2210
-1935
-1725
-1235
-1123
-1657
-2157
-2296
-2835
-3824
-4433
-4843
-5522
-5728
-5079
-4586
-4004
-3038
-1858
-964
-443
215
925
1460
1546
1575
2062
2364
2182
1936
2130
2012
1718
1835
2136
2107
2033
2426
2733
2696
2594
2871
2806
2543
2101
1825
1819
1496
1493
1674
1785
1846
2126
2144
1797
1657
1505
1505
1269
1005
883
846
907
511
46
-291
-504
-998
-1454
-1654
-1894
-2064
-2110
-1955
-2023
-1944
-1570
-1330
-1557
-2290
-2715
-2786
-3355
-4374
-5297
-5458
-5438
-5442
-4991
-4215
-3169
-2200
-1265
-466
84
403
1151
1702
1426
1518
2254
2532
2157
2043
2180
2058
1970
2004
1763
1669
1980
2322
2732
2866
2539
2822
3081
2562
1809
1736
1787
1483
1537
1591
1663
1994
2216
1847
1429
1558
1464
943
767
524
232
375
674
332
-247
-522
-747
-1205
-1848
-2201
-2312
-2314
-2474
-2384
-2031
-1852
-1751
-1608
-1881
-2619
-2975
-3304
-4086
-4881
-5273
-5304
-5350
-4775
-3977
-3519
-2666
-1468
-513
-6
499
988
1480
1750
1811
1907
2060
2341
2274
1959
2044
2112
2041
1983
1993
2147
2461
2734
2811
2876
2975
2847
2594
2463
2084
1543
1513
1645
1401
1342
1719
1967
1837
1645
1610
1653
1358
1057
993
826
581
580
588
371
-144
-463
-774
-1363
-1993
-2265
-2483
-2703
-2577
-2347
-2062
-1790
-1700
-1914
-2288
-2585
-3022
-3668
-4064
-4355
-4950
-5137
-4586
-4164
-3942
-2948
-1651
-1181
-863
174
1014
1007
1256
1900
2117
2103
2247
2142
2001
1944
1783
1681
2013
2089
1905
2040
2621
2640
2332
2491
2443
2122
1867
1877
1669
1431
1485
1670
1746
1816
1922
1839
1860
1575
1040
1002
1058
743
511
673
769
654
492
160
-343
-869
-1264
-1670
-1885
-2203
-2538
-2433
-2123
-1999
-2041
-1894
-1857
-2067
-2510
-3098
-3456
-3648
-4132
-4696
-4748
-4599
-4301
-3761
-3136
-2502
-1651
-671
62
564
915
1288
1552
1791
1715
1596
1941
2074
1700
1570
1697
1917
1998
2050
2091
2257
2638
2866
2703
2529
2609
2553
2390
2118
1824
1660
1641
1577
1386
1286
1494
1713
1589
1493
1472
1265
1079
945
740
441
421
657
413
-146
-494
-662
-1153
-1701
-1947
-2076
-2228
-2358
-2209
-2041
-2061
-2005
-1793
-1927
-2535
-3110
-3203
-3660
-4299
-4724
-4822
-4576
-4278
-3920
-3084
-1933
-1125
-639
184
891
768
907
1733
1885
1473
1797
2255
2062
1638
1654
1934
1727
1619
1791
1988
2350
2355
2524
2822
2649
2470
2466
2232
1693
1433
1494
1500
1395
1481
1620
1617
1648
1513
1376
1283
1130
1107
1114
953
872
959
915
365
-249
-540
-853
-1420
-1843
-2128
-2387
-2492
-2432
-2168
-2031
-2031
-1979
-2047
-2324
-2980
-3485
-3640
-3935
-4501
-5008
-4679
-4165
-4022
-3809
-2779
-1773
-1297
-698
136
615
889
1379
1655
1561
1615
1875
1900
1758
1576
1783
2106
2219
2234
2449
2744
2907
2956
2954
2766
2682
2675
2333
2043
1941
1677
1625
1809
1539
1340
1552
1759
1483
1246
1321
1243
1014
945
979
923
891
649
349
-187
-790
-1050
-1262
-1614
-1945
-2050
-2035
-2305
-2510
-2319
-2345
-2355
-2358
-2626
-3009
-3284
-3576
-3943
-4418
-4718
-4747
-4315
-3902
-3643
-2890
-1715
-853
-249
453
1089
1521
1702
1561
1640
1721
1513
1494
1694
1593
1267
1653
2108
1912
1882
2548
2934
2831
2906
3015
2839
2677
2536
2286
1987
1694
1600
1571
1374
1039
1083
1334
1185
854
875
876
694
728
562
298
431
567
270
-64
-244
-439
-765
-1106
-1648
-2061
-2086
-2115
-2298
-2138
-1839
-1847
-1916
-2049
-2348
-2793
-3246
-3571
-3763
-4346
-4735
-4197
-3497
-3438
-3001
-1771
-1094
-712
269
994
880
1173
1973
1694
1095
1405
1753
1392
1058
1092
1283
1415
1415
1613
1944
2270
2559
2946
3086
2827
2701
2707
2505
2055
1796
1692
1605
1676
1352
1193
1409
1503
1183
850
962
850
721
844
787
543
646
847
639
51
-370
-593
-1044
-1635
-2181
-2319
-2304
-2539
-2518
-2296
-2095
-2309
-2380
-2434
-2706
-3236
-3556
-3687
-4214
-4675
-4405
-3745
-3599
-3252
-2133
-1110
-909
-436
498
774
743
1434
1904
1616
1529
1969
1825
1366
1280
1562
1655
1552
1855
2152
2514
2542
2835
3128
2958
2780
2770
2646
1976
1786
1780
1561
1349
1218
1304
1180
1108
987
749
784
495
271
451
485
264
469
725
324
-212
-355
-415
-990
-1533
-1575
-1608
-1882
-1999
-1998
-1866
-1805
-1993
-1995
-2100
-2546
-3038
-3433
-3612
-3832
-4077
-3859
-3349
-2898
-2578
-1990
-1029
-441
-348
301
1206
1278
1117
1571
1960
1529
1276
1694
1509
719
726
1177
982
870
1387
2002
2195
2273
2619
2715
2486
2212
2058
1896
1394
1016
1259
1391
1106
1112
1348
1254
878
736
648
487
430
439
600
853
814
749
929
661
-61
-300
-437
-1130
-1575
-1409
-1596
-2099
-2002
-1806
-2022
-2193
-2219
-2339
-2623
-2930
-3421
-3614
-3525
-3781
-4018
-3640
-2937
-2450
-2113
-1371
-690
-162
320
604
922
1399
1741
1637
1689
1706
1442
1055
884
669
587
824
1039
1383
1781
2023
2241
2653
2772
2539
2414
2386
2057
1648
1544
1468
1371
1614
1646
1438
1483
1523
1215
807
754
685
716
944
976
909
849
525
109
-138
-571
-1108
-1145
-1182
-1579
-1822
-1808
-1910
-2116
-2285
-2564
-2766
-3181
-3458
-3675
-3944
-4257
-4239
-3968
-3673
-3200
-2646
-1933
-1305
-764
-298
213
727
1253
1438
1620
1899
1937
1703
1428
1250
1115
955
882
865
891
1121
1432
1778
2112
2292
2393
2608
2504
2243
1970
1771
1646
1368
1335
1427
1590
1620
1521
1403
1267
1073
867
968
831
766
1020
1104
679
225
143
-82
-553
-801
-822
-1032
-1364
-1408
-1439
-1728
-2118
-2283
-2175
-2565
-3149
-3361
-3550
-3945
-4194
-4177
-4093
-3811
-3292
-2837
-2479
-1756
-1151
-730
-170
446
796
1084
1411
1415
1291
1309
1321
1111
835
831
721
672
884
1054
1165
1466
1992
2360
2511
2629
2906
2965
2820
2726
2539
2313
2261
2257
2150
1991
2012
2060
1867
1607
1496
1450
1222
868
615
420
110
-282
-512
-769
-1127
-1285
-1419
-1743
-2090
-2264
-2417
-2732
-3019
-3207
-3432
-3703
-4018
-4184
-4192
-4215
-4359
-4197
-3705
-3376
-2942
-2213
-1610
-1190
-590
-75
304
672
1084
1419
1557
1720
2014
1972
1810
1660
1601
1550
1537
1640
1674
1816
1901
2079
2337
2511
2648
2927
3212
3271
3320
3283
3203
3146
2988
2864
2787
2826
2723
2370
1845
1125
346
-254
-824
-1330
-1585
-1655
-1633
-1707
-1723
-1771
-1955
-2159
-2389
-2664
-2878
-3093
-3324
-3412
-3492
-3614
-3625
-3583
-3775
-3902
-3734
-3504
-3316
-3081
-2597
-1975
-1375
-715
-190
148
544
776
1156
1519
1632
1747
2038
2227
2044
2071
2448
2471
2191
2263
2266
1912
1762
1669
1594
1643
1736
1956
2225
2478
2526
2775
3056
3088
3008
3054
3059
2814
2379
1725
1037
384
-246
-733
-963
-1167
-1370
-1520
-1504
-1708
-1996
-2112
-2260
-2473
-2683
-2688
-2665
-2751
-2738
-2689
-2772
-2791
-2969
-3167
-3421
-3427
-3290
-3279
-3220
-2718
-2066
-1906
-1564
-928
-529
-440
35
517
640
737
1235
1577
1668
1834
2122
2343
2281
2286
2338
2425
2374
2333
2383
2479
2357
2155
2129
2053
1866
1883
2051
2149
2360
2732
3086
3287
3261
2950
2448
1925
1292
585
174
42
-167
-464
-748
-993
-1331
-1690
-2145
-2421
-2633
-3021
-3121
-3001
-2967
-2975
-2845
-2753
-2883
-2930
-2927
-3056
-2970
-2685
-2669
-2718
-2249
-1832
-1780
-1712
-1353
-1126
-1178
-1041
-660
-401
-226
183
679
984
1183
1522
1840
1931
2002
2202
2398
2567
2741
2782
2951
2924
2725
2519
2339
2112
1972
1895
1783
1831
1998
2207
2539
2802
2694
2486
2186
1694
1071
699
529
376
118
-189
-289
-454
-936
-1428
-1691
-1935
-2358
-2524
-2645
-2833
-2898
-2863
-2881
-2889
-2809
-2904
-2968
-2793
-2718
-2768
-2481
-2100
-1928
-1931
-1705
-1498
-1590
-1676
-1487
-1176
-1028
-898
-566
-130
16
198
665
941
991
1221
1619
1898
1938
2155
2543
2721
2767
2899
3050
2886
2616
2557
2447
2264
2156
2256
2410
2376
2374
2342
2143
1748
1356
1113
928
766
722
736
644
513
310
9
-429
-961
-1385
-1837
-2279
-2569
-2732
-2794
-2880
-2982
-2935
-2992
-3140
-3124
-3115
-2982
-2832
-2578
-2288
-1972
-1559
-1462
-1272
-963
-824
-903
-826
-649
-653
-627
-390
-121
89
331
619
862
963
1255
1536
1748
1948
2208
2421
2498
2582
2613
2520
2542
2577
2548
2459
2467
2541
2525
2569
2387
2130
1774
1249
662
241
-160
-541
-481
-302
-295
-266
-64
-4
-151
-433
-806
-1108
-1337
-1691
-1904
-1919
-2002
-2170
-2192
-2086
-2362
-2584
-2345
-2323
-2486
-2377
-2007
-1761
-1573
-1207
-820
-744
-735
-395
-181
-333
-323
33
232
43
28
303
322
231
245
450
598
714
984
1237
1331
1373
1542
1647
1615
1626
1831
1959
2047
2060
2070
2203
2261
2164
2092
1959
1568
1141
738
321
29
-90
-176
-249
-356
-330
-345
-469
-590
-799
-865
-877
-990
-1085
-982
-964
-1168
-1178
-1216
-1534
-1891
-1987
-2056
-2213
-2171
-1938
-1762
-1569
-1305
-1096
-1001
-868
-783
-652
-599
-577
-446
-265
-120
-75
21
154
161
208
386
481
629
810
858
940
1208
1343
1351
1468
1593
1563
1566
1698
1709
1735
1928
2146
2251
2334
2279
2173
1940
1408
881
455
94
-225
-328
-261
-359
-462
-592
-673
-825
-1063
-1246
-1285
-1161
-1223
-1240
-1102
-957
-1010
-1062
-1068
-1108
-1272
-1624
-1607
-1536
-1601
-1469
-1172
-898
-770
-622
-463
-518
-651
-626
-470
-323
-196
-29
165
351
479
512
517
473
296
310
327
321
402
561
599
610
775
883
954
1062
1201
1290
1294
1327
1364
1441
1475
1553
1618
1568
1326
1028
750
368
41
-144
-245
-299
-320
-338
-419
-499
-659
-845
-949
-986
-974
-894
-760
-723
-601
-587
-683
-694
-768
-929
-1148
-1187
-1139
-1156
-1165
-1021
-917
-937
-807
-652
-599
-605
-537
-514
-506
-402
-272
-113
36
129
295
545
588
563
603
625
599
703
837
893
1073
1265
1370
1424
1496
1599
1641
1647
1628
1657
1723
1717
1688
1622
1492
1159
867
560
247
56
-36
-110
-270
-392
-631
-845
-1110
-1454
-1676
-1805
-1833
-1859
-1807
-1703
-1544
-1476
-1396
-1355
-1352
-1366
-1385
-1398
-1325
-1182
-1139
-1071
-889
-709
-664
-639
-610
-608
-617
-715
-610
-344
-170
98
450
724
1012
1157
1217
1299
1322
1264
1249
1350
1324
1336
1477
1516
1454
1451
1441
1379
1306
1310
1311
1344
1456
1514
1486
1382
1256
1059
758
492
242
-16
-209
-303
-372
-469
-656
-804
-1041
-1319
-1589
-1680
-1778
-1965
-1973
-1915
-1898
-1851
-1717
-1510
-1362
-1225
-1066
-945
-738
-538
-453
-326
-3
94
74
66
81
-152
-307
-214
-154
-160
2
272
424
562
650
807
918
843
823
876
876
836
917
1032
1044
1083
996
1026
918
763
792
785
787
756
714
835
953
909
890
803
651
421
214
-77
-264
-442
-538
-563
-604
-600
-586
-564
-731
-918
-1060
-1218
-1403
-1494
-1557
-1513
-1348
-1269
-1093
-988
-866
-727
-681
-663
-599
-411
-292
-159
-54
1
-39
-68
-36
-139
-187
-122
-50
43
215
402
542
654
783
853
836
803
864
921
881
852
981
1008
992
1020
1085
1111
1063
1021
916
845
670
561
630
589
609
745
770
671
535
349
46
-306
-473
-631
-770
-826
-853
-872
-881
-900
-971
-1112
-1261
-1346
-1458
-1553
-1723
-1766
-1605
-1580
-1540
-1264
-1056
-1002
-868
-628
-463
-319
-127
-18
-45
6
159
257
344
354
367
398
386
466
567
562
621
763
861
875
906
1031
1087
1024
935
920
947
952
959
995
1052
1070
1107
1192
1096
901
872
869
721
674
656
638
651
668
584
396
218
2
-198
-418
-574
-664
-635
-597
-705
-767
-805
-904
-1069
-1182
-1314
-1497
-1574
-1683
-1795
-1749
-1672
-1548
-1375
-1282
-1174
-1028
-912
-801
-797
-672
-554
-479
-436
-371
-189
-82
11
69
141
125
177
277
405
533
631
810
835
873
860
859
938
1049
1128
1205
1333
1476
1581
1633
1599
1591
1529
1430
1371
1402
1316
1350
1337
1149
1099
901
812
609
388
121
-194
-357
-593
-808
-926
-958
-1048
-1178
-1241
-1322
-1410
-1541
-1723
-1842
-1926
-1983
-2038
-1993
-1942
-1920
-1764
-1634
-1594
-1379
-1105
-995
-875
-724
-632
-552
-426
-191
-24
219
413
537
671
819
932
950
1029
1102
1099
1160
1274
1280
1272
1386
1431
1466
1550
1565
1539
1531
1542
1504
1428
1371
1295
1151
1062
1005
902
824
762
704
585
404
296
84
-163
-449
-602
-790
-1031
-1203
-1297
-1370
-1493
-1607
-1656
-1618
-1632
-1664
-1690
-1719
-1702
-1684
-1630
-1648
-1578
-1458
-1341
-1275
-1104
-882
-645
-453
-310
-152
-9
143
246
452
559
741
864
950
1065
1049
980
1026
1039
1006
1083
1092
1116
1127
1109
1067
1066
1034
1035
1044
1049
1149
1186
1105
1113
1094
1020
881
742
620
539
483
361
277
210
205
12
-150
-311
-435
-498
-642
-824
-940
-995
-1203
-1340
-1450
-1492
-1500
-1352
-1244
-1253
-1240
-1236
-1218
-1256
-1233
-1225
-1167
-1049
-995
-874
-762
-621
-481
-403
-300
-172
-73
-17
64
124
189
280
473
618
680
718
767
821
818
778
752
754
766
758
729
793
859
886
885
939
945
926
940
911
864
770
736
699
621
624
597
523
416
310
253
103
23
-26
-209
-241
-316
-518
-685
-806
-953
-1126
-1126
-1150
-1122
-1067
-992
-946
-858
-755
-705
-649
-603
-582
-631
-570
-509
-527
-425
-276
-194
-138
-63
18
4
-24
-7
4
20
165
277
347
469
569
574
580
609
621
624
598
564
562
581
665
743
761
697
654
715
680
617
652
636
671
692
618
636
606
533
500
495
436
368
360
268
116
-49
-134
-193
-363
-525
-676
-775
-920
-1105
-1224
-1273
-1264
-1265
-1196
-1125
-1129
-1082
-1059
-1082
-1091
-1077
-1066
-962
-933
-908
-781
-654
-541
-464
-344
-219
-171
-76
70
248
370
422
540
641
624
662
746
763
873
970
1060
1101
1122
1147
1131
1136
1119
1062
989
974
963
885
868
837
784
721
701
612
566
493
382
299
162
58
-97
-229
-361
-424
-632
-776
-803
-905
-1006
-1108
-1166
-1247
-1343
-1343
-1334
-1306
-1260
-1208
-1096
-1044
-951
-820
-796
-710
-668
-644
-574
-478
-408
-283
-131
-49
114
284
346
471
594
684
816
923
903
919
923
952
990
1011
1034
1017
999
922
870
790
682
595
498
402
373
364
334
247
221
257
217
209
183
144
35
27
-32
-133
-121
-125
-212
-267
-307
-428
-466
-470
-565
-573
-483
-499
-538
-554
-581
-594
-619
-599
-648
-674
-623
-597
-495
-416
-297
-219
-120
-81
-83
-8
30
80
134
221
168
182
229
238
271
334
371
377
435
402
351
309
320
304
249
233
253
297
254
200
139
137
60
8
20
56
14
-54
-74
-102
-61
-89
-72
-34
-4
25
53
62
88
90
79
54
22
1
28
-27
-36
-54
-96
-101
-139
-213
-295
-356
-460
-541
-572
-608
-631
-565
-578
-545
-505
-447
-362
-263
-176
-116
-48
-29
-48
8
62
78
132
214
310
319
386
399
419
424
416
435
458
474
538
550
510
504
451
438
385
279
243
214
110
57
27
21
37
26
-8
8
-13
-48
-79
-69
-48
-77
-45
-26
-41
-15
-18
-54
-82
-107
-64
-79
-83
-128
-146
-181
-223
-239
-317
-382
-415
-390
-374
-359
-312
-303
-259
-216
-211
-157
-103
26
49
93
165
147
72
8
3
-1
108
134
213
225
198
151
116
41
-100
-15
66
52
63
120
117
134
125
158
160
129
142
90
43
-3
12
3
-6
16
-7
49
78
101
101
106
115
125
145
170
156
182
167
157
125
46
-24
-9
-61
-91
-167
-253
-264
-336
-325
-336
-403
-461
-420
-459
-461
-439
-367
-336
-290
-240
-188
-124
-79
-31
16
104
179
265
325
360
365
397
441
453
409
425
408
391
353
339
284
250
148
136
74
33
134
58
58
19
-37
-59
-127
-220
-203
-247
-287
-287
-262
-270
-295
-317
-387
-401
-404
-401
-408
-383
-377
-348
-276
-191
-150
-98
1
61
94
99
109
132
115
114
86
104
127
170
196
233
281
317
412
438
468
511
579
613
603
637
633
572
540
504
442
401
320
281
227
164
18
-81
-151
-253
-311
-379
-416
-476
-528
-543
-515
-560
-551
-533
-587
-676
-672
-657
-752
-762
-747
-694
-618
-532
-359
-252
-224
-117
-18
94
151
172
222
325
390
430
464
538
537
512
501
419
392
330
301
342
356
359
372
370
301
260
247
186
145
104
96
81
93
57
3
21
0
9
15
-2
-67
-153
-214
-288
-356
-371
-374
-395
-420
-459
-508
-546
-553
-510
-503
-417
-402
-356
-292
-249
-161
-85
-31
-25
-8
14
53
31
66
129
214
288
341
380
355
387
421
435
444
509
567
560
580
537
524
444
423
412
378
399
379
324
285
244
160
92
29
-60
-84
-108
-115
-126
-164
-197
-241
-291
-295
-305
-309
-291
-227
-258
-244
-274
-316
-360
-377
-348
-359
-388
-446
-422
-489
-530
-567
-604
-593
-589
-531
-445
-348
-291
-226
-185
-135
-87
-41
-17
-1
72
86
85
203
271
310
380
404
447
452
519
501
474
510
527
514
501
526
479
503
488
454
514
515
483
413
347
233
185
141
44
-54
-73
-68
-90
-114
-130
-122
-149
-173
-227
-200
-228
-230
-234
-285
-327
-372
-394
-433
-438
-461
-432
-411
-329
-308
-295
-237
-221
-223
-219
-227
-177
-158
-112
-90
-28
-14
14
62
56
43
71
161
180
214
180
187
202
220
262
286
367
359
348
329
303
280
257
265
251
282
358
338
330
245
174
156
85
98
81
103
59
40
21
-40
-98
-159
-169
-169
-175
-121
-117
-160
-147
-168
-211
-268
-350
-437
-419
-417
-415
-377
-347
-424
-462
-488
-514
-484
-454
-433
-385
-360
-374
-367
-353
-274
-295
-236
-125
-52
46
92
119
129
130
116
142
205
318
386
447
532
537
617
663
638
643
702
695
715
726
684
690
734
678
592
569
473
411
335
240
250
209
150
108
45
-30
-131
-215
-280
-355
-405
-480
-539
-590
-600
-633
-634
-639
-636
-603
-621
-624
-658
-615
-608
-622
-655
-623
-564
-532
-409
-432
-404
-368
-334
-344
-267
-176
-105
-14
94
211
331
412
469
566
556
618
611
604
648
666
653
675
629
581
582
546
514
533
521
517
541
461
386
392
330
260
210
153
140
9
-71
-117
-164
-273
-354
-403
-442
-460
-510
-519
-565
-581
-552
-517
-535
-499
-455
-423
-397
-377
-370
-302
-292
-254
-204
-224
-215
-200
-166
-157
-131
-100
-76
-33
-16
-2
-13
-24
-17
4
36
96
190
244
286
317
296
319
281
248
282
331
392
441
518
590
590
530
520
481
430
413
406
445
443
411
364
281
203
177
99
82
34
-31
-76
-144
-208
-288
-306
-387
-333
-350
-385
-427
-514
-542
-646
-707
-710
-674
-624
-570
-506
-489
-446
-407
-414
-430
-417
-381
-316
-288
-253
-215
-178
-158
-132
-122
-86
-46
-25
37
115
193
293
357
421
422
503
523
543
601
573
565
532
577
568
580
574
568
581
574
514
466
456
384
338
300
228
186
152
106
101
36
-46
-89
-126
-204
-279
-283
-306
-344
-353
-399
-435
-503
-517
-563
-572
-565
-591
-552
-537
-528
-490
-441
-407
-394
-349
-349
-313
-282
-224
-158
-135
-121
-58
38
64
84
145
152
126
127
156
217
228
243
314
341
358
372
378
387
360
399
402
413
442
433
417
446
389
377
407
391
382
359
390
402
378
339
292
246
129
93
58
-5
-36
-89
-184
-246
-288
-366
-397
-419
-431
-359
-326
-356
-362
-371
-367
-446
-507
-504
-477
-465
-391
-370
-377
-373
-375
-389
-394
-400
-358
-280
-246
-200
-203
-131
-121
-41
52
75
143
186
208
204
250
312
381
391
464
491
523
558
474
466
457
471
445
446
478
460
401
342
269
263
206
188
172
124
95
77
25
-19
-69
-113
-134
-157
-226
-313
-355
-431
-436
-512
-550
-563
-573
-524
-530
-520
-469
-467
-457
-488
-500
-506
-484
-357
-324
-240
-157
-80
-41
-1
30
-17
-11
38
41
106
257
257
306
366
322
325
400
401
407
541
585
619
633
611
591
519
466
416
394
374
326
313
259
255
207
93
115
113
128
85
69
106
84
72
17
-19
-27
-125
-183
-274
-340
-309
-337
-291
-316
-342
-349
-386
-393
-411
-371
-350
-345
-252
-228
-273
-209
-229
-246
-214
-245
-251
-228
-158
-151
-141
-104
-91
-70
-86
-73
-83
-53
-7
2
55
71
70
92
53
42
49
15
36
105
148
198
248
323
335
327
332
329
364
384
381
300
254
214
209
179
176
158
110
101
78
49
39
17
6
-13
-40
-117
-83
-121
-162
-129
-159
-190
-262
-270
-283
-292
-294
-303
-301
-287
-290
-309
-294
-290
-281
-261
-259
-244
-213
-165
-126
-37
-9
53
93
89
90
106
113
73
115
123
175
175
153
159
120
139
187
209
266
306
341
394
387
407
389
350
282
237
232
193
187
154
110
43
37
39
-22
-109
-132
-171
-194
-197
-190
-167
-165
-135
-149
-179
-180
-192
-170
-191
-200
-188
-215
-177
-161
-180
-145
-130
-117
-74
-15
-52
-70
-76
-111
-76
-52
-52
-12
7
46
78
98
98
98
83
65
108
175
193
237
266
266
290
296
282
252
268
223
207
181
161
143
159
142
127
79
42
45
29
22
15
2
-25
-3
-75
-137
-138
-162
-174
-204
-248
-189
-190
-227
-268
-296
-317
-363
-375
-378
-371
-359
-310
-305
-306
-287
-286
-238
-154
-163
-90
-44
7
-59
-92
-47
-37
-19
-38
-32
-12
65
99
131
126
131
148
163
170
181
258
313
341
379
353
304
282
239
175
189
204
215
231
231
189
137
93
76
29
-32
-17
-46
-21
-54
-141
-98
-102
-98
-141
-147
-153
-159
-145
-173
-190
-204
-211
-221
-210
-226
-139
-125
-100
-35
-28
-46
-17
-22
-31
4
26
85
109
89
112
85
70
81
97
124
125
160
165
176
218
227
224
199
219
230
239
218
210
260
228
221
176
141
151
111
91
79
78
33
-3
3
-31
35
16
-15
-52
-121
-88
-123
-144
-139
-149
-166
-179
-223
-273
-315
-289
-309
-346
-306
-270
-258
-283
-266
-264
-256
-213
-185
-191
-172
-137
-115
-119
-89
-25
-14
-26
-15
1
8
37
42
51
59
86
132
135
136
110
182
158
173
227
247
216
198
192
225
251
202
199
181
168
139
137
120
93
118
67
48
54
20
25
21
-45
-83
-85
-100
-118
-159
-145
-160
-180
-226
-248
-253
-290
-302
-267
-261
-243
-230
-189
-232
-237
-166
-182
-160
-167
-131
-119
-107
-90
-79
-43
-64
-48
11
92
130
215
272
311
306
336
348
317
299
308
361
346
337
331
340
311
295
283
259
286
239
230
250
171
147
143
135
73
80
69
7
-86
-173
-182
-217
-224
-255
-243
-216
-295
-240
-248
-253
-197
-217
-213
-227
-228
-261
-262
-247
-221
-233
-183
-132
-99
-80
-78
-27
-23
-4
13
49
72
33
81
125
139
117
135
136
156
151
157
172
155
170
188
222
255
278
300
252
243
216
173
155
102
71
71
62
33
6
-4
-56
-91
-114
-118
-142
-184
-198
-230
-261
-291
-341
-336
-345
-370
-350
-319
-298
-299
-289
-225
-245
-270
-260
-247
-214
-156
-95
-105
-101
-98
-79
-92
-35
6
0
68
96
54
73
104
160
139
156
198
219
243
213
226
234
274
208
204
224
242
289
273
304
267
278
245
203
164
143
165
133
110
66
56
48
29
-42
-28
-45
-67
-73
-72
-101
-134
-146
-173
-161
-174
-172
-152
-150
-156
-167
-150
-135
-118
-47
-7
-33
-34
-1
-18
-28
-19
-17
-3
-39
4
-13
18
10
0
13
10
29
36
73
65
125
134
138
156
160
131
113
85
57
51
49
61
55
104
125
125
89
66
43
24
-11
-12
-14
-45
-62
-52
-37
-94
-131
-140
-157
-153
-157
-160
-133
-130
-131
-81
-93
-149
-105
-112
-123
-140
-128
-114
-115
-92
-95
-42
-25
-10
23
75
137
192
181
153
154
166
138
173
138
170
152
130
108
86
78
44
30
26
44
28
59
38
70
49
43
13
9
-34
-65
-59
-88
-91
-79
-124
-119
-143
-153
-169
-172
-141
-169
-156
-140
-118
-97
-86
-85
-99
-70
-77
-60
-58
-75
-28
-12
-15
-31
-32
-26
-12
-44
-28
-31
-51
-50
-36
-35
-18
-22
-15
8
48
119
110
101
78
73
42
8
7
-14
36
49
77
88
124
149
89
75
67
66
43
75
71
52
81
69
23
23
13
-25
35
63
88
141
151
172
177
189
229
232
213
211
222
192
161
131
127
124
92
78
52
46
56
34
10
-3
8
-8
-45
-103
-142
-184
-234
-291
-301
-266
-312
-331
-317
-310
-302
-271
-265
-252
-216
-195
-215
-181
-176
-156
-80
-95
-88
-81
-53
-34
-7
52
49
93
156
202
169
210
240
214
274
255
227
230
221
202
192
160
128
124
132
99
101
118
106
132
121
106
68
15
11
-19
-43
-88
-100
-133
-180
-166
-193
-171
-199
-224
-238
-248
-245
-241
-226
-192
-159
-198
-198
-213
-211
-162
-161
-123
-97
-94
-28
-8
15
48
30
56
59
75
115
117
124
184
215
186
167
182
161
146
173
164
171
149
171
212
213
199
162
196
173
118
74
47
41
-26
-47
-21
-54
-68
-62
-55
-63
-93
-75
-97
-149
-114
-130
-101
-94
-140
-157
-136
-107
-124
-126
-134
-110
-101
-130
-148
-122
-112
-102
-68
-53
-12
31
54
91
61
78
114
125
139
114
81
64
110
107
113
131
129
106
93
80
82
56
93
94
102
146
144
114
112
70
21
45
20
-33
-94
-151
-119
-157
-127
-132
-81
-60
-79
-39
-29
15
-4
18
31
21
48
39
32
-22
-57
-31
-62
-61
-63
-66
-89
-50
-29
-77
-47
-55
-56
-8
9
-3
20
14
-3
-1
4
1
-13
37
7
-11
15
-12
57
48
47
83
88
72
33
44
35
-16
-33
-30
-76
-34
2
-44
-25
-34
-20
-54
-32
-46
-33
1
-19
-4
20
36
-2
13
25
-9
-31
-23
-33
-21
-9
-13
-12
-13
-24
-8
11
46
32
77
71
4
24
3
-26
2
11
-39
-14
-19
-34
-22
-32
-45
-31
-65
-42
-24
-22
-2
-5
47
33
22
53
46
41
55
41
57
37
41
40
30
-1
23
18
-2
13
3
30
32
49
105
114
74
93
83
48
55
16
-31
-24
-16
-19
-12
-16
-2
-11
-37
-48
-45
-31
-1
3
0
-5
7
-38
-61
-34
-54
-90
-105
-103
-98
-103
-107
-101
-116
-136
-127
-158
-136
-140
-120
-111
-113
-137
-141
-139
-100
-63
-75
-28
5
19
3
1
36
65
91
99
89
181
151
112
127
131
124
82
81
88
87
108
108
117
140
185
169
190
202
195
146
153
160
113
75
55
66
42
83
41
21
2
-14
-20
-28
-17
-31
-55
-66
-78
-125
-132
-125
-135
-144
-136
-149
-156
-175
-154
-157
-126
-117
-97
-105
-131
-132
-125
-95
-97
-39
-4
7
18
59
66
112
124
127
131
148
168
170
166
157
167
150
116
92
125
100
55
73
74
62
45
51
53
78
101
63
87
40
14
-12
-22
-45
-16
-39
-67
-64
-84
-107
-159
-155
-170
-172
-173
-131
-188
-209
-156
-142
-138
-128
-101
-124
-80
-105
-107
-87
-77
-71
-62
-51
-45
-36
-27
-29
6
35
14
46
77
25
21
33
29
56
67
91
108
68
61
49
37
53
67
110
107
43
61
82
58
68
52
38
28
0
-8
-28
-89
-88
-117
-119
-102
-114
-131
-106
-107
-110
-17
-10
-9
45
59
97
103
112
93
99
71
89
120
139
138
132
128
130
141
163
172
154
157
132
129
100
96
115
124
63
27
19
-16
-45
-75
-66
-52
-61
-15
-71
-94
-112
-150
-145
-152
-157
-144
-140
-141
-159
-159
-172
-168
-179
-186
-202
-199
-137
-117
-130
-101
-57
-12
-30
-13
26
38
71
48
93
60
87
116
88
140
144
91
102
143
154
134
83
87
69
54
66
75
93
90
92
74
56
53
56
28
27
29
17
42
-37
-74
-95
-54
-77
-122
-117
-130
-120
-118
-102
-84
-48
-60
-71
-71
-51
-35
-44
-40
-11
14
-25
-36
-7
-24
-53
-36
-24
-46
-26
0
1
-20
25
34
14
47
70
73
85
74
47
69
69
119
103
95
110
135
133
146
111
77
77
77
69
73
59
41
67
36
37
-28
-20
-30
-52
-50
-88
-96
-101
-82
-103
-83
-86
-68
-78
-98
-86
-90
-89
-92
-90
-112
-108
-79
-73
-46
-42
-38
-38
-12
13
31
6
24
52
49
62
94
129
63
46
40
56
29
14
37
-19
-35
-39
-55
-58
-42
-22
-42
-32
-27
-50
-54
-59
-93
-103
-106
-88
-47
-30
0
7
12
35
35
14
29
33
81
85
91
88
65
76
69
89
141
151
147
170
147
143
136
107
90
98
57
43
39
1
5
5
17
7
-51
-35
-43
-54
-34
-38
-33
-32
-50
-23
-34
-45
-17
-51
-41
-56
-73
-77
-99
-84
-95
-79
-70
-67
-28
-37
-31
-22
-24
12
-14
1
-11
-41
-28
-22
-35
-60
-59
-59
-69
-51
-35
-56
-28
3
-10
-2
-13
0
-6
14
-3
-22
24
-7
-28
-17
-24
-11
8
54
40
24
33
46
28
12
21
13
19
24
43
70
53
51
59
36
36
37
31
34
42
54
55
66
41
22
13
33
50
25
41
30
30
37
26
-7
-16
-20
-44
-31
-52
-47
-44
-66
-76
-55
-78
-68
-75
-78
-83
-87
-66
-62
-81
-80
-32
-17
-16
18
12
9
64
72
64
68
79
75
95
102
85
70
80
74
62
55
96
93
63
76
74
60
59
62
12
19
31
-13
-3
16
-4
-19
-26
-31
-36
-42
-58
-54
-64
-66
-82
-74
-66
-73
-80
-101
-92
-100
-100
-99
-119
-116
-70
-77
-96
-61
-38
-17
-8
8
22
34
29
57
72
40
61
91
43
27
34
13
9
8
-14
3
17
6
28
38
42
45
62
47
30
32
43
70
59
69
62
45
45
32
2
-18
-17
-37
-52
-69
-64
-80
-114
-92
-86
-78
-111
-108
-73
-78
-65
-35
-16
-23
-12
-25
-20
3
10
1
24
41
22
30
51
56
47
38
26
3
24
25
20
15
43
22
22
38
29
42
52
50
49
39
39
46
40
37
30
41
34
47
40
35
43
31
45
8
19
18
16
14
-1
32
21
32
8
32
24
5
9
-5
-7
-26
8
11
-15
3
23
2
-20
-30
-46
-35
-38
-52
-69
-80
-73
-63
-55
-54
-29
-13
-16
-27
-35
-43
-19
-20
-46
-70
-42
-25
-49
-38
-27
-22
-27
-2
3
14
42
43
31
39
57
78
71
46
46
48
45
63
38
-26
-1
22
2
17
21
-18
-36
-11
-35
-49
-40
-23
-31
-47
-54
-29
-33
-36
-32
-44
-42
-53
-29
-25
-18
-40
-32
7
1
-25
-11
6
-11
-9
-15
-7
3
8
17
22
-4
15
41
37
37
73
61
25
38
63
28
14
37
22
5
7
-3
5
9
1
-9
7
2
-8
1
1
13
-9
-8
20
1
-19
-43
-20
0
-23
-42
-59
-36
-28
-41
-11
-12
-33
7
23
30
26
40
66
22
-3
-11
23
40
21
18
11
36
17
27
6
2
22
-5
14
8
1
24
53
14
27
40
45
54
58
32
1
33
29
6
-2
32
27
-6
-24
4
-12
-9
14
-6
-7
2
-3
-13
-14
10
-1
9
8
-16
-7
4
-8
11
15
-12
-1
-7
-33
-46
-54
-39
-56
-75
-67
-71
-90
-80
-74
-55
-69
-55
-38
-41
-30
-45
-12
-3
4
6
8
-21
2
-3
-30
-19
-21
-32
-3
-28
-24
-13
-7
-17
-41
-20
-13
2
18
1
4
-10
-10
-8
-11
1
40
31
31
32
59
70
40
59
64
68
43
64
28
55
30
20
17
20
41
21
37
24
45
70
39
10
32
15
20
11
2
24
20
-11
-28
-18
-16
-23
-12
-26
-19
-16
-43
-37
-13
22
4
-3
12
3
-16
6
8
13
21
25
23
30
12
-8
14
32
21
23
25
42
44
48
48
42
9
6
38
26
6
5
26
16
23
18
33
1
-7
3
4
-46
-51
-30
-22
-25
-48
-47
-28
-72
-81
-63
-83
-64
-57
-88
-84
-64
-77
-58
-58
-30
-33
-50
-35
-16
-16
-23
-40
-15
-13
-8
-15
-17
0
3
-15
-2
32
-5
7
27
12
-11
40
36
13
30
64
51
3
62
32
-20
23
22
-3
27
14
-8
14
23
-10
-3
17
5
-15
10
25
-2
-12
-5
1
3
32
-13
-5
25
-13
-16
-5
3
-4
0
39
7
8
51
20
-5
10
1
22
8
-8
4
-6
-8
2
10
13
7
1
33
35
12
28
54
47
42
20
-2
6
16
1
-4
-6
8
-29
-32
-14
-23
-9
-29
-46
-6
-11
-10
-28
-4
4
-31
-32
-19
2
-32
-10
20
-21
-15
-5
-7
-3
13
22
9
25
16
20
15
36
31
25
26
14
38
14
34
48
48
24
8
5
19
-2
-25
0
-10
-23
-57
-49
-53
-51
-29
-45
-66
-25
-44
-48
-46
-25
-23
-53
-20
-13
-30
-22
-32
-8
6
5
-4
13
29
28
9
29
48
27
39
31
29
27
27
26
38
35
20
22
46
6
23
0
-18
17
5
30
-15
-26
18
-36
-28
17
-1
-15
1
28
25
-25
-10
-3
-34
18
-50
-12
6
-32
-10
-22
-8
-8
2
2
2
34
25
-17
-4
-13
-24
-10
-22
-36
-6
-9
12
27
-35
-2
2
-31
-29
3
22
-58
3
1
-29
-5
-9
20
-11
7
12
-1
-1
-3
-37
-12
-26
6
-4
-16
62
20
-8
28
18
-2
5
11
-5
-10
15
-15
-12
-6
-22
-8
6
-5
0
1
47
41
39
46
48
35
60
52
68
57
67
22
42
67
0
9
42
-4
7
-4
-24
-6
-10
-1
-45
-3
24
-19
-56
-25
-11
-16
-57
-35
-6
-37
-59
-32
-37
-62
-28
-19
-52
-55
-21
-52
-26
-2
-14
-5
18
15
11
10
12
24
34
10
16
34
43
20
-14
9
35
15
8
31
6
19
-13
3
-8
-2
-5
-39
-6
3
-11
-44
2
-22
-20
24
-11
-3
-6
8
14
16
19
6
10
-3
11
17
-8
-2
11
-7
4
-15
-14
-3
-26
-32
13
-11
-47
23
-21
-20
14
4
-5
15
2
-13
15
21
21
-28
9
-11
-11
1
-12
24
-15
19
15
-6
-27
8
9
2
13
-8
15
-11
-3
-3
-5
-2
-5
9
-4
14
29
-6
-24
13
-5
-5
-10
-16
-12
-27
19
-18
-3
2
-11
-8
1
-3
15
2
18
31
3
3
8
36
30
9
30
15
13
19
-8
25
11
-15
2
0
9
-1
15
22
44
21
-10
24
11
20
7
-5
10
11
7
8
17
-4
8
-14
-19
19
-6
0
0
19
-17
-13
-19
-5
-12
-7
-18
-7
-15
-35
-30
-23
-11
-43
-24
-16
-40
-33
2
-32
3
-4
-16
-14
-1
-2
-17
-27
-15
-6
9
-33
3
8
-42
8
-9
-14
9
7
14
3
11
25
-7
9
2
-5
3
-7
-15
14
14
-16
19
14
-22
12
26
-3
5
22
10
4
3
31
31
0
44
13
32
39
9
13
7
-3
14
-2
-13
-6
-2
11
-34
-16
-20
-25
-1
-6
-5
-14
3
20
-3
-16
1
-4
-5
15
6
-11
8
5
-27
9
10
-20
-7
14
22
3
-5
15
-6
15
25
-13
17
33
-10
-6
19
3
-4
23
0
-13
12
4
1
-13
9
-8
4
-8
-9
-36
-23
-4
-66
-43
-10
-40
-60
-14
-50
-57
-40
-34
0
-7
-27
-1
9
4
-15
9
19
20
15
10
26
42
58
29
19
61
46
37
61
10
38
22
33
33
-3
13
28
-1
20
30
-4
25
5
18
-9
-18
2
3
1
-9
-8
4
5
6
-4
-3
9
-4
-5
-22
-12
-1
-17
-3
-16
-30
-13
2
-14
-37
-19
-4
-21
-31
-27
-27
-11
-41
-14
-12
-41
-15
-20
-19
-16
-31
-29
-22
-5
-3
-35
-34
-2
-4
-8
-16
22
20
-3
21
17
24
23
14
10
9
10
12
-8
36
14
-12
21
6
31
22
16
62
25
18
42
19
14
19
14
-8
14
6
1
-16
-11
3
-15
-2
7
-8
-26
-9
0
5
19
3
-3
22
-11
-11
5
6
-6
-14
1
18
15
-26
4
-3
14
4
5
26
14
2
-25
-12
6
-16
-13
-27
-26
-4
4
-14
-22
-3
15
-4
2
44
18
-13
-9
5
19
8
-8
1
12
7
-24
-1
-10
-27
-11
2
-12
-16
-13
-27
1
-6
-35
-1
-18
-14
-4
0
-12
4
4
-1
-7
-4
24
10
14
-9
19
-9
13
8
-10
-2
3
-8
-13
-11
7
-2
-25
15
4
-3
-10
-7
8
26
-20
-10
18
-3
-20
-2
9
-11
-1
17
13
-19
6
23
-3
1
5
13
44
16
10
27
21
16
19
27
19
5
16
30
-1
6
32
24
16
24
13
16
12
-25
-12
1
-16
-19
-30
-27
-25
-22
-25
-17
-12
-7
-4
4
-11
-19
-1
-7
-2
-17
-18
-7
-9
-18
-26
-16
1
-23
-21
-14
-12
-15
-9
-5
-10
-1
-14
-2
10
-9
3
14
15
15
12
2
-6
-2
-2
0
-16
-10
16
-7
-10
-11
-1
1
-8
1
1
15
20
22
26
13
-13
-6
10
8
-21
11
8
-7
-23
-1
2
1
4
-5
7
3
1
-15
7
6
-6
13
-3
17
23
16
18
11
18
12
2
5
25
23
14
8
5
18
27
8
-4
22
18
11
9
-1
-1
5
-1
-9
-6
14
-3
-1
13
1
10
17
36
25
15
17
7
8
-4
-22
2
19
-13
-23
13
6
-13
-6
-29
-19
-10
-18
-33
-32
-25
-21
-17
-32
-14
-24
-10
-5
-17
-13
-20
-32
-20
-34
-40
-38
-12
-11
-45
-34
-12
1
-32
-18
-22
-11
23
9
11
28
16
17
49
50
27
29
53
48
29
32
6
27
26
12
4
-2
20
10
10
-9
38
20
0
-28
-15
-1
-21
0
-19
-14
-19
-29
-21
-19
-14
-21
-22
-6
-18
-41
-24
-5
-15
-14
0
-4
7
1
5
-1
13
4
10
8
10
-9
-9
16
5
2
13
31
23
27
29
7
-7
23
11
-8
-10
20
-11
-5
6
-23
-14
-13
-19
-31
-25
-27
-29
-12
-6
-18
-4
4
-22
-28
-10
11
13
21
35
17
28
20
16
6
35
5
16
45
16
30
19
24
17
17
31
7
9
10
10
5
-6
7
-3
-5
-11
-11
-6
-3
-7
-3
-4
2
-13
-9
-16
-13
2
-9
-13
-5
-9
0
-11
-12
-1
-14
-3
-4
-1
-10
0
4
-6
5
-1
-2
-17
-10
-5
-12
1
8
5
18
9
-15
12
21
15
4
15
11
4
-9
2
8
-2
-1
20
-2
-18
-22
-34
-16
-32
-29
-21
-31
-34
-21
-15
-15
-10
-10
-8
-10
-13
-1
-6
-3
-2
2
-5
-10
5
17
6
-8
17
32
19
-1
-1
20
19
-7
0
-3
14
14
6
14
21
44
29
29
20
8
14
2
-8
9
-2
-22
-11
6
-9
-25
0
12
-2
-5
16
0
0
-23
-26
5
-22
-18
-33
-19
-10
-29
-5
0
-6
5
26
17
22
33
12
1
29
33
5
14
23
16
26
21
20
9
32
22
7
18
22
4
-10
12
9
-3
12
3
-4
3
-25
-17
-7
-21
-44
-28
-11
-12
-33
-21
-19
-31
-18
-27
-26
-8
-6
-32
-24
-11
-20
-9
-12
-1
-17
-10
15
-14
-17
-17
-23
-26
-5
1
-16
1
31
3
-2
11
27
17
19
21
29
22
36
23
12
36
20
25
17
18
18
17
11
12
38
36
15
27
15
-4
-3
2
-4
-7
-6
-3
-11
-6
-2
2
4
2
13
-7
-5
11
6
4
-2
13
14
3
-13
4
3
-11
-19
-5
0
-13
-20
-31
-2
-8
-17
-1
-4
20
-4
-17
-14
-14
-22
-28
-38
-36
-24
-25
-21
-25
-19
-31
-18
-19
-33
-30
-37
-30
-15
-30
-29
-17
6
8
-6
-3
-3
5
-4
3
-5
8
15
8
21
7
20
8
-2
12
15
22
9
8
24
14
9
7
22
29
28
21
26
34
23
25
26
29
22
17
13
32
15
6
-1
-7
-7
-13
-8
-8
-13
-5
3
17
20
12
10
21
12
3
16
8
3
11
-8
5
16
28
14
10
0
3
7
-5
15
4
-8
-25
-20
-17
-23
-11
-6
1
-4
-7
-5
-19
-12
-23
-33
-30
-15
-21
-27
-31
-23
-16
-19
-20
-3
-7
-11
-10
3
8
-20
3
2
-5
-7
6
11
11
20
4
-6
8
0
-18
0
9
-7
5
9
6
10
5
-2
6
5
-7
-8
12
9
6
16
16
19
7
9
14
-3
0
-2
-23
-14
-19
-30
-31
-22
-10
2
9
-6
-2
4
10
-2
-2
9
2
-8
10
26
7
2
5
18
10
6
11
6
-7
2
1
-12
-4
2
12
-1
5
1
-11
2
22
15
12
28
26
13
-2
-2
1
-2
4
-11
-6
9
13
19
11
9
4
14
15
8
0
-3
-12
-8
-11
-2
4
3
13
5
19
-1
-7
4
-6
-8
-10
4
-6
-24
-12
-7
-6
-1
-3
-2
-7
2
0
-11
7
-3
-11
-8
-4
-4
-17
0
-10
-7
5
7
2
7
-6
-2
5
3
-12
-17
-6
-26
-14
-1
-5
-3
1
-9
-6
-10
-8
-13
-17
-7
-21
-6
-11
-15
10
-3
-1
6
9
-3
-13
-2
12
4
-4
1
14
16
4
10
17
10
7
-3
-1
-5
4
-1
1
5
2
11
18
12
5
19
12
13
21
7
-3
1
-1
2
1
-3
5
5
8
10
0
-4
10
5
-2
-7
0
6
-10
-7
17
2
-5
4
13
7
3
5
7
17
5
-14
-18
-13
-18
-21
-14
-10
-5
-13
-10
-9
-8
-9
-8
-5
4
-3
-16
-12
5
6
-7
6
3
-9
-8
-14
-5
0
-14
-10
2
6
-7
-8
8
6
-6
-3
-2
2
-2
-3
0
-1
5
12
8
3
15
19
11
4
19
18
30
26
14
31
33
25
2
14
22
7
4
11
8
5
-8
-17
-8
-18
-15
-15
-7
3
-5
2
-9
-10
-4
-9
-5
-22
-23
-8
-3
-4
-10
-11
-5
2
6
2
9
5
11
8
5
0
6
4
4
0
-3
-1
-13
-6
-12
-19
-20
-14
-16
-10
-7
-13
-23
-8
4
-11
-7
-6
-10
-10
-13
-13
8
0
-24
-8
-7
-16
-1
0
0
-1
7
6
-1
3
1
-6
0
8
3
6
2
-5
1
15
7
11
13
15
13
11
9
17
5
7
17
3
11
18
1
3
15
4
5
11
12
-3
-2
3
3
1
4
0
-4
8
-3
-13
-5
4
-8
-6
1
-16
-6
0
2
11
4
3
11
11
5
2
7
14
11
9
14
14
6
4
4
8
17
12
7
3
12
10
5
13
-2
3
1
-2
0
0
5
-3
4
-5
-5
-11
1
6
-12
-11
-7
-9
-19
-26
-11
-7
-3
-11
-11
-9
-10
-20
-22
-18
-24
-18
-7
-12
-7
4
0
-5
-11
8
7
-4
4
-11
-3
4
-6
-6
4
-5
-9
-11
-8
-19
-29
-8
-8
-7
-6
-11
-1
9
-9
-8
-1
0
5
-8
-7
1
-1
-1
10
18
7
12
15
15
19
15
8
17
19
12
28
27
23
17
11
17
5
-5
0
-1
-5
-6
-8
-8
-7
1
0
5
12
14
12
1
2
4
1
-8
3
4
9
1
7
10
4
-5
3
7
-5
-3
-4
0
3
-4
-3
-3
-7
-7
-13
-6
-13
-7
-7
-11
-18
-15
-5
-16
-18
-3
0
-5
-7
-1
5
12
11
8
15
23
17
18
17
13
11
12
8
3
-3
-1
11
-1
1
-3
5
0
-9
-10
-9
-10
-7
-11
-16
-7
-8
-11
-21
-19
-17
-13
-23
-18
-16
-24
-24
-16
-18
-15
-9
-14
-14
-5
-6
-3
5
7
6
10
13
4
18
9
9
19
15
8
7
16
15
16
12
11
9
9
3
-1
-3
3
-2
8
10
2
10
2
9
8
8
11
14
20
14
13
11
2
8
5
0
6
8
0
2
3
-1
6
4
-6
5
10
3
-2
-5
7
6
1
5
6
1
2
4
-12
-11
-12
-11
-7
-12
-10
-11
-6
-1
-9
-3
-6
1
-6
-12
-6
-8
-5
-8
-3
0
3
-3
-8
1
-3
-7
-16
-23
-13
-11
-9
-8
-3
4
1
0
3
17
11
1
7
8
15
7
5
10
10
4
10
11
10
3
-3
2
-10
-9
-4
-11
-6
-6
-9
-5
-1
-10
-10
-4
-11
-11
-18
-19
-17
-8
-6
-14
-4
-8
-12
-4
0
-12
-4
7
-4
-10
0
-2
0
9
0
6
-4
-4
4
10
13
9
23
22
13
16
19
21
17
19
27
22
16
19
27
14
10
11
12
9
1
7
1
-1
-8
-14
-12
-12
1
-5
-8
-6
1
-2
-8
-10
3
6
-2
-2
-5
-2
-16
-4
-4
-16
-13
-9
-15
-12
-8
-5
-1
-6
-1
-2
-5
2
7
0
-4
2
7
4
-3
8
11
10
12
11
13
9
-6
-5
-6
-1
-2
1
-2
0
8
-4
8
7
0
2
-3
-12
-4
-7
-7
-12
-11
-7
-14
-4
-9
-15
-13
-7
-6
-9
-6
-11
-8
4
-3
-5
-2
-2
7
6
0
-8
-6
-4
-1
2
-2
1
7
2
6
5
2
6
13
8
5
1
-12
-1
-9
-2
3
-8
3
4
6
0
15
12
4
9
15
7
5
15
8
4
9
7
-4
-3
5
-2
-5
4
2
3
9
7
7
10
10
-5
-3
1
-6
-1
-4
1
2
-2
0
-3
0
-6
-5
-2
-3
-11
-5
3
-13
-8
-10
-4
-10
-7
-12
-6
1
-8
-2
8
2
1
11
18
13
4
20
20
18
19
12
14
19
14
17
14
12
7
-1
-1
5
0
9
13
-3
-6
-4
-8
-11
-9
-15
-11
-16
-27
-17
-11
-21
-18
-14
-11
-11
-16
-13
-23
-12
-11
-12
-12
-17
-8
-13
-7
-8
-5
-1
0
-2
2
5
9
15
9
18
7
13
9
6
12
5
7
6
12
9
10
11
12
14
10
10
6
7
13
3
4
12
2
1
2
-1
1
9
1
-7
-1
-1
-4
7
0
-11
-6
-6
-8
-11
-17
-14
-11
-11
-15
-18
-14
-14
-2
-8
-14
-8
-7
-9
-8
-10
-7
-6
-13
-10
-10
2
9
-3
6
7
5
9
7
8
4
5
8
11
13
10
10
11
9
5
10
10
9
8
11
7
9
12
9
12
12
16
2
5
7
2
1
-4
-16
-12
-11
-12
-10
-11
-2
-5
-5
-5
-7
-4
-8
-5
-3
-7
-2
1
1
-2
4
0
2
4
-4
-1
-10
-8
-4
-7
2
5
-4
4
5
2
5
0
0
9
2
-6
0
0
0
6
7
11
19
11
3
-4
-2
2
-2
6
6
3
6
5
1
6
3
3
0
-5
2
-4
-6
-2
0
3
-1
5
0
-2
-1
2
-5
-3
-3
3
-1
-11
-4
5
4
7
5
7
8
2
9
5
-4
4
10
5
1
5
5
-5
-1
1
1
-6
-6
1
-5
-9
-7
-7
4
-3
-4
4
6
-1
-6
1
-1
-4
-5
5
6
7
3
1
-1
-5
4
-2
-12
-11
-5
-12
-13
-12
-5
-2
-11
-5
-9
-6
-7
-11
-1
0
2
1
-10
-1
0
2
8
-6
-1
-2
-4
-6
-17
-19
-22
-17
-13
-11
-7
-17
-16
-17
-18
-9
-9
-3
0
4
0
2
7
4
2
8
7
1
11
15
12
11
7
5
8
20
16
11
16
6
13
11
10
17
18
10
14
12
3
12
4
7
-5
-2
1
7
5
5
5
11
8
4
12
8
12
10
10
3
4
8
5
-1
3
5
0
-3
-3
0
-3
5
-1
1
-3
-2
0
-8
-10
-6
-1
-5
3
-2
-3
-5
-10
-10
-17
-12
-6
-10
-6
-5
0
-5
-4
-5
-7
-11
-5
-1
-11
-8
-13
-14
-11
-13
-10
-9
-7
-5
-8
-5
-2
6
-2
-2
4
4
-2
-1
-1
1
1
7
6
2
8
5
10
14
9
7
2
9
4
7
8
-3
0
-3
-1
-6
-2
2
1
3
1
1
2
6
5
4
14
12
5
4
0
7
8
8
9
-2
-2
6
8
0
-5
5
2
6
0
3
0
4
7
-3
5
-2
-11
-6
2
-2
-5
-3
-9
-7
-4
-13
-10
-5
-15
-17
-11
-5
-12
-12
-12
-9
-7
-5
-8
-9
-2
-1
-3
-5
-8
-7
-2
-5
-9
-7
-2
-8
-10
-2
1
-5
2
7
10
7
8
11
16
20
11
6
10
11
14
6
3
10
14
15
8
2
2
5
14
11
-1
7
8
5
9
1
2
4
13
4
-5
-3
4
3
-7
-5
-10
-1
1
1
0
0
-1
-9
-11
-12
-13
-9
-12
-17
-15
-10
-5
-3
-2
3
3
-1
-1
4
8
9
12
6
-3
-3
6
10
-1
-5
1
10
8
0
-3
1
5
3
-1
-7
2
5
3
-5
-10
-5
2
0
-11
-4
1
1
-3
-10
-8
2
7
4
-4
1
0
0
-4
-16
-14
-12
-7
-11
-16
-12
-12
-4
-11
-7
-4
-9
-5
-6
-7
-11
-6
-5
-6
-6
-4
3
-1
7
6
12
11
5
5
4
9
-1
7
11
12
7
3
8
7
8
4
12
14
9
19
12
18
16
20
17
13
21
15
14
13
2
5
7
1
3
4
5
0
0
2
-2
-9
-5
6
7
0
-2
1
5
-6
-12
-3
-1
-12
-7
-5
-9
-5
-6
-1
-5
-5
-5
-6
-10
-11
-13
-12
-17
-17
-9
-10
-8
-9
-7
-6
-8
-4
-1
-6
-7
-5
0
1
3
11
8
7
9
6
1
7
5
4
4
10
4
1
1
-3
9
1
9
3
-1
0
-8
-12
-15
-20
-18
-13
-15
-15
-18
-19
-13
-13
-18
-15
-15
-11
-6
-3
-5
3
9
3
7
8
11
9
7
7
9
9
10
11
5
5
0
-2
1
-1
-4
4
3
5
7
7
10
5
8
12
12
7
15
14
12
15
12
14
10
9
5
5
9
9
7
4
4
14
7
-7
7
8
1
1
0
2
2
1
0
0
-3
0
9
5
-1
8
5
2
0
-4
-2
-7
-7
-8
-9
-5
-3
-3
-2
-3
-7
-1
1
-5
-3
-1
-3
-11
-6
-10
-14
-10
-12
-12
-5
-8
-12
-8
-6
4
-4
-2
3
-1
0
1
3
-1
-3
1
-1
-6
-10
-9
-3
-4
-10
-6
-4
2
-3
2
1
4
0
0
4
2
5
7
9
6
10
4
2
-2
2
0
6
2
1
9
4
3
5
3
-3
-3
-5
-6
-4
-2
-7
-3
-9
-12
-8
-6
-7
-5
-8
-11
-8
-10
-10
-8
-2
2
4
0
5
9
1
5
3
11
7
1
10
4
6
4
13
9
15
18
16
19
10
8
1
7
6
4
0
-5
0
0
1
-3
-2
3
-6
-7
1
-1
-4
-4
-3
-7
-5
3
-6
-15
-13
-8
-13
-14
-10
-12
-10
-5
-5
-6
-5
-2
4
4
1
2
9
10
8
8
5
0
5
5
2
3
1
-1
-1
1
3
5
2
4
3
-3
7
3
1
0
2
1
0
7
5
0
0
2
-4
-9
-1
3
-3
-2
-2
0
-1
-3
1
4
3
0
3
3
8
7
8
4
7
10
8
9
14
9
3
7
10
3
5
3
5
0
2
4
1
3
0
-5
-6
-2
-8
-2
-4
-8
-10
-12
-19
-11
-15
-19
-14
-14
-5
-17
-12
-7
-2
-1
-8
-10
-6
4
-1
-7
-5
2
7
9
0
-3
10
11
10
4
9
4
6
11
6
-1
-1
11
5
0
1
0
3
0
-8
-10
-13
-7
-11
-15
-11
-10
-6
-10
-9
-6
-7
-3
-1
-1
1
3
8
13
14
9
16
12
13
7
3
11
2
4
0
-2
4
1
-5
1
-4
-3
2
-2
4
7
2
4
6
3
6
3
1
6
8
6
3
3
-1
-3
-2
1
-4
-8
-6
-4
-3
-6
-2
-7
-8
-6
-9
-9
-6
-7
-7
-5
-4
-3
-7
0
3
3
2
-1
3
8
4
5
2
2
-3
0
6
5
5
4
9
3
9
6
7
9
4
9
8
8
6
10
12
5
9
7
4
2
5
2
5
-6
-7
-6
-10
-7
-8
-10
-6
-12
-9
-8
-8
-14
-16
-8
-12
-7
-5
-6
-11
-3
-1
-3
-4
-3
2
4
8
6
5
8
5
2
2
-1
-2
-2
0
5
-3
6
5
4
3
6
7
-1
-5
3
5
-3
-5
4
-3
-4
-3
-2
0
-4
-6
-8
-7
-8
-4
-6
-2
-1
5
-1
-4
0
0
0
-1
-2
-5
-7
-6
-7
-7
-4
-2
2
4
11
6
9
9
4
8
7
12
11
12
2
2
2
-1
3
0
-3
-2
-3
-6
-8
-6
-2
-6
-7
-4
1
0
0
-1
-4
-6
-2
2
0
-5
-7
-2
-4
-1
1
3
9
9
3
3
4
14
16
11
11
8
11
16
8
9
12
5
10
8
4
6
10
9
1
-2
1
0
4
-2
-6
-5
-3
-7
-10
-10
-8
-8
-9
-8
-14
-10
-7
-11
-16
-6
-3
3
2
-7
-3
-3
-3
-2
1
-1
-5
-1
-2
-1
-1
0
1
1
1
3
5
8
9
4
7
6
0
9
3
1
3
-2
-3
-6
2
-1
-4
-4
-6
-9
-7
-7
-12
-8
-9
-12
-9
-12
-12
-5
-7
-6
-9
-6
-7
-9
-3
-6
-10
-9
-4
-3
-4
-7
-2
-3
-1
4
4
4
9
7
9
15
9
11
10
12
15
12
15
13
13
14
11
17
15
16
17
12
14
8
9
3
5
13
7
8
10
8
-1
-8
-1
-1
-6
-8
-8
-8
-7
-5
-7
-6
0
-7
-1
-6
0
-6
-2
1
-1
2
-5
4
2
-1
-8
-8
-4
-10
-13
-10
-9
-4
-2
-1
2
3
5
5
2
0
6
5
1
-2
0
1
2
0
-3
-3
-5
-3
-8
-4
-11
-10
-5
-5
-6
-8
-8
-7
-11
-13
-3
-5
-9
-7
-4
-2
-8
-7
-7
-6
5
0
-3
1
5
-3
3
6
3
2
4
7
4
5
2
5
9
7
13
6
8
15
11
8
3
4
3
-6
-5
-8
-14
-4
-5
-6
-6
-1
-2
-2
-6
-6
1
-5
-4
-4
0
-2
-4
2
1
1
-3
1
2
3
5
3
3
7
6
14
15
14
18
15
17
17
18
13
18
8
9
10
7
7
7
8
3
6
0
2
1
0
1
5
0
-1
-1
-3
-5
-3
-3
-5
-5
-6
-9
-14
-12
-10
-13
-16
-13
-13
-15
-11
-8
-10
-10
-6
-6
-11
-8
-7
-3
-7
-7
-10
-9
3
3
-7
-8
3
-1
3
1
0
0
4
0
-2
4
1
4
6
1
0
5
9
7
4
-1
4
3
2
0
1
9
0
4
-2
-5
0
4
-3
-8
-6
0
0
-4
-4
-2
1
2
8
4
4
10
10
13
15
9
12
6
2
2
4
-1
0
9
3
-2
-2
-1
2
1
1
3
-1
0
1
-2
4
2
2
-3
-2
-4
-1
-1
-2
-1
-7
-7
-5
-1
-6
1
-6
-3
-1
-1
-4
-8
-7
-1
-4
-4
0
1
2
-1
-4
-2
1
-2
-1
-2
2
-3
0
-1
-1
0
