SAMPLES:	17874
BITSPERSAMPLE:	16
CHANNELS:	1
SAMPLERATE:	16000
NORMALIZED:	FALSE
-60
-62
-68
-67
-55
-55
-38
-19
-26
16
16
27
26
18
44
62
69
70
106
120
104
130
78
80
93
78
54
48
53
7
-4
-26
-31
-36
-75
-94
-83
-93
-91
-80
-76
-81
-78
-86
-72
-73
-61
-61
-23
-6
-40
-31
-43
-49
-52
-65
-77
-74
-84
-62
-52
-53
-40
-11
-2
-5
13
25
17
22
32
21
29
59
68
70
76
65
57
61
37
28
45
58
59
68
74
62
30
52
72
73
65
57
56
40
27
33
12
0
17
27
31
17
-20
-47
-36
-30
-50
-50
-16
-5
-5
16
-5
20
5
-1
7
13
22
-8
-9
-22
-30
-7
23
23
13
14
42
40
36
35
32
35
36
48
64
49
44
28
35
54
26
5
4
-2
15
4
-40
-29
-38
-54
-56
-78
-82
-98
-81
-119
-141
-144
-135
-112
-119
-122
-108
-102
-141
-144
-128
-146
-117
-102
-82
-74
-70
-49
-63
-8
-4
5
43
85
113
113
115
147
173
179
164
125
126
114
95
93
102
105
110
68
56
57
52
84
63
65
54
61
63
44
38
-1
-32
-50
-55
-63
-56
-51
-69
-63
-71
-89
-117
-110
-101
-110
-121
-109
-105
-94
-71
-80
-81
-56
-37
-36
8
23
-2
-9
13
36
19
26
34
22
25
45
80
70
80
96
94
58
68
101
111
106
85
88
61
46
60
34
27
30
51
33
18
18
3
0
-10
-10
-17
-47
-37
-35
-44
-25
-48
-61
-57
-98
-121
-108
-81
-68
-61
-81
-52
-40
-43
2
14
4
8
1
4
8
-10
18
33
48
24
25
66
53
37
63
70
68
69
56
62
78
90
61
66
52
63
28
2
0
-2
28
19
37
32
-7
-22
-21
-34
-44
-47
-46
-60
-44
-45
-60
-82
-80
-95
-100
-86
-79
-86
-93
-78
-80
-82
-79
-84
-52
-30
-50
-50
-65
-47
-37
-36
-36
-22
-6
33
33
36
49
30
28
17
-7
9
30
53
44
55
83
78
95
99
92
82
91
80
66
72
63
49
4
-10
-32
-37
-44
-41
-13
-26
-21
-15
-20
-43
-63
-63
-77
-81
-65
-59
-69
-69
-57
-33
-24
-56
-48
-33
-14
1
43
51
38
57
68
57
57
72
108
105
92
106
128
150
120
125
139
138
124
113
63
69
49
30
44
9
6
16
4
4
-20
-33
-16
-29
-21
-34
-45
-34
-58
-87
-127
-130
-131
-115
-123
-113
-114
-130
-135
-130
-122
-131
-96
-87
-82
-83
-91
-78
-48
-45
-35
-41
-51
-15
6
2
4
47
77
83
79
64
72
86
98
93
88
105
104
117
97
84
88
90
84
80
87
86
54
22
21
18
-8
13
-2
-51
-44
-48
-57
-61
-83
-98
-97
-76
-48
-55
-51
-63
-84
-92
-83
-46
-25
-25
-21
-29
-8
8
-1
-20
-2
52
37
31
24
54
73
77
84
85
95
95
81
49
59
74
69
64
69
54
42
22
12
-4
-6
-17
-24
14
12
18
-2
-32
-33
-43
-46
-36
-55
-79
-69
-69
-61
-54
-44
-28
-59
-102
-82
-46
-72
-100
-85
-100
-79
-76
-96
-57
-54
-68
-90
-72
-59
-56
-19
-5
29
31
23
25
37
56
83
123
117
102
103
105
115
118
111
108
87
63
89
80
91
98
111
101
99
95
83
84
57
44
24
20
6
-20
-55
-96
-109
-71
-95
-118
-90
-85
-91
-81
-112
-114
-97
-96
-91
-76
-71
-85
-65
-90
-65
-34
-6
-3
18
35
59
64
51
83
80
85
69
78
92
60
65
84
96
109
107
108
103
76
32
23
1
-2
-4
5
-14
-11
-31
-73
-79
-104
-107
-105
-106
-97
-94
-92
-59
-96
-116
-113
-118
-112
-96
-71
-37
-29
-47
-57
-36
-34
-15
14
-7
17
42
23
6
13
0
9
7
10
17
21
24
31
33
37
20
25
48
33
67
52
43
42
40
63
60
43
57
60
30
33
9
27
45
21
36
40
51
57
62
59
50
68
56
71
38
27
36
37
31
19
50
38
6
5
-1
-12
-30
-38
-20
-35
-11
-2
8
-4
-13
9
-9
1
-8
-3
-9
-24
-16
-7
24
4
-4
6
-3
19
14
7
2
-18
-37
-43
-40
-55
-77
-70
-83
-99
-94
-85
-85
-39
-52
-43
-44
-56
-28
-58
-66
-53
-65
-50
-42
-46
-45
-31
-22
-24
-12
-11
-4
-10
16
21
35
18
13
7
-12
10
28
9
12
23
-8
9
23
54
59
77
70
61
85
81
61
44
51
28
9
6
16
28
17
4
-11
-22
-12
-46
-61
-31
-15
-20
-10
-28
-40
-29
-58
-59
-44
-25
-25
-21
-15
-53
-74
-50
-41
-22
5
26
48
53
39
35
46
42
62
67
52
85
86
71
78
82
89
94
89
105
101
91
89
92
94
82
70
58
41
28
19
16
11
18
26
1
-13
-35
-80
-92
-94
-96
-114
-115
-111
-145
-107
-125
-133
-128
-114
-107
-85
-62
-60
-61
-31
11
-27
-15
4
9
10
9
-3
17
46
62
41
46
72
68
32
11
35
31
33
44
46
35
42
58
50
54
64
52
15
13
-2
17
28
-6
1
-22
-25
-53
-67
-48
-64
-76
-93
-91
-88
-102
-109
-91
-77
-76
-85
-85
-89
-85
-57
-49
-15
-7
-9
-8
-3
-22
3
-5
-1
12
-13
33
7
21
17
18
40
30
27
40
40
36
46
58
73
70
88
88
89
106
101
109
112
137
115
89
112
111
107
95
85
64
64
28
8
3
-25
-31
-27
-39
-31
-26
-26
-32
-35
-36
-28
-33
-47
-44
-21
-44
-85
-76
-112
-100
-98
-72
-61
-78
-48
-19
-9
-14
-19
-10
-5
7
3
12
31
50
30
40
25
15
17
-5
-8
21
15
-9
1
1
0
-28
-12
-12
18
23
24
22
12
29
38
42
34
20
12
5
6
-3
-26
-5
1
-18
11
-29
-30
-10
-42
-54
-53
-67
-83
-76
-87
-94
-70
-54
-57
-57
-65
-57
-39
-31
-16
-4
17
19
15
29
35
40
25
32
23
33
21
26
50
48
29
34
38
28
48
38
60
82
78
111
118
119
106
73
71
29
5
-5
6
10
-38
-57
-53
-29
-24
-32
-29
-41
-80
-56
-57
-71
-67
-51
-42
-52
-63
-61
-69
-74
-61
-58
-55
-34
4
18
-14
-9
25
22
30
25
6
29
40
40
29
46
48
68
50
32
33
8
18
60
58
41
41
40
64
50
14
-3
2
13
13
19
30
8
5
17
8
28
12
22
22
4
24
-19
-24
-32
-37
-38
-11
-9
-17
-19
-24
-39
-65
-36
-10
17
18
-26
-22
-24
-18
-27
-34
-26
-39
-13
7
2
35
44
22
33
26
22
3
-2
8
-19
-14
10
0
-13
-9
-10
-11
-11
7
-8
-16
0
-4
10
10
1
-13
-17
-25
-33
-27
-35
-19
-24
5
2
-17
-25
-15
-14
-13
-9
-6
0
-25
13
-1
-27
-38
0
10
12
9
12
13
-3
4
5
-3
26
11
-13
23
-23
-22
-26
-39
-44
-24
-6
-2
12
-14
-11
-31
-6
-13
-33
-6
-6
5
6
8
34
25
19
16
0
-1
12
28
18
26
18
12
11
-13
-22
-33
-45
-42
-62
-63
-43
-59
-34
-58
-52
-27
-11
-25
-38
-6
24
36
21
8
41
43
27
19
30
50
71
91
85
86
91
125
136
133
161
149
156
100
113
91
42
39
16
7
-20
-2
-33
-36
-22
-16
-32
-25
-13
5
16
40
20
18
20
1
-22
-65
-25
-42
-30
-52
-46
-53
-98
-90
-96
-62
-67
-69
-36
-29
-32
-42
-61
-75
-74
-38
-18
10
35
55
55
70
90
52
47
21
5
1
3
25
21
-21
-39
-42
-55
-31
-36
-42
-44
-64
-108
-102
-89
-113
-107
-100
-84
-50
-34
-41
-32
-23
-9
0
10
54
51
49
46
42
27
16
16
37
54
59
40
27
39
57
57
54
37
42
34
8
6
4
19
27
12
0
-9
-3
30
20
26
2
-1
-15
-26
-17
-16
-25
7
-7
-26
10
-1
-44
-45
-47
-61
-38
-17
-34
-10
3
2
28
35
56
58
59
80
72
66
47
42
65
74
61
40
37
52
65
64
36
64
77
53
32
16
31
-13
-30
1
-26
-6
-29
-65
-53
-32
-57
-64
-50
-64
-69
-80
-66
-42
-42
-30
-13
-39
-52
-39
-49
-47
-34
-65
-90
-91
-90
-111
-90
-72
-52
-60
-50
-41
-102
-79
-64
-28
-3
2
37
36
10
26
24
42
63
88
90
61
82
72
75
105
125
114
102
101
118
134
94
88
131
111
116
146
126
152
141
129
147
92
44
29
7
4
-14
-36
-45
-67
-102
-93
-133
-172
-129
-153
-169
-169
-198
-217
-217
-180
-180
-184
-162
-130
-100
-105
-93
-83
-68
-47
-37
-34
3
30
41
42
36
54
37
46
29
53
76
88
111
112
146
141
102
87
49
34
-21
-34
-23
-20
8
-5
53
64
76
87
91
38
57
72
34
8
13
57
22
59
58
47
33
29
39
7
-8
-12
-25
-50
-19
-9
-13
12
0
14
5
-25
-37
-26
-23
-46
-56
-64
-65
-50
-42
-39
7
27
17
2
-49
-77
-93
-110
-147
-129
-97
-110
-59
-43
-32
5
8
-6
7
10
1
-8
17
7
-3
35
42
65
82
88
54
48
41
45
-5
-9
38
36
35
32
32
36
63
37
8
-10
-1
21
23
-11
-19
22
50
63
24
1
33
8
11
27
11
64
79
58
54
9
14
43
17
-8
4
30
20
9
-13
-40
-39
-59
-74
-27
-67
-87
-91
-79
-59
-50
-18
-1
24
1
3
-18
2
10
-21
-6
-4
-15
-22
10
20
-8
26
33
61
91
99
70
37
8
3
-14
-57
-40
-21
5
19
34
37
28
3
-11
-7
-41
-66
-39
-30
-12
5
-24
-12
-19
-46
-48
-47
-28
-54
-25
-14
-25
18
12
-41
-54
-46
-73
-73
-98
-69
-16
-21
-6
-17
-28
-27
-48
-31
-15
-29
-41
-51
-56
-38
-18
-14
-13
2
17
-4
-5
-6
-18
-18
3
13
11
45
65
71
62
54
84
131
113
91
109
58
49
76
55
45
18
59
81
55
55
63
46
2
24
45
74
88
60
66
85
70
42
15
-6
-13
-22
-27
-38
-41
-39
-18
36
15
-13
0
5
22
-4
-7
-20
-58
-79
-14
-18
-17
5
30
21
13
5
-11
-4
-37
-45
-12
-27
-49
-36
-54
-24
-15
-20
6
-14
-29
-2
-27
-35
-37
-63
-42
-57
-56
-57
-63
-92
-73
-61
-34
-63
-74
-61
-79
-75
-106
-62
-67
-33
2
-15
-28
-27
-35
-55
-58
-53
-20
20
14
1
23
19
41
86
65
52
73
41
31
23
40
83
75
64
78
84
124
124
94
96
101
78
18
11
15
6
-22
1
9
-19
-2
1
23
40
26
8
-1
-12
-48
-50
-78
-83
-65
-48
-30
5
23
14
39
40
30
-2
19
7
-26
-36
-28
-27
-43
-22
-29
-12
28
62
69
25
20
-2
-27
2
-5
-41
-46
-18
-29
-35
-2
-19
-20
2
37
23
8
6
-1
-9
0
-14
-24
7
12
18
36
58
72
44
10
33
32
38
53
32
6
0
-12
0
11
31
97
109
85
59
46
10
-15
0
28
59
33
-22
-41
-13
-10
-34
-12
-14
-41
-55
-65
-65
-71
-46
-20
19
11
17
22
5
-18
-14
5
-10
-55
-84
-74
-88
-94
-95
-96
-54
-19
-9
-19
-16
-31
-77
-101
-118
-121
-134
-126
-102
-77
-65
-33
-26
-25
-28
-32
-37
-46
-32
-27
-9
-4
-11
-26
-23
2
25
48
24
5
12
-3
18
33
71
86
58
103
116
117
150
169
163
180
171
134
139
112
113
137
133
137
134
103
99
83
52
32
39
0
-54
-112
-137
-89
-91
-55
5
20
40
53
75
111
97
108
106
58
15
-35
-78
-103
-95
-146
-217
-235
-236
-290
-320
-337
-393
-439
-416
-389
-396
-318
-232
-145
-44
54
133
184
244
255
300
335
342
354
354
392
390
396
391
377
378
362
355
323
291
240
196
143
113
90
29
4
-4
-15
-31
-88
-155
-166
-175
-202
-262
-295
-316
-292
-283
-293
-272
-248
-218
-194
-176
-179
-220
-211
-220
-256
-218
-211
-206
-162
-129
-80
-45
-31
-20
-13
24
56
40
45
41
57
40
82
77
42
38
44
21
29
38
-15
-4
-17
-49
-51
-54
-85
-78
-61
-40
-13
-21
-15
6
23
67
82
71
77
83
140
217
274
338
374
429
524
615
675
718
751
763
752
678
581
449
319
191
10
-186
-395
-606
-796
-979
-1109
-1232
-1348
-1387
-1395
-1364
-1289
-1193
-1050
-906
-734
-526
-364
-195
-23
128
262
387
511
581
637
712
806
885
929
957
1034
1120
1149
1187
1167
1105
1052
991
894
796
699
582
487
364
215
57
-101
-207
-325
-472
-603
-649
-686
-755
-772
-801
-812
-789
-782
-744
-701
-692
-674
-619
-570
-507
-446
-409
-351
-261
-178
-81
25
137
191
277
386
397
423
417
379
437
409
333
247
205
170
104
64
10
-31
-85
-69
-79
-76
-57
-24
43
126
209
258
371
488
563
601
573
547
478
406
277
127
-33
-228
-423
-613
-807
-990
-1123
-1203
-1269
-1247
-1206
-1163
-1070
-965
-781
-610
-465
-241
-70
71
206
392
475
500
571
626
661
687
728
746
734
737
782
783
761
740
749
761
748
746
670
600
550
435
353
275
184
83
-18
-88
-158
-253
-349
-413
-451
-479
-470
-519
-503
-496
-484
-461
-458
-434
-428
-394
-375
-373
-390
-360
-351
-341
-275
-206
-134
-72
66
146
254
396
481
606
720
817
912
975
993
1008
1036
1035
1027
940
803
647
409
197
-22
-332
-629
-943
-1245
-1495
-1752
-1939
-2085
-2208
-2258
-2228
-2130
-1994
-1822
-1601
-1372
-1099
-770
-459
-144
132
390
627
859
1062
1201
1300
1393
1499
1571
1604
1622
1629
1677
1688
1706
1697
1651
1562
1460
1395
1292
1134
920
730
514
234
-30
-252
-473
-691
-856
-1008
-1105
-1135
-1130
-1063
-949
-826
-640
-483
-316
-96
98
284
422
580
722
776
786
755
661
506
325
116
-141
-394
-691
-943
-1185
-1373
-1575
-1756
-1859
-1923
-1899
-1893
-1856
-1767
-1591
-1420
-1243
-1081
-917
-735
-576
-344
-208
-46
114
270
452
623
820
1026
1214
1371
1529
1644
1742
1847
1910
1930
1933
1896
1768
1660
1472
1270
1099
866
711
532
359
187
79
-15
-83
-102
-127
-77
-47
-34
-16
44
67
83
36
-58
-186
-388
-612
-831
-1036
-1301
-1583
-1843
-2009
-2181
-2329
-2366
-2387
-2342
-2162
-1941
-1709
-1437
-1103
-774
-410
-15
307
604
812
1017
1197
1346
1453
1509
1587
1633
1662
1708
1730
1708
1725
1732
1679
1637
1604
1516
1464
1363
1187
982
768
528
261
23
-226
-472
-664
-814
-945
-1020
-1090
-1068
-983
-829
-695
-501
-275
-88
100
259
408
503
522
455
360
207
12
-201
-456
-768
-1080
-1345
-1604
-1853
-2019
-2126
-2213
-2219
-2078
-1909
-1772
-1545
-1258
-956
-644
-328
-71
160
352
497
649
767
867
925
1040
1125
1212
1310
1395
1496
1571
1647
1737
1746
1711
1713
1655
1573
1430
1262
1074
858
653
454
290
103
-36
-133
-204
-204
-186
-171
-80
22
104
223
256
219
187
87
-94
-310
-524
-836
-1232
-1570
-1874
-2170
-2429
-2607
-2775
-2857
-2793
-2638
-2431
-2212
-1883
-1525
-1153
-734
-307
56
339
644
934
1157
1320
1477
1583
1652
1758
1818
1845
1920
1933
1936
1916
1890
1857
1786
1738
1630
1462
1269
1093
882
703
532
347
202
93
35
27
54
105
159
241
353
424
476
574
557
465
341
150
-127
-433
-716
-1131
-1592
-2003
-2316
-2612
-2876
-3042
-3183
-3245
-3129
-2961
-2760
-2480
-2164
-1813
-1436
-1045
-701
-383
-120
118
383
593
803
959
1138
1277
1423
1608
1690
1782
1906
2000
2066
2113
2050
1967
1941
1816
1665
1480
1323
1155
1001
853
726
641
558
635
669
822
941
1035
1165
1259
1348
1314
1277
1086
806
498
90
-373
-847
-1382
-1932
-2425
-2864
-3280
-3580
-3759
-3896
-3899
-3744
-3505
-3164
-2828
-2407
-1925
-1491
-1045
-618
-227
138
454
741
985
1187
1383
1550
1671
1769
1920
2053
2132
2253
2362
2410
2450
2421
2329
2197
1974
1728
1416
1075
753
416
137
-77
-247
-327
-302
-187
-33
180
432
660
848
1028
1233
1326
1236
1071
815
471
38
-375
-904
-1521
-2028
-2490
-2913
-3267
-3488
-3629
-3633
-3519
-3309
-3036
-2707
-2329
-1888
-1434
-1024
-619
-271
40
258
474
660
812
976
1151
1272
1420
1594
1742
1881
2035
2186
2244
2335
2292
2176
2046
1875
1656
1360
1088
803
537
333
168
38
23
36
175
362
529
748
955
1172
1349
1493
1451
1318
1103
763
340
-135
-651
-1277
-1826
-2354
-2838
-3260
-3565
-3756
-3841
-3799
-3620
-3327
-3031
-2636
-2225
-1797
-1343
-904
-484
-143
166
454
731
951
1141
1353
1540
1713
1883
2079
2197
2335
2503
2613
2685
2665
2557
2397
2221
1936
1614
1263
937
588
275
43
-129
-229
-240
-144
-1
207
435
671
908
1132
1269
1234
1125
917
614
206
-260
-734
-1328
-1891
-2410
-2867
-3284
-3596
-3789
-3895
-3824
-3670
-3374
-3041
-2595
-2146
-1673
-1197
-751
-354
-14
307
520
743
881
983
1094
1223
1334
1486
1630
1767
1940
2053
2182
2274
2303
2267
2174
2057
1831
1596
1322
998
668
409
236
101
51
33
139
310
550
816
1064
1336
1566
1717
1730
1593
1379
1076
620
129
-416
-1084
-1711
-2267
-2762
-3215
-3595
-3814
-3932
-3892
-3715
-3431
-3067
-2680
-2216
-1740
-1261
-823
-416
-85
188
407
551
697
803
908
993
1114
1240
1393
1544
1718
1893
2025
2160
2223
2246
2222
2156
2021
1856
1608
1338
1094
849
632
477
426
439
483
592
760
903
1023
1176
1264
1213
1069
860
531
74
-411
-947
-1539
-2148
-2719
-3186
-3609
-3915
-4090
-4170
-4086
-3891
-3524
-3081
-2592
-2032
-1467
-893
-348
151
553
921
1190
1399
1580
1728
1846
1919
2035
2074
2108
2150
2174
2170
2218
2223
2158
2055
1941
1778
1555
1361
1087
777
504
313
96
-63
-83
-113
-56
98
264
416
625
836
974
1084
1030
879
593
240
-169
-665
-1214
-1788
-2306
-2784
-3252
-3622
-3848
-3966
-3965
-3816
-3526
-3166
-2737
-2241
-1733
-1161
-611
-86
383
780
1110
1381
1631
1779
1935
2019
2104
2177
2197
2244
2251
2252
2285
2302
2230
2164
2062
1884
1670
1449
1197
896
675
491
285
118
60
29
81
224
318
409
538
676
798
816
773
599
319
7
-409
-894
-1481
-2048
-2616
-3159
-3632
-4000
-4266
-4477
-4465
-4309
-4011
-3618
-3095
-2510
-1905
-1257
-642
-48
448
921
1314
1667
1985
2190
2390
2543
2680
2784
2835
2896
2950
2951
2938
2876
2766
2622
2457
2277
2027
1758
1444
1176
918
676
433
240
114
48
31
74
156
176
276
371
411
354
242
40
-248
-578
-988
-1418
-1934
-2443
-2930
-3363
-3759
-4057
-4266
-4370
-4311
-4153
-3843
-3464
-2967
-2433
-1864
-1275
-704
-69
459
988
1429
1790
2136
2357
2560
2734
2884
2941
2967
2990
2997
2945
2876
2813
2630
2457
2260
2009
1791
1537
1309
1081
881
664
459
356
272
229
224
220
203
226
225
206
104
-62
-275
-602
-912
-1285
-1688
-2136
-2595
-2996
-3387
-3687
-3932
-4142
-4217
-4162
-4008
-3708
-3348
-2886
-2372
-1825
-1186
-598
28
577
1052
1480
1873
2203
2470
2696
2875
3022
3059
3111
3130
3078
3001
2909
2772
2561
2332
2142
1889
1619
1389
1168
985
825
713
581
517
529
541
553
616
631
636
605
558
420
171
-98
-488
-875
-1339
-1809
-2309
-2813
-3280
-3703
-4010
-4265
-4377
-4465
-4379
-4167
-3835
-3407
-2980
-2451
-1894
-1269
-717
-140
420
916
1356
1753
2095
2357
2627
2802
2993
3121
3201
3237
3227
3198
3076
2950
2749
2498
2249
2019
1762
1490
1265
1010
817
674
547
465
486
505
552
638
663
656
637
569
407
141
-201
-623
-1092
-1551
-2107
-2683
-3219
-3706
-4116
-4406
-4627
-4778
-4740
-4580
-4311
-3914
-3418
-2911
-2329
-1733
-1114
-509
67
638
1126
1573
1980
2340
2608
2887
3086
3293
3467
3525
3588
3577
3497
3381
3233
2994
2716
2422
2051
1748
1461
1144
833
613
500
348
300
320
380
466
625
745
772
844
803
677
422
71
-414
-945
-1485
-2090
-2702
-3333
-3877
-4303
-4638
-4878
-4992
-4980
-4795
-4497
-4107
-3574
-3028
-2409
-1751
-1133
-517
97
646
1080
1519
1888
2227
2517
2760
2991
3179
3366
3470
3586
3621
3563
3509
3370
3175
2917
2614
2231
1818
1487
1109
730
422
215
42
12
78
132
273
476
666
773
918
966
855
648
356
-104
-621
-1190
-1835
-2524
-3228
-3843
-4395
-4808
-5086
-5232
-5211
-5073
-4744
-4233
-3661
-3042
-2352
-1637
-968
-331
320
876
1362
1817
2152
2436
2763
3018
3202
3393
3567
3667
3753
3808
3788
3725
3630
3431
3142
2798
2375
1951
1472
1034
599
245
-58
-268
-365
-393
-331
-214
-36
136
355
475
603
597
436
196
-201
-615
-1143
-1701
-2386
-3068
-3679
-4233
-4650
-4979
-5184
-5257
-5100
-4830
-4354
-3802
-3249
-2586
-1923
-1205
-559
105
686
1216
1692
2107
2461
2725
3009
3238
3444
3614
3784
3907
3967
3969
3938
3865
3647
3420
3108
2679
2283
1866
1426
968
595
205
-58
-202
-298
-320
-259
-138
-91
78
149
162
146
5
-277
-654
-1030
-1537
-2074
-2697
-3275
-3849
-4332
-4676
-4981
-5089
-5108
-4894
-4606
-4132
-3587
-2993
-2290
-1620
-879
-237
444
998
1527
1957
2339
2706
2995
3280
3442
3672
3847
4007
4104
4170
4143
4082
3986
3757
3495
3143
2839
2378
1938
1528
1077
689
362
93
-159
-205
-262
-318
-316
-248
-253
-254
-250
-471
-682
-1017
-1454
-1949
-2419
-3012
-3642
-4135
-4632
-5036
-5350
-5451
-5497
-5357
-5047
-4649
-4101
-3502
-2817
-2140
-1391
-709
-1
635
1191
1711
2135
2574
2900
3228
3526
3819
4024
4231
4397
4522
4626
4608
4525
4375
4233
3913
3580
3250
2783
2314
1900
1481
1018
714
483
244
105
56
28
-18
-11
-70
-185
-392
-669
-1048
-1475
-1953
-2523
-3079
-3736
-4331
-4878
-5297
-5670
-5858
-5901
-5814
-5486
-5054
-4471
-3868
-3089
-2349
-1625
-856
-161
481
1076
1592
2016
2398
2703
3004
3265
3541
3768
3979
4176
4316
4441
4486
4491
4420
4289
4095
3848
3535
3132
2694
2238
1816
1405
1051
739
479
365
272
192
176
149
84
47
-124
-412
-782
-1222
-1762
-2334
-2960
-3687
-4329
-4918
-5418
-5826
-6049
-6135
-6040
-5725
-5269
-4716
-4074
-3322
-2551
-1772
-1020
-289
386
982
1499
1900
2271
2554
2817
3073
3288
3489
3654
3793
3944
4076
4131
4223
4218
4145
4046
3876
3624
3305
2997
2619
2221
1852
1537
1203
984
826
676
630
565
527
462
405
206
-62
-441
-952
-1492
-2093
-2763
-3536
-4206
-4886
-5480
-5933
-6252
-6416
-6414
-6149
-5791
-5227
-4566
-3800
-2927
-2051
-1153
-345
425
1080
1648
2121
2565
2887
3149
3372
3531
3714
3795
3913
3970
4060
4126
4168
4174
4132
4091
3952
3763
3494
3257
2897
2540
2174
1799
1479
1197
1011
804
732
608
498
422
274
34
-252
-629
-1152
-1644
-2245
-2933
-3711
-4419
-5074
-5695
-6156
-6488
-6703
-6698
-6466
-6134
-5569
-4878
-4056
-3162
-2253
-1284
-411
425
1170
1827
2390
2882
3268
3566
3829
4018
4162
4256
4331
4356
4355
4325
4310
4243
4173
4111
3921
3733
3511
3219
2885
2555
2237
1898
1571
1305
1058
838
691
516
370
265
90
-167
-476
-885
-1381
-1896
-2475
-3173
-3874
-4561
-5226
-5816
-6260
-6624
-6835
-6827
-6668
-6334
-5790
-5114
-4315
-3426
-2473
-1504
-544
337
1155
1867
2534
3095
3515
3912
4183
4397
4508
4596
4638
4635
4612
4565
4532
4424
4268
4093
3931
3714
3464
3219
2892
2524
2175
1861
1565
1341
1082
881
743
580
445
296
154
-140
-486
-914
-1407
-1947
-2512
-3161
-3860
-4527
-5186
-5741
-6208
-6587
-6828
-6850
-6711
-6421
-5942
-5322
-4550
-3711
-2770
-1837
-932
-26
797
1546
2209
2812
3310
3733
4050
4295
4481
4569
4642
4699
4699
4651
4578
4485
4363
4208
4016
3795
3570
3335
3039
2764
2492
2213
1966
1740
1516
1270
1077
868
656
478
162
-217
-640
-1128
-1673
-2261
-2881
-3542
-4167
-4788
-5356
-5829
-6196
-6482
-6623
-6578
-6407
-6035
-5534
-4906
-4189
-3380
-2544
-1688
-781
18
794
1519
2157
2706
3209
3655
3971
4253
4450
4582
4662
4688
4644
4591
4499
4323
4197
4005
3799
3573
3335
3022
2724
2512
2210
1963
1746
1550
1337
1204
1046
842
685
465
133
-238
-716
-1252
-1814
-2418
-3077
-3749
-4398
-5058
-5580
-6039
-6355
-6561
-6611
-6503
-6269
-5853
-5325
-4655
-3909
-3088
-2275
-1414
-615
184
906
1531
2121
2628
3096
3446
3757
4034
4232
4354
4503
4542
4515
4524
4502
4374
4224
4106
3911
3701
3482
3184
2922
2689
2411
2183
2018
1803
1634
1474
1290
1123
923
609
213
-215
-728
-1253
-1810
-2453
-3165
-3840
-4430
-5038
-5553
-5972
-6295
-6518
-6542
-6404
-6125
-5668
-5118
-4433
-3695
-2878
-2059
-1221
-430
260
958
1565
2122
2562
2999
3365
3647
3872
4024
4172
4214
4288
4291
4261
4206
4132
4013
3804
3683
3512
3312
3102
2964
2709
2455
2322
2054
1859
1683
1504
1269
1064
783
367
26
-499
-1049
-1617
-2196
-2913
-3563
-4108
-4768
-5274
-5715
-6029
-6291
-6331
-6260
-6078
-5678
-5229
-4613
-3910
-3102
-2371
-1533
-728
-5
719
1308
1943
2411
2859
3212
3494
3740
3881
4031
4044
4105
4092
4083
3951
3844
3743
3597
3500
3293
3144
2925
2807
2585
2413
2309
2119
1978
1818
1722
1492
1345
1120
768
398
-74
-623
-1262
-1855
-2618
-3336
-3975
-4624
-5164
-5633
-5958
-6268
-6319
-6250
-6085
-5713
-5284
-4700
-4047
-3253
-2516
-1704
-907
-177
519
1153
1785
2253
2749
3128
3452
3663
3829
3960
4060
4136
4086
4078
3961
3889
3719
3541
3370
3123
2942
2695
2528
2254
2110
1989
1858
1720
1641
1571
1329
1270
1014
694
320
-106
-671
-1245
-1805
-2598
-3252
-3906
-4522
-5108
-5502
-5896
-6200
-6171
-6140
-5932
-5542
-4974
-4449
-3737
-2941
-2232
-1402
-631
168
771
1438
2015
2519
3002
3396
3650
3840
4110
4199
4282
4327
4323
4271
4145
4084
3848
3661
3453
3223
2931
2676
2454
2119
1983
1783
1586
1395
1312
1182
1023
946
695
364
2
-408
-944
-1509
-2125
-2912
-3579
-4218
-4862
-5450
-5866
-6223
-6487
-6441
-6321
-6060
-5625
-5066
-4459
-3706
-2947
-2144
-1333
-546
243
941
1606
2177
2692
3203
3571
3880
4114
4313
4463
4555
4634
4644
4601
4522
4447
4244
4028
3773
3481
3189
2922
2657
2311
2107
1871
1612
1443
1277
1051
880
759
416
110
-254
-733
-1273
-1781
-2420
-3200
-3786
-4469
-5090
-5608
-6025
-6388
-6602
-6563
-6511
-6235
-5810
-5277
-4676
-3871
-3080
-2318
-1385
-523
244
962
1721
2266
2824
3380
3739
4094
4345
4608
4715
4852
4890
4882
4796
4672
4587
4332
4167
3917
3664
3397
3178
2899
2556
2389
2101
1844
1665
1460
1157
963
733
274
-116
-581
-1140
-1766
-2320
-3074
-3842
-4423
-5060
-5636
-6080
-6433
-6780
-6839
-6782
-6578
-6205
-5701
-5129
-4483
-3630
-2867
-2042
-1154
-348
445
1194
1869
2428
3042
3563
3958
4305
4644
4889
5054
5256
5303
5303
5256
5160
4916
4718
4512
4171
3867
3573
3290
2957
2716
2427
2165
1973
1718
1494
1268
1042
641
216
-263
-841
-1421
-2057
-2777
-3566
-4215
-4881
-5524
-6025
-6448
-6817
-6996
-6988
-6894
-6587
-6205
-5659
-5040
-4294
-3501
-2748
-1908
-1075
-333
381
1114
1748
2386
2998
3455
3854
4230
4564
4762
4973
5118
5149
5142
5050
4918
4690
4484
4217
3893
3608
3337
3014
2763
2621
2430
2267
2129
1927
1769
1656
1387
1005
630
98
-563
-1182
-1878
-2712
-3515
-4257
-5045
-5723
-6200
-6659
-7002
-7080
-7044
-6909
-6538
-6081
-5542
-4830
-4119
-3393
-2623
-1809
-1092
-340
394
1050
1714
2370
2946
3435
3929
4350
4725
5032
5285
5458
5540
5563
5461
5298
5085
4828
4476
4099
3737
3362
3015
2760
2502
2288
2174
1977
1832
1684
1483
1168
832
375
-224
-877
-1588
-2383
-3251
-4018
-4825
-5551
-6148
-6646
-7038
-7212
-7239
-7155
-6856
-6428
-5924
-5306
-4567
-3824
-3076
-2262
-1518
-827
-107
581
1182
1787
2397
2900
3420
3915
4357
4742
5152
5365
5498
5621
5637
5515
5331
5117
4782
4478
4108
3703
3314
2987
2703
2413
2247
2065
1887
1760
1632
1349
984
630
86
-518
-1173
-1928
-2769
-3488
-4277
-5040
-5669
-6238
-6723
-7022
-7067
-7079
-6847
-6465
-6010
-5427
-4733
-4007
-3306
-2548
-1837
-1155
-525
134
734
1288
1900
2343
2827
3273
3762
4189
4578
4938
5224
5436
5530
5597
5461
5356
5136
4839
4499
4124
3774
3398
3130
2822
2575
2369
2168
1952
1788
1567
1134
745
242
-352
-1028
-1744
-2600
-3454
-4202
-4985
-5708
-6261
-6723
-7087
-7166
-7146
-6977
-6633
-6164
-5628
-4960
-4202
-3540
-2800
-2068
-1378
-781
-154
438
952
1521
2012
2470
2907
3434
3835
4249
4593
4889
5142
5287
5350
5320
5314
5126
4940
4670
4387
4093
3744
3453
3169
2969
2774
2648
2460
2284
2111
1755
1410
905
314
-395
-1100
-1928
-2882
-3700
-4546
-5277
-5968
-6462
-6906
-7146
-7145
-7053
-6743
-6312
-5750
-5143
-4398
-3681
-2995
-2285
-1626
-1006
-444
136
613
1122
1585
1928
2350
2741
3169
3535
3938
4220
4464
4715
4836
4925
4912
4891
4733
4549
4332
4064
3798
3545
3349
3146
3012
2875
2771
2639
2481
2246
1869
1461
868
208
-507
-1288
-2203
-3092
-3904
-4755
-5480
-6105
-6613
-7009
-7109
-7079
-6947
-6539
-6058
-5470
-4782
-4019
-3332
-2610
-1875
-1255
-633
-64
480
915
1377
1789
2116
2487
2846
3187
3501
3811
4020
4258
4455
4537
4585
4577
4518
4360
4252
4059
3824
3622
3428
3283
3123
3019
2909
2842
2708
2508
2211
1833
1346
748
64
-719
-1564
-2490
-3356
-4212
-4996
-5687
-6246
-6674
-6913
-6985
-6935
-6668
-6253
-5737
-5108
-4347
-3646
-2933
-2137
-1457
-809
-175
397
871
1364
1795
2093
2459
2777
3068
3330
3640
3806
3930
4085
4166
4162
4111
4080
3885
3779
3642
3465
3312
3211
3097
2955
2991
2925
2834
2781
2643
2367
2008
1591
1001
324
-387
-1221
-2120
-2965
-3827
-4632
-5326
-5949
-6443
-6740
-6859
-6874
-6708
-6336
-5865
-5318
-4668
-3961
-3268
-2528
-1807
-1114
-458
155
723
1268
1796
2222
2561
2922
3241
3470
3746
3949
4027
4088
4153
4099
3947
3838
3674
3485
3343
3209
3020
2938
2891
2797
2801
2857
2817
2740
2759
2555
2199
1833
1309
643
-25
-772
-1725
-2552
-3328
-4173
-4931
-5497
-6027
-6445
-6558
-6613
-6505
-6184
-5739
-5288
-4697
-4012
-3423
-2723
-2005
-1327
-743
-81
487
1029
1592
2073
2471
2846
3266
3501
3764
3965
4056
4081
4120
4055
3856
3709
3476
3243
3023
2878
2663
2532
2513
2459
2500
2568
2630
2601
2589
2520
2253
1906
1468
875
145
-603
-1498
-2394
-3207
-4040
-4776
-5390
-5892
-6335
-6509
-6513
-6474
-6251
-5876
-5458
-4975
-4290
-3685
-3069
-2355
-1718
-1098
-490
130
668
1279
1860
2320
2785
3254
3656
3955
4252
4381
4439
4407
4341
4184
3951
3685
3359
3035
2751
2542
2303
2194
2187
2197
2265
2365
2410
2412
2461
2338
2067
1715
1187
538
-133
-931
-1872
-2705
-3506
-4281
-4919
-5471
-5916
-6216
-6260
-6247
-6071
-5749
-5347
-4853
-4315
-3730
-3174
-2543
-1948
-1369
-780
-185
346
872
1483
1936
2407
2862
3306
3675
3987
4178
4251
4333
4261
4132
3870
3645
3311
2976
2713
2436
2221
2098
2075
2058
2124
2227
2295
2363
2451
2381
2163
1919
1471
866
220
-517
-1436
-2289
-3060
-3849
-4510
-5044
-5518
-5880
-6014
-6016
-5934
-5679
-5313
-4903
-4429
-3868
-3373
-2826
-2278
-1785
-1272
-691
-124
338
895
1413
1892
2351
2792
3219
3550
3900
4084
4156
4151
4148
3951
3701
3485
3124
2800
2557
2316
2041
1992
2011
2008
2143
2308
2358
2452
2501
2352
2093
1726
1180
517
-179
-984
-1915
-2680
-3414
-4176
-4760
-5206
-5579
-5773
-5729
-5676
-5504
-5164
-4779
-4358
-3846
-3347
-2897
-2396
-1906
-1445
-951
-467
0
548
1063
1509
1994
2496
2955
3356
3729
3967
4088
4152
4123
4020
3800
3575
3231
2864
2555
2274
2005
1807
1763
1751
1772
1882
1955
2033
2136
2031
1803
1560
1093
497
-109
-854
-1726
-2518
-3237
-3974
-4582
-5029
-5420
-5680
-5641
-5573
-5434
-5073
-4689
-4270
-3723
-3175
-2750
-2208
-1682
-1289
-860
-353
63
470
983
1439
1864
2334
2787
3179
3553
3850
4040
4153
4190
4120
3941
3737
3458
3076
2773
2506
2237
1991
1928
1885
1825
1898
1950
1974
1996
2022
1788
1533
1178
622
26
-661
-1449
-2340
-3024
-3709
-4375
-4862
-5248
-5549
-5677
-5547
-5451
-5165
-4755
-4319
-3862
-3316
-2785
-2343
-1785
-1320
-842
-406
15
431
863
1319
1635
2053
2421
2784
3116
3438
3674
3774
3892
3864
3795
3615
3451
3144
2842
2611
2353
2149
1940
1917
1822
1828
1866
1846
1846
1883
1777
1481
1204
741
171
-439
-1085
-1899
-2625
-3281
-3934
-4471
-4939
-5331
-5564
-5538
-5471
-5304
-4940
-4548
-4132
-3613
-3075
-2612
-2099
-1578
-1133
-652
-194
264
730
1196
1584
1940
2333
2699
3034
3312
3593
3772
3901
3906
3870
3745
3504
3283
3030
2773
2516
2316
2110
1973
1901
1814
1818
1846
1838
1794
1760
1564
1244
873
348
-229
-866
-1576
-2360
-3002
-3625
-4207
-4652
-5029
-5304
-5403
-5332
-5234
-4978
-4620
-4206
-3768
-3231
-2732
-2254
-1688
-1228
-778
-316
146
576
1021
1479
1837
2206
2562
2896
3203
3451
3597
3699
3739
3700
3613
3401
3231
2980
2714
2441
2207
2020
1838
1776
1713
1708
1739
1712
1629
1615
1540
1264
944
556
24
-559
-1150
-1878
-2590
-3140
-3687
-4202
-4567
-4876
-5119
-5127
-5039
-4921
-4654
-4302
-3921
-3472
-2922
-2468
-1978
-1431
-967
-520
-51
390
814
1246
1659
2010
2357
2711
2997
3256
3469
3615
3651
3604
3536
3394
3180
2949
2731
2483
2247
2063
1853
1704
1659
1611
1541
1582
1544
1458
1466
1283
1005
719
315
-255
-813
-1371
-2113
-2734
-3256
-3794
-4254
-4496
-4786
-4974
-4911
-4844
-4695
-4403
-4035
-3744
-3297
-2764
-2349
-1873
-1374
-911
-448
54
466
914
1408
1804
2157
2504
2865
3115
3402
3547
3640
3682
3612
3532
3337
3150
2915
2683
2430
2240
2095
1910
1815
1750
1717
1640
1640
1578
1474
1369
1129
778
422
-49
-623
-1168
-1770
-2424
-3003
-3472
-3983
-4363
-4623
-4878
-4991
-4899
-4795
-4628
-4259
-3930
-3572
-3149
-2703
-2262
-1798
-1300
-868
-377
154
637
1072
1574
2014
2365
2793
3118
3449
3696
3845
3924
3905
3804
3657
3486
3194
2941
2656
2397
2191
1974
1822
1706
1708
1649
1618
1630
1547
1451
1294
1002
613
226
-309
-903
-1472
-2103
-2761
-3324
-3803
-4261
-4583
-4782
-4937
-4963
-4856
-4692
-4426
-4085
-3729
-3373
-2916
-2450
-2023
-1535
-1094
-657
-203
294
741
1171
1647
2047
2420
2809
3116
3392
3628
3739
3799
3761
3651
3504
3296
3039
2778
2510
2245
2049
1866
1697
1572
1529
1503
1499
1513
1443
1382
1233
967
659
236
-277
-860
-1427
-2062
-2749
-3332
-3836
-4275
-4617
-4818
-5018
-5050
-4956
-4795
-4540
-4199
-3795
-3378
-2835
-2347
-1869
-1327
-842
-390
57
510
954
1412
1834
2247
2592
2926
3235
3463
3692
3813
3891
3883
3786
3624
3411
3160
2889
2622
2313
2057
1847
1690
1529
1439
1330
1278
1267
1168
1119
986
742
387
25
-434
-953
-1459
-2078
-2678
-3241
-3708
-4176
-4496
-4753
-4990
-5047
-4990
-4806
-4576
-4201
-3813
-3371
-2876
-2348
-1818
-1309
-783
-319
222
676
1125
1598
1992
2381
2698
3032
3257
3466
3620
3689
3716
3696
3605
3441
3299
3040
2819
2543
2296
2086
1870
1707
1517
1414
1319
1244
1202
1109
999
862
639
345
-4
-404
-875
-1355
-1919
-2488
-2993
-3464
-3917
-4270
-4547
-4789
-4891
-4862
-4775
-4576
-4255
-3922
-3519
-3031
-2489
-1975
-1422
-882
-361
148
649
1127
1556
2000
2376
2715
3014
3265
3480
3659
3766
3768
3743
3628
3504
3289
3058
2793
2529
2291
2049
1825
1619
1466
1335
1230
1140
1039
916
784
630
405
136
-209
-617
-1039
-1483
-2035
-2617
-3103
-3521
-3922
-4246
-4530
-4817
-4936
-4924
-4844
-4614
-4292
-3951
-3499
-3005
-2522
-1969
-1397
-840
-289
282
826
1340
1887
2339
2726
3071
3393
3606
3807
3970
3973
3962
3874
3733
3540
3342
3074
2819
2536
2244
1993
1768
1587
1401
1292
1184
1091
971
842
751
600
365
84
-240
-636
-1092
-1535
-2117
-2658
-3139
-3618
-4050
-4439
-4714
-5013
-5094
-5087
-5034
-4815
-4548
-4185
-3747
-3179
-2688
-2132
-1525
-960
-408
153
740
1239
1841
2373
2829
3223
3568
3869
4057
4259
4290
4295
4219
4061
3871
3620
3339
2988
2693
2350
2069
1801
1573
1395
1264
1171
1074
1029
930
864
786
586
336
50
-314
-787
-1250
-1834
-2455
-3021
-3548
-4082
-4485
-4786
-5110
-5304
-5324
-5260
-5101
-4803
-4455
-4041
-3506
-2953
-2384
-1765
-1187
-614
-13
575
1136
1688
2246
2715
3160
3508
3800
4054
4200
4284
4297
4241
4039
3851
3624
3299
2931
2611
2270
1919
1671
1392
1161
1017
901
802
787
710
605
642
500
301
67
-236
-660
-1089
-1540
-2199
-2769
-3283
-3791
-4277
-4610
-4917
-5180
-5217
-5246
-5100
-4870
-4520
-4141
-3615
-3064
-2539
-1841
-1227
-603
-39
628
1206
1755
2370
2812
3270
3641
3965
4177
4378
4457
4422
4343
4153
3965
3661
3352
2984
2665
2245
1866
1592
1303
1066
881
818
710
702
672
636
688
642
511
343
131
-245
-644
-1064
-1715
-2309
-2848
-3466
-4029
-4449
-4833
-5158
-5250
-5316
-5298
-5049
-4716
-4360
-3854
-3269
-2728
-2112
-1449
-848
-246
379
979
1571
2188
2720
3157
3586
3895
4140
4343
4437
4442
4403
4238
3964
3689
3334
2936
2524
2135
1710
1369
1159
897
748
681
585
568
636
661
703
737
605
428
231
-98
-527
-972
-1523
-2230
-2821
-3407
-3976
-4460
-4850
-5212
-5441
-5458
-5466
-5287
-5008
-4639
-4183
-3645
-3061
-2473
-1778
-1157
-540
88
769
1472
2110
2732
3241
3742
4136
4429
4687
4796
4813
4765
4599
4293
3982
3585
3144
2722
2293
1845
1464
1209
960
811
737
731
739
809
885
877
970
941
801
589
276
-158
-676
-1240
-1944
-2621
-3281
-3906
-4461
-4882
-5231
-5517
-5619
-5608
-5486
-5238
-4876
-4453
-3939
-3379
-2771
-2112
-1460
-804
-117
567
1192
1871
2517
3056
3555
3945
4239
4470
4634
4656
4600
4482
4229
3909
3553
3169
2723
2302
1877
1451
1135
894
737
619
610
625
708
859
972
1102
1148
1086
920
654
290
-197
-755
-1360
-2096
-2753
-3443
-4067
-4570
-4981
-5340
-5545
-5556
-5558
-5334
-5004
-4569
-4102
-3545
-2908
-2275
-1558
-911
-247
372
1021
1621
2218
2790
3240
3716
4057
4346
4509
4607
4570
4434
4237
3874
3516
3044
2615
2150
1712
1311
995
758
599
552
500
598
719
884
993
1124
1251
1195
1112
879
541
78
-411
-1043
-1787
-2471
-3180
-3822
-4399
-4839
-5292
-5538
-5641
-5678
-5528
-5256
-4879
-4476
-3866
-3256
-2604
-1911
-1242
-559
127
853
1455
2133
2746
3231
3658
4036
4316
4429
4540
4494
4355
4157
3863
3527
3131
2738
2284
1869
1485
1190
942
778
733
746
825
939
1145
1322
1473
1576
1593
1459
1219
876
388
-141
-738
-1454
-2231
-2924
-3643
-4266
-4770
-5195
-5508
-5705
-5748
-5696
-5433
-5079
-4691
-4166
-3551
-2927
-2254
-1536
-838
-157
556
1227
1868
2494
3057
3543
3918
4192
4409
4491
4514
4369
4123
3860
3532
3109
2655
2265
1818
1451
1110
894
742
703
765
825
982
1159
1382
1549
1710
1764
1670
1484
1164
730
185
-378
-1111
-1874
-2586
-3311
-3943
-4499
-4978
-5402
-5672
-5770
-5788
-5661
-5368
-4989
-4544
-3965
-3372
-2697
-1972
-1203
-478
205
888
1561
2226
2837
3326
3721
4043
4242
4340
4357
4262
4070
3837
3503
3077
2647
2257
1912
1549
1252
1043
938
882
883
996
1144
1297
1480
1658
1784
1896
1884
1713
1452
1110
574
-46
-653
-1421
-2180
-2926
-3648
-4302
-4836
-5215
-5603
-5754
-5812
-5785
-5582
-5275
-4885
-4428
-3810
-3160
-2443
-1675
-920
-168
550
1302
1943
2592
3151
3601
3927
4158
4267
4256
4234
4047
3823
3502
3165
2788
2374
2075
1768
1496
1293
1202
1150
1175
1311
1463
1647
1803
2037
2100
2194
2206
2022
1743
1340
861
232
-377
-1137
-1924
-2689
-3426
-4110
-4707
-5130
-5543
-5772
-5881
-5894
-5787
-5496
-5099
-4670
-4052
-3449
-2751
-2004
-1250
-531
200
945
1587
2236
2818
3302
3684
3953
4111
4155
4128
3961
3730
3437
3107
2804
2423
2081
1751
1502
1295
1178
1124
1155
1293
1419
1583
1696
1887
2025
2039
2056
1953
1718
1393
934
341
-290
-956
-1760
-2516
-3223
-3914
-4513
-4974
-5375
-5743
-5865
-5908
-5833
-5577
-5201
-4772
-4222
-3563
-2933
-2176
-1400
-619
105
825
1495
2066
2698
3135
3502
3752
3937
4007
4011
3970
3719
3551
3260
2986
2648
2349
2100
1847
1694
1550
1543
1551
1677
1762
1924
2077
2176
2298
2277
2331
2246
2004
1671
1229
656
-11
-682
-1508
-2288
-3079
-3812
-4440
-4990
-5431
-5837
-6038
-6103
-6037
-5838
-5491
-5046
-4529
-3852
-3213
-2489
-1744
-987
-258
422
1121
1733
2336
2832
3228
3514
3690
3757
3789
3731
3545
3368
3115
2869
2612
2333
2085
1867
1770
1661
1648
1687
1809
1924
2061
2237
2327
2468
2483
2481
2393
2165
1841
1366
811
135
-521
-1311
-2105
-2863
-3597
-4236
-4830
-5244
-5665
-5890
-6012
-6032
-5842
-5539
-5110
-4573
-3916
-3294
-2585
-1817
-1111
-368
295
939
1572
2196
2664
3011
3301
3493
3577
3568
3552
3388
3262
3045
2786
2561
2319
2134
1927
1828
1738
1706
1735
1856
1983
2114
2258
2312
2424
2484
2506
2401
2208
1947
1503
1006
350
-295
-1038
-1842
-2648
-3428
-4080
-4698
-5152
-5608
-5857
-6005
-6031
-5892
-5615
-5194
-4733
-4110
-3497
-2819
-2035
-1307
-586
94
793
1369
1928
2446
2840
3100
3317
3395
3424
3457
3329
3213
3022
2835
2614
2425
2256
2114
2025
1952
1957
1952
2020
2151
2305
2420
2494
2616
2644
2627
2558
2349
2036
1638
1130
515
-92
-801
-1648
-2457
-3211
-3945
-4572
-5059
-5497
-5864
-5993
-6056
-5985
-5708
-5337
-4861
-4297
-3611
-2998
-2267
-1549
-868
-184
488
1132
1621
2182
2591
2900
3158
3326
3433
3461
3430
3317
3185
3012
2809
2624
2459
2329
2182
2067
2026
2031
2058
2134
2273
2399
2512
2569
2617
2602
2558
2327
1991
1626
1094
491
-158
-838
-1677
-2480
-3221
-3974
-4590
-5083
-5525
-5883
-6064
-6113
-6017
-5746
-5407
-4961
-4405
-3763
-3121
-2403
-1661
-980
-299
357
946
1511
2069
2493
2813
3067
3254
3361
3419
3401
3276
3150
2981
2845
2633
2448
2370
2269
2205
2176
2208
2244
2331
2450
2545
2631
2670
2707
2662
2634
2417
2101
1776
1292
712
89
-590
-1466
-2270
-3048
-3822
-4459
-4983
-5442
-5817
-5992
-6085
-6077
-5868
-5499
-5067
-4536
-3921
-3317
-2595
-1868
-1149
-499
170
769
1299
1882
2319
2638
2866
3085
3163
3216
3259
3204
3112
2950
2804
2642
2534
2419
2351
2272
2255
2325
2374
2458
2618
2771
2834
2937
2991
2918
2885
2713
2375
1993
1517
911
214
-439
-1280
-2145
-2894
-3625
-4330
-4866
-5257
-5691
-5936
-6027
-6050
-5880
-5561
-5197
-4739
-4155
-3531
-2879
-2145
-1432
-794
-152
483
1012
1554
2054
2408
2715
2913
3050
3112
3169
3134
3033
2958
2849
2740
2566
2499
2429
2372
2346
2380
2451
2492
2596
2720
2801
2847
2897
2821
2763
2687
2396
1990
1556
970
297
-331
-1108
-1963
-2728
-3468
-4171
-4773
-5236
-5681
-5983
-6073
-6118
-6029
-5697
-5352
-4936
-4356
-3762
-3109
-2401
-1692
-1068
-417
217
727
1274
1792
2191
2509
2785
2931
3040
3147
3184
3157
3118
3026
2939
2866
2767
2738
2675
2657
2657
2740
2783
2865
2992
3045
3075
3070
3022
2922
2844
2591
2197
1765
1249
601
-89
-778
-1615
-2424
-3163
-3899
-4504
-5014
-5452
-5821
-5999
-6084
-6056
-5831
-5495
-5088
-4604
-4051
-3468
-2791
-2113
-1467
-799
-158
413
968
1514
1902
2232
2506
2706
2824
2911
2966
2970
2977
2915
2889
2829
2775
2748
2719
2711
2705
2777
2813
2878
2965
3081
3117
3171
3175
3069
2988
2805
2467
2075
1578
957
260
-441
-1239
-2092
-2836
-3595
-4310
-4863
-5307
-5741
-6015
-6141
-6164
-5992
-5700
-5336
-4879
-4324
-3713
-3075
-2364
-1712
-1090
-499
37
565
1061
1538
1875
2187
2453
2635
2749
2837
2928
2937
2918
2897
2893
2831
2845
2879
2868
2877
2895
2986
3035
3114
3175
3195
3205
3202
3126
3020
2893
2577
2237
1783
1224
561
-95
-831
-1716
-2455
-3198
-3916
-4551
-5048
-5485
-5843
-5992
-6093
-6041
-5809
-5512
-5090
-4588
-4013
-3416
-2728
-2056
-1437
-813
-214
278
787
1291
1642
1938
2198
2425
2552
2674
2755
2847
2897
2916
2951
2949
2970
2999
2984
2996
3016
3037
3063
3090
3149
3170
3179
3175
3144
3023
2929
2732
2407
2048
1575
969
279
-400
-1179
-2038
-2810
-3616
-4322
-4910
-5410
-5835
-6086
-6204
-6235
-6017
-5747
-5318
-4855
-4266
-3643
-3041
-2337
-1718
-1080
-499
106
594
1063
1504
1868
2191
2348
2604
2765
2933
3048
3108
3115
3111
3144
3072
3100
3061
3077
3057
3107
3180
3174
3291
3290
3297
3299
3294
3188
3054
2918
2577
2198
1702
1173
504
-202
-925
-1807
-2549
-3334
-4058
-4689
-5192
-5635
-6034
-6195
-6300
-6203
-6004
-5644
-5247
-4747
-4153
-3579
-2898
-2243
-1629
-1088
-524
8
513
1002
1413
1806
2071
2327
2519
2719
2888
2992
3113
3136
3236
3252
3268
3295
3296
3300
3297
3340
3335
3413
3459
3435
3416
3398
3357
3200
3079
2829
2477
2099
1587
966
278
-359
-1181
-2029
-2809
-3644
-4394
-4990
-5501
-5963
-6193
-6318
-6345
-6182
-5912
-5539
-5084
-4481
-3894
-3260
-2568
-1958
-1366
-800
-236
250
763
1199
1584
1922
2239
2512
2704
2929
3066
3216
3304
3390
3453
3439
3486
3485
3475
3448
3461
3452
3432
3464
3448
3452
3402
3408
3283
3111
2937
2590
2210
1740
1159
492
-172
-976
-1813
-2642
-3433
-4203
-4866
-5370
-5875
-6208
-6405
-6494
-6392
-6152
-5811
-5390
-4872
-4258
-3681
-3004
-2355
-1755
-1143
-581
-45
485
991
1420
1846
2211
2486
2758
2985
3157
3335
3494
3580
3675
3722
3708
3687
3687
3660
3599
3612
3585
3527
3537
3522
3442
3387
3327
3157
2988
2777
2445
2001
1469
865
148
-558
-1393
-2261
-3102
-3875
-4583
-5190
-5662
-6100
-6354
-6477
-6467
-6348
-6058
-5686
-5226
-4664
-4086
-3424
-2732
-2059
-1449
-886
-337
216
754
1173
1591
1989
2335
2624
2888
3133
3290
3475
3590
3656
3690
3674
3659
3630
3636
3591
3551
3566
3549
3503
3503
3438
3383
3373
3292
3107
2928
2656
2261
1783
1196
500
-255
-1048
-1915
-2782
-3611
-4374
-5053
-5591
-6077
-6422
-6578
-6626
-6570
-6352
-5990
-5564
-5039
-4491
-3856
-3206
-2570
-1902
-1289
-663
-100
454
986
1459
1910
2315
2660
2922
3222
3417
3573
3728
3787
3820
3827
3831
3784
3792
3747
3672
3655
3694
3668
3657
3682
3626
3604
3547
3396
3204
2943
2493
2032
1446
754
11
-744
-1591
-2522
-3330
-4134
-4865
-5447
-5899
-6327
-6559
-6595
-6593
-6393
-6093
-5682
-5198
-4621
-4048
-3415
-2725
-2106
-1503
-957
-361
189
723
1225
1690
2136
2520
2877
3156
3389
3541
3725
3819
3853
3871
3875
3840
3776
3758
3679
3597
3607
3603
3586
3588
3571
3540
3508
3391
3171
2960
2612
2152
1662
1047
312
-440
-1227
-2126
-2995
-3762
-4499
-5134
-5651
-6069
-6402
-6575
-6618
-6559
-6313
-6007
-5578
-5050
-4484
-3904
-3248
-2580
-1970
-1367
-785
-181
368
905
1413
1878
2291
2642
2979
3269
3505
3673
3803
3862
3924
3976
3906
3928
3923
3897
3789
3767
3747
3713
3736
3692
3642
3586
3547
3312
3123
2858
2380
1896
1311
631
-168
-898
-1748
-2666
-3433
-4235
-4958
-5528
-5956
-6379
-6629
-6707
-6713
-6545
-6269
-5882
-5479
-4931
-4363
-3730
-3019
-2367
-1704
-1052
-389
193
808
1364
1853
2319
2671
3037
3343
3603
3780
3948
4055
4076
4155
4131
4144
4099
4052
3991
3931
3930
3905
3911
3872
3822
3705
3632
3444
3189
2973
2567
2077
1512
905
133
-653
-1393
-2300
-3113
-3908
-4628
-5261
-5762
-6180
-6550
-6702
-6772
-6711
-6521
-6159
-5739
-5252
-4676
-4070
-3424
-2751
-2091
-1419
-718
-72
568
1200
1778
2259
2693
3042
3360
3613
3802
3954
4076
4124
4126
4120
4045
3977
3916
3849
3753
3719
3727
3670
3701
3677
3590
3522
3422
3224
2971
2730
2280
1775
1210
505
-298
-1053
-1838
-2748
-3538
-4303
-5021
-5609
-5998
-6404
-6683
-6740
-6741
-6608
-6374
-6004
-5588
-5066
-4461
-3843
-3131
-2438
-1734
-1083
-423
209
806
1440
1947
2441
2830
3221
3519
3740
3917
4053
4149
4165
4194
4129
4050
3984
3955
3885
3827
3848
3785
3756
3700
3660
3540
3425
3312
3035
2804
2423
1910
1345
773
77
-679
-1382
-2220
-3078
-3856
-4595
-5290
-5845
-6223
-6569
-6761
-6786
-6699
-6491
-6178
-5792
-5297
-4685
-4070
-3375
-2697
-2014
-1321
-639
26
668
1296
1819
2337
2786
3158
3498
3746
3958
4094
4263
4305
4322
4312
4245
4178
4118
4074
3993
3968
3958
3887
3761
3717
3623
3470
3347
3143
2848
2527
2102
1580
977
307
-474
-1243
-1947
-2839
-3644
-4343
-5029
-5589
-6019
-6383
-6672
-6780
-6760
-6657
-6395
-6022
-5577
-5056
-4449
-3838
-3122
-2425
-1750
-1072
-444
245
861
1488
2018
2521
2928
3286
3625
3857
4032
4133
4238
4210
4220
4178
4104
4049
4006
3928
3832
3831
3793
3753
3717
3684
3571
3410
3275
2970
2640
2290
1802
1233
644
-74
-828
-1600
-2387
-3250
-4059
-4750
-5423
-5893
-6269
-6588
-6793
-6826
-6761
-6565
-6266
-5889
-5375
-4790
-4159
-3481
-2784
-2098
-1387
-724
-23
631
1260
1855
2352
2855
3230
3570
3899
4116
4272
4368
4402
4358
4364
4326
4224
4156
4099
3971
3894
3884
3776
3691
3632
3534
3387
3230
3039
2734
2464
2095
1562
1010
391
-367
-1139
-1853
-2697
-3499
-4209
-4867
-5439
-5874
-6216
-6554
-6668
-6657
-6577
-6326
-5963
-5533
-5001
-4385
-3747
-3066
-2370
-1686
-1040
-384
270
860
1440
1988
2486
2903
3278
3624
3850
4026
4171
4302
4341
4285
4264
4174
4091
4024
3948
3804
3696
3632
3532
3453
3355
3277
3127
2981
2709
2390
2109
1617
1087
526
-164
-920
-1631
-2342
-3162
-3908
-4587
-5177
-5684
-6064
-6376
-6603
-6631
-6596
-6407
-6126
-5754
-5275
-4728
-4129
-3521
-2846
-2163
-1451
-772
-98
556
1164
1776
2340
2842
3259
3615
3908
4147
4304
4399
4476
4442
4406
4333
4228
4120
4029
3928
3786
3676
3609
3494
3366
3282
3121
2942
2741
2460
2154
1784
1334
826
252
-426
-1152
-1870
-2590
-3359
-4086
-4711
-5231
-5709
-6083
-6320
-6514
-6492
-6403
-6228
-5933
-5536
-5011
-4484
-3874
-3259
-2616
-1947
-1264
-611
8
660
1254
1859
2376
2871
3285
3610
3914
4098
4239
4348
4414
4383
4382
4311
4203
4082
3995
3868
3727
3709
3621
3520
3388
3284
3110
2881
2661
2325
2015
1621
1082
520
-77
-774
-1500
-2184
-2916
-3652
-4313
-4914
-5422
-5844
-6115
-6363
-6474
-6415
-6331
-6077
-5764
-5308
-4797
-4243
-3617
-2965
-2284
-1619
-950
-292
377
1031
1653
2216
2745
3220
3594
3929
4141
4340
4437
4509
4512
4431
4363
4233
4111
3965
3852
3655
3529
3456
3331
3227
3095
2980
2766
2547
2244
1885
1564
1114
623
73
-558
-1239
-1908
-2594
-3343
-4021
-4598
-5112
-5567
-5879
-6125
-6298
-6333
-6280
-6140
-5900
-5533
-5057
-4515
-3919
-3311
-2622
-1942
-1285
-652
-23
602
1228
1866
2422
2927
3362
3728
3980
4201
4373
4444
4506
4499
4415
4348
4247
4091
3977
3886
3728
3607
3529
3403
3255
3125
2970
2730
2516
2241
1871
1526
1080
544
-18
-640
-1313
-1977
-2635
-3393
-4066
-4638
-5148
-5573
-5907
-6131
-6315
-6324
-6284
-6147
-5855
-5465
-4998
-4459
-3865
-3251
-2565
-1911
-1199
-506
162
799
1431
1988
2497
3028
3400
3753
4007
4207
4336
4397
4433
4357
4300
4198
4087
3935
3841
3728
3574
3507
3393
3257
3067
2909
2680
2448
2204
1892
1533
1162
721
182
-353
-980
-1631
-2253
-2903
-3614
-4193
-4714
-5218
-5583
-5850
-6037
-6168
-6166
-6091
-5859
-5544
-5197
-4707
-4190
-3597
-2953
-2249
-1586
-903
-214
407
1034
1619
2221
2735
3225
3621
3920
4135
4298
4392
4422
4474
4433
4351
4235
4109
3948
3838
3704
3535
3401
3324
3184
2996
2836
2634
2422
2129
1804
1466
1073
619
100
-463
-1062
-1672
-2323
-2980
-3616
-4214
-4748
-5190
-5546
-5818
-6041
-6140
-6143
-6044
-5799
-5499
-5079
-4577
-4048
-3458
-2825
-2148
-1491
-806
-154
464
1113
1701
2220
2707
3139
3451
3751
3996
4146
4230
4286
4301
4234
4196
4105
3997
3863
3759
3619
3472
3357
3208
3062
2883
2679
2435
2202
1913
1578
1253
841
342
-171
-755
-1340
-1968
-2547
-3159
-3779
-4323
-4836
-5281
-5621
-5852
-6024
-6075
-6060
-5897
-5636
-5298
-4875
-4368
-3785
-3179
-2533
-1839
-1157
-499
172
825
1454
2013
2555
3044
3447
3788
4016
4228
4340
4397
4462
4470
4414
4295
4170
4027
3869
3745
3557
3398
3277
3083
2871
2658
2441
2166
1926
1630
1329
1024
592
138
-361
-934
-1510
-2070
-2658
-3292
-3869
-4394
-4890
-5280
-5590
-5804
-5980
-6014
-5987
-5824
-5545
-5210
-4744
-4230
-3667
-3060
-2381
-1730
-1047
-370
284
923
1544
2136
2641
3126
3497
3804
4041
4211
4321
4369
4383
4353
4294
4173
3999
3843
3688
3528
3366
3210
3069
2887
2692
2497
2231
1985
1740
1434
1120
821
422
-22
-482
-1016
-1552
-2097
-2653
-3260
-3816
-4309
-4800
-5185
-5475
-5695
-5893
-5931
-5889
-5705
-5431
-5107
-4641
-4150
-3522
-2913
-2232
-1549
-847
-165
481
1116
1720
2277
2755
3235
3565
3882
4084
4245
4355
4359
4382
4314
4209
4073
3946
3810
3639
3474
3312
3155
2981
2822
2610
2420
2190
1969
1729
1446
1179
858
455
8
-464
-1013
-1589
-2168
-2754
-3365
-3904
-4422
-4887
-5281
-5586
-5775
-5937
-5966
-5903
-5741
-5493
-5125
-4657
-4110
-3482
-2814
-2100
-1409
-712
-49
605
1250
1864
2451
2943
3416
3764
4041
4232
4372
4471
4484
4485
4375
4268
4121
3968
3806
3645
3509
3309
3165
2978
2751
2532
2343
2082
1804
1538
1216
907
549
125
-322
-816
-1330
-1888
-2385
-2925
-3512
-4059
-4534
-4978
-5351
-5603
-5815
-5973
-6003
-5926
-5797
-5485
-5081
-4604
-4029
-3416
-2747
-2057
-1311
-585
103
818
1449
2090
2633
3132
3556
3886
4175
4308
4429
4501
4501
4458
4402
4295
4127
3984
3789
3574
3383
3225
3006
2866
2717
2444
2184
1943
1715
1418
1176
883
555
189
-232
-734
-1255
-1747
-2307
-2856
-3398
-3904
-4421
-4868
-5232
-5541
-5743
-5820
-5827
-5718
-5492
-5246
-4852
-4382
-3856
-3250
-2591
-1888
-1201
-508
155
794
1421
2001
2561
3023
3424
3723
3997
4143
4247
4301
4267
4262
4161
4045
3875
3741
3544
3369
3243
3063
2857
2674
2529
2296
2049
1829
1596
1335
1093
794
444
95
-286
-746
-1219
-1700
-2212
-2709
-3280
-3783
-4251
-4684
-5041
-5355
-5543
-5669
-5695
-5626
-5416
-5135
-4763
-4261
-3720
-3136
-2483
-1779
-1121
-439
243
914
1523
2108
2642
3063
3416
3717
3930
4078
4222
4251
4228
4195
4146
4027
3902
3798
3599
3432
3257
3053
2860
2667
2441
2203
2007
1755
1484
1226
945
618
323
-74
-533
-979
-1508
-2025
-2519
-3013
-3587
-4039
-4500
-4954
-5272
-5512
-5724
-5827
-5762
-5695
-5455
-5111
-4744
-4270
-3660
-3050
-2388
-1661
-977
-278
421
1101
1689
2264
2774
3170
3530
3821
4073
4241
4404
4446
4426
4434
4341
4215
4043
3878
3653
3471
3295
3063
2859
2621
2354
2072
1832
1578
1343
1118
830
591
324
-34
-385
-789
-1237
-1720
-2160
-2656
-3225
-3694
-4178
-4615
-4985
-5248
-5497
-5599
-5589
-5518
-5299
-5026
-4632
-4173
-3597
-3011
-2360
-1650
-946
-255
369
1032
1608
2148
2630
3020
3369
3670
3908
4051
4186
4220
4256
4239
4174
4065
3895
3768
3572
3421
3221
2996
2753
2538
2270
2015
1792
1517
1280
1011
742
467
188
-139
-473
-861
-1345
-1822
-2276
-2801
-3349
-3813
-4302
-4764
-5125
-5421
-5653
-5800
-5775
-5702
-5490
-5173
-4795
-4296
-3712
-3085
-2409
-1698
-983
-304
344
1006
1580
2142
2645
3075
3435
3692
3938
4102
4203
4266
4280
4249
4196
4118
3951
3795
3608
3464
3277
3039
2829
2623
2387
2093
1871
1614
1355
1105
864
595
307
-28
-389
-787
-1239
-1695
-2172
-2674
-3220
-3705
-4190
-4657
-5013
-5250
-5488
-5634
-5613
-5516
-5305
-5008
-4577
-4116
-3507
-2848
-2197
-1485
-801
-111
523
1157
1703
2208
2645
3040
3394
3655
3908
4048
4139
4166
4180
4149
4064
3941
3770
3611
3399
3213
3005
2789
2574
2348
2120
1863
1661
1407
1168
947
728
491
240
-58
-396
-773
-1185
-1612
-2076
-2562
-3136
-3631
-4098
-4528
-4879
-5156
-5371
-5516
-5507
-5440
-5247
-4945
-4506
-4022
-3422
-2766
-2116
-1418
-730
-35
551
1171
1705
2178
2637
3022
3360
3636
3887
4024
4134
4142
4136
4080
3987
3876
3674
3543
3356
3153
2971
2760
2504
2221
2022
1762
1520
1294
1081
883
653
420
175
-146
-506
-875
-1322
-1775
-2232
-2712
-3248
-3737
-4176
-4602
-4911
-5181
-5387
-5473
-5475
-5374
-5142
-4788
-4358
-3856
-3294
-2693
-2044
-1377
-700
-39
585
1179
1724
2215
2678
3059
3387
3677
3878
4003
4064
4156
4133
4065
4001
3859
3708
3546
3337
3122
2928
2701
2450
2237
2015
1766
1526
1288
1084
874
665
452
174
-151
-490
-866
-1317
-1780
-2251
-2727
-3245
-3724
-4150
-4563
-4893
-5180
-5362
-5447
-5419
-5287
-5073
-4699
-4249
-3732
-3162
-2517
-1838
-1157
-463
160
765
1336
1866
2350
2805
3184
3497
3748
3929
4060
4163
4177
4150
4128
4035
3924
3751
3575
3332
3102
2895
2645
2419
2183
1933
1697
1479
1278
1063
827
590
369
87
-260
-598
-959
-1421
-1872
-2320
-2847
-3370
-3837
-4261
-4673
-5000
-5235
-5391
-5444
-5431
-5345
-5122
-4747
-4340
-3852
-3231
-2616
-1957
-1282
-604
27
628
1249
1784
2263
2719
3108
3445
3735
3950
4078
4163
4209
4183
4142
4085
3928
3759
3573
3324
3120
2895
2662
2419
2174
1942
1695
1490
1274
1030
835
622
374
125
-212
-556
-923
-1388
-1848
-2283
-2792
-3342
-3787
-4233
-4651
-4971
-5203
-5396
-5475
-5427
-5369
-5139
-4798
-4352
-3854
-3241
-2597
-1969
-1285
-629
10
628
1252
1756
2308
2795
3198
3529
3821
4031
4162
4287
4301
4309
4249
4191
4057
3865
3663
3405
3158
2892
2624
2331
2109
1851
1618
1427
1203
996
766
513
296
38
-304
-633
-1005
-1462
-1895
-2341
-2872
-3384
-3811
-4289
-4704
-4979
-5190
-5363
-5406
-5317
-5225
-4938
-4588
-4173
-3673
-3065
-2467
-1832
-1161
-486
148
753
1362
1851
2387
2863
3273
3581
3872
4107
4246
4361
4368
4305
4177
4059
3892
3668
3454
3221
2983
2745
2510
2255
2027
1815
1576
1333
1125
933
709
482
265
-31
-370
-701
-1097
-1537
-1977
-2438
-2965
-3473
-3949
-4412
-4792
-5082
-5261
-5406
-5405
-5330
-5182
-4890
-4518
-4030
-3508
-2920
-2296
-1652
-984
-314
308
934
1514
2006
2518
2949
3315
3616
3874
4075
4171
4234
4238
4177
4074
3976
3795
3558
3338
3094
2838
2595
2346
2085
1868
1639
1418
1232
1020
815
612
383
152
-149
-500
-847
-1228
-1682
-2135
-2567
-3061
-3538
-3955
-4369
-4715
-4962
-5153
-5264
-5248
-5144
-4941
-4656
-4278
-3822
-3295
-2689
-2094
-1456
-791
-158
400
997
1560
2100
2570
3023
3385
3665
3899
4052
4186
4213
4217
4160
4060
3919
3721
3529
3313
3073
2840
2635
2425
2204
2000
1787
1599
1379
1136
926
693
433
179
-140
-493
-844
-1236
-1699
-2166
-2608
-3127
-3609
-4014
-4425
-4759
-5002
-5149
-5251
-5203
-5101
-4899
-4599
-4212
-3764
-3255
-2654
-2054
-1442
-830
-206
376
999
1567
2059
2562
2984
3323
3602
3826
4002
4095
4129
4151
4098
3988
3849
3642
3439
3233
2984
2755
2531
2315
2083
1851
1649
1441
1227
987
779
557
303
57
-276
-652
-1010
-1451
-1897
-2327
-2771
-3246
-3683
-4072
-4438
-4725
-4918
-5060
-5122
-5063
-4951
-4765
-4452
-4061
-3652
-3131
-2562
-1964
-1333
-695
-74
507
1118
1660
2173
2650
3062
3411
3688
3920
4031
4115
4125
4140
4071
3962
3843
3653
3459
3231
3020
2784
2542
2316
2088
1875
1649
1395
1178
951
714
443
204
-15
-372
-695
-1044
-1460
-1891
-2296
-2758
-3249
-3626
-4045
-4401
-4673
-4867
-5001
-5083
-5053
-4965
-4761
-4427
-4026
-3570
-3021
-2449
-1844
-1219
-585
49
619
1228
1785
2270
2756
3173
3455
3730
3948
4100
4184
4186
4188
4097
3980
3817
3589
3392
3182
2971
2736
2519
2304
2050
1837
1615
1376
1151
941
698
436
204
-69
-462
-787
-1180
-1606
-2022
-2414
-2855
-3308
-3648
-4063
-4396
-4658
-4828
-5004
-5037
-4977
-4898
-4654
-4331
-3954
-3519
-2945
-2400
-1806
-1185
-546
65
641
1259
1738
2229
2684
3067
3352
3601
3823
3945
4024
4028
3978
3834
3736
3576
3373
3189
3001
2806
2558
2380
2125
1870
1661
1501
1285
1071
883
645
417
203
-54
-429
-726
-1068
-1454
-1875
-2269
-2723
-3186
-3547
-3943
-4254
-4493
-4655
-4806
-4805
-4730
-4638
-4429
-4133
-3751
-3327
-2784
-2254
-1655
-1054
-446
139
705
1284
1778
2263
2673
3063
3352
3597
3787
3867
3915
3910
3878
3762
3641
3475
3268
3074
2848
2630
2419
2264
2055
1835
1673
1460
1221
1032
860
631
421
178
-156
-485
-795
-1162
-1551
-1905
-2286
-2759
-3172
-3530
-3897
-4174
-4374
-4540
-4670
-4666
-4614
-4497
-4277
-3959
-3558
-3113
-2569
-2049
-1459
-867
-294
298
889
1432
1912
2381
2772
3134
3392
3628
3788
3843
3864
3844
3789
3646
3560
3410
3211
3018
2826
2622
2383
2207
1992
1759
1575
1344
1098
871
631
362
120
-110
-406
-721
-1018
-1387
-1785
-2153
-2540
-2961
-3357
-3694
-4059
-4321
-4508
-4643
-4748
-4691
-4577
-4456
-4183
-3866
-3489
-3060
-2520
-1997
-1442
-824
-213
366
923
1484
1961
2428
2835
3195
3496
3720
3874
3961
4017
3995
3922
3786
3701
3549
3362
3167
2961
2746
2535
2353
2108
1896
1666
1452
1199
1005
751
459
216
-34
-333
-654
-924
-1329
-1692
-2057
-2470
-2892
-3258
-3599
-3981
-4243
-4447
-4599
-4700
-4684
-4628
-4515
-4273
-3978
-3602
-3174
-2630
-2129
-1556
-939
-370
214
807
1352
1842
2305
2693
3040
3322
3575
3730
3811
3875
3874
3807
3693
3589
3416
3212
3041
2845
2631
2440
2269
2017
1832
1630
1384
1148
937
714
483
220
2
-268
-604
-892
-1259
-1636
-1996
-2336
-2752
-3131
-3410
-3765
-4052
-4278
-4455
-4583
-4574
-4501
-4430
-4191
-3873
-3523
-3102
-2586
-2107
-1563
-947
-361
184
780
1325
1770
2249
2664
2983
3253
3526
3662
3746
3825
3813
3775
3695
3615
3440
3260
3084
2880
2687
2456
2224
1991
1778
1552
1302
1026
835
590
314
102
-161
-417
-721
-984
-1289
-1623
-1906
-2228
-2587
-2935
-3269
-3613
-3889
-4104
-4279
-4403
-4427
-4348
-4272
-4088
-3784
-3451
-3045
-2525
-1992
-1466
-887
-327
214
774
1300
1760
2212
2608
2925
3195
3433
3575
3660
3712
3670
3599
3531
3446
3284
3112
2954
2756
2557
2376
2165
1906
1648
1418
1192
950
722
507
262
13
-209
-439
-678
-928
-1164
-1454
-1774
-2054
-2352
-2687
-2965
-3264
-3548
-3752
-3943
-4102
-4188
-4169
-4093
-3937
-3688
-3388
-2990
-2550
-2048
-1550
-1022
-474
50
603
1136
1623
2031
2453
2822
3065
3280
3459
3543
3562
3565
3532
3415
3314
3203
3029
2853
2682
2480
2261
2060
1846
1615
1381
1165
900
677
460
217
-30
-236
-461
-722
-949
-1176
-1442
-1722
-1980
-2264
-2551
-2860
-3144
-3421
-3657
-3841
-3990
-4056
-4083
-4028
-3885
-3691
-3400
-3064
-2645
-2165
-1705
-1184
-607
-89
437
982
1481
1911
2297
2654
2905
3121
3327
3453
3514
3570
3564
3491
3418
3328
3196
3015
2877
2679
2469
2268
2029
1797
1530
1297
1081
831
585
358
86
-163
-361
-603
-826
-1067
-1328
-1613
-1890
-2153
-2471
-2734
-2971
-3236
-3481
-3657
-3800
-3905
-3944
-3920
-3801
-3635
-3373
-3027
-2629
-2170
-1719
-1240
-747
-209
291
790
1274
1672
2073
2420
2696
2921
3139
3289
3366
3390
3403
3364
3307
3251
3146
2988
2825
2653
2442
2234
1997
1732
1489
1238
972
721
492
236
-15
-255
-483
-696
-920
-1130
-1375
-1600
-1865
-2110
-2377
-2643
-2922
-3157
-3403
-3621
-3785
-3910
-3945
-3943
-3781
-3646
-3401
-3072
-2704
-2301
-1838
-1358
-862
-297
237
748
1245
1700
2062
2414
2728
2961
3168
3348
3435
3521
3584
3553
3499
3418
3300
3151
2948
2750
2528
2280
2070
1788
1499
1207
954
698
434
177
-96
-325
-544
-767
-952
-1117
-1318
-1528
-1768
-2007
-2223
-2452
-2710
-2959
-3188
-3404
-3582
-3722
-3785
-3809
-3729
-3563
-3367
-3113
-2773
-2398
-1968
-1509
-1007
-475
51
563
1045
1503
1886
2196
2541
2857
3068
3216
3351
3426
3454
3425
3367
3305
3201
3069
2888
2693
2461
2236
2018
1733
1467
1208
903
663
433
203
-13
-231
-440
-658
-869
-1058
-1262
-1461
-1667
-1908
-2098
-2309
-2583
-2785
-2969
-3178
-3349
-3451
-3533
-3577
-3528
-3389
-3232
-2991
-2661
-2329
-1901
-1456
-982
-505
4
492
935
1406
1815
2148
2462
2745
2991
3180
3318
3399
3437
3423
3365
3290
3183
3040
2837
2655
2417
2138
1902
1635
1368
1104
800
566
317
53
-183
-411
-609
-820
-991
-1159
-1346
-1512
-1719
-1930
-2128
-2335
-2543
-2775
-2963
-3147
-3293
-3402
-3473
-3474
-3413
-3298
-3149
-2906
-2609
-2265
-1871
-1431
-957
-469
46
519
970
1415
1821
2172
2481
2719
2932
3138
3242
3331
3370
3357
3327
3244
3123
2970
2818
2598
2385
2167
1908
1614
1345
1051
755
473
228
-16
-270
-467
-686
-885
-1051
-1200
-1402
-1589
-1771
-1974
-2169
-2297
-2493
-2651
-2795
-2974
-3128
-3218
-3280
-3289
-3170
-3050
-2877
-2643
-2344
-2019
-1636
-1238
-788
-329
175
636
1080
1519
1888
2216
2543
2826
3011
3172
3280
3317
3343
3325
3223
3111
2985
2833
2636
2440
2239
1991
1734
1470
1166
890
633
347
73
-175
-414
-650
-841
-1045
-1237
-1435
-1633
-1834
-1972
-2150
-2325
-2481
-2671
-2763
-2917
-3022
-3083
-3138
-3157
-3099
-3005
-2899
-2738
-2492
-2207
-1880
-1506
-1093
-633
-175
295
780
1245
1651
2076
2440
2759
3010
3204
3356
3427
3466
3447
3409
3310
3179
3009
2820
2624
2411
2160
1874
1617
1352
1068
787
502
236
-22
-259
-493
-759
-960
-1179
-1381
-1550
-1778
-1963
-2130
-2315
-2506
-2695
-2830
-2967
-3054
-3134
-3174
-3220
-3176
-3080
-2968
-2781
-2565
-2303
-2003
-1649
-1263
-842
-412
22
470
925
1349
1745
2139
2460
2743
2984
3175
3302
3362
3376
3335
3232
3121
2990
2811
2637
2447
2244
2030
1764
1518
1246
961
690
436
181
-79
-331
-568
-831
-1086
-1337
-1540
-1743
-1953
-2133
-2329
-2502
-2638
-2796
-2867
-2895
-2946
-2949
-2935
-2870
-2795
-2663
-2509
-2298
-2056
-1784
-1481
-1155
-763
-378
51
482
895
1301
1689
2041
2357
2646
2861
3037
3164
3249
3261
3214
3129
3008
2892
2752
2579
2394
2168
1950
1726
1493
1242
981
755
497
256
8
-261
-542
-794
-1045
-1318
-1529
-1765
-1962
-2124
-2296
-2460
-2584
-2647
-2703
-2762
-2783
-2766
-2760
-2721
-2620
-2522
-2406
-2247
-2079
-1854
-1582
-1278
-951
-599
-209
167
535
899
1311
1671
1986
2265
2484
2680
2809
2906
2949
2948
2916
2837
2725
2602
2457
2289
2092
1869
1655
1455
1238
999
769
525
299
75
-176
-424
-697
-940
-1193
-1420
-1604
-1818
-1989
-2159
-2305
-2427
-2498
-2568
-2606
-2604
-2586
-2548
-2498
-2384
-2298
-2184
-2035
-1872
-1663
-1420
-1152
-832
-515
-163
183
541
928
1288
1631
1927
2197
2438
2621
2751
2850
2894
2899
2847
2769
2686
2565
2429
2298
2154
1971
1755
1584
1359
1099
890
681
465
215
-21
-278
-531
-777
-1048
-1282
-1506
-1716
-1911
-2066
-2207
-2328
-2403
-2462
-2498
-2528
-2520
-2501
-2468
-2395
-2301
-2217
-2072
-1916
-1733
-1522
-1292
-1044
-765
-464
-145
165
503
862
1176
1485
1732
1983
2174
2331
2440
2537
2567
2577
2554
2492
2430
2359
2238
2146
2046
1863
1707
1540
1334
1143
957
684
468
240
-46
-312
-588
-839
-1071
-1277
-1468
-1628
-1769
-1896
-2024
-2113
-2169
-2222
-2267
-2281
-2275
-2256
-2205
-2137
-2056
-1952
-1815
-1649
-1466
-1249
-1021
-782
-505
-207
74
345
655
923
1179
1425
1629
1808
1978
2103
2179
2245
2311
2334
2331
2313
2283
2201
2098
1981
1836
1702
1513
1309
1102
905
647
388
150
-137
-383
-621
-860
-1086
-1301
-1495
-1664
-1810
-1934
-2052
-2122
-2141
-2191
-2202
-2181
-2142
-2093
-1999
-1928
-1842
-1702
-1577
-1449
-1316
-1134
-952
-719
-508
-269
-15
245
519
784
1047
1275
1484
1674
1825
1980
2102
2213
2311
2339
2339
2336
2304
2227
2146
2040
1933
1773
1616
1447
1247
1033
775
548
288
38
-227
-480
-722
-974
-1175
-1369
-1552
-1694
-1810
-1909
-1981
-2051
-2076
-2079
-2062
-2032
-1982
-1882
-1816
-1737
-1608
-1497
-1379
-1224
-1065
-875
-704
-507
-300
-103
121
337
539
755
994
1221
1421
1599
1786
1927
2043
2123
2156
2185
2177
2145
2077
1998
1888
1755
1603
1430
1248
1044
852
641
383
164
-62
-316
-556
-780
-981
-1165
-1324
-1451
-1569
-1686
-1736
-1780
-1810
-1818
-1816
-1784
-1761
-1704
-1655
-1593
-1514
-1447
-1372
-1233
-1103
-983
-833
-684
-551
-397
-205
-8
197
423
652
866
1058
1229
1404
1543
1673
1788
1883
1953
2020
2043
2011
1972
1900
1814
1710
1571
1443
1253
1075
866
656
449
206
0
-235
-448
-698
-894
-1064
-1208
-1335
-1419
-1471
-1520
-1527
-1554
-1520
-1494
-1477
-1434
-1377
-1290
-1231
-1162
-1107
-1023
-931
-837
-734
-615
-487
-381
-239
-112
13
156
289
432
591
710
852
1010
1113
1255
1374
1454
1523
1590
1625
1631
1612
1572
1500
1406
1298
1178
1048
890
731
569
398
193
10
-185
-368
-514
-667
-803
-935
-1044
-1132
-1229
-1295
-1315
-1327
-1328
-1330
-1299
-1242
-1227
-1172
-1098
-1030
-960
-905
-826
-761
-695
-649
-585
-516
-453
-349
-264
-158
-4
119
238
374
536
701
828
959
1128
1249
1334
1425
1495
1541
1557
1556
1537
1471
1398
1318
1226
1092
953
815
684
526
352
195
24
-117
-307
-460
-608
-726
-826
-928
-990
-1060
-1107
-1161
-1172
-1174
-1165
-1154
-1118
-1058
-1021
-970
-926
-883
-811
-772
-731
-690
-658
-574
-495
-394
-316
-209
-129
-13
131
257
389
520
648
792
932
1026
1127
1197
1257
1294
1303
1326
1323
1255
1191
1114
1047
944
846
733
607
471
341
213
61
-86
-221
-349
-469
-564
-686
-763
-828
-877
-930
-971
-977
-984
-962
-927
-886
-875
-823
-787
-765
-759
-712
-678
-642
-585
-551
-502
-453
-370
-297
-215
-130
-43
70
166
304
408
510
630
745
834
926
1002
1052
1084
1063
1092
1066
1042
1015
971
916
829
753
657
573
477
373
261
149
7
-87
-206
-304
-379
-458
-527
-602
-649
-700
-741
-779
-797
-795
-759
-776
-746
-730
-730
-732
-710
-668
-672
-637
-621
-578
-538
-494
-446
-368
-282
-194
-111
-18
104
197
335
441
543
637
723
783
843
894
939
943
956
962
942
905
842
822
765
696
614
531
431
325
248
144
58
-47
-179
-282
-386
-476
-550
-593
-645
-664
-727
-734
-720
-751
-735
-720
-723
-720
-700
-689
-680
-654
-645
-626
-598
-568
-563
-510
-425
-366
-266
-185
-75
42
141
254
364
472
583
674
737
825
880
942
973
1004
1019
997
993
965
925
882
822
740
660
562
499
398
321
228
110
28
-85
-170
-284
-382
-460
-533
-596
-658
-688
-738
-745
-753
-741
-740
-738
-721
-707
-710
-696
-659
-640
-585
-538
-512
-481
-400
-351
-296
-221
-165
-91
-12
45
114
207
306
388
458
536
581
646
697
729
755
761
769
754
740
715
704
690
656
614
572
493
413
336
261
191
111
30
-52
-149
-236
-330
-380
-421
-471
-521
-593
-622
-657
-671
-656
-644
-651
-657
-664
-674
-671
-671
-653
-633
-574
-543
-495
-425
-400
-328
-293
-232
-152
-58
29
104
173
238
329
422
505
566
641
716
796
824
844
865
885
870
825
804
799
786
728
679
622
547
461
375
289
172
71
-9
-105
-203
-280
-372
-451
-509
-585
-628
-672
-712
-737
-757
-781
-780
-770
-762
-730
-710
-663
-618
-572
-529
-467
-400
-346
-301
-243
-174
-116
-38
1
64
181
251
333
424
530
603
661
702
769
816
858
884
854
855
849
848
812
768
715
674
602
518
412
323
252
135
47
-45
-155
-233
-326
-432
-499
-567
-611
-651
-685
-723
-752
-774
-786
-790
-787
-781
-743
-685
-658
-599
-580
-534
-501
-478
-432
-397
-344
-293
-226
-187
-123
-57
8
76
155
229
325
419
501
594
675
736
773
782
796
782
769
763
740
725
690
644
578
535
462
386
333
246
153
66
-42
-152
-256
-337
-403
-492
-566
-600
-624
-659
-669
-650
-647
-623
-586
-547
-524
-514
-457
-419
-396
-368
-353
-331
-288
-255
-206
-146
-104
-62
-4
70
137
216
306
389
479
547
605
672
732
770
792
820
854
852
846
811
787
755
717
662
574
521
455
343
248
141
28
-88
-220
-327
-452
-561
-616
-682
-715
-746
-789
-780
-776
-782
-746
-717
-682
-611
-560
-515
-497
-446
-432
-415
-429
-449
-422
-412
-377
-340
-291
-232
-173
-114
-54
35
112
188
297
388
459
539
606
649
688
726
746
788
821
813
800
795
761
714
675
587
505
420
334
225
110
-10
-99
-195
-274
-362
-421
-459
-513
-516
-523
-531
-490
-475
-464
-437
-428
-397
-378
-352
-346
-341
-334
-333
-342
-352
-355
-344
-329
-314
-298
-271
-222
-162
-92
-18
88
160
227
318
418
488
547
610
681
691
707
720
706
697
700
674
609
560
516
412
332
267
162
56
-17
-98
-190
-275
-359
-402
-449
-482
-511
-516
-520
-535
-527
-500
-490
-463
-444
-424
-407
-391
-361
-327
-307
-326
-322
-324
-311
-277
-276
-258
-215
-176
-138
-63
-22
29
136
202
278
353
431
515
569
613
658
678
702
685
672
661
626
605
544
477
433
386
342
261
176
95
25
-27
-98
-150
-199
-244
-272
-284
-295
-312
-324
-344
-350
-358
-353
-317
-325
-323
-312
-328
-332
-340
-330
-344
-386
-377
-376
-354
-323
-297
-267
-216
-159
-103
-39
22
86
147
199
242
316
372
401
468
520
549
586
604
596
599
558
508
477
438
380
335
280
215
161
102
21
-73
-125
-188
-246
-311
-333
-354
-383
-385
-414
-414
-413
-418
-403
-409
-405
-402
-420
-425
-434
-412
-429
-452
-431
-421
-401
-403
-326
-283
-252
-196
-136
-76
-16
51
101
162
209
283
320
367
439
499
521
558
587
601
617
614
612
576
559
510
452
399
315
249
199
146
114
56
-14
-46
-93
-125
-174
-207
-202
-226
-232
-245
-262
-253
-237
-249
-253
-273
-285
-295
-312
-311
-333
-348
-332
-325
-317
-322
-315
-280
-246
-217
-192
-170
-122
-75
-26
36
73
130
170
215
272
307
344
379
362
383
400
435
440
417
413
412
413
378
338
290
245
210
182
156
115
66
16
-7
-24
-39
-57
-86
-122
-145
-200
-231
-237
-258
-274
-296
-305
-315
-357
-360
-357
-363
-323
-323
-309
-274
-256
-237
-220
-200
-158
-129
-102
-48
-7
33
109
123
159
212
234
271
306
336
353
391
443
428
439
430
414
398
347
299
271
239
176
131
82
6
-50
-96
-149
-174
-200
-232
-243
-262
-308
-309
-296
-329
-364
-385
-399
-426
-436
-458
-481
-459
-439
-408
-397
-380
-325
-271
-226
-190
-155
-123
-68
-13
30
73
146
180
206
249
253
290
356
356
385
420
432
467
467
473
471
472
469
443
444
408
373
320
270
246
195
144
97
36
-3
-61
-124
-153
-155
-202
-236
-250
-268
-288
-300
-290
-325
-324
-301
-319
-346
-356
-352
-321
-309
-298
-256
-227
-179
-136
-87
-59
-27
15
55
99
156
202
232
266
283
304
307
330
345
332
338
335
325
357
338
323
301
273
257
220
204
163
145
116
73
19
-25
-41
-93
-158
-158
-169
-193
-212
-238
-261
-305
-342
-362
-366
-379
-377
-384
-378
-360
-345
-326
-309
-260
-252
-225
-186
-174
-141
-121
-114
-67
-63
-19
32
60
113
137
152
181
193
206
224
231
242
246
252
249
238
237
247
252
240
217
197
187
167
139
124
87
76
47
10
-25
-65
-91
-114
-141
-187
-199
-221
-242
-246
-262
-283
-267
-271
-282
-269
-248
-235
-201
-185
-168
-128
-108
-89
-63
9
24
33
40
64
113
141
157
175
193
213
222
261
298
288
281
292
307
330
352
347
352
338
329
313
271
245
215
190
185
158
125
89
39
-17
-59
-109
-156
-185
-222
-251
-290
-324
-348
-384
-375
-364
-375
-380
-379
-377
-360
-330
-324
-291
-235
-201
-177
-149
-95
-48
-22
20
88
96
103
127
151
164
191
224
216
232
229
234
244
256
256
263
277
277
282
284
300
266
236
196
159
145
120
96
64
23
-30
-88
-140
-192
-240
-248
-254
-280
-295
-309
-324
-329
-336
-343
-339
-321
-322
-298
-269
-263
-238
-218
-193
-184
-139
-82
-53
-8
24
63
97
115
133
148
175
182
189
198
221
203
197
237
252
288
324
346
333
351
374
375
374
356
327
293
256
201
166
124
70
14
-25
-99
-145
-164
-212
-219
-263
-298
-291
-333
-357
-377
-397
-397
-403
-390
-411
-388
-360
-340
-320
-287
-242
-214
-170
-119
-77
-44
-10
18
73
120
127
149
153
145
164
170
203
216
240
290
315
341
361
386
405
418
411
393
389
381
364
331
288
267
211
157
118
58
25
-25
-101
-134
-153
-204
-237
-237
-284
-325
-338
-357
-369
-373
-352
-343
-308
-267
-249
-237
-205
-184
-176
-170
-164
-140
-105
-79
-71
-66
-25
-4
4
39
60
67
111
132
148
172
190
197
214
220
210
244
262
288
247
252
261
259
254
223
203
152
106
72
38
-11
-51
-107
-166
-200
-202
-241
-264
-267
-278
-279
-295
-304
-268
-259
-262
-246
-211
-195
-187
-150
-129
-114
-120
-85
-43
-40
-23
5
31
60
89
92
94
123
138
155
178
186
188
213
219
234
255
285
331
319
310
312
308
302
285
270
260
225
193
131
89
39
15
13
-33
-90
-137
-180
-226
-277
-302
-317
-333
-327
-334
-303
-285
-296
-275
-268
-264
-256
-232
-203
-171
-182
-128
-98
-75
-54
-74
-49
-46
-17
-9
24
53
86
108
115
145
163
189
178
216
227
237
289
296
301
314
306
284
283
271
251
222
207
166
147
124
96
59
21
-2
-82
-139
-175
-202
-240
-236
-259
-278
-259
-277
-281
-299
-293
-259
-242
-196
-171
-150
-142
-135
-108
-103
-92
-91
-96
-86
-59
-30
14
39
52
66
57
73
68
75
116
97
127
166
176
193
185
220
246
221
247
230
192
196
172
170
156
128
104
80
67
25
-16
-49
-99
-119
-139
-174
-158
-139
-136
-147
-141
-130
-151
-133
-128
-130
-129
-112
-127
-129
-119
-131
-118
-110
-101
-106
-111
-63
-53
-37
22
42
62
66
81
86
78
112
108
117
127
136
146
125
143
170
143
155
140
130
127
114
98
104
114
95
115
99
60
7
-2
-28
-56
-70
-83
-84
-113
-126
-123
-125
-121
-80
-79
-106
-84
-57
-62
-50
-46
-17
-19
-22
-31
-44
-55
-59
-51
-77
-55
-61
-66
-41
-14
-2
33
64
56
47
54
77
91
116
103
120
120
103
115
111
108
99
111
123
137
114
109
117
95
74
41
7
-32
-66
-73
-88
-97
-117
-94
-90
-120
-110
-141
-134
-118
-109
-128
-127
-121
-131
-150
-175
-189
-178
-175
-204
-195
-181
-184
-161
-172
-164
-127
-125
-130
-117
-77
-65
-33
5
15
62
85
102
136
136
165
163
153
176
203
211
228
259
243
244
241
224
225
216
186
162
158
138
114
102
86
82
75
48
51
59
21
2
-18
-42
-58
-72
-72
-71
-88
-105
-116
-112
-125
-141
-147
-158
-136
-136
-121
-85
-75
-82
-77
-87
-86
-103
-85
-88
-74
-42
-56
-38
9
30
51
93
82
94
119
138
119
132
140
146
135
111
118
105
86
67
33
11
-15
-39
-21
-37
-46
-32
-20
-45
-48
-56
-48
-52
-42
-33
-57
-71
-91
-83
-107
-119
-119
-121
-127
-133
-122
-101
-86
-54
-52
-63
-63
-46
-56
-60
-32
-26
15
7
17
32
48
88
88
102
132
150
147
146
169
177
163
183
171
170
146
119
106
86
81
75
51
21
-3
-26
-44
-21
-23
-19
-15
-29
-30
-49
-47
-44
-47
-62
-68
-64
-91
-107
-115
-138
-164
-174
-157
-159
-162
-143
-139
-113
-130
-120
-98
-95
-93
-92
-64
-54
-40
-13
10
9
44
73
106
122
130
147
142
136
154
174
156
153
177
164
144
123
117
103
75
72
48
20
27
18
-3
0
13
11
7
7
-3
-3
-28
-21
-9
-39
-52
-64
-76
-89
-128
-144
-146
-140
-123
-108
-112
-113
-104
-90
-109
-105
-82
-62
-27
-7
5
21
59
71
82
102
108
141
172
171
190
199
202
200
170
159
173
141
132
140
99
100
74
48
35
15
14
8
-8
-41
-61
-85
-100
-111
-122
-123
-134
-114
-135
-130
-144
-139
-149
-154
-151
-150
-163
-165
-140
-163
-172
-185
-195
-177
-170
-157
-140
-113
-109
-75
-53
-69
-41
0
17
51
71
97
117
122
137
120
126
139
144
128
85
73
68
72
70
52
55
68
77
91
77
74
93
89
64
43
37
51
52
61
59
24
5
6
5
-12
-24
-29
-40
-43
-61
-71
-58
-42
-52
-68
-67
-33
5
7
25
31
37
48
57
84
83
83
99
101
108
141
139
150
149
130
131
105
116
127
118
115
91
93
51
28
8
-34
-45
-49
-53
-67
-67
-75
-101
-99
-101
-125
-160
-164
-173
-156
-160
-181
-173
-191
-177
-179
-190
-159
-162
-147
-143
-139
-121
-116
-98
-86
-73
-57
-23
-15
-9
11
35
51
50
49
58
78
75
80
100
105
103
125
117
127
149
145
140
135
95
87
65
69
61
54
54
43
55
39
36
44
57
42
38
23
25
16
-4
-34
-65
-70
-102
-122
-133
-153
-157
-163
-152
-147
-116
-110
-117
-104
-84
-87
-81
-77
-74
-67
-84
-69
-42
-34
-28
-4
25
32
39
60
78
113
108
104
111
128
147
141
118
125
149
134
134
123
119
122
110
130
145
137
128
147
144
125
121
119
92
69
73
67
21
-11
-21
-47
-99
-84
-106
-147
-163
-170
-173
-183
-137
-163
-177
-184
-198
-206
-183
-167
-163
-143
-102
-87
-88
-57
-56
-47
-27
-8
26
29
32
50
88
88
61
93
97
143
147
127
119
120
126
126
126
145
165
181
167
142
141
138
133
109
106
94
92
77
53
31
8
-18
-72
-111
-131
-144
-144
-160
-186
-196
-218
-229
-205
-202
-218
-197
-159
-143
-145
-133
-104
-103
-74
-55
-51
-31
-21
-4
0
26
44
57
70
83
85
109
118
111
113
104
128
116
102
111
114
108
107
101
75
44
18
22
1
16
24
-7
-16
-52
-81
-113
-128
-158
-151
-142
-149
-159
-166
-147
-151
-159
-174
-139
-147
-137
-130
-102
-83
-48
-15
-10
13
27
48
44
79
67
81
91
111
150
141
141
172
189
196
180
166
188
193
191
176
183
214
200
199
198
168
163
156
128
135
128
99
76
35
36
27
17
3
-49
-92
-103
-131
-154
-161
-176
-186
-188
-195
-210
-198
-204
-202
-197
-207
-199
-188
-193
-166
-136
-117
-84
-65
-60
-47
-28
-10
-4
10
9
19
44
48
52
85
93
127
149
170
182
209
205
225
213
215
224
207
197
174
164
121
110
74
54
51
20
-6
-14
-48
-80
-115
-131
-164
-211
-224
-251
-244
-245
-262
-279
-288
-286
-277
-274
-279
-237
-224
-185
-185
-133
-124
-124
-77
-71
-37
-10
36
46
75
129
165
171
183
192
195
198
203
223
218
218
230
218
209
210
212
194
191
207
200
177
145
124
85
45
18
-24
-23
-53
-78
-102
-122
-132
-148
-156
-187
-201
-212
-231
-259
-256
-224
-207
-204
-200
-168
-169
-131
-88
-73
-46
-22
38
47
49
64
76
108
100
119
136
137
158
181
203
203
203
191
202
216
220
187
186
168
149
146
104
103
107
85
66
53
47
29
8
-1
-30
-62
-84
-119
-154
-172
-191
-200
-245
-258
-250
-270
-265
-258
-244
-221
-218
-179
-142
-105
-81
-82
-46
-12
10
43
71
92
131
129
166
162
152
188
206
225
241
241
244
261
268
257
231
234
218
203
209
176
164
149
133
97
52
48
15
-13
-52
-94
-125
-153
-169
-211
-242
-252
-276
-298
-312
-323
-345
-367
-370
-373
-403
-392
-367
-351
-341
-324
-305
-255
-222
-197
-163
-134
-71
-49
-2
55
72
117
153
188
210
227
247
284
307
315
325
323
312
320
322
323
313
306
295
257
261
226
194
168
147
127
86
49
19
-4
-54
-95
-124
-129
-151
-176
-204
-229
-247
-248
-269
-267
-266
-269
-262
-238
-222
-227
-200
-178
-146
-134
-127
-88
-58
-13
10
30
81
107
139
161
172
193
214
257
288
298
313
323
332
300
287
272
305
301
267
250
199
173
155
146
124
91
55
16
0
-54
-85
-117
-148
-172
-205
-237
-267
-289
-288
-299
-297
-313
-324
-323
-330
-321
-311
-281
-270
-249
-219
-204
-177
-137
-111
-93
-56
-14
25
49
76
113
152
161
148
187
202
182
215
240
227
240
249
237
252
280
265
235
198
191
175
165
167
140
104
94
72
46
28
29
-10
-37
-57
-98
-121
-154
-203
-199
-214
-237
-256
-266
-259
-288
-277
-279
-266
-241
-239
-232
-207
-194
-157
-138
-111
-92
-78
-57
-26
11
35
46
80
108
120
150
165
194
216
230
234
216
221
235
234
225
214
196
185
195
157
134
108
92
88
45
46
-20
-63
-87
-115
-134
-151
-176
-181
-194
-247
-267
-303
-311
-298
-293
-308
-270
-255
-244
-222
-202
-142
-117
-94
-50
-10
11
48
89
108
122
157
189
207
217
193
208
241
259
266
290
306
323
321
328
347
339
331
317
305
286
281
252
244
206
169
125
76
71
30
-18
-69
-99
-132
-162
-183
-206
-220
-232
-245
-235
-266
-285
-282
-275
-291
-315
-313
-301
-283
-288
-253
-217
-201
-173
-155
-120
-86
-45
-9
-8
27
46
71
77
97
121
127
107
108
130
124
126
150
157
163
166
149
146
135
140
133
128
106
99
87
74
54
32
5
-34
-47
-87
-104
-126
-168
-166
-182
-197
-194
-211
-185
-187
-220
-226
-213
-207
-215
-186
-163
-147
-118
-77
-55
-16
-9
22
22
33
57
56
90
113
125
131
146
152
173
178
185
200
209
221
220
210
197
172
180
150
137
123
112
110
98
67
42
32
45
33
6
-13
-41
-51
-74
-105
-104
-122
-146
-167
-188
-180
-192
-183
-169
-170
-150
-155
-168
-161
-164
-140
-134
-106
-81
-76
-48
-12
9
46
72
104
129
151
163
152
159
144
149
148
142
144
144
159
150
168
165
170
167
145
146
124
124
126
118
92
72
31
10
2
-29
-52
-50
-60
-81
-70
-78
-94
-110
-108
-115
-107
-125
-136
-131
-153
-142
-156
-146
-156
-150
-117
-99
-80
-76
-43
-44
-1
-3
23
66
77
94
100
113
115
123
110
109
116
106
101
80
69
87
85
69
72
32
20
18
-10
-4
-9
-33
-28
-44
-47
-81
-95
-134
-169
-197
-217
-209
-220
-201
-213
-219
-224
-236
-251
-267
-264
-274
-241
-202
-186
-153
-126
-93
-79
-47
-37
-10
29
51
66
97
125
142
197
220
228
232
247
247
222
207
181
205
211
198
221
208
194
206
201
172
162
157
147
136
127
151
155
104
90
78
57
44
27
37
27
9
-13
-50
-59
-72
-97
-119
-111
-113
-137
-148
-160
-176
-157
-148
-149
-129
-115
-108
-92
-77
-57
-36
-16
-29
-34
-17
-5
23
33
39
36
35
44
60
79
98
98
110
102
89
93
85
55
40
27
23
28
7
-17
-9
-17
-31
-45
-46
-57
-63
-74
-86
-70
-86
-125
-124
-103
-106
-113
-132
-158
-134
-118
-116
-107
-126
-96
-63
-54
-63
-26
-18
-3
31
45
60
78
89
79
76
70
105
106
115
118
138
146
140
157
149
176
156
140
117
128
112
91
95
88
77
52
26
8
-5
-8
-25
-59
-83
-108
-129
-106
-136
-143
-147
-178
-171
-182
-184
-211
-227
-229
-218
-212
-185
-177
-183
-163
-154
-139
-137
-118
-72
-59
-31
-17
13
40
69
86
101
127
140
152
149
150
164
169
190
184
207
212
212
193
213
214
203
209
196
166
175
165
133
140
101
89
87
60
49
33
0
-16
-25
-24
-82
-88
-98
-115
-121
-131
-118
-133
-126
-103
-108
-129
-122
-122
-107
-117
-112
-98
-82
-66
-49
-46
-13
-7
-20
-4
6
29
51
60
41
62
52
61
56
67
44
22
71
74
84
73
62
60
65
47
35
45
60
39
35
18
-13
-25
-47
-37
-61
-63
-78
-71
-76
-90
-112
-137
-127
-142
-150
-153
-156
-148
-143
-152
-136
-135
-147
-113
-125
-114
-89
-104
-87
-94
-93
-75
-59
-39
-5
2
38
62
74
92
107
115
109
139
128
130
136
126
127
127
127
113
126
123
126
126
131
121
91
83
94
75
78
64
47
57
41
34
11
23
27
-9
-37
-52
-78
-72
-90
-107
-85
-108
-103
-117
-103
-85
-78
-55
-36
-14
-34
8
13
-7
5
26
58
38
39
34
43
56
84
94
58
61
56
60
65
87
106
100
101
95
74
41
55
49
36
26
18
-1
-13
-15
-46
-63
-60
-51
-65
-87
-91
-83
-93
-89
-99
-91
-95
-89
-84
-96
-88
-97
-80
-91
-94
-91
-87
-74
-66
-56
-14
5
25
46
46
54
68
91
91
87
89
91
91
84
93
95
69
87
85
82
82
80
72
57
55
50
58
73
70
66
48
16
7
-28
-43
-28
-34
-30
-58
-56
-64
-101
-99
-108
-112
-112
-138
-141
-135
-145
-158
-154
-149
-134
-149
-132
-119
-116
-80
-82
-71
-44
-25
-23
-10
4
-8
-6
3
24
22
36
57
70
72
71
101
91
109
109
125
138
130
134
125
142
135
120
118
125
117
103
87
75
39
41
40
19
22
24
9
-27
-14
-39
-47
-22
-28
-15
-26
-31
-44
-44
-49
-72
-79
-50
-56
-42
-36
-27
12
-3
8
5
12
7
-19
6
20
4
5
-14
-3
-24
-41
-49
-39
-12
-8
-4
4
32
22
28
32
14
18
9
4
28
31
57
23
16
25
32
20
26
28
2
-10
-23
-27
-40
-52
-54
-51
-48
-55
-55
-58
-84
-81
-83
-85
-92
-96
-80
-76
-70
-61
-61
-41
-43
-33
-23
-3
-17
-9
7
-1
22
17
51
35
12
17
21
37
55
61
69
79
76
93
71
89
107
103
100
97
83
67
63
47
38
38
35
22
5
-27
-35
-30
-54
-58
-57
-62
-78
-86
-94
-104
-108
-115
-91
-86
-98
-67
-54
-38
-38
-27
-20
-9
6
-1
31
39
43
48
71
79
73
82
79
102
103
105
108
106
99
99
99
100
111
113
101
93
98
89
81
82
56
57
36
41
45
25
10
-4
1
-26
-74
-117
-110
-116
-93
-95
-97
-66
-76
-91
-110
-129
-137
-128
-131
-117
-105
-99
-84
-72
-54
-79
-72
-62
-56
-45
-40
-34
-37
-36
-55
-27
-20
-11
25
48
55
50
72
107
92
84
83
64
71
62
61
30
20
48
23
12
4
-24
-23
-23
-33
-45
-51
-58
-48
-56
-66
-65
-62
-48
-63
-54
-65
-39
-21
-30
-12
-10
-6
26
47
58
57
51
51
46
61
58
52
67
49
42
34
44
57
43
45
25
20
-1
-3
-7
-13
-13
2
15
11
23
21
46
19
25
30
18
12
16
27
9
-10
-2
1
14
18
25
28
23
41
32
39
21
2
-7
-2
9
-1
-2
8
-8
-23
-35
-39
-38
-43
4
20
24
41
44
41
45
34
29
42
27
20
15
39
28
32
14
8
27
25
21
8
15
19
7
17
27
23
6
-15
-25
-19
-19
-11
-13
-25
-28
-57
-67
-85
-96
-86
-120
-142
-122
-119
-114
-112
-126
-140
-127
-127
-123
-112
-119
-123
-115
-130
-111
-85
-73
-75
-56
-37
-25
12
29
32
51
53
83
94
99
110
95
103
99
86
75
100
120
106
101
139
158
121
110
108
117
109
89
100
88
80
53
53
49
35
38
45
26
16
-3
-29
-31
-37
-50
-40
-57
-66
-59
-65
-60
-84
-84
-99
-122
-115
-127
-135
-122
-99
-98
-78
-58
-56
-33
-27
-47
-15
-2
11
26
45
81
89
96
97
86
108
100
107
104
106
113
81
100
91
82
66
58
55
38
44
33
20
19
7
4
-6
-31
-34
-49
-50
-55
-72
-65
-49
-78
-90
-73
-82
-95
-87
-96
-95
-93
-86
-81
-70
-49
-30
10
6
7
18
28
54
42
66
54
59
63
60
71
56
56
46
61
30
8
19
5
-8
-14
-7
-17
2
3
17
-2
-21
-8
-26
-35
-50
-37
-48
-51
-68
-65
-63
-60
-58
-72
-48
-47
-69
-63
-82
-78
-69
-94
-68
-66
-60
-64
-49
-51
-59
-58
-38
-18
1
20
35
44
44
50
71
82
100
99
83
75
93
120
130
121
126
162
166
161
153
165
144
128
126
137
120
86
98
68
63
75
72
45
24
23
-11
-30
-42
-34
-56
-66
-68
-100
-81
-60
-70
-77
-70
-81
-100
-95
-92
-91
-92
-104
-95
-79
-79
-58
-63
-60
-55
-67
-81
-65
-49
-61
-52
-33
-33
-29
-21
-3
23
26
34
44
62
73
57
65
85
65
71
54
49
18
10
28
13
16
-3
5
-3
-4
2
-9
-18
-19
-23
-38
-19
2
0
-25
-39
-16
-33
-35
-32
-58
-44
-56
-43
-54
-51
-36
-28
-35
-37
-38
-24
-18
-32
-17
-11
11
5
-7
-3
-9
-3
2
-5
17
39
53
61
51
75
57
62
86
58
67
67
41
38
33
13
27
7
8
-1
-10
-5
-23
-8
-13
-6
-24
-49
-39
-48
-49
-39
-43
-41
-13
-12
-18
-28
-41
-27
-39
-30
-25
-50
-51
-38
-24
-37
-22
-8
2
0
8
12
6
45
32
42
44
37
55
47
78
88
96
94
77
90
56
52
45
47
49
42
30
27
34
14
29
8
17
0
3
-8
-6
-8
-22
-6
-22
-33
-33
-41
-27
-25
-61
-39
-35
-37
-41
-47
-72
-60
-52
-60
-62
-54
-20
-44
-36
-13
-19
-27
-4
-3
5
31
23
34
61
62
49
59
66
50
57
67
67
68
64
61
57
63
64
68
81
69
52
32
33
-5
-31
-33
-23
-22
-42
-53
-66
-54
-41
-37
-41
-45
-58
-65
-55
-58
-70
-68
-61
-59
-53
-58
-56
-47
-55
-33
-18
-18
-11
1
6
-13
-19
-7
17
2
-1
-4
-9
-13
7
13
-7
6
2
15
29
35
42
40
46
23
19
11
24
28
17
5
6
27
-4
-9
-13
-25
-27
-26
-33
-33
-29
-25
-39
-53
-53
-78
-74
-82
-96
-90
-92
-69
-56
-35
-22
-18
-15
-18
7
28
42
55
55
58
95
73
89
98
89
108
94
91
104
114
107
124
116
118
113
96
99
81
100
79
81
83
51
50
36
25
-12
-5
-12
-6
-6
-23
-29
-33
-37
-66
-63
-70
-80
-102
-121
-109
-119
-139
-141
-140
-143
-121
-97
-96
-73
-54
-45
-30
-27
-28
-17
-12
-18
-5
-13
1
11
23
26
40
53
45
48
47
38
36
28
12
23
24
19
28
22
13
1
16
27
47
56
57
53
39
38
16
26
8
-14
-33
-36
-43
-39
-6
-34
-28
-15
-15
-10
-20
-20
-16
-16
-8
-17
-25
-29
-39
-18
-20
-24
-21
-5
-2
-8
0
12
22
22
10
0
17
24
13
16
6
-3
14
1
28
16
26
39
26
36
30
44
35
49
44
3
19
29
24
18
6
14
13
11
13
-7
-23
-25
-52
-48
-63
-69
-58
-60
-52
-37
-39
-53
-37
-50
-36
-50
-42
-21
-8
13
16
33
53
67
62
57
56
64
69
70
67
81
82
56
59
62
63
69
52
49
43
7
11
19
8
-3
-3
-34
-46
-49
-57
-68
-70
-80
-79
-57
-57
-68
-54
-48
-30
-35
-52
-40
-22
-35
-45
-38
-26
-16
-14
-17
-29
-29
-35
-28
-34
-42
-34
-14
-23
-29
-1
-3
-9
-4
-17
-14
-11
-29
-24
-16
-19
-15
-13
-8
0
-16
-4
23
32
37
32
54
57
74
88
77
81
72
63
57
56
62
40
27
41
33
30
10
7
-13
-23
-10
8
2
38
34
11
32
20
24
1
-10
-12
-22
-24
-24
-29
-19
-7
-17
-1
-9
10
12
13
10
-20
21
14
3
-5
-24
-41
-44
-25
-44
-31
-12
-15
-20
-1
-3
10
14
3
11
-9
-11
-9
0
4
5
12
-7
-7
-18
-4
3
-13
2
2
24
3
-3
-14
-3
14
17
20
9
35
19
23
28
38
32
30
32
17
35
29
28
33
22
21
0
-4
13
11
7
-20
2
1
-6
16
6
20
5
3
26
-3
-9
-14
-29
-31
-52
-39
-37
-45
-64
-79
-94
-103
-89
-92
-79
-77
-58
-57
-66
-64
-43
-45
-41
-42
-39
-30
-26
-34
-25
-19
-35
-27
-36
-29
-7
-1
17
40
29
51
81
80
78
90
118
108
82
96
87
86
99
95
101
99
105
94
89
87
60
67
52
44
36
38
21
13
24
16
8
-7
-27
-56
-46
-55
-75
-64
-85
-66
-74
-76
-52
-57
-45
-53
-68
-74
-66
-59
-59
-39
-38
-43
-43
-33
-27
-13
-11
22
26
8
1
-5
-7
-9
-8
-3
-9
3
9
14
27
38
26
24
25
1
9
-3
-13
-22
-22
-26
-34
-13
-27
-12
-33
-27
-9
2
-1
-10
10
-5
-13
-30
-56
-44
-43
-37
-63
-53
-14
-25
-6
6
13
3
-7
0
-15
-6
-5
3
37
31
5
17
29
25
22
24
53
55
58
72
78
66
71
69
57
55
58
65
63
43
20
16
21
18
24
30
25
37
36
44
25
-10
15
29
29
21
14
26
9
-6
-12
12
5
7
4
-16
-20
-41
-42
-46
-41
-44
-23
0
1
10
13
29
42
36
35
38
48
30
16
1
-21
-20
-27
-18
-5
-29
-31
-8
-37
9
25
-12
-10
-26
-67
-31
-8
-28
-25
-24
-31
-48
-41
-48
-30
-46
-62
-52
-64
-69
-55
-64
-63
-29
-46
-41
-24
-62
-58
-35
-27
-26
-17
-39
-34
-26
-40
-46
-49
-46
-25
-22
-18
5
-6
3
14
26
26
18
17
34
34
56
89
102
91
78
76
76
88
87
64
45
58
56
36
31
28
20
9
9
-4
-17
4
2
2
14
19
20
27
-2
-38
-54
-64
-65
-55
-45
-53
-29
-15
-31
-33
-38
-38
-23
-40
-57
-50
-38
-52
-35
-1
25
30
16
18
51
71
70
52
42
40
43
36
43
49
32
40
48
40
44
45
42
40
38
42
65
49
19
24
41
47
23
20
20
12
19
34
26
16
-6
-18
-21
-30
-48
-57
-51
-41
-24
-44
-40
-46
-47
-33
-59
-90
-97
-73
-67
-47
-16
-14
-23
-35
-9
-31
-3
15
1
17
17
17
19
24
21
36
30
21
38
32
26
40
42
45
40
8
-36
-32
-43
-34
-36
-46
-27
-16
-21
-25
-2
-13
-4
-7
-31
-64
-65
-80
-105
-96
-84
-80
-53
-41
-59
-47
-44
-31
-19
-5
13
19
28
25
-3
-2
5
-8
-4
3
14
11
27
42
39
55
62
68
86
64
44
46
39
49
65
64
68
70
86
90
74
92
83
53
37
40
22
38
43
45
35
28
28
19
13
10
10
15
-10
-43
-57
-65
-38
-23
-11
-31
-6
6
-38
-48
-66
-70
-50
-45
-40
-29
-39
-16
-1
10
19
17
-3
0
-20
-29
-16
-3
5
24
12
-21
-9
10
13
5
-5
-46
-42
-9
-7
-11
0
6
7
-7
-22
-17
-18
-36
-37
-35
-64
-44
-63
-70
-49
-29
-17
3
7
-20
-20
-28
-19
-11
-17
-10
-2
-42
-33
-3
-25
0
23
22
23
58
38
21
42
23
30
36
23
11
10
18
47
54
41
36
15
13
35
34
38
62
70
62
64
49
17
26
-4
-42
-27
-48
-87
-76
-58
-61
-56
-47
-37
-34
-33
-35
-23
4
22
20
15
37
32
31
39
33
31
40
37
15
9
2
10
7
23
28
35
42
27
33
46
50
