SAMPLES:	21768
BITSPERSAMPLE:	16
CHANNELS:	1
SAMPLERATE:	16000
NORMALIZED:	FALSE
-24
-25
-30
-34
-27
-28
-30
-23
-26
-26
-30
-30
-28
-23
-20
-14
-12
-7
-3
-3
2
-5
-3
7
4
3
1
7
9
5
8
6
9
10
10
11
8
7
7
3
8
8
2
1
-3
6
6
5
8
8
1
1
0
-4
3
5
4
6
6
-3
0
3
0
7
9
11
5
5
-3
-6
-9
-5
-11
-6
2
-5
-2
-4
-7
-7
-9
-15
-14
-15
-14
-16
-15
-19
-20
-19
-11
-13
-16
-14
-16
-16
-22
-21
-22
-14
-13
-7
-2
-5
-6
-4
-4
-8
-2
-4
-1
-3
-1
3
4
15
11
11
9
11
15
12
17
14
20
21
18
17
16
14
12
14
12
12
15
15
13
15
15
12
13
12
12
10
13
11
6
6
6
10
8
8
1
1
-1
-6
-6
-9
-8
-10
-11
-12
-8
-11
-4
-2
0
-1
0
6
6
9
13
12
11
8
13
5
6
5
-4
-3
-9
-4
-4
-1
-1
-2
10
7
8
13
3
1
-10
-13
-20
-20
-25
-25
-25
-25
-20
-22
-16
-18
-13
-17
-15
-16
-15
-13
-11
-11
-11
-4
-5
-5
-4
-4
-8
-4
-2
0
2
0
9
10
16
18
16
25
23
22
24
22
22
16
19
22
23
17
12
12
17
16
17
20
10
10
10
5
9
10
10
6
4
2
0
-2
-5
-12
-13
-14
-16
-14
-15
-15
-11
-11
-16
-14
-17
-14
-18
-19
-14
-18
-18
-19
-16
-11
-12
-11
-6
-4
-3
2
4
7
8
9
3
1
3
5
4
3
9
9
1
3
6
1
5
1
1
4
7
11
11
15
9
0
0
-4
-4
-5
-9
-7
-10
-8
-4
-6
-8
-8
-10
-10
-11
-13
-16
-14
-16
-17
-15
-18
-21
-20
-20
-23
-20
-19
-15
-15
-15
-10
-9
-7
-8
-6
-2
0
0
5
11
13
15
15
13
18
21
23
23
26
25
25
29
31
31
30
31
32
36
36
38
41
43
41
37
35
32
29
24
23
18
21
18
16
13
11
14
13
9
9
3
-2
-6
-7
-12
-16
-20
-18
-20
-21
-29
-33
-34
-37
-30
-33
-30
-29
-28
-31
-28
-30
-31
-26
-29
-27
-25
-23
-21
-20
-20
-18
-20
-24
-21
-16
-16
-14
-11
-13
-10
-7
-8
-10
-11
-9
-11
-7
-6
-2
3
1
-2
0
0
3
4
6
11
10
4
12
13
12
16
10
11
11
8
8
12
15
19
20
21
17
21
18
14
12
14
13
16
15
13
17
20
16
14
15
10
12
7
3
5
0
0
-1
-4
-3
-6
-7
-7
-11
-9
-6
-9
-6
-6
-8
-5
-4
-2
0
2
3
0
3
1
-5
-9
-11
-9
-10
-9
-1
2
8
12
17
18
19
18
12
5
7
5
5
10
8
4
7
2
0
-1
0
4
1
2
1
-1
-5
-4
-3
-4
-6
0
-4
-6
-9
-13
-15
-10
-8
-8
-10
-16
-17
-20
-19
-20
-15
-14
-15
-20
-22
-24
-25
-24
-21
-17
-14
-7
-11
-7
-5
-9
-9
-10
-6
-7
0
3
8
13
15
22
23
25
26
33
31
34
34
36
39
33
34
34
36
34
32
30
30
32
31
30
26
22
16
4
0
-5
-7
-11
-15
-17
-17
-24
-28
-26
-26
-24
-30
-26
-28
-31
-35
-36
-37
-39
-35
-34
-31
-22
-19
-18
-14
-13
-12
-10
-11
-9
-7
-4
-2
2
-1
1
6
5
7
7
8
8
8
6
3
1
1
3
2
3
2
3
3
3
1
-2
-4
-2
-6
-2
0
0
-4
-9
-8
-6
-4
-2
8
7
8
10
7
5
8
10
12
12
13
13
14
13
10
14
12
9
9
5
7
8
8
9
12
11
11
12
11
15
12
15
15
17
18
17
21
17
14
18
12
12
12
9
7
5
0
-3
-3
-5
-7
-8
-5
-8
-10
-16
-16
-17
-22
-19
-16
-14
-13
-15
-16
-14
-10
-14
-17
-13
-11
-7
-5
-2
1
0
-3
2
3
3
6
3
0
5
-1
-4
2
-2
0
7
4
6
6
9
4
2
1
-2
-4
-5
-2
-9
-10
-15
-17
-16
-12
-12
-18
-17
-13
-14
-14
-11
-14
-11
-10
-13
-11
-7
-5
1
4
5
6
4
6
6
6
8
11
10
9
14
16
15
15
14
20
24
19
22
27
25
19
17
12
11
8
1
-2
-10
-11
-16
-17
-21
-21
-21
-25
-26
-24
-19
-18
-17
-15
-17
-14
-12
-10
-4
0
1
1
-2
0
0
-3
-4
-3
2
0
5
3
7
3
3
4
8
8
10
10
9
6
2
4
5
4
7
10
8
10
15
16
16
21
22
25
26
22
25
23
22
20
18
15
15
13
10
9
8
5
1
-3
-8
-6
-9
-12
-12
-9
-7
-5
-7
-4
-8
-11
-11
-12
-9
-6
-6
-3
-4
-4
-1
-5
-2
-3
0
-1
-1
4
5
-1
-1
-6
-11
-12
-11
-12
-10
-10
-11
-9
-9
-10
-10
-11
-15
-12
-8
-6
-1
-3
-5
-8
-7
-11
-14
-16
-17
-19
-20
-18
-22
-20
-17
-16
-11
-9
-9
-6
-6
-7
-5
-1
0
2
4
5
3
3
5
7
8
9
11
11
8
11
13
10
9
10
13
14
16
18
17
20
21
18
15
12
11
7
5
11
12
12
11
6
4
5
6
6
0
2
4
3
5
9
7
6
2
3
2
3
6
2
5
4
4
1
2
-1
-2
1
-1
1
2
2
-2
-1
-2
-6
-7
-8
-7
-7
-6
-6
-4
-4
-4
-4
-1
-4
-1
-1
-2
0
-3
-4
-7
-7
-6
-5
-11
-12
-13
-16
-16
-15
-9
-5
-1
-1
-1
3
0
-2
3
1
-2
-1
2
2
2
5
5
6
5
3
5
6
4
7
7
2
2
-1
-1
1
1
2
0
2
3
3
0
-1
4
4
5
6
3
-2
0
-1
-4
-1
-2
-8
-8
-12
-10
-10
-7
-7
-5
-2
-5
-3
-6
-7
-7
-12
-14
-19
-23
-16
-15
-13
-11
-9
-8
-6
0
-1
-1
4
4
8
10
7
12
18
13
15
14
13
13
13
15
16
15
11
11
9
8
9
16
17
16
19
15
16
15
9
7
2
1
-1
-1
-3
-10
-11
-14
-16
-13
-7
-5
-5
-3
-3
-2
-4
-4
-5
-7
-4
-2
-3
-3
0
3
2
0
2
1
0
1
1
-5
-1
-3
-6
-3
-3
-2
-1
1
1
-2
0
3
2
0
-1
1
0
-1
-1
-2
1
-1
-1
-2
1
0
-2
-3
-8
-7
-8
-8
-6
-1
0
2
1
-2
-2
-2
-5
-4
-3
-8
-11
-12
-11
-8
-7
-8
-9
-6
-7
-7
-6
-6
-7
-3
-4
0
5
5
6
3
3
6
7
3
3
6
5
3
5
8
11
12
15
15
14
13
13
14
15
15
15
15
17
17
13
12
14
11
8
6
4
8
6
6
7
3
1
-2
-1
2
2
3
-2
-2
-3
-1
1
-5
-3
-3
-6
-10
-9
-8
-11
-9
-8
-11
-12
-13
-18
-19
-17
-17
-14
-11
-12
-8
-6
-7
-8
-7
-4
-5
-5
0
1
3
4
3
1
2
0
-5
-9
-13
-17
-19
-15
-15
-10
-7
-4
0
-2
-1
0
0
1
3
5
2
-1
-1
-1
-3
-3
0
-2
0
6
4
6
7
7
6
8
12
11
15
18
16
19
22
19
20
15
12
14
14
12
8
6
3
2
-1
1
-1
0
-2
-4
-2
-3
-2
-3
0
4
6
8
8
7
6
7
5
6
4
3
4
2
1
0
-3
-5
-8
-10
-11
-12
-11
-14
-14
-17
-19
-19
-18
-18
-14
-11
-11
-12
-12
-8
-10
-9
-8
-6
-4
-3
-1
1
5
5
6
5
8
7
6
9
5
10
10
10
10
10
10
7
4
5
5
5
2
4
5
5
4
4
4
2
5
7
6
6
6
5
2
3
-1
-5
-8
-5
-5
-8
-7
-7
-6
-3
0
3
3
6
6
2
6
4
2
1
0
1
0
1
2
0
0
-2
-1
-3
-4
-6
-8
-9
-9
-10
-10
-10
-15
-15
-14
-15
-18
-14
-15
-17
-17
-16
-16
-12
-11
-8
-7
-6
-1
-1
-1
0
4
3
3
4
6
7
4
4
6
4
6
10
10
10
12
13
14
14
12
12
15
15
16
16
17
18
18
19
15
12
11
5
1
-2
-1
-1
0
4
3
8
12
14
15
15
14
12
10
8
6
2
0
-2
-3
-4
-9
-11
-13
-9
-10
-13
-13
-10
-9
-9
-9
-7
-4
-4
-5
-2
-3
-2
-2
-4
-8
-10
-7
-9
-7
-4
-4
-1
-3
-6
-5
-7
-6
-7
-5
-4
-5
-6
-6
-6
-7
-6
-7
-6
-8
-7
-8
-10
-10
-12
-9
-10
-10
-6
-8
-7
-5
-6
-3
-5
-4
-3
-1
0
-2
-1
-1
0
5
7
9
8
9
6
5
4
6
8
7
11
9
8
8
8
10
11
11
11
12
13
13
14
13
11
10
10
11
9
8
12
11
12
10
8
7
5
6
6
4
5
5
5
3
1
1
0
-2
-3
-2
-1
-1
-3
-3
2
2
0
-2
-2
-4
-7
-12
-11
-10
-13
-10
-11
-11
-11
-10
-10
-8
-4
-4
-1
-3
-1
-1
-5
-6
-8
-11
-11
-10
-10
-12
-16
-16
-16
-16
-12
-8
-3
-1
-3
-1
-1
-1
1
2
3
4
1
2
-1
-2
-1
-1
0
-1
-2
-2
-3
-5
-3
-1
3
4
6
7
6
9
10
8
9
8
10
10
13
14
13
14
9
8
9
10
7
7
9
10
6
7
8
6
8
8
6
8
3
-1
-6
-6
-8
-8
-8
-8
-12
-13
-11
-10
-9
-9
-7
-4
-4
-3
-6
-9
-6
-6
-8
-5
-3
-3
-4
-6
-5
-8
-7
-4
-4
-3
0
2
3
3
4
4
3
0
1
1
1
0
1
-1
2
3
2
4
6
4
4
1
0
0
-1
0
-1
-1
1
2
4
3
3
4
1
8
8
8
8
7
5
3
4
2
2
6
6
4
9
8
5
6
6
4
7
6
4
2
-1
-1
-4
0
-3
-2
-1
-4
-3
-5
-4
-6
-5
-2
-1
-1
0
1
-1
-2
-3
-2
-4
-2
-4
-2
-3
-5
-5
-4
-3
-2
-3
-1
-1
-3
-4
-2
-1
0
1
-1
0
0
-1
-1
-2
-2
-3
-2
-3
-6
-3
-3
-3
-4
-4
-2
-1
1
4
4
6
6
4
5
4
3
4
3
1
2
2
1
1
1
3
6
3
5
6
5
3
0
1
1
2
2
3
4
1
-3
-6
-6
-11
-10
-10
-9
-9
-11
-11
-8
-10
-7
-4
-2
0
-1
1
-1
-3
-3
-2
-2
-2
-1
4
3
5
5
7
5
4
5
6
8
7
5
3
4
0
-1
1
0
0
-2
-4
-3
-3
-5
-3
-2
0
0
2
0
-3
-1
-5
-4
-4
-6
-7
-5
-5
-4
-4
-4
-5
-3
-4
-4
-3
-4
-5
-3
0
1
1
1
2
4
1
3
4
2
1
3
2
1
2
1
2
1
3
2
1
2
1
1
2
3
6
6
8
12
14
15
14
14
15
12
11
12
11
10
9
10
12
10
10
8
6
5
2
1
-1
-2
-3
-3
-2
-4
-4
-1
-2
-2
-4
-3
-5
-5
-2
-2
-4
-5
-4
-2
-3
-2
-2
-4
-8
-9
-12
-10
-11
-12
-12
-14
-15
-15
-12
-11
-10
-8
-8
-10
-10
-9
-7
-8
-7
-4
-1
-2
-1
0
2
2
0
1
-2
-3
-1
1
3
3
2
5
5
5
7
7
7
9
8
8
5
2
1
0
1
3
5
6
4
3
0
-3
-6
-5
-4
-3
-2
0
2
0
1
-2
1
0
2
2
4
2
3
2
2
2
0
2
4
4
2
2
2
3
2
2
3
5
3
3
5
4
4
2
3
3
6
5
4
5
5
6
5
4
4
5
4
3
3
2
2
0
-1
-3
-5
-4
-7
-5
-6
-5
-4
-4
-2
-4
-3
-6
-5
-6
-4
-2
-5
-2
-3
-3
-4
-5
-3
-4
-2
-2
1
0
1
-1
-2
0
-1
-1
-3
-3
-3
-4
-5
-5
-8
-7
-8
-8
-6
-6
-6
-4
-3
-1
1
4
6
6
8
9
10
8
9
6
5
5
2
3
3
6
5
3
3
2
3
6
6
5
8
9
8
6
6
6
4
5
6
5
3
3
2
0
-2
-4
-4
-2
-2
-1
-1
0
0
-3
-4
-5
-6
-7
-9
-7
-7
-8
-7
-6
-3
-1
-2
0
1
0
0
-4
-3
-4
-5
-6
-6
-3
-1
-1
-3
-1
-3
-4
-2
-2
-1
-2
-2
-4
-2
-1
-2
-3
-2
-3
-3
-4
-4
-7
-5
-5
-7
-5
-7
-5
-4
-6
-4
-2
-1
0
0
4
4
8
8
8
9
9
9
9
8
8
9
8
7
6
6
8
8
7
7
9
9
8
9
8
5
8
7
6
4
1
1
0
-1
-2
-3
-3
-3
-4
-6
-7
-6
-6
-5
-4
-4
-1
-3
-4
-2
-2
-2
-2
0
1
1
0
-1
0
1
-2
-2
-3
-1
-1
-3
-3
-1
-1
-2
-4
-3
-1
-3
-3
-2
-4
-4
-6
-6
-7
-8
-10
-11
-11
-11
-10
-10
-9
-5
-1
-3
-2
-2
-3
-3
-3
-2
-1
1
3
4
6
5
8
9
9
10
12
11
13
14
17
16
14
14
13
10
10
9
7
6
5
7
6
9
7
5
6
2
0
0
0
-1
0
-2
-3
-4
-3
-3
-4
-3
-4
-5
-6
-6
-4
-4
-6
-5
-5
-5
-3
-4
-2
0
2
2
3
2
2
1
-2
-2
-3
-2
-2
-1
-1
-1
-1
-2
-3
-3
-1
0
0
1
2
3
2
3
2
-1
-2
-4
-4
-4
-6
-7
-8
-11
-12
-11
-11
-11
-10
-8
-8
-9
-7
-8
-5
-7
-7
-4
-4
-5
-4
-4
-3
-4
-2
0
-1
-1
0
1
0
-3
-2
-5
-3
-4
-4
-3
-3
0
-2
-2
-2
1
2
2
1
4
5
5
5
8
11
8
10
11
12
13
16
18
21
22
21
21
22
20
19
19
16
15
13
13
11
9
8
8
7
6
4
4
4
3
1
0
-3
-6
-7
-7
-10
-9
-10
-11
-14
-13
-12
-14
-13
-13
-14
-15
-15
-14
-13
-16
-14
-12
-11
-9
-7
-8
-7
-8
-7
-6
-7
-5
-4
-5
-6
-6
-6
-7
-5
-6
-7
-7
-6
-6
-5
-7
-6
-5
-6
-3
0
4
4
5
4
7
8
8
8
9
12
11
13
13
13
13
14
16
18
20
18
20
21
17
17
19
16
14
14
14
13
13
14
14
12
10
7
4
0
-2
-3
-6
-7
-8
-8
-8
-10
-10
-10
-13
-15
-16
-18
-19
-18
-18
-18
-17
-16
-15
-14
-15
-15
-14
-15
-14
-15
-15
-14
-14
-14
-14
-12
-13
-11
-8
-8
-7
-7
-5
-2
1
0
-1
-3
-3
-2
-1
0
1
3
6
4
5
6
5
4
3
4
7
11
14
16
15
17
16
17
15
14
18
16
15
19
16
16
17
14
17
16
17
18
19
18
16
12
7
4
0
1
1
0
0
-2
-4
-4
-2
-3
-3
-3
-3
-4
-4
-3
-4
-3
-3
-4
-2
-4
-4
-1
-1
-2
-2
-4
-6
-6
-7
-8
-7
-9
-10
-10
-10
-13
-13
-13
-14
-14
-14
-13
-13
-15
-15
-15
-15
-16
-18
-20
-19
-18
-19
-18
-16
-13
-13
-12
-9
-5
-1
-2
1
2
5
4
7
8
12
12
12
13
12
12
12
14
12
13
13
12
13
12
10
10
10
10
6
8
7
7
9
9
8
6
6
6
2
3
2
3
1
-2
-1
0
-3
1
1
4
4
5
7
7
8
9
10
9
8
9
9
9
10
9
7
4
4
2
3
3
4
4
5
6
3
5
2
3
3
3
4
4
4
3
1
-3
-5
-8
-10
-9
-6
-6
-8
-9
-8
-8
-8
-9
-8
-10
-11
-11
-12
-15
-15
-13
-15
-15
-12
-13
-13
-14
-14
-14
-14
-16
-13
-13
-11
-9
-7
-3
-2
-1
-1
2
3
0
2
1
0
1
3
3
4
5
6
8
8
8
10
9
5
6
6
5
4
4
5
3
2
4
4
4
5
7
5
4
2
4
5
4
4
2
2
-2
-2
-1
-4
-5
-4
-2
-2
-2
1
3
1
2
2
2
2
3
3
1
2
1
1
0
1
0
0
2
0
-2
1
1
1
-3
-2
-3
-5
-7
-6
-2
-2
-1
1
3
3
1
2
2
0
-3
-2
-3
-3
-3
-2
-1
-1
-1
1
2
4
6
8
6
7
10
10
9
8
6
3
2
3
3
3
0
1
1
0
-1
0
-2
-1
0
1
2
2
1
-1
-1
-1
1
-1
1
1
1
0
-1
-2
-1
0
1
0
1
1
-2
0
-2
-2
0
-1
-2
1
1
1
-1
-4
-4
-7
-10
-10
-12
-11
-12
-11
-13
-12
-11
-11
-9
-6
-4
-3
-2
-2
-2
-2
0
2
1
4
4
6
7
6
5
7
5
6
7
7
8
9
6
6
7
5
4
3
3
2
0
-3
-4
-1
-2
-4
-5
-5
-3
-3
-4
-1
-3
-2
-1
-2
-2
-3
-3
-1
-1
-1
-2
-2
-3
-3
-1
-1
0
1
1
1
2
3
4
4
6
6
8
8
11
11
12
13
14
14
13
11
10
8
9
10
5
5
6
6
4
3
2
1
0
-3
-3
-7
-11
-12
-13
-14
-14
-12
-13
-12
-11
-10
-11
-9
-6
-2
-2
-1
0
0
2
2
2
3
2
1
0
-1
-3
-5
-6
-9
-9
-12
-12
-11
-14
-13
-13
-15
-15
-15
-12
-11
-10
-7
-6
-3
2
4
7
7
9
15
17
19
23
22
25
26
25
26
26
24
21
21
18
15
12
10
7
3
-1
-3
-5
-9
-11
-12
-11
-12
-12
-14
-15
-14
-12
-9
-9
-8
-6
-5
-1
0
3
4
5
8
8
7
3
3
4
4
2
0
-2
-4
-5
-8
-12
-15
-20
-20
-21
-27
-24
-25
-25
-29
-26
-23
-23
-21
-18
-17
-15
-12
-6
-6
-5
0
0
0
5
8
9
14
18
15
12
14
15
16
14
15
15
13
7
6
2
-2
-1
-2
1
0
-2
0
4
6
9
17
25
25
32
39
35
34
34
36
36
33
35
37
32
26
23
14
8
7
5
1
-4
-8
-13
-14
-19
-25
-29
-35
-38
-39
-32
-28
-27
-25
-22
-21
-19
-12
-9
-8
-3
6
6
8
12
14
11
8
13
15
9
8
8
3
3
1
-1
-7
-10
-10
-11
-11
-13
-16
-17
-19
-19
-18
-23
-19
-16
-18
-21
-21
-19
-15
-8
-4
-4
-1
11
15
14
19
22
17
15
25
25
22
17
11
4
5
8
2
-4
-7
-8
-8
-7
-11
-15
-21
-22
-21
-25
-30
-32
-23
-19
-13
-10
-10
-10
-4
5
8
4
7
15
19
21
32
36
34
40
45
41
37
37
30
27
27
27
19
10
3
-11
-17
-23
-29
-36
-40
-37
-38
-43
-47
-60
-57
-41
-38
-37
-33
-33
-25
-4
6
0
-1
16
33
42
40
49
52
51
71
78
73
72
81
73
65
66
58
54
50
51
43
38
25
9
-5
-12
-20
-31
-46
-66
-92
-113
-94
-78
-97
-109
-102
-101
-95
-74
-62
-71
-70
-38
-17
-29
-19
22
30
26
62
87
73
74
97
99
84
98
108
93
77
82
76
56
50
39
9
-8
-4
-4
-21
-38
-63
-106
-102
-68
-70
-97
-105
-100
-100
-80
-49
-58
-88
-65
-24
-34
-43
-14
-4
-17
5
42
21
5
42
46
14
28
79
76
42
63
75
59
68
87
75
51
69
105
98
68
75
88
86
98
114
109
86
48
-67
-150
-76
-28
-109
-185
-227
-270
-254
-177
-179
-318
-352
-214
-148
-194
-153
-93
-115
-51
99
129
74
142
236
208
185
245
267
209
196
194
155
115
116
82
-1
-76
-112
-80
-91
-137
-150
-137
-111
-69
-5
30
18
40
114
151
165
215
244
220
202
224
207
162
160
108
23
-31
-33
-41
-100
-138
-171
-204
-197
-176
-186
-196
-187
-165
-143
-120
-70
-46
-37
-9
12
21
42
68
71
69
54
44
43
56
48
19
-17
-66
-80
-93
-89
-65
-94
-174
-207
-149
-60
-35
-87
-123
-80
24
120
158
148
158
247
343
338
288
277
289
318
310
280
232
174
152
118
48
26
4
-26
-188
-489
-661
-561
-452
-558
-694
-812
-858
-719
-471
-428
-636
-676
-371
-164
-153
-67
21
29
211
493
509
418
522
634
580
516
580
610
513
451
402
271
179
203
195
63
-85
-78
-10
8
-11
-63
-69
-16
99
229
287
278
299
352
376
347
420
578
440
-21
-7
571
524
-18
-107
-81
-216
-17
229
-127
-656
-362
308
81
-358
-90
85
-83
128
344
37
-94
282
381
-19
-492
-686
-516
-399
-615
-922
-1038
-1175
-1303
-1055
-901
-1493
-1706
-937
-677
-1045
-867
-418
-455
-416
240
489
123
352
970
861
555
881
1090
820
757
870
708
566
592
499
258
-12
-53
62
51
-97
-143
-69
13
65
179
201
72
245
517
306
358
1182
1310
628
688
1062
982
1064
1253
932
346
543
1193
803
128
342
490
127
125
287
-60
-366
-46
-164
-1272
-1819
-1196
-882
-1293
-1638
-1862
-1937
-1739
-1367
-1188
-1747
-2134
-1271
-610
-914
-913
-498
-442
-214
406
636
315
282
805
890
567
654
877
671
390
349
276
120
63
73
-173
-526
-436
-139
-58
-154
-200
-8
241
411
664
1046
903
624
1200
1771
1368
958
1348
1658
1340
1052
1100
818
407
718
880
-63
-604
-80
116
-420
-631
-443
-661
-622
-6
154
-245
-251
78
132
-47
-27
-208
-969
-1277
-860
-797
-1146
-1405
-1655
-1770
-1667
-1434
-1523
-2039
-2067
-1474
-1157
-1107
-837
-560
-532
-128
472
586
667
1024
1268
1251
1308
1506
1458
1289
1338
1244
955
877
832
653
357
148
114
28
-213
-637
-371
485
280
-373
-5
494
749
1093
1161
806
702
1487
2067
1392
775
1065
1353
1332
1283
1198
884
595
569
361
79
-14
-210
-557
-1203
-2101
-2206
-1505
-1736
-2739
-2812
-2533
-2874
-2682
-2011
-2427
-3104
-2468
-1368
-1314
-1529
-805
-299
-519
60
1124
1152
900
1489
1882
1541
1512
1918
1802
1270
1016
839
653
433
117
-187
-545
-897
-934
-714
-536
-554
-504
-341
-157
331
997
1565
1689
1575
1950
2501
2640
2732
2687
2261
1983
2012
2084
1881
1382
1153
953
292
-379
-457
-434
-914
-1352
-1640
-2482
-3164
-2612
-1982
-2603
-3258
-2906
-2454
-2439
-2091
-1623
-1998
-2326
-1346
-416
-794
-807
-20
11
-142
621
1133
829
871
1344
1282
935
1066
1318
1036
552
379
352
172
-59
-103
-359
-891
-790
-249
-208
-391
-460
-232
244
688
1229
1572
1594
1888
2499
2757
2683
2802
2985
2848
2696
2618
2391
2359
2130
1164
336
242
58
-392
-778
-1198
-1880
-2847
-3358
-3016
-3042
-3712
-3700
-3534
-3779
-3542
-2724
-2448
-2810
-2529
-1495
-856
-761
-297
250
304
677
1533
1816
1587
1729
2127
2000
1562
1609
1632
991
507
500
279
-274
-675
-577
-581
-1115
-1286
-740
-539
-831
-459
-52
-88
646
1730
1878
1692
1994
2609
2923
2862
2939
2780
2518
2716
2796
2426
1713
1109
1008
729
111
-439
-1307
-1672
-863
-1066
-3068
-4451
-3847
-2822
-2989
-3651
-3778
-4068
-4002
-2151
-1209
-2921
-3174
-875
-42
-567
218
979
481
893
2404
2438
1505
2068
2823
2034
1381
1648
1591
926
425
146
-394
-990
-933
-709
-1224
-1840
-1741
-941
-561
-863
-475
375
400
327
1411
2483
2346
2512
3122
2775
2644
3614
3986
3198
2621
2722
2455
1601
1394
1144
172
-329
-397
-843
-1385
-1894
-2845
-4001
-3979
-3256
-3576
-4066
-3905
-3959
-3870
-2994
-2394
-2939
-2876
-1458
-782
-970
-309
526
627
988
1877
2220
1988
2438
2855
2300
1983
2163
2052
1543
933
516
21
-407
-451
-722
-1142
-1420
-1526
-1265
-1116
-1253
-1147
-718
-89
402
945
1629
1732
2103
2919
3146
3138
3305
3476
3671
3674
3209
2259
1615
1798
1607
720
17
-402
-799
-1193
-1881
-3502
-4761
-4009
-3289
-4083
-4786
-4775
-4610
-4055
-3022
-2829
-3791
-3489
-1619
-651
-523
-34
395
568
1316
2535
2979
2644
2746
3036
3025
3036
2981
2454
1668
1102
805
495
126
-298
-758
-1192
-1615
-1628
-1214
-1328
-1567
-1325
-915
-325
551
1177
1320
1529
2212
2942
3414
3596
3459
3405
3668
3652
2801
2065
2225
1982
1015
418
-9
-453
-740
-1263
-2925
-4868
-4509
-3180
-3832
-4883
-4906
-5117
-4846
-3418
-2798
-3707
-3883
-2203
-913
-988
-671
250
515
956
2062
2437
2184
2618
3019
2722
2327
2206
2257
1958
1296
752
337
-96
-167
-79
-411
-1160
-1306
-658
-451
-663
-466
-78
228
930
1857
2203
2123
2562
3231
3458
3573
3755
3815
3778
3497
2558
1740
1836
1721
833
149
-387
-936
-1094
-1370
-2711
-4706
-4958
-3538
-3569
-4882
-5091
-4719
-4699
-3992
-2949
-3358
-4022
-2665
-995
-1128
-1369
-415
390
564
1292
2143
1995
1956
2653
2890
2238
1816
2104
1988
1256
881
607
-23
-290
-124
-341
-1023
-1308
-939
-726
-909
-693
-33
259
536
1496
2250
2351
2803
3416
3469
3634
4198
4301
4053
3867
3149
2163
2128
2233
1363
305
-315
-659
-889
-1243
-2612
-4745
-5001
-3531
-3662
-4952
-5042
-4787
-4754
-3863
-2944
-3490
-3978
-2381
-922
-1368
-1371
-140
404
440
1255
1808
1530
1867
2598
2460
1819
1675
1995
1756
1156
859
180
-498
-193
-18
-540
-994
-1130
-1051
-614
-282
-424
-303
297
985
1758
2252
2406
2849
3403
3699
4053
4296
4369
4541
4213
3003
2395
2761
2459
1485
695
-114
-551
-539
-1029
-2805
-4836
-4785
-3504
-3960
-5444
-5665
-5150
-4717
-3967
-3455
-4046
-4020
-2042
-543
-1111
-1415
-350
671
1219
1697
1751
1580
1971
2707
2778
1876
1253
1464
1404
781
243
-446
-931
-528
-294
-1139
-1831
-1659
-1106
-560
-602
-817
-379
480
1320
1921
2010
2283
3138
3826
3867
3747
4046
4515
4553
3658
2422
2390
2871
2196
973
180
-194
-191
-350
-1889
-4141
-4641
-3455
-2863
-3802
-5339
-5615
-4253
-3002
-2755
-3426
-4198
-3157
-896
132
-490
-1396
-833
1153
2269
1944
1492
1487
1781
2493
2931
1786
531
1194
1885
781
-406
32
479
-511
-1287
-1219
-1369
-1310
-731
-627
-1644
-1961
57
1647
1052
884
1715
2306
3083
3865
3958
3459
3454
4562
4538
2703
2216
3008
2467
1292
848
220
-450
-412
-1061
-3320
-4896
-4010
-3079
-3932
-4771
-4939
-5532
-5148
-3258
-2522
-3431
-3671
-2563
-1546
-640
805
962
-463
42
2397
3227
2781
2442
1908
1665
2233
2790
2122
835
392
406
-134
-290
238
-306
-1627
-2036
-1669
-1077
-615
-807
-1267
-1191
-233
1320
2072
1722
1745
2563
3429
3966
4222
4322
4315
3958
3124
2656
2913
2710
1609
572
44
-227
-363
-1179
-3270
-4635
-4049
-3453
-3998
-4628
-4733
-5066
-5014
-3558
-2706
-3305
-2859
-1799
-1884
-1452
517
1490
441
169
1522
2329
2682
3130
2339
1158
1530
2508
2378
1313
332
7
-9
-45
33
-352
-1305
-1835
-1548
-972
-854
-1217
-999
-377
-236
598
1994
2097
1828
2696
3427
3414
3856
4653
4527
3311
2532
2897
3028
2437
1682
614
-301
-388
-392
-1718
-4031
-4715
-3916
-3971
-4599
-4878
-5056
-5026
-4332
-3412
-3423
-3534
-2242
-1143
-1255
-848
372
1002
1181
1673
2149
2421
2939
3175
2684
2115
1918
2134
2139
1292
353
48
-22
-395
-745
-678
-1124
-1717
-1220
-1134
-1637
-1043
-216
-288
-383
611
1909
2210
2438
3027
3054
3264
4193
4640
3995
2812
2403
2768
2674
1894
984
192
-393
-526
-823
-2592
-4542
-4380
-3684
-4340
-5285
-5231
-4787
-4692
-4140
-3409
-3658
-3524
-1797
-754
-1074
-758
453
1149
1401
1835
2113
2448
2918
3066
2822
2071
1561
1964
2056
1070
62
-173
24
-139
-559
-799
-1265
-1561
-1013
-884
-1433
-1222
-235
260
346
844
1518
2177
2847
3169
3184
3412
4119
4807
4241
2710
2136
2689
2848
2125
1013
172
-268
-336
-974
-3007
-4617
-4162
-3539
-4209
-5209
-5433
-4922
-4377
-3721
-3636
-4186
-3390
-1426
-512
-786
-704
213
1264
2054
2333
2056
2133
2824
3217
2897
1978
1573
1884
1612
794
288
-15
-272
-409
-559
-1054
-1573
-1421
-876
-810
-1179
-852
6
261
705
1612
1869
2141
2959
3354
3455
3761
4232
4419
3725
2677
2470
2754
2330
1402
625
-18
-349
-562
-1897
-3938
-4561
-3876
-3919
-4793
-5247
-5330
-5247
-4208
-3183
-3736
-4146
-2604
-1003
-843
-696
28
343
957
2348
2590
1863
2141
2981
2959
2453
2027
1669
1327
1015
718
152
-431
-675
-747
-900
-1320
-1595
-1162
-852
-1027
-844
-207
95
317
1175
1960
2031
2380
3218
3453
3390
3851
4357
3816
2765
2613
2871
2501
1729
1030
402
-153
-459
-1282
-2993
-4141
-3955
-3572
-4080
-5014
-5186
-4774
-4261
-3676
-3539
-3739
-3125
-1664
-581
-416
-348
342
1245
1895
2309
2527
2555
2504
2623
2576
2147
1888
1584
1027
546
173
-73
-346
-669
-943
-1443
-1652
-1168
-1088
-1367
-915
-371
-221
360
1205
1501
1718
2501
3111
3124
3300
3848
4162
3655
2684
2339
2508
2274
1708
930
62
-383
-356
-856
-2904
-4513
-4024
-3467
-4150
-4782
-4955
-4949
-4436
-3416
-3069
-3656
-3164
-1410
-522
-594
-52
794
1271
1829
2365
2517
2724
2994
3012
2564
2017
2010
2032
1314
458
-15
-115
-190
-645
-1090
-1460
-1582
-1139
-973
-1220
-1067
-525
165
649
940
1484
2036
2531
2994
3189
3377
3790
4080
3715
2678
2087
2209
2041
1398
551
-211
-698
-839
-1362
-3238
-4650
-4141
-3848
-4488
-4879
-4964
-4893
-4275
-3155
-2984
-3630
-2736
-870
-346
-273
471
1003
1409
2473
3031
2543
2526
3129
3140
2675
2269
1802
1243
1053
869
201
-394
-717
-1018
-1168
-1313
-1504
-1540
-1571
-1376
-930
-511
-134
323
996
1499
1805
2468
3122
3292
3521
4002
4023
3405
2760
2624
2393
1680
1103
473
-367
-802
-994
-2238
-4219
-4872
-4079
-3960
-4880
-5405
-5345
-5124
-4125
-2847
-3161
-3820
-2467
-462
100
152
854
1461
1804
2715
3518
3283
3104
3394
3232
2840
2620
2313
1753
983
485
360
35
-483
-883
-1295
-1468
-1368
-1420
-1437
-1122
-764
-486
38
702
1278
1843
2267
2633
3046
3418
3944
4360
3880
2889
2573
2718
2370
1608
709
-70
-357
-577
-1546
-3252
-4531
-4515
-4192
-4730
-5461
-5624
-5557
-5017
-3994
-3550
-3765
-3148
-1683
-816
-266
449
961
1576
2427
2985
3090
3288
3587
3465
3177
2965
2511
2056
1806
1324
551
-81
-297
-576
-1061
-1338
-1565
-1769
-1534
-1194
-1208
-1088
-497
-7
579
1363
1769
2261
2906
3262
3615
3958
4050
3875
3209
2664
2648
2340
1771
1052
52
-531
-749
-1602
-3438
-4705
-4507
-4322
-4900
-5360
-5620
-5831
-5028
-3704
-3581
-4026
-3168
-1542
-684
-240
393
921
1484
2566
3291
3161
3252
3645
3539
3172
2709
2230
2020
1744
1107
358
-102
-287
-676
-1095
-1305
-1710
-1869
-1363
-1008
-1052
-843
-416
124
861
1728
2217
2487
2919
3584
4236
4371
4008
3277
2956
3294
3144
2350
1607
845
332
77
-791
-2684
-4197
-4043
-3875
-4916
-5616
-5732
-6040
-5561
-4395
-4284
-4948
-4029
-2079
-1424
-1234
-114
745
1120
2167
3235
3102
3089
3903
4011
3418
3184
2947
2479
2034
1527
879
420
70
-465
-957
-1184
-1643
-1922
-1456
-1307
-1562
-1154
-337
20
374
1170
1702
2093
2890
3530
3752
3950
4171
3805
3129
3065
3059
2461
1853
1194
551
183
-490
-2091
-3836
-4224
-3791
-4211
-5223
-5719
-5787
-5527
-4804
-4228
-4446
-4440
-3044
-1597
-1155
-755
100
924
1583
2387
2958
3056
3221
3590
3680
3240
2698
2483
2266
1734
1071
488
18
-504
-865
-993
-1525
-1953
-1701
-1475
-1450
-1292
-699
-120
121
767
1617
2038
2538
3210
3629
3987
4276
3822
3093
3088
3349
2904
1996
1200
585
333
110
-1308
-3546
-4229
-3536
-3758
-4700
-5179
-5559
-5639
-4571
-3702
-4296
-4516
-3080
-1789
-1327
-559
366
746
1387
2522
2980
3047
3413
3703
3610
3310
2898
2602
2359
1849
1165
575
177
-300
-868
-1136
-1522
-2218
-2031
-1511
-1804
-1701
-898
-626
-285
625
1271
1622
2370
3050
3307
3715
4029
3592
2901
3047
3296
2640
1834
1349
835
597
143
-1561
-3400
-3606
-3123
-3733
-4658
-5128
-5465
-5148
-4178
-3909
-4430
-4191
-2816
-1770
-1463
-695
329
860
1567
2344
2792
3155
3541
3872
3677
3245
3141
3077
2669
2064
1353
875
597
-62
-691
-1077
-1722
-2118
-1923
-1823
-2014
-1907
-1361
-798
-443
75
767
1292
1879
2561
2968
3330
3669
3144
2609
3107
3227
2534
1895
1330
752
562
-105
-1837
-3265
-3298
-3104
-3862
-4672
-4870
-4958
-4789
-3916
-3706
-4206
-3524
-2171
-1686
-1345
-476
309
778
1529
2299
2422
2675
3318
3438
3181
3051
2764
2476
2264
1761
1080
503
115
-232
-600
-1004
-1475
-1696
-1581
-1392
-1444
-1572
-1147
-506
-51
518
1001
1358
2050
2638
2942
3294
3139
2471
2549
2981
2533
1939
1613
1015
591
346
-808
-2567
-3423
-3009
-2917
-4069
-4924
-4756
-4463
-4041
-3505
-3545
-3797
-2853
-1300
-777
-817
-77
1053
1730
2126
2578
2984
3117
3380
3541
3086
2518
2440
2537
2003
1058
599
310
-194
-593
-869
-1403
-1914
-1804
-1492
-1582
-1776
-1481
-831
-417
-62
603
1095
1560
2309
2708
2886
3000
2660
2395
2697
2755
2232
1664
1273
856
372
-424
-1946
-3308
-3431
-3079
-3586
-4628
-5124
-4833
-4210
-3518
-3324
-3561
-3041
-1626
-737
-424
147
863
1546
2246
2845
3153
3465
3777
3676
3256
3015
2868
2522
2148
1557
795
408
103
-418
-862
-1424
-1987
-1909
-1479
-1435
-1679
-1740
-1206
-631
-263
300
709
1038
1782
2472
2634
2699
2354
1822
2186
2624
2054
1410
971
522
414
-249
-1873
-3222
-3544
-3221
-3317
-4196
-4989
-5103
-4470
-3368
-3149
-3528
-2908
-1729
-991
-224
417
715
1470
2544
2993
3011
3488
4152
4004
3387
3308
3212
2724
2474
1998
1024
511
441
51
-663
-1348
-1653
-1612
-1467
-1474
-1670
-1657
-1233
-633
-178
114
357
948
1727
2116
2274
2562
2302
1508
1539
1956
1492
863
685
301
-205
-670
-1733
-3207
-3829
-3654
-3865
-4517
-4972
-4953
-4670
-4053
-3440
-3486
-3136
-1646
-561
-244
338
1159
1966
2717
3251
3409
3605
4271
4641
4099
3490
3419
3319
2904
2305
1491
824
656
377
-305
-955
-1399
-1590
-1456
-1321
-1467
-1549
-980
-358
-189
228
783
1080
1630
2285
2553
2581
2177
1464
1485
1861
1380
555
158
-170
-494
-936
-2191
-3748
-4264
-3851
-4048
-4942
-5310
-5159
-5010
-4218
-3339
-3458
-3264
-1879
-700
-250
391
1313
1900
2435
3272
3652
3696
4289
4643
4000
3665
3809
3425
2867
2432
1693
1113
910
561
-109
-904
-1320
-1299
-1213
-1245
-1474
-1496
-838
-334
-160
300
650
1019
1867
2474
2431
2465
2388
1720
1379
1701
1327
278
-95
-52
-633
-1397
-2296
-3799
-4773
-4369
-4101
-4972
-5820
-5765
-5187
-4521
-3828
-3646
-3620
-2619
-965
56
318
791
1817
2816
3534
3884
4003
4360
4715
4557
4169
3910
3632
3338
2860
1973
1256
1080
850
154
-689
-1193
-1198
-1081
-980
-1016
-1157
-768
-31
354
580
947
1432
2089
2619
2879
2904
2536
1873
1777
2025
1490
567
5
-317
-572
-1086
-2400
-4206
-4996
-4292
-4299
-5582
-6206
-6060
-5819
-5030
-4109
-4137
-4308
-3012
-1060
-501
-350
697
1735
2319
3214
3927
3936
4247
4960
4839
4071
3834
3971
3624
2848
2197
1497
1055
859
223
-671
-1223
-1333
-1111
-998
-1239
-1383
-861
-67
241
468
1054
1632
2097
2732
3176
3053
2648
2289
2248
2255
1724
982
452
16
-420
-980
-2168
-3856
-4770
-4432
-4480
-5578
-6131
-6025
-6005
-5461
-4480
-4344
-4518
-3314
-1582
-959
-576
462
1399
2077
3020
3787
3918
4237
4787
4715
4176
3997
4031
3726
3078
2320
1696
1448
1043
269
-423
-1009
-1253
-1070
-1005
-1299
-1341
-746
-88
48
416
1138
1531
2120
2939
3070
2901
2779
2327
2155
2383
2011
1158
458
46
-126
-530
-1853
-3882
-4924
-4234
-4179
-5502
-6138
-6292
-6507
-5411
-4207
-4704
-5038
-3452
-1755
-1334
-729
371
959
1684
3123
3672
3462
4256
5098
4619
4074
4161
4101
3805
3388
2548
1704
1439
1344
763
-218
-899
-1170
-1065
-799
-1023
-1365
-780
-82
29
415
1050
1465
2095
2848
3049
3053
3043
2688
2436
2446
2142
1548
893
354
26
-501
-1610
-3422
-4678
-4283
-4082
-5310
-6036
-5944
-6340
-5974
-4642
-4516
-5094
-4194
-2417
-1589
-1290
-254
785
1123
2083
3365
3530
3651
4376
4489
3963
3751
3906
3722
2956
2412
1982
1434
1143
713
-169
-822
-1098
-1001
-722
-999
-1376
-875
-134
207
537
928
1380
2042
2848
3360
3389
3189
2876
2727
2902
2672
1837
1148
796
539
112
-878
-2810
-4341
-4088
-3766
-4691
-5609
-5892
-6032
-5764
-4744
-4261
-4907
-4394
-2534
-1645
-1407
-413
529
899
1788
2925
3205
3274
3919
4257
3701
3348
3644
3500
2870
2461
1878
1350
1183
759
-1
-813
-1221
-1022
-830
-1113
-1407
-1062
-383
-119
95
639
1024
1513
2454
3018
2983
2878
2651
2504
2709
2610
1836
1050
646
554
202
-709
-2437
-4289
-4341
-3431
-3958
-5273
-5894
-5897
-5367
-4378
-3802
-4284
-4420
-2747
-1149
-798
-371
429
1056
1850
2770
3263
3537
3837
4022
3874
3530
3453
3447
3056
2353
1546
1228
1327
864
-52
-618
-983
-1019
-739
-890
-1368
-1130
-358
12
78
371
805
1468
2206
2551
2632
2586
2389
2257
2452
2342
1688
1041
682
441
133
-472
-2164
-4118
-4091
-3285
-4026
-4976
-5215
-5670
-5588
-4409
-3664
-4165
-4193
-2660
-1394
-1176
-300
829
967
1466
2648
3245
3372
3778
4002
3730
3365
3542
3736
3108
2337
1845
1358
1182
917
117
-646
-1143
-1135
-729
-895
-1451
-1262
-571
-147
38
304
761
1354
1955
2524
2718
2535
2305
2158
2207
2087
1654
1101
671
230
-116
-645
-2147
-3871
-4286
-3799
-4071
-4918
-5391
-5652
-5694
-4652
-3641
-4084
-4272
-2780
-1325
-874
-214
649
1107
1829
2987
3606
3564
3796
4358
4253
3723
3672
3593
3222
2739
2068
1482
1168
903
384
-409
-1026
-1087
-792
-711
-1199
-1388
-632
56
229
417
632
1093
1980
2635
2567
2272
2077
2133
2369
2131
1396
858
611
572
132
-916
-2239
-3731
-4276
-3800
-4084
-5188
-5735
-5651
-5408
-4861
-4277
-4315
-4163
-3006
-1717
-1089
-620
200
1122
1810
2542
3151
3522
3962
4229
4053
3802
3684
3570
3359
2905
2044
1424
1362
951
136
-477
-902
-1132
-875
-791
-1327
-1375
-613
-103
17
271
653
1213
1997
2612
2635
2547
2565
2359
2267
2377
2053
1231
738
724
451
-315
-1648
-3470
-4246
-3640
-3817
-4900
-5530
-5815
-5647
-4696
-3987
-4339
-4368
-3021
-1640
-1215
-609
342
899
1701
2826
3145
3239
4075
4592
4067
3665
3891
3782
3267
2959
2287
1368
1206
1071
300
-531
-1105
-1295
-1102
-1147
-1441
-1422
-1141
-634
-81
145
299
777
1608
2404
2496
2397
2534
2147
2054
2610
2144
1096
925
875
420
-66
-1221
-3153
-4318
-3732
-3240
-4507
-5836
-5780
-5432
-5094
-4273
-4126
-4606
-3777
-1914
-971
-950
-372
966
1835
2284
2963
3518
3822
4272
4503
4105
3663
3795
3956
3366
2431
1859
1698
1321
724
7
-851
-1210
-1031
-1110
-1358
-1425
-1242
-826
-348
-85
27
493
1236
1846
2110
2344
2391
1983
1839
2428
2339
1322
948
984
550
80
-730
-2497
-3940
-3696
-3115
-3986
-5429
-5833
-5527
-5098
-4366
-4129
-4692
-4316
-2569
-1341
-1014
-663
174
1209
2105
2751
3186
3607
4049
4343
4209
3958
3998
4061
3698
2887
2066
1892
1848
1126
129
-563
-968
-798
-689
-1210
-1567
-1330
-835
-322
-170
-268
219
1052
1721
2056
2026
1993
1817
1786
2295
2129
1190
907
1062
762
364
-555
-2442
-3688
-3260
-2898
-3983
-5244
-5514
-5359
-5082
-4351
-4162
-4713
-4191
-2496
-1497
-1264
-639
241
968
1787
2604
3111
3452
3915
4209
3997
3777
3890
3919
3541
2842
2326
2159
1686
1025
515
-234
-724
-636
-665
-1108
-1403
-1135
-646
-501
-399
-69
254
777
1514
1902
1931
1869
1558
1530
1996
2016
1434
824
632
771
451
-701
-2351
-3473
-3260
-3015
-3907
-4810
-5205
-5333
-4768
-4057
-4282
-4588
-3768
-2496
-1825
-1482
-723
144
773
1581
2373
2651
3140
3863
4110
3863
3685
3785
3841
3492
3010
2498
2025
1801
1435
745
0
-387
-411
-460
-819
-1170
-1074
-656
-421
-293
-134
36
581
1316
1641
1717
1728
1457
1203
1565
1895
1267
558
484
435
162
-609
-2218
-3579
-3537
-3043
-3446
-4447
-5221
-5156
-4525
-3828
-3708
-4097
-3730
-2415
-1471
-1053
-577
-114
624
1607
2255
2543
2960
3512
3862
3676
3358
3437
3486
3273
2966
2343
1788
1700
1516
903
127
-395
-389
-290
-589
-796
-706
-569
-318
0
76
86
579
1286
1516
1500
1749
1525
922
1246
1638
994
421
427
366
33
-597
-1935
-3506
-3635
-2824
-3278
-4513
-4930
-4764
-4349
-3673
-3389
-3800
-3623
-2199
-1057
-869
-538
267
902
1610
2413
2642
2792
3373
3654
3413
3161
3092
3179
3066
2665
2057
1539
1521
1341
662
45
-376
-573
-351
-378
-933
-1056
-457
-119
-173
-86
58
414
1072
1514
1553
1499
1298
1050
1185
1377
913
308
109
52
-19
-583
-2124
-3531
-3482
-2940
-3310
-4088
-4602
-4950
-4397
-3295
-3133
-3733
-3461
-2084
-1128
-686
-11
329
567
1692
2614
2598
2873
3475
3624
3502
3391
3284
3187
3000
2695
2157
1578
1476
1335
759
157
-287
-406
-246
-362
-799
-852
-405
-152
-52
210
271
460
1072
1375
1396
1673
1687
1070
698
1014
996
363
47
27
-393
-835
-1489
-2995
-3990
-3547
-3362
-4189
-4707
-4539
-4460
-4293
-3337
-2976
-3515
-2674
-973
-662
-601
384
1109
1402
2115
2835
2863
2979
3667
3814
3178
2914
3063
2885
2569
2247
1603
1245
1180
774
297
-105
-456
-366
-145
-411
-680
-333
142
170
181
481
801
1085
1512
1732
1682
1769
1509
967
1091
1166
461
29
1
-339
-639
-1062
-2494
-4094
-3987
-3032
-3608
-4714
-4689
-4654
-4596
-3476
-2799
-3385
-3207
-1620
-579
-505
67
1008
1385
1769
2560
2855
2897
3481
3714
3170
2702
2787
2945
2714
2168
1532
1110
1029
846
331
-295
-766
-826
-551
-492
-819
-917
-385
22
-9
270
585
698
1175
1676
1694
1764
1648
1070
1015
1338
864
248
157
-23
-357
-753
-1804
-3393
-3931
-3224
-3257
-4281
-4705
-4519
-4324
-3773
-3120
-3234
-3165
-1902
-832
-638
-200
665
1423
1964
2348
2583
2932
3633
3942
3401
2887
2956
3163
3102
2647
1858
1154
1213
1304
570
-253
-494
-613
-645
-437
-573
-922
-655
-124
30
124
439
839
1163
1326
1572
1890
1886
1438
933
988
1062
726
413
46
-443
-645
-1250
-2782
-3779
-3455
-3257
-3826
-4325
-4618
-4677
-4024
-3019
-3034
-3514
-2625
-1147
-704
-494
177
707
1312
2169
2669
2561
2808
3611
3634
2884
2699
2976
2880
2567
2184
1542
1142
1105
842
295
-390
-822
-672
-375
-552
-896
-731
-336
-290
-31
498
554
626
1314
1735
1595
1807
1748
950
863
1334
970
329
60
-225
-544
-1033
-2070
-3514
-3827
-3193
-3412
-4208
-4419
-4395
-4228
-3355
-2817
-3205
-3016
-1450
-445
-635
-267
783
1374
1894
2535
2572
2612
3449
3924
3284
2604
2783
3122
2790
2234
1650
1123
1058
977
435
-247
-710
-737
-431
-444
-835
-812
-327
-184
-81
306
478
661
1208
1643
1595
1728
1850
1158
709
1163
1032
405
76
-317
-625
-690
-1452
-3002
-3913
-3624
-3296
-3768
-4337
-4518
-4500
-3944
-2937
-2829
-3204
-2322
-966
-536
-316
366
1174
1732
2127
2571
2732
3028
3729
3619
2745
2512
2945
2995
2480
1824
1286
1043
962
770
277
-420
-784
-457
-272
-554
-609
-322
-226
-143
313
610
740
1069
1497
1625
1694
2008
1715
835
891
1254
775
383
164
-465
-851
-1027
-2154
-3734
-3991
-3288
-3529
-4351
-4535
-4518
-4456
-3474
-2676
-3166
-3169
-1645
-529
-467
-66
764
1361
1898
2481
2647
2830
3359
3519
3073
2718
2707
2794
2745
2118
1251
1002
1031
633
133
-290
-737
-892
-408
-195
-738
-719
-190
-81
70
551
785
894
1357
1849
1844
1982
2043
1292
973
1475
1230
552
343
-67
-614
-872
-1502
-2893
-3863
-3668
-3347
-3810
-4402
-4544
-4474
-3935
-3027
-2899
-3078
-2257
-1056
-432
-145
375
1213
1856
2218
2521
2763
3269
3653
3310
2775
2542
2628
2792
2361
1368
782
761
674
347
-167
-806
-1026
-647
-463
-707
-882
-658
-330
-102
319
584
742
1234
1685
1830
2078
2378
1821
1054
1304
1609
1075
591
96
-498
-508
-621
-1943
-3839
-4038
-3100
-3262
-4005
-4412
-4876
-4582
-3233
-2459
-3164
-3354
-1721
-423
-388
55
921
1319
1808
2620
2908
2787
3334
3704
3179
2604
2619
2871
2692
1947
1184
847
716
457
95
-402
-1063
-1155
-566
-449
-1019
-918
-330
-285
-150
406
593
770
1413
1805
1812
1982
2206
1605
925
1354
1495
746
320
67
-458
-508
-819
-2476
-4014
-3702
-2887
-3339
-4250
-4625
-4534
-3900
-2849
-2586
-3096
-2725
-1228
-257
-158
271
1095
1759
2168
2469
2827
3298
3456
3244
2933
2585
2575
2915
2546
1342
736
843
637
195
-112
-645
-1245
-1126
-504
-613
-1139
-815
-487
-483
17
485
687
960
1357
1672
1883
2186
2032
1134
960
1530
1282
593
243
-238
-567
-523
-1411
-3321
-4052
-3269
-3027
-3926
-4765
-4737
-4365
-3461
-2564
-2986
-3335
-1863
-264
-82
-22
689
1429
2019
2667
2980
2941
3255
3585
3349
2835
2587
2784
2696
1876
1064
877
787
452
73
-512
-1144
-1141
-636
-474
-1000
-1265
-520
-11
-61
256
540
758
1380
1945
2073
1951
1946
1743
1266
1336
1504
969
417
131
-195
-456
-1027
-2366
-3713
-3699
-3146
-3497
-4337
-4787
-4700
-3972
-3089
-2975
-3238
-2609
-1289
-542
-233
269
962
1617
2246
2505
2640
3260
3698
3330
2955
2862
2749
2789
2508
1636
851
611
650
256
-366
-802
-1149
-1110
-670
-636
-1051
-868
-372
-211
129
543
728
1116
1627
1965
2044
2080
2095
1595
1314
1652
1274
521
331
79
-272
-492
-1507
-3124
-3810
-3378
-3075
-3659
-4577
-4889
-4386
-3429
-2724
-2897
-3086
-2107
-770
-150
293
784
1253
1975
2580
2785
3022
3497
3580
3138
2803
2782
2769
2513
1967
1174
581
460
383
-51
-607
-1176
-1377
-1028
-842
-1054
-1035
-782
-638
-359
176
593
831
1191
1601
1835
2033
2342
2067
1269
1155
1377
1055
527
129
-305
-611
-1053
-2304
-3658
-3846
-3402
-3573
-4190
-4713
-4763
-4192
-3232
-2732
-3134
-2938
-1353
-258
-53
519
1204
1618
2320
3014
3134
3173
3553
3738
3339
2895
2934
2894
2328
1666
1123
720
522
249
-227
-800
-1222
-1062
-717
-932
-1153
-863
-523
-327
54
477
807
1183
1634
1991
2033
2197
2379
1767
1228
1475
1296
713
403
45
-352
-622
-1495
-3031
-4003
-3681
-3192
-3721
-4634
-4978
-4624
-3670
-2803
-2888
-3158
-2313
-857
-52
295
706
1322
2059
2774
3081
3162
3506
3707
3490
3085
2759
2738
2623
2031
1268
643
345
232
2
-522
-1212
-1454
-1119
-860
-1033
-1107
-811
-608
-303
322
713
912
1420
1904
1936
2016
2439
2330
1473
1147
1294
928
525
440
-75
-782
-1139
-2060
-3561
-4011
-3496
-3836
-4700
-4847
-4659
-4586
-3815
-2879
-3120
-3170
-1716
-483
-281
275
1303
1833
2135
2802
3249
3374
3644
3678
3316
2979
2851
2837
2578
1775
975
737
594
113
-212
-506
-1211
-1417
-907
-627
-950
-988
-494
-317
-139
736
1283
1185
1639
2243
2247
2519
2765
1998
1341
1605
1611
1029
538
100
-354
-674
-1317
-2872
-4190
-3866
-3228
-3893
-4882
-5151
-4896
-4046
-3139
-3187
-3562
-2776
-1245
-263
20
314
1119
1993
2555
2867
3087
3458
3699
3441
3173
2838
2519
2656
2389
1292
549
507
320
-106
-473
-998
-1605
-1541
-895
-822
-1270
-1117
-550
-269
243
930
1117
1316
1988
2361
2388
2632
2556
1934
1706
1844
1465
902
580
271
-259
-811
-1656
-3091
-3958
-3665
-3647
-4306
-4807
-4948
-4586
-3907
-3378
-3217
-2966
-1982
-852
-257
309
1037
1716
2305
2752
2990
3391
3885
3837
3442
3148
2884
2745
2658
2018
1089
499
282
73
-281
-753
-1426
-1787
-1446
-1059
-1232
-1390
-1099
-764
-355
366
806
924
1448
2033
2221
2460
2747
2306
1638
1751
1740
1182
944
542
-214
-457
-757
-2180
-3791
-3868
-3458
-4192
-4837
-4731
-4982
-4847
-3765
-3225
-3561
-3061
-1474
-634
-512
365
1359
1656
2193
2964
3244
3482
3897
3874
3503
3167
3016
2998
2610
1643
990
784
417
-2
-329
-856
-1528
-1586
-894
-866
-1466
-1204
-628
-557
26
881
963
1090
1829
2327
2477
2752
2730
2031
1632
1971
1824
1165
796
305
-241
-413
-1172
-2853
-4032
-3830
-3567
-4254
-4909
-5131
-5126
-4354
-3454
-3517
-3600
-2644
-1377
-704
-269
528
1257
1807
2544
2956
3156
3707
3935
3562
3343
3185
2867
2789
2414
1477
793
535
224
-154
-506
-1190
-1803
-1598
-1108
-1174
-1412
-1208
-811
-375
346
896
959
1342
2110
2495
2630
2876
2676
2103
2012
2084
1558
1069
930
502
-122
-742
-1883
-3324
-3894
-3633
-3824
-4547
-5010
-5060
-4810
-4129
-3465
-3508
-3312
-2123
-1017
-537
86
916
1522
2048
2607
3062
3525
3847
3750
3452
3234
3032
2913
2722
2064
1171
681
492
60
-413
-783
-1498
-1955
-1528
-1151
-1361
-1475
-1119
-758
-274
542
993
1049
1508
2232
2548
2812
3000
2415
1851
2084
2051
1487
994
703
320
-191
-1005
-2561
-3864
-3812
-3459
-4104
-4944
-5280
-5212
-4557
-3704
-3569
-3806
-3033
-1601
-844
-422
356
1106
1586
2339
2953
3219
3636
3924
3683
3350
3226
3149
2916
2405
1690
1118
783
363
-63
-441
-1135
-1724
-1460
-1103
-1286
-1434
-1179
-854
-536
174
834
932
1221
2069
2563
2664
2922
2785
2165
2083
2301
1796
1265
1051
594
97
-432
-1680
-3276
-3689
-3209
-3813
-4860
-4915
-4896
-5061
-4315
-3482
-3665
-3563
-2074
-967
-983
-244
1090
1584
1794
2558
3128
3394
3824
3928
3461
3086
3030
3073
2758
1842
1088
794
540
65
-508
-1061
-1622
-1803
-1377
-1264
-1680
-1594
-988
-585
-304
294
808
1103
1753
2378
2514
2770
2878
2405
2079
2111
1886
1493
1256
771
215
-114
-1048
-2862
-3831
-3512
-3537
-4334
-5008
-5262
-5152
-4502
-3692
-3721
-3992
-2912
-1347
-885
-659
295
1149
1647
2302
2848
3101
3555
4011
3875
3308
3091
3299
3153
2436
1678
1101
663
409
108
-652
-1482
-1588
-1272
-1191
-1478
-1549
-1100
-764
-370
249
552
857
1642
2201
2292
2561
3000
2730
2058
2179
2319
1653
1278
1127
610
68
-458
-1783
-3536
-3942
-3349
-3814
-4973
-5350
-5257
-5020
-4221
-3562
-3839
-3708
-2171
-978
-842
-238
892
1549
1955
2624
3169
3492
3982
4155
3592
3111
3264
3390
2909
2044
1352
1007
728
387
-86
-883
-1569
-1362
-931
-1198
-1539
-1295
-888
-580
-176
370
659
1039
1851
2305
2269
2656
2959
2279
1930
2314
2056
1333
1145
880
142
-332
-1164
-2935
-4030
-3724
-3585
-4497
-5331
-5360
-5192
-4711
-3948
-3811
-3969
-3025
-1667
-1045
-559
294
1165
1826
2314
2708
3255
3828
3947
3695
3417
3198
3237
3270
2635
1682
1163
913
466
63
-425
-1238
-1573
-1212
-1122
-1436
-1361
-920
-670
-398
290
721
935
1737
2378
2367
2590
3055
2572
1977
2384
2344
1496
1195
1013
307
-139
-570
-2155
-3932
-3970
-3357
-3981
-4996
-5365
-5433
-5061
-4146
-3564
-3892
-3677
-2210
-1029
-643
-108
830
1617
2125
2647
3244
3723
3915
3807
3600
3252
2997
3234
2995
1873
1147
953
638
155
-423
-1028
-1565
-1559
-1165
-1297
-1629
-1294
-827
-563
-60
372
691
1376
2073
2318
2420
2802
2857
2294
2170
2400
1809
1254
1264
707
98
-228
-1633
-3482
-3850
-3322
-3848
-4904
-5198
-5260
-5297
-4385
-3483
-3961
-3956
-2285
-918
-809
-242
898
1435
2064
3000
3260
3371
4044
4397
3811
3195
3251
3350
2964
2294
1546
942
590
377
-38
-907
-1625
-1480
-1121
-1302
-1661
-1538
-991
-657
-380
32
337
809
1720
2258
2046
2210
2782
2477
1984
2025
1711
1102
973
880
217
-603
-1400
-2776
-3874
-3676
-3682
-4664
-5309
-5309
-5183
-4803
-3924
-3651
-3932
-2963
-1295
-755
-606
436
1536
1968
2483
3220
3522
3839
4356
4229
3514
3234
3501
3436
2664
1841
1440
1044
498
176
-240
-1082
-1438
-1106
-1123
-1460
-1406
-924
-592
-560
-118
602
936
1446
2147
2188
2115
2704
2833
2168
1856
1927
1603
1241
966
363
-122
-751
-2212
-3663
-3909
-3683
-4079
-4853
-5261
-5396
-5176
-4176
-3560
-4040
-3765
-2156
-1103
-821
-110
852
1443
2134
2889
3164
3389
3970
4158
3552
3060
3187
3244
2860
2160
1462
994
597
297
-78
-909
-1466
-1364
-1209
-1278
-1514
-1383
-954
-759
-295
270
493
1036
1814
2130
2171
2488
2850
2501
2007
2085
1857
1316
1166
908
163
-415
-1171
-2815
-3790
-3490
-3684
-4499
-4895
-5156
-5220
-4595
-3656
-3548
-3915
-2795
-1236
-956
-548
616
1273
1704
2559
3040
3051
3666
4399
3950
3119
3118
3452
3060
2431
2037
1287
602
499
333
-365
-1236
-1468
-1158
-1198
-1362
-1273
-1099
-830
-480
22
418
654
1359
2053
2080
2103
2589
2707
2087
1854
2029
1561
1101
1109
530
-171
-547
-1841
-3489
-3764
-3302
-3756
-4743
-5242
-5338
-5054
-4184
-3494
-3862
-3965
-2422
-1001
-783
-371
627
1424
1982
2566
2986
3348
3815
4017
3555
2983
2997
3193
2908
2142
1405
962
600
315
3
-669
-1379
-1447
-1087
-1085
-1409
-1304
-873
-693
-304
273
602
979
1672
2137
2118
2326
2834
2578
2003
2102
2018
1482
1325
1052
310
-164
-955
-2526
-3535
-3470
-3518
-4021
-4630
-5199
-5228
-4448
-3574
-3607
-3807
-2812
-1446
-895
-378
478
1093
1726
2543
2924
3002
3648
4238
3819
3133
3085
3177
2954
2561
1955
1183
655
363
98
-396
-1106
-1452
-1360
-1273
-1375
-1373
-1183
-948
-764
-288
271
557
1031
1757
1998
1992
2508
2673
1992
1720
1996
1684
1204
1009
544
2
-524
-1850
-3328
-3601
-3356
-3725
-4421
-4969
-5224
-4936
-3929
-3345
-3884
-3663
-2007
-981
-907
-164
900
1407
2030
2832
2961
3121
3942
4282
3553
2941
3093
3256
2809
2199
1587
879
436
293
-1
-842
-1480
-1363
-1165
-1237
-1384
-1376
-1049
-763
-417
168
446
822
1614
2079
2106
2368
2759
2392
1809
1916
1881
1368
1141
851
187
-356
-1270
-2789
-3604
-3420
-3494
-4166
-4820
-5207
-5088
-4364
-3545
-3521
-3827
-2818
-1278
-823
-428
483
1201
1835
2547
2973
3177
3688
4208
3925
3263
3138
3247
3018
2460
1742
1184
812
417
37
-476
-1154
-1447
-1236
-1219
-1492
-1492
-1124
-806
-623
-202
353
654
1139
1862
2047
2007
2497
2550
1844
1703
1882
1396
1020
919
393
-80
-667
-2067
-3298
-3502
-3500
-3759
-4226
-4964
-5362
-4698
-3616
-3375
-3733
-3146
-1836
-1067
-394
476
958
1499
2517
3089
3017
3459
4247
4150
3450
3172
3209
2970
2662
2252
1495
778
426
226
-106
-768
-1334
-1308
-1212
-1230
-1319
-1274
-1039
-853
-380
251
454
780
1538
1944
1980
2288
2645
2271
1653
1712
1722
1165
893
691
57
-503
-1262
-2732
-3828
-3669
-3475
-4086
-4897
-5184
-4951
-4379
-3452
-3204
-3746
-2994
-1188
-580
-503
413
1391
1780
2243
2905
3171
3454
4091
3887
3006
2875
3196
2982
2314
1557
998
688
321
-29
-536
-1209
-1431
-1211
-1198
-1348
-1427
-1177
-786
-514
-47
459
759
1219
1886
2235
2293
2552
2503
2007
1947
1994
1566
1108
879
582
186
-698
-2275
-3452
-3315
-3162
-3746
-4447
-5035
-5105
-4405
-3408
-3220
-3662
-3126
-1627
-786
-421
346
1086
1575
2340
3002
3047
3401
4097
3933
3223
2960
3083
3051
2592
1952
1241
742
490
198
-232
-901
-1425
-1372
-1137
-1236
-1376
-1278
-963
-709
-323
183
456
818
1465
1949
2033
2208
2346
1909
1598
1788
1452
814
772
498
-50
-568
-1894
-3393
-3704
-3406
-3567
-4310
-4971
-5139
-4873
-4066
-3237
-3536
-3791
-2334
-825
-483
-118
680
1370
2027
2754
3111
3210
3629
4110
3809
3129
2993
3059
2833
2260
1502
1056
726
252
5
-429
-1055
-1168
-1035
-990
-1030
-1141
-869
-466
-215
203
612
886
1426
1979
2081
2245
2472
2109
1723
1866
1666
1070
822
629
150
-458
-1434
-2840
-3511
-3344
-3572
-4233
-4869
-5023
-4721
-4251
-3658
-3519
-3690
-2686
-1103
-610
-543
297
1321
1912
2455
2933
3026
3412
4166
4080
3200
2831
3135
3050
2365
1745
1260
731
313
170
-219
-1077
-1338
-937
-965
-1271
-1216
-833
-553
-460
-14
595
699
1020
1863
2112
2009
2347
2281
1530
1432
1794
1428
731
437
208
-194
-975
-2343
-3469
-3633
-3575
-3897
-4337
-4913
-5256
-4657
-3543
-3267
-3710
-3138
-1602
-942
-587
448
961
1291
2406
3088
2815
3006
3999
4107
3154
2803
3129
2848
2388
2172
1576
875
533
484
144
-686
-1132
-842
-853
-1139
-1084
-872
-683
-504
-115
351
595
911
1621
2046
1956
2227
2530
1937
1478
1757
1532
817
522
310
-102
-736
-1969
-3402
-3665
-3306
-3688
-4393
-4891
-5164
-4822
-3913
-3292
-3662
-3765
-2262
-966
-776
-232
661
1182
1859
2775
3006
2886
3583
4278
3651
2798
2953
3232
2768
2210
1773
1118
630
609
314
-641
-1257
-971
-657
-911
-1170
-1007
-749
-509
-96
285
447
712
1471
2002
1978
2081
2395
2136
1478
1576
1808
1221
805
648
68
-532
-1273
-2550
-3524
-3664
-3473
-3656
-4491
-5007
-4825
-4228
-3363
-3071
-3432
-2916
-1383
-372
-76
281
903
1684
2561
3026
2969
3081
3695
3972
3389
2818
2748
2684
2401
1895
1238
705
357
152
-256
-1003
-1348
-1100
-1009
-1183
-1239
-1003
-696
-454
-79
358
626
1011
1649
1980
1946
2172
2259
1645
1379
1566
1208
767
529
61
-406
-1139
-2367
-3374
-3552
-3528
-3928
-4358
-4701
-4970
-4580
-3558
-3159
-3502
-3096
-1713
-844
-471
335
998
1424
2334
3128
3017
3051
3943
4201
3391
2953
3150
2951
2480
2147
1661
1025
644
524
57
-615
-965
-838
-748
-920
-988
-848
-624
-354
-28
327
580
908
1483
1899
2034
2234
2303
1810
1394
1503
1399
896
516
158
-246
-811
-2074
-3252
-3408
-3503
-3889
-4090
-4477
-5091
-4865
-3661
-3061
-3478
-3281
-1982
-1100
-655
224
805
1048
1955
2979
2949
2638
3416
4154
3524
2658
2721
2808
2405
2129
1745
938
241
173
238
-444
-1359
-1203
-810
-1091
-1108
-795
-796
-772
-279
283
467
626
1246
1799
1785
1967
2345
1819
1203
1594
1694
1074
681
523
100
-625
-1685
-2768
-3241
-3365
-3488
-3754
-4361
-4870
-4621
-3693
-3159
-3286
-3126
-2243
-1313
-499
329
727
1000
1821
2769
3028
2965
3427
3988
3738
3114
2883
2885
2707
2411
1892
1150
597
417
417
-214
-1118
-1118
-803
-932
-1065
-1021
-940
-698
-303
98
280
461
1104
1745
1814
1869
2187
1839
1199
1330
1477
945
626
417
-99
-814
-1952
-2859
-3215
-3430
-3591
-3929
-4367
-4602
-4630
-4043
-3248
-3311
-3359
-2307
-1209
-707
-27
658
920
1543
2585
3052
2826
3017
3826
3798
2948
2743
2843
2440
2111
1905
1281
492
241
354
-212
-1112
-1053
-691
-832
-1000
-1006
-848
-507
-214
108
339
400
940
1734
1901
1962
2210
1890
1319
1337
1509
1188
748
453
229
-430
-1651
-2729
-3051
-3032
-3432
-3924
-4021
-4411
-4704
-3818
-3082
-3363
-3214
-1930
-1078
-903
21
1119
1188
1601
2796
3126
2859
3406
4167
3654
2960
3030
2883
2432
2268
1973
1233
549
380
388
-234
-1067
-1111
-850
-923
-1074
-1089
-936
-618
-391
-46
207
228
815
1594
1610
1665
2070
1724
1096
1084
1271
1000
553
332
24
-668
-1841
-2842
-3141
-3231
-3572
-4045
-4502
-4673
-4479
-4002
-3476
-3430
-3299
-2341
-1267
-853
-302
624
1182
1584
2365
2928
2994
3291
3840
3746
3063
2781
2946
2702
2093
1786
1526
779
273
501
169
-808
-919
-486
-656
-887
-754
-522
-329
-174
229
561
525
881
1682
1855
1810
2152
1910
1179
1094
1492
1306
625
222
168
-340
-1626
-2662
-2990
-3179
-3415
-3568
-4072
-4759
-4715
-3774
-3214
-3463
-3318
-2391
-1521
-943
-74
591
697
1288
2376
2742
2726
3178
3603
3387
2981
2830
2580
2290
2102
1702
1220
678
175
223
108
-685
-980
-726
-766
-867
-807
-610
-355
-281
44
494
469
804
1578
1729
1805
2191
1822
1155
1171
1406
1250
787
397
164
-402
-1535
-2546
-3128
-3360
-3298
-3433
-4172
-4681
-4461
-3775
-3226
-3161
-3022
-2381
-1345
-406
135
485
997
1705
2418
2786
3009
3267
3552
3555
3204
2808
2533
2469
2359
1960
1481
861
359
499
292
-611
-942
-607
-619
-781
-727
-698
-536
-224
154
327
236
666
1443
1620
1568
1903
1704
924
786
1131
1004
454
66
-42
-494
-1689
-2780
-3317
-3515
-3488
-3517
-4097
-4757
-4668
-3846
-3138
-3140
-3184
-2465
-1389
-669
-36
576
958
1448
2262
2772
2776
3029
3668
3671
2945
2571
2642
2559
2250
1895
1480
871
392
476
342
-576
-1027
-574
-584
-945
-764
-545
-520
-180
195
374
445
753
1466
1744
1654
2020
2072
1307
954
1119
1021
657
300
-51
-551
-1506
-2590
-3145
-3330
-3495
-3617
-3933
-4434
-4518
-3917
-3119
-3026
-3116
-2348
-1339
-776
-113
666
1058
1485
2335
2801
2680
2981
3650
3562
2995
2758
2688
2424
2192
1959
1454
915
562
370
244
-266
-760
-641
-598
-730
-680
-593
-435
-244
69
442
464
644
1252
1621
1687
1865
1811
1193
812
1005
958
545
167
-183
-446
-1284
-2704
-3334
-3286
-3513
-3760
-3891
-4360
-4798
-4180
-3139
-3081
-3299
-2569
-1492
-961
-299
575
863
1169
2117
2729
2780
3046
3537
3724
3289
2763
2621
2599
2362
2038
1672
1224
639
417
480
-94
-714
-561
-362
-619
-704
-430
-179
-119
138
460
433
566
1244
1628
1574
1747
1917
1535
936
849
1099
890
308
-20
-200
-1031
-2453
-3244
-3307
-3483
-3673
-3708
-4204
-4747
-4316
-3255
-2811
-3245
-3021
-1788
-1021
-617
276
768
878
1692
2557
2651
2575
3068
3586
3192
2506
2498
2581
2229
1893
1708
1124
456
369
421
-72
-766
-765
-424
-601
-751
-472
-445
-411
92
500
492
503
1033
1644
1680
1715
1983
1677
1012
924
1070
826
443
152
-195
-841
-1978
-2905
-3123
-3292
-3538
-3612
-3979
-4476
-4385
-3573
-2887
-3031
-2920
-1915
-1043
-537
214
778
988
1634
2506
2790
2795
3129
3556
3437
2917
2655
2548
2331
2083
1696
1212
843
446
257
4
-620
-834
-500
-475
-749
-778
-584
-296
16
253
337
355
773
1497
1817
1690
1704
1665
1202
972
1051
853
457
177
-127
-694
-1766
-2961
-3338
-3189
-3408
-3827
-4048
-4330
-4335
-3658
-3036
-3015
-3006
-2089
-941
-496
-43
718
1150
1675
2506
2784
2678
3029
3640
3530
2842
2518
2612
2450
2041
1679
1266
729
382
322
-7
-726
-929
-488
-540
-923
-830
-634
-553
-180
272
356
288
693
1422
1692
1643
1851
1747
1101
888
1031
789
404
247
-82
-666
-1654
-2770
-3070
-3101
-3514
-3792
-3934
-4274
-4340
-3754
-3079
-3086
-3030
-2058
-1161
-824
-103
791
1083
1419
2358
2834
2698
2974
3547
3542
2928
2729
2798
2453
2092
1899
1511
966
529
478
211
-590
-704
-318
-565
-781
-620
-503
-305
-60
234
398
434
799
1410
1656
1627
1838
1717
1053
825
1040
896
503
143
-59
-471
-1758
-2970
-3066
-3123
-3580
-3731
-3962
-4519
-4517
-3673
-3103
-3225
-3082
-2122
-1130
-686
-34
685
845
1367
2442
2844
2692
2903
3402
3439
3016
2760
2627
2326
2038
1846
1536
978
405
353
247
-562
-902
-395
-481
-850
-696
-588
-492
-117
364
590
376
524
1345
1748
1727
1912
1655
991
885
1157
996
434
32
-82
-437
-1642
-2942
-3306
-3359
-3552
-3658
-3987
-4453
-4432
-3726
-3061
-3071
-3045
-2278
-1322
-770
-161
595
940
1266
2067
2585
2716
2926
3232
3324
2978
2755
2767
2483
2077
1738
1457
1185
582
265
211
-431
-791
-315
-286
-718
-656
-422
-272
-13
388
632
576
699
1307
1772
1850
1944
1764
1053
781
1064
999
481
-41
-158
-526
-1874
-3054
-3101
-3206
-3689
-3699
-3834
-4579
-4559
-3387
-2837
-3287
-3046
-1805
-1094
-844
145
920
806
1309
2521
2834
2560
2996
3459
3154
2830
2922
2677
2148
1975
1830
1463
974
469
313
136
-528
-766
-403
-489
-805
-716
-535
-433
-112
413
650
480
662
1285
1605
1730
1887
1546
890
782
1043
842
276
-164
-337
-769
-2046
-3130
-3204
-3305
-3741
-3769
-3900
-4512
-4401
-3212
-2730
-3222
-2816
-1531
-945
-659
388
1100
925
1471
2725
2975
2702
3205
3673
3265
2881
3092
2904
2175
1903
1901
1446
852
644
546
-57
-773
-687
-312
-529
-760
-602
-552
-411
149
592
548
410
808
1449
1575
1618
1859
1332
555
706
994
597
112
-188
-482
-1124
-2342
-3219
-3310
-3485
-3764
-3759
-4190
-4669
-4168
-3189
-2947
-3271
-2806
-1596
-935
-538
309
834
890
1625
2658
2812
2681
3156
3498
3062
2754
2910
2772
2150
1783
1752
1478
932
590
452
-48
-702
-542
-119
-428
-743
-543
-310
-211
134
642
670
538
1005
1625
1657
1696
2050
1648
673
571
964
713
264
-119
-557
-1322
-2573
-3161
-2955
-3362
-4048
-3926
-3926
-4511
-4185
-3041
-2958
-3489
-2673
-1180
-863
-801
434
1240
1016
1658
2831
2781
2561
3300
3624
2848
2533
2974
2761
2008
1743
1697
1450
897
487
445
-94
-785
-526
-121
-506
-778
-514
-330
-315
43
561
643
413
819
1528
1515
1578
1992
1531
652
643
873
608
249
-76
-553
-1375
-2553
-3097
-3071
-3541
-3876
-3637
-3969
-4562
-4063
-2991
-2782
-3038
-2452
-1507
-974
-222
755
1046
998
1739
2713
2846
2793
3169
3339
2993
2769
2809
2511
2086
1898
1649
1377
850
481
604
47
-876
-637
-210
-414
-529
-554
-553
-307
164
575
525
249
688
1398
1480
1567
1747
1217
526
574
758
544
173
-199
-585
-1476
-2718
-3237
-3061
-3410
-3879
-3805
-4028
-4411
-3860
-2905
-2841
-3102
-2341
-1164
-648
-269
610
1184
1290
1880
2635
2767
2732
3241
3547
2960
2546
2774
2666
2082
1703
1602
1385
857
508
520
-35
-735
-372
-75
-491
-664
-482
-341
-152
53
340
544
508
893
1424
1434
1499
1772
1335
619
560
662
405
70
-211
-609
-1637
-3052
-3365
-2981
-3361
-3921
-3918
-4123
-4448
-3663
-2534
-2699
-3177
-2217
-865
-569
-251
815
1273
1165
2002
2937
2768
2672
3407
3639
2744
2388
2831
2539
1868
1739
1598
1107
754
801
624
-328
-726
-90
30
-443
-588
-445
-309
15
363
444
379
522
1090
1459
1343
1536
1725
1036
370
576
651
156
-132
-293
-857
-1985
-3059
-3310
-3307
-3670
-3835
-3832
-4376
-4564
-3532
-2610
-2822
-3071
-2152
-987
-580
-73
835
1053
1121
2058
2826
2665
2555
3149
3361
2710
2451
2730
2425
1770
1653
1655
1211
697
550
418
-160
-559
-87
62
-441
-471
-172
6
114
402
742
752
690
1258
1686
1504
1577
1696
985
385
747
773
136
-216
-271
-688
-1963
-3199
-3261
-3298
-3763
-3691
-3680
-4358
-4477
-3403
-2574
-2913
-2989
-1860
-973
-778
40
1141
1163
1144
2246
2842
2461
2637
3392
3255
2477
2544
2951
2397
1762
1831
1757
1173
636
728
651
-228
-478
75
-106
-511
-355
-96
19
86
521
886
572
638
1473
1660
1300
1500
1500
712
299
561
408
-146
-490
-573
-980
-2293
-3376
-3400
-3456
-3844
-3878
-3969
-4475
-4426
-3428
-2708
-2925
-2933
-1860
-806
-517
111
1048
1192
1415
2310
2726
2619
2871
3442
3340
2605
2445
2707
2337
1834
1657
1486
966
515
626
343
-516
-535
-52
-251
-521
-424
-243
-95
163
546
662
458
720
1395
1488
1380
1567
1287
603
513
719
487
-12
-371
-451
-1041
-2368
-3217
-3244
-3307
-3595
-3770
-3946
-4265
-4041
-3003
-2419
-2840
-2641
-1300
-539
-368
426
1282
1363
1672
2512
2643
2518
3081
3632
3024
2329
2597
2707
2218
1884
1615
1150
895
862
806
256
-484
-346
93
-104
-409
-431
-383
-23
374
570
569
352
665
1389
1398
1206
1459
1165
423
335
499
225
-197
-566
-792
-1379
-2600
-3366
-3316
-3551
-4032
-3902
-3887
-4340
-4226
-3154
-2398
-2699
-2518
-1321
-604
-382
571
1400
1270
1510
2462
2854
2683
2975
3424
3059
2451
2590
2765
2248
1797
1762
1617
1055
682
923
552
-477
-286
343
-87
-413
-172
-113
-80
264
716
632
203
608
1422
1410
1203
1377
1011
266
229
475
163
-444
-736
-853
-1520
-2768
-3469
-3409
-3663
-4078
-3932
-3934
-4323
-4054
-3095
-2520
-2609
-2260
-1276
-567
-214
585
1412
1456
1644
2495
2849
2684
2976
3316
3008
2451
2503
2668
2142
1679
1665
1422
843
645
983
468
-468
-105
421
-9
-163
45
-67
-9
511
952
674
316
825
1438
1317
1244
1512
1096
363
412
604
160
-313
-497
-670
-1375
-2652
-3342
-3177
-3384
-3899
-3829
-3861
-4374
-4045
-2813
-2382
-2852
-2457
-1135
-562
-436
491
1222
994
1427
2535
2634
2204
2669
3273
2787
2094
2305
2511
1873
1485
1599
1334
722
611
801
309
-356
-86
319
-109
-307
98
211
132
363
824
862
596
911
1415
1325
1272
1582
1145
260
235
535
184
-372
-647
-842
-1587
-2856
-3374
-3130
-3480
-3884
-3669
-3795
-4234
-3834
-2681
-2296
-2736
-2251
-960
-583
-383
701
1388
1140
1580
2586
2605
2356
2828
3262
2650
1982
2281
2419
1724
1427
1552
1142
458
462
902
314
-546
-118
330
-191
-273
155
92
-133
405
1023
739
391
934
1550
1324
1280
1656
1143
272
360
555
19
-447
-437
-589
-1603
-2938
-3248
-2967
-3385
-3749
-3518
-3955
-4405
-3495
-2476
-2606
-2772
-1983
-1023
-678
-129
937
1197
1097
1849
2531
2353
2433
2967
2997
2584
2256
2266
2266
1941
1608
1476
1183
640
570
924
376
-612
-256
353
-65
-150
258
-41
-272
537
1229
765
289
936
1430
1166
1298
1583
922
120
236
417
20
-356
-565
-849
-1685
-2883
-3167
-2938
-3478
-3888
-3607
-3713
-4101
-3597
-2643
-2440
-2560
-1941
-895
-526
-208
819
1335
1155
1657
2447
2531
2396
2702
3001
2691
2207
2246
2341
1883
1493
1495
1323
610
339
814
519
-455
-289
356
-39
-304
121
125
-61
388
988
837
351
741
1468
1305
1145
1420
1024
299
228
377
50
-533
-753
-729
-1510
-2926
-3417
-3083
-3284
-3598
-3470
-3728
-4114
-3617
-2580
-2290
-2632
-2144
-972
-511
-233
605
1194
1178
1591
2349
2404
2255
2765
3140
2573
1975
2132
2319
1886
1443
1373
1091
605
592
908
311
-577
-212
358
51
-88
223
186
-48
405
1061
736
360
882
1321
1117
1188
1517
1108
328
258
452
81
-365
-498
-732
-1691
-2880
-3178
-3005
-3381
-3762
-3543
-3683
-4212
-3564
-2384
-2411
-2595
-1634
-672
-457
13
1066
1383
1185
1871
2589
2375
2383
2913
2880
2262
2018
2165
2008
1719
1502
1299
974
585
570
742
246
-400
-180
213
12
-58
191
3
-114
471
1059
840
475
839
1267
1174
1312
1456
906
301
231
363
80
-414
-590
-780
-1626
-2826
-3313
-3066
-3266
-3635
-3528
-3654
-4008
-3470
-2358
-2086
-2423
-1854
-735
-348
-2
948
1401
1236
1691
2445
2503
2359
2670
2875
2428
1939
2099
2145
1643
1287
1154
805
386
403
558
16
-621
-375
97
-14
-152
3
-64
-170
449
984
651
421
787
1156
1189
1241
1261
832
241
72
154
-74
-476
-633
-881
-1918
-3098
-3178
-2773
-3183
-3762
-3522
-3503
-3896
-3227
-2050
-2183
-2507
-1355
-204
-235
140
1325
1635
1444
2149
2821
2527
2387
2982
3056
2375
2108
2299
2084
1587
1374
1240
823
544
666
583
-120
-521
-11
336
-92
-270
31
40
35
507
805
448
426
1026
1130
823
1049
1284
917
276
-26
-48
-211
-461
-521
-892
-2018
-3055
-3150
-2839
-3214
-3672
-3626
-3636
-3745
-3190
-2253
-2183
-2438
-1573
-386
-142
114
1023
1547
1478
1830
2503
2588
2355
2585
2928
2438
1825
2102
2177
1416
1128
1322
948
414
501
623
-20
-429
112
291
-90
-30
253
178
107
524
868
595
492
913
1047
942
1149
1272
823
207
-82
-47
-147
-537
-715
-1002
-2120
-3165
-3137
-2993
-3458
-3660
-3526
-3775
-3924
-3071
-2227
-2381
-2347
-1350
-528
-341
293
1155
1282
1400
2159
2553
2459
2591
2815
2731
2387
2154
2133
1976
1542
1326
1276
941
588
655
442
-124
-123
270
237
12
100
272
223
296
725
850
606
802
1165
985
915
1276
1290
826
307
-89
-190
-187
-414
-745
-1168
-2134
-3161
-3263
-2939
-3283
-3709
-3568
-3577
-3879
-3268
-2043
-2033
-2485
-1520
-322
-286
85
1240
1513
1233
1981
2816
2552
2221
2721
2968
2231
1717
2107
2021
1232
1099
1284
664
161
616
625
-192
-441
110
306
-52
-51
304
142
62
745
1087
651
622
1147
1190
975
1210
1400
886
204
18
-22
-206
-367
-483
-952
-2101
-3203
-3133
-2698
-3173
-3653
-3429
-3550
-3813
-2998
-1972
-2159
-2477
-1338
-244
-290
190
1229
1378
1234
1996
2650
2354
2174
2689
2772
2092
1711
1948
1833
1217
1019
1038
629
233
448
521
-250
-565
151
328
-109
-25
248
122
127
691
1020
621
658
1169
1067
910
1227
1285
813
164
-198
-189
-227
-483
-709
-1082
-2130
-3130
-3128
-2804
-3145
-3601
-3453
-3447
-3687
-2896
-1868
-2108
-2231
-1175
-272
-99
381
1310
1586
1580
2144
2586
2463
2420
2820
2910
2298
1833
2035
2023
1453
1111
1134
803
325
436
469
-176
-487
53
276
-107
-53
300
159
92
669
928
623
672
1025
939
825
1133
1207
740
133
-195
-277
-352
-481
-709
-1164
-2048
-3049
-3282
-2950
-3144
-3593
-3514
-3463
-3612
-3218
-2239
-1862
-2093
-1430
-373
-99
254
1215
1654
1519
1761
2307
2440
2265
2477
2770
2283
1618
1832
2057
1450
982
1139
917
318
413
677
87
-396
54
393
46
-68
329
401
238
629
1033
807
750
1137
1199
1084
1210
1302
1018
396
-41
-109
-135
-381
-646
-1000
-1908
-3048
-3257
-2797
-3090
-3670
-3506
-3414
-3738
-3153
-2044
-2022
-2367
-1452
-362
-202
237
1183
1396
1225
1898
2502
2250
2063
2490
2719
2216
1694
1759
1774
1316
1116
1151
722
302
455
531
-69
-532
-13
413
69
-108
177
236
272
698
919
578
496
1036
1183
908
1020
1206
895
444
109
-146
-274
-412
-640
-971
-1748
-2757
-3257
-3045
-2922
-3312
-3528
-3479
-3475
-3156
-2327
-1935
-2088
-1651
-663
-89
127
687
1310
1462
1639
2086
2248
2172
2337
2654
2397
1654
1564
1970
1637
1050
1045
858
407
430
583
134
-348
-195
240
234
-44
89
238
187
478
856
782
720
977
1176
1153
1238
1375
1233
748
169
-61
-7
-236
-559
-755
-1407
-2604
-3271
-2674
-2464
-3305
-3473
-3053
-3394
-3267
-1955
-1513
-2135
-1733
-427
-13
3
878
1511
1209
1329
2250
2444
2073
2374
2727
2241
1619
1795
2073
1513
942
1048
988
439
233
465
155
-591
-425
202
40
-299
-19
165
-22
187
701
611
323
611
910
787
845
1095
964
508
-18
-314
-337
-332
-568
-866
-1348
-2409
-3268
-2961
-2526
-3207
-3605
-3124
-3217
-3302
-2291
-1660
-2091
-1903
-689
-91
-123
586
1452
1375
1376
2091
2356
2082
2301
2756
2427
1786
1808
2020
1691
1203
1154
1100
642
452
622
364
-275
-218
273
177
-122
156
282
136
417
738
709
575
809
1093
924
878
1187
1131
733
346
-80
-359
-226
-320
-799
-1175
-1902
-2947
-3096
-2553
-2740
-3214
-3268
-3245
-3221
-2575
-1718
-1732
-1975
-1270
-298
101
462
1035
1288
1375
1797
2157
2136
2094
2367
2467
1941
1559
1795
1815
1345
1029
920
724
499
471
323
-198
-349
4
108
-102
-182
-116
43
226
400
476
519
648
792
860
897
977
997
795
329
-174
-324
-234
-465
-818
-1070
-1880
-3108
-3216
-2481
-2729
-3439
-3269
-3133
-3315
-2613
-1624
-1778
-2147
-1265
-135
90
304
1015
1261
1322
2031
2456
2122
2022
2599
2767
2096
1747
1967
1875
1379
1243
1175
736
486
659
490
-174
-290
196
296
-10
-22
124
288
546
708
652
598
849
1140
1082
921
1046
1153
952
484
-61
-286
-231
-346
-683
-1085
-1949
-3035
-3062
-2574
-2947
-3384
-3185
-3215
-3367
-2705
-1860
-1986
-2184
-1305
-378
-243
145
915
1039
1023
1686
2121
1897
1897
2342
2362
1791
1582
1831
1632
1182
1063
990
595
188
292
402
-136
-446
-96
-7
-175
-19
218
231
309
617
872
787
757
1065
1144
1037
1209
1260
955
529
83
-180
-126
-256
-535
-840
-1784
-2959
-2925
-2261
-2569
-3232
-3129
-2975
-3179
-2508
-1431
-1704
-2225
-1193
-42
-82
201
1090
1287
1128
1823
2446
2054
1872
2548
2605
1807
1594
1892
1681
1168
1027
930
549
242
400
301
-368
-560
-84
22
-257
-286
-51
152
261
523
591
440
658
1039
1038
844
901
1011
864
429
-151
-424
-319
-355
-600
-1055
-1932
-2896
-2941
-2313
-2461
-3204
-3309
-3037
-2951
-2449
-1678
-1766
-1987
-1116
-98
3
142
935
1406
1475
1878
2194
1911
2052
2706
2555
1857
1711
1939
1811
1467
1193
900
622
654
607
108
-275
-177
31
17
-58
-138
-152
202
540
445
387
632
877
912
810
829
935
879
818
545
-140
-507
-246
-283
-772
-1075
-1735
-2840
-3049
-2435
-2542
-3200
-3234
-2969
-3032
-2695
-1774
-1646
-2075
-1382
-159
6
-38
785
1311
1146
1416
2091
2038
1837
2333
2521
1899
1588
1879
1799
1281
1037
1099
769
347
571
606
-99
-374
17
142
-37
-20
113
182
247
534
656
476
598
982
999
867
1017
1048
819
450
-15
-223
-231
-408
-592
-918
-1960
-2978
-2788
-2309
-2779
-3255
-3135
-3142
-3123
-2391
-1709
-2017
-2099
-1025
-103
-160
48
867
1197
1277
1842
2148
1808
1967
2593
2495
1852
1759
1958
1759
1395
1286
1066
694
652
712
371
-107
-62
199
172
42
2
101
326
545
634
549
538
778
965
837
823
982
872
708
363
-218
-426
-276
-412
-752
-1070
-1814
-2815
-3017
-2492
-2677
-3210
-3050
-2959
-3158
-2591
-1705
-1794
-2077
-1247
-237
-194
-4
916
1241
1012
1545
2108
1764
1782
2420
2389
1787
1643
1796
1563
1159
1073
927
624
487
428
237
-151
-264
9
156
-43
-128
59
285
383
479
557
506
606
885
908
796
940
909
718
539
14
-427
-279
-269
-607
-845
-1312
-2374
-2863
-2230
-2132
-2746
-2805
-2681
-2894
-2571
-1567
-1363
-1859
-1309
-190
-54
-22
830
1213
1076
1561
2000
1686
1691
2286
2340
1785
1555
1714
1558
1159
1055
1038
743
520
474
288
-72
-149
141
190
-89
-128
88
256
357
468
493
450
596
872
858
704
798
818
653
529
143
-439
-530
-436
-614
-852
-1309
-2294
-2951
-2561
-2161
-2531
-2966
-2927
-2779
-2472
-1838
-1532
-1791
-1549
-557
-15
-36
409
937
1036
1312
1722
1691
1696
2048
2214
1977
1629
1605
1678
1416
1127
1045
875
740
697
490
148
-86
31
304
221
-13
44
218
348
478
503
400
483
700
768
764
799
789
694
620
359
-270
-568
-392
-430
-719
-1003
-1748
-2735
-2690
-2033
-2217
-2743
-2741
-2627
-2581
-2052
-1452
-1576
-1714
-969
-212
-68
225
778
925
1017
1460
1804
1772
1756
1969
1952
1749
1617
1554
1395
1178
1039
1019
883
541
448
432
66
-170
73
240
22
-90
47
127
142
371
530
448
462
636
693
642
644
624
541
334
-39
-367
-392
-422
-602
-842
-1317
-2223
-2720
-2216
-1977
-2551
-2733
-2490
-2516
-2225
-1541
-1388
-1726
-1277
-285
9
-4
476
913
1007
1332
1704
1558
1495
1929
2162
1897
1539
1522
1617
1441
1206
1034
905
791
592
398
97
-202
-31
172
44
-134
-104
73
218
290
344
331
417
576
716
802
770
726
700
618
183
-333
-369
-321
-587
-730
-930
-1840
-2707
-2229
-1657
-2249
-2657
-2458
-2473
-2366
-1771
-1435
-1714
-1633
-738
-87
-176
33
642
858
1006
1438
1628
1506
1623
1992
2079
1635
1422
1642
1478
1037
973
971
665
517
542
265
-146
-45
249
146
-40
4
117
155
261
357
353
325
507
670
583
543
638
745
630
226
-258
-369
-243
-324
-513
-829
-1597
-2329
-2170
-1708
-1990
-2493
-2432
-2217
-2125
-1755
-1382
-1534
-1514
-730
-79
-94
59
635
913
1032
1473
1664
1460
1650
2136
2040
1586
1555
1671
1501
1183
1025
948
748
654
585
187
-158
-67
62
62
-23
-139
-91
35
67
171
268
211
296
446
442
429
440
385
354
120
-343
-546
-510
-538
-656
-900
-1502
-2237
-2378
-1839
-1862
-2456
-2470
-2234
-2206
-1921
-1450
-1493
-1565
-885
-180
-128
0
528
899
1015
1268
1468
1433
1623
2002
2013
1669
1577
1743
1654
1329
1169
1027
859
807
668
297
53
86
101
146
141
-9
20
195
212
265
407
485
481
508
596
670
556
527
630
391
-156
-383
-307
-328
-429
-613
-1043
-1940
-2404
-1762
-1507
-2218
-2454
-2120
-2082
-2027
-1455
-1206
-1547
-1225
-239
-55
-311
168
756
743
823
1288
1381
1290
1581
1901
1604
1236
1462
1594
1163
911
997
824
668
568
364
199
59
18
149
74
-113
43
168
4
8
212
288
285
331
358
352
353
449
532
214
-303
-432
-292
-271
-468
-769
-1298
-1971
-2112
-1691
-1593
-2126
-2348
-1986
-1836
-1829
-1405
-1199
-1407
-968
-206
-80
-106
318
778
930
1093
1411
1530
1486
1708
1988
1777
1402
1490
1542
1256
1060
1043
926
715
545
436
247
43
67
196
99
-126
2
181
54
52
296
377
306
389
531
463
304
447
601
109
-398
-398
-372
-489
-546
-719
-1328
-2045
-2010
-1496
-1655
-2155
-2156
-1902
-1861
-1713
-1282
-1233
-1418
-891
-107
-114
-197
305
639
693
952
1246
1249
1291
1554
1767
1573
1311
1408
1430
1121
1005
951
758
683
489
300
209
67
-22
118
92
-153
-40
190
83
23
212
338
275
240
335
365
215
286
427
126
-387
-549
-396
-416
-586
-683
-1133
-1834
-1931
-1416
-1378
-1893
-2026
-1803
-1616
-1438
-1149
-1091
-1155
-755
-36
89
-46
393
806
877
1053
1230
1204
1308
1535
1710
1588
1355
1392
1365
1120
1061
1021
791
668
548
393
353
261
93
66
32
-55
22
107
43
33
192
320
295
233
261
280
213
204
268
120
-353
-642
-524
-520
-680
-829
-1209
-1762
-1948
-1581
-1382
-1792
-2069
-1769
-1576
-1579
-1300
-1051
-1095
-837
-293
-56
-110
99
591
835
819
937
1114
1175
1334
1598
1563
1223
1167
1292
1217
1049
1039
987
749
568
550
542
298
150
245
205
65
160
255
157
151
384
457
337
308
373
352
248
268
321
51
-331
-464
-444
-477
-583
-769
-1069
-1405
-1612
-1444
-1337
-1561
-1716
-1602
-1475
-1401
-1195
-950
-911
-813
-382
-117
-95
66
358
544
641
849
999
965
996
1186
1238
1074
949
940
954
904
791
722
650
395
331
451
240
5
130
219
46
1
164
111
23
189
300
154
82
262
322
186
155
254
143
-161
-317
-298
-369
-449
-452
-643
-1059
-1270
-1232
-1120
-1172
-1344
-1253
-1178
-1226
-1060
-776
-701
-723
-502
-141
-65
-40
320
587
483
586
900
874
800
1070
1223
994
828
946
984
771
665
708
524
288
357
435
206
30
150
234
105
46
136
92
1
127
255
192
118
201
262
124
73
141
115
-118
-280
-312
-431
-480
-491
-684
-909
-1086
-1248
-1181
-1090
-1218
-1296
-1116
-1076
-1062
-886
-652
-534
-471
-223
8
-1
157
569
638
527
667
900
976
1050
1193
1112
915
907
1100
1029
762
736
770
562
475
548
398
176
221
279
163
68
65
49
-52
-50
77
95
-21
5
108
52
-72
9
-11
-298
-469
-412
-490
-643
-654
-690
-868
-1044
-1023
-1077
-1211
-1141
-1031
-1078
-1117
-946
-811
-766
-573
-395
-294
-116
71
182
317
480
572
677
799
843
933
1044
1036
929
907
972
935
833
836
723
559
670
673
365
257
327
256
200
217
160
45
50
122
139
49
46
158
149
71
62
58
-36
-196
-239
-329
-528
-631
-623
-716
-878
-911
-959
-1184
-1291
-1082
-1009
-1154
-1170
-970
-915
-887
-604
-452
-488
-348
-30
100
141
319
451
485
564
760
845
801
772
783
834
880
859
841
815
645
533
646
627
412
382
411
316
306
416
355
160
113
173
203
177
202
240
145
92
169
132
-22
-215
-245
-275
-404
-490
-565
-626
-686
-670
-705
-826
-968
-1001
-908
-823
-868
-888
-791
-682
-566
-366
-202
-242
-222
43
196
155
276
490
485
477
647
737
663
667
769
721
603
635
634
501
412
431
399
323
332
309
221
199
199
152
119
80
44
86
83
76
47
52
32
-43
-37
-40
-166
-276
-281
-317
-415
-481
-502
-608
-661
-663
-679
-710
-739
-749
-685
-601
-548
-547
-513
-461
-384
-239
-146
-115
-51
30
141
225
248
323
391
427
516
644
632
559
640
677
562
607
701
549
489
548
501
375
344
384
301
231
269
273
134
84
141
129
85
126
138
46
-25
-56
-63
-144
-236
-243
-302
-425
-452
-442
-532
-610
-553
-549
-660
-670
-574
-615
-669
-550
-472
-560
-497
-286
-294
-361
-232
-90
-134
-91
100
161
92
258
413
346
376
483
542
553
540
621
634
515
526
624
546
406
435
438
293
241
268
189
63
89
150
91
55
84
19
-163
-160
-56
-124
-238
-256
-300
-400
-404
-379
-431
-499
-490
-486
-492
-538
-537
-512
-489
-444
-422
-408
-405
-368
-331
-272
-212
-181
-141
-97
-30
37
169
219
211
288
381
475
528
555
584
613
614
645
661
611
581
664
636
526
429
384
372
332
305
236
124
96
126
103
27
-68
-209
-284
-264
-267
-306
-355
-425
-465
-460
-473
-519
-559
-528
-565
-596
-554
-536
-579
-554
-484
-486
-472
-422
-374
-370
-353
-216
-99
-93
-86
-3
54
95
228
314
281
317
434
547
594
589
638
681
659
702
803
770
677
703
678
526
462
466
425
368
345
310
229
161
189
156
55
-65
-145
-189
-190
-191
-297
-368
-409
-452
-450
-464
-566
-568
-501
-532
-565
-528
-514
-556
-508
-444
-427
-398
-366
-331
-334
-333
-253
-173
-194
-191
-175
-129
-50
52
133
130
136
198
311
370
369
377
364
342
426
509
482
433
466
469
400
340
293
273
249
238
176
128
60
62
72
6
-85
-180
-276
-264
-233
-256
-281
-325
-389
-373
-329
-355
-375
-329
-289
-328
-328
-302
-295
-286
-212
-139
-133
-150
-95
-54
-111
-68
39
33
45
106
95
74
192
269
223
202
214
284
335
387
407
396
370
388
442
439
393
409
399
310
246
224
208
193
167
114
31
-19
-9
-13
-32
-97
-174
-257
-292
-276
-281
-308
-333
-381
-415
-377
-333
-306
-286
-277
-265
-255
-248
-196
-171
-103
-15
19
-12
18
55
39
44
79
61
13
60
51
60
102
133
124
113
148
200
235
266
271
267
251
226
282
261
227
228
218
190
118
87
92
57
12
-5
-91
-143
-143
-119
-156
-204
-258
-367
-377
-367
-369
-384
-406
-422
-428
-366
-316
-308
-261
-188
-158
-143
-73
-21
-21
18
97
110
97
149
169
160
184
229
221
176
200
201
187
210
222
206
186
199
208
264
283
309
304
268
265
264
288
268
252
218
165
95
39
14
2
-16
-65
-145
-202
-223
-202
-203
-255
-337
-421
-406
-392
-394
-407
-431
-448
-415
-355
-324
-293
-273
-216
-174
-124
-66
-14
11
24
117
129
90
141
191
137
149
226
220
213
239
218
174
203
244
225
196
209
238
235
235
279
292
258
254
273
290
259
239
253
205
117
88
62
8
-5
-46
-140
-209
-213
-188
-235
-278
-319
-373
-392
-374
-341
-364
-389
-379
-365
-322
-301
-258
-243
-213
-110
-82
-56
10
46
74
150
199
196
202
227
199
197
248
207
170
171
176
173
167
206
197
155
150
155
146
140
143
152
143
112
124
134
109
74
56
60
1
-32
-9
-39
-86
-127
-183
-255
-310
-294
-272
-308
-352
-366
-343
-331
-275
-254
-298
-287
-230
-186
-149
-110
-103
-84
-35
30
67
63
91
103
146
202
221
247
244
217
220
242
223
180
163
154
125
118
149
155
146
141
143
137
117
96
94
86
67
61
84
97
65
65
65
9
-46
-47
-64
-98
-104
-124
-179
-226
-242
-242
-284
-333
-348
-354
-343
-329
-297
-294
-269
-212
-176
-148
-111
-68
-53
-10
23
83
119
109
151
205
237
265
279
294
265
274
286
288
295
270
252
219
181
185
166
144
158
140
105
107
147
154
145
145
119
101
107
93
75
65
20
-37
-80
-97
-110
-138
-150
-172
-228
-232
-239
-275
-289
-309
-334
-336
-327
-322
-336
-323
-308
-293
-258
-218
-220
-222
-167
-110
-34
20
54
77
119
150
188
220
219
211
189
215
232
230
237
242
211
197
227
239
213
217
234
232
230
201
167
141
122
109
106
108
95
91
78
25
-27
-46
-56
-85
-136
-171
-228
-303
-308
-319
-360
-390
-390
-380
-364
-333
-307
-315
-334
-294
-268
-260
-213
-172
-143
-113
-67
14
53
60
84
125
131
156
208
202
186
188
200
219
213
213
211
206
174
203
201
172
167
155
158
147
132
126
137
129
135
118
88
82
84
64
43
13
-22
-19
-26
-64
-69
-90
-147
-150
-168
-192
-221
-231
-235
-248
-225
-207
-221
-212
-191
-158
-120
-102
-74
-80
-63
-8
27
57
50
85
127
164
178
209
241
223
225
237
264
246
239
242
213
144
141
160
101
88
104
86
88
77
53
33
38
31
42
28
22
5
-26
-18
-39
-52
-71
-89
-117
-145
-170
-196
-214
-179
-192
-229
-241
-245
-227
-203
-178
-167
-179
-175
-177
-159
-110
-109
-81
-73
-42
-9
13
29
41
90
127
136
151
160
140
137
147
149
131
96
111
113
76
73
85
68
44
51
43
39
30
25
-5
-20
-6
-18
-15
-37
-54
-56
-55
-50
-49
-48
-47
-75
-94
-100
-130
-133
-114
-117
-142
-154
-155
-151
-134
-113
-138
-144
-129
-109
-91
-73
-30
-17
-4
29
70
97
97
91
123
153
158
155
153
164
191
200
215
209
215
220
176
151
137
103
75
81
63
54
45
23
11
-5
-10
-28
-10
11
11
26
12
5
-1
-24
-39
-42
-63
-84
-91
-105
-123
-116
-97
-108
-113
-119
-128
-109
-85
-89
-117
-105
-100
-105
-88
-49
-44
-41
15
42
56
74
81
109
119
135
132
126
114
106
118
144
153
138
134
119
88
91
75
65
45
18
-2
-17
-31
-54
-58
-71
-77
-53
-37
-50
-51
-60
-39
-45
-40
-48
-49
-71
-75
-84
-108
-135
-132
-110
-123
-129
-142
-146
-142
-136
-113
-129
-145
-137
-128
-102
-98
-55
-48
-34
13
35
22
25
48
52
97
115
135
147
150
169
162
161
158
151
126
101
93
77
52
56
45
31
26
7
10
22
17
17
7
-1
2
11
-8
23
50
46
50
42
17
6
12
-11
-29
-40
-52
-70
-88
-73
-65
-84
-64
-46
-54
-54
-43
-45
-53
-17
-11
-16
-18
3
15
36
42
75
89
86
97
89
77
71
80
75
75
54
64
61
45
34
21
-10
-14
-16
-17
-27
-30
-19
-36
-48
-54
-42
-57
-41
-36
-38
-35
-35
-37
-42
-36
-39
-47
-71
-88
-101
-115
-102
-100
-108
-92
-92
-100
-65
-37
-38
-45
-28
-21
-38
-12
10
-9
-12
1
28
52
51
70
88
87
98
114
81
97
119
108
99
84
73
59
45
65
66
62
65
69
58
40
49
48
22
16
23
4
-7
20
13
-3
-9
-9
-11
-8
-6
-28
-48
-53
-59
-85
-101
-107
-135
-154
-169
-168
-168
-147
-120
-111
-114
-100
-68
-76
-56
-42
-22
-23
-35
1
-1
15
34
61
86
98
114
140
130
136
145
141
142
141
132
94
75
62
44
36
18
9
11
-5
15
-3
-12
-1
3
-4
-12
-13
-27
-26
-14
-9
-8
-1
-4
-11
-18
-14
-27
-50
-46
-23
-46
-55
-40
-42
-43
-35
-32
-55
-43
-26
-22
-8
24
21
17
19
18
32
39
52
66
63
52
32
32
43
45
19
7
6
7
11
-3
6
6
-16
-46
-74
-58
-51
-58
-59
-61
-66
-60
-46
-44
-40
-45
-22
-2
21
24
37
37
35
35
26
35
35
43
40
41
50
21
19
10
-3
-1
8
-7
-17
4
-10
-3
-9
2
0
9
32
56
58
54
60
56
48
38
35
30
34
-1
-1
5
-15
-8
0
-21
-36
-40
-46
-69
-73
-83
-94
-84
-100
-93
-76
-74
-59
-34
-34
-41
-28
-23
-12
-11
-8
4
-4
-21
-20
-34
-36
-36
-34
-11
-16
-13
-6
-16
-18
-7
-8
-8
22
31
47
63
76
80
79
92
93
115
126
120
110
86
71
52
70
74
88
95
91
89
74
67
41
31
24
1
-14
-5
-20
-28
-35
-40
-53
-61
-92
-70
-64
-60
-46
-37
-31
-30
-37
-42
-37
-34
-37
-39
-26
-53
-43
-42
-66
-85
-73
-84
-67
-44
-47
-52
-50
-41
-45
-51
-46
-20
-9
-1
-12
2
12
25
33
20
22
30
27
26
24
12
4
-2
-3
9
8
1
12
22
11
0
14
12
0
-5
-6
8
13
6
19
16
34
47
24
43
51
40
33
46
34
20
10
2
1
4
-1
-16
-12
-13
-25
-25
-14
-4
-14
-15
-11
-21
-35
-22
-11
-12
-12
8
14
28
26
33
49
46
46
54
62
48
44
42
47
40
40
37
29
7
-1
9
5
-10
-12
-8
-19
-14
-24
-26
-22
-13
-12
-25
-17
-10
-7
10
17
23
27
14
4
8
2
-6
-13
-10
-17
-28
-31
-47
-56
-45
-47
-46
-50
-54
-27
-23
-11
-7
5
9
13
30
21
11
10
9
14
17
20
33
37
40
43
36
39
43
33
34
33
23
12
2
-27
-44
-41
-44
-52
-47
-44
-54
-56
-49
-49
-56
-62
-45
-38
-40
-27
-24
-23
-20
-21
-20
-23
-21
-10
-5
-24
-25
-3
-17
-17
-21
-17
-24
-41
-35
-27
-28
-11
3
2
11
38
49
56
68
67
76
83
84
83
82
61
58
45
24
33
34
38
36
42
56
62
60
45
46
49
24
5
-6
-14
-28
-36
-35
-54
-66
-59
-49
-63
-61
-53
-46
-44
-48
-53
-67
-71
-57
-76
-71
-75
-88
-72
-51
-19
-11
3
12
29
34
48
54
64
54
73
99
115
128
124
125
133
122
131
143
120
122
105
109
100
85
58
59
27
4
-6
-22
-24
-51
-54
-78
-68
-54
-57
-50
-46
-49
-32
-37
-58
-60
-76
-76
-87
-88
-85
-102
-101
-96
-106
-105
-101
-97
-104
-94
-75
-70
-52
-39
-53
-44
-40
-34
-18
-27
-12
-1
3
15
32
41
35
45
45
48
52
53
54
53
40
60
61
52
61
45
19
8
6
11
18
17
15
7
6
-3
-1
5
-2
9
6
9
8
11
18
27
24
16
19
-6
-14
-27
-27
-40
-53
-29
-25
-14
-12
1
0
-20
-27
-32
-42
-34
-15
4
5
7
23
19
17
25
27
33
23
33
47
43
69
76
63
47
39
12
6
-5
-11
-18
-29
-19
-18
-15
-19
-16
-10
-19
-22
-31
-27
-12
-14
-5
8
-5
-11
5
4
5
11
27
33
25
27
26
14
31
24
26
18
11
25
20
18
27
27
31
36
39
55
46
56
36
22
16
-10
-17
-18
-23
-17
-22
-29
-15
-9
-1
-9
-2
-6
-15
-17
-43
-32
-34
-50
-43
-49
-69
-73
-63
-66
-67
-65
-66
-64
-63
-42
-27
-19
-21
-10
-3
-11
-3
11
28
35
44
31
32
21
15
15
9
20
32
38
27
10
26
11
12
24
19
23
24
45
33
23
11
18
12
12
21
14
10
9
11
-19
-7
-20
-29
-19
-24
-23
-15
-10
-23
-15
-22
-27
-44
-47
-56
-69
-59
-55
-42
-47
-32
-25
-18
-12
-11
16
16
17
29
26
27
25
46
43
51
59
54
61
49
53
45
33
20
13
-1
-6
10
6
17
15
25
17
20
24
32
32
24
45
37
21
20
20
27
23
0
-1
-7
-7
-5
-4
-9
-10
-17
-29
-40
-33
-19
-26
-20
-12
-21
-21
-22
-28
-19
-22
-33
-40
-38
-29
-33
-29
-32
-28
-27
-35
-24
-21
-20
-12
-25
-33
-21
-40
-42
-37
-46
-42
-47
-40
-23
-27
-19
-15
-9
-23
-24
-2
4
13
38
47
44
55
71
74
73
77
82
75
68
63
61
49
47
53
18
18
22
22
14
11
13
0
0
-7
9
15
18
18
9
13
8
1
0
-5
-5
-6
-23
0
10
0
10
8
0
2
-13
-13
-12
-17
-24
-39
-36
-46
-51
-45
-54
-61
-64
-42
-17
-18
-2
-3
3
-8
-5
-5
-5
-17
-15
-13
-10
-9
-13
-15
-12
-10
0
0
-18
-20
-27
-34
-29
-8
-11
-6
-6
-8
0
12
10
16
21
23
13
20
32
35
26
21
31
26
19
18
17
14
9
16
9
11
20
-2
-10
-13
-4
0
1
-17
-21
-28
-37
-22
-19
-23
-19
-26
-9
-8
-5
3
16
28
27
46
52
55
56
51
37
24
18
14
11
10
14
18
11
9
16
14
11
28
34
36
40
33
31
43
32
39
53
59
62
59
54
48
42
32
11
2
2
-27
-32
-41
-48
-64
-78
-64
-65
-59
-58
-60
-61
-61
-48
-29
-32
-25
-38
-48
-37
-46
-32
-35
-40
-49
-33
-38
-35
-22
-30
-35
-37
-40
-40
-38
-33
-39
-52
-50
-54
-55
-58
-49
-46
-48
-29
-4
13
11
24
32
50
61
64
67
67
73
77
63
54
41
44
56
47
48
45
35
28
12
12
12
16
17
6
-3
-7
-18
-19
-15
-10
-18
-13
8
12
25
23
15
15
16
-1
5
7
-6
5
9
4
2
0
-5
0
-1
0
22
19
23
23
23
26
21
8
-5
9
11
10
29
29
21
30
22
15
16
6
0
0
-17
-15
-26
-32
-29
-36
-39
-65
-50
-44
-42
-28
-25
-18
-14
1
-4
5
10
7
7
3
2
-1
9
17
34
36
42
47
43
42
39
48
37
30
23
7
-7
-10
-14
-25
-9
-10
1
-2
1
24
21
3
-5
-2
-6
-7
-3
-4
-13
-12
-8
-12
-1
-7
-9
-16
-12
-24
-40
-50
-70
-68
-79
-84
-76
-76
-70
-60
-78
-63
-46
-32
-11
-2
17
15
18
27
41
45
41
43
42
29
19
8
-1
12
6
4
-4
-16
-30
-37
-32
-42
-34
-29
-33
-24
-18
-15
-5
-1
8
11
12
7
18
32
21
22
23
23
37
41
24
30
33
20
10
5
8
12
11
11
12
7
-1
-5
-11
-12
-13
-13
2
7
17
7
0
4
11
22
39
51
54
60
63
62
57
41
39
44
33
22
20
14
12
4
6
0
-6
5
3
-3
21
17
28
33
40
38
36
52
48
47
46
44
22
27
15
9
16
15
3
-5
-18
-28
-29
-43
-58
-62
-65
-80
-76
-79
-98
-89
-88
-86
-77
-75
-65
-59
-58
-55
-57
-38
-37
-34
-29
-32
-19
-24
-7
-7
-15
-13
-9
-10
-20
-24
-16
-25
-8
-6
-18
-15
-11
-2
11
13
13
18
26
39
44
72
78
84
88
84
71
67
68
55
46
34
33
21
18
23
15
13
18
8
2
4
-4
-2
-15
-21
-24
-34
-38
-30
-30
-22
-12
3
19
29
43
38
32
37
25
6
-10
-9
-25
-34
-42
-48
-42
-48
-39
-36
-41
-34
-27
-30
-23
-17
-6
1
-5
8
10
20
24
34
38
43
43
27
37
41
40
27
12
-6
-15
-17
-13
-8
-19
-24
-32
-37
-46
-50
-53
-53
-58
-72
-67
-58
-64
-58
-33
-22
-23
-3
1
4
15
12
16
7
3
-1
11
14
20
28
35
41
35
41
31
36
31
41
36
29
35
24
23
29
32
33
51
58
72
85
84
72
79
74
69
67
70
60
46
44
11
0
-14
-40
-48
-68
-76
-74
-72
-84
-90
-83
-77
-74
-72
-49
-60
-62
-64
-51
-42
-28
-28
-36
-36
-50
-40
-26
-21
-18
-8
-21
-22
-20
-9
-5
1
12
24
25
22
25
31
27
16
21
26
25
23
35
41
50
42
47
49
46
54
58
59
48
48
28
11
19
16
4
0
-3
-20
-17
-23
-36
-39
-38
-42
-42
-35
-28
-5
0
6
2
11
22
17
16
5
6
6
12
21
8
-2
-5
-7
-21
-21
-22
-21
-26
-30
-36
-38
-42
-38
-26
-26
-30
-19
-2
-7
7
24
22
36
42
40
50
42
50
45
36
33
46
44
27
32
28
21
21
8
5
1
0
12
7
5
-7
6
6
-5
-9
-9
-11
-4
7
8
9
-5
1
-3
-2
1
-4
-1
-5
-13
-9
1
0
1
-5
-6
-3
-21
-25
-24
-43
-47
-52
-54
-58
-52
-56
-43
-39
-37
-29
-27
-13
-3
3
6
5
-4
-9
-9
-17
-18
-28
-22
-28
-30
-31
-40
-33
-33
-38
-20
-5
-5
-9
-10
-8
-10
-3
17
23
30
38
36
30
26
20
22
25
29
34
24
33
41
37
43
40
35
32
29
18
9
22
7
5
15
6
17
13
1
-2
5
5
9
12
15
13
8
-7
-1
-1
-8
3
-9
-23
-28
-31
-30
-33
-39
-33
-41
-31
-33
-33
-42
-54
-44
-37
-28
-8
9
11
7
11
11
12
7
14
8
10
27
27
33
40
41
41
43
40
32
31
39
34
42
38
38
31
15
14
7
16
20
9
4
6
14
23
22
35
30
33
37
26
27
30
34
29
16
24
6
-9
-8
-16
-10
-19
-25
-26
-28
-26
-21
-20
-19
-15
-18
-21
-35
-34
-26
-21
-13
-16
3
1
-6
-4
-11
-2
10
14
18
4
-3
-4
-5
-18
-24
-19
-27
-33
-53
-48
-66
-66
-63
-73
-50
-51
-35
-28
-21
-13
-10
2
2
-1
-1
-18
-30
-28
-45
-31
-30
-26
-9
-7
2
-4
-7
5
4
-4
-13
-16
-8
-13
-5
-4
7
15
14
13
17
22
39
44
36
41
37
38
40
36
40
39
32
42
37
42
46
52
38
42
42
21
15
3
-3
-10
-5
-13
-16
-19
-16
-8
-10
-19
-18
-19
-29
-25
-28
-23
-4
-7
-1
9
11
5
8
-1
-3
4
2
-6
-4
-7
-6
-2
-6
-13
-11
-5
-19
-11
-1
2
12
11
25
34
42
36
32
45
36
32
45
42
27
13
10
2
1
2
0
-5
-13
-12
-15
-15
-23
-17
-15
-9
-7
1
14
11
9
13
7
-5
-2
6
0
3
-2
-16
-12
-16
-19
-19
-24
-19
-23
-18
-25
-33
-37
-43
-53
-52
-54
-46
-39
-38
-29
-21
-20
-12
15
13
16
24
29
38
47
53
58
66
66
55
53
58
58
61
59
57
57
47
38
29
26
11
3
-2
-3
-1
-8
-4
3
1
-4
-5
-20
-10
-20
-31
-34
-39
-41
-50
-52
-62
-55
-52
-54
-48
-56
-65
-78
-82
-86
-80
-66
-67
-54
-38
-37
-27
-11
-6
-5
-11
-5
-6
5
7
1
8
5
-2
0
-6
0
3
0
12
4
8
7
-1
5
3
-2
13
13
16
19
13
19
16
31
36
36
50
45
53
62
57
62
64
78
79
74
75
69
65
57
52
56
43
42
44
36
32
26
29
26
29
20
17
8
0
-6
-7
-11
-24
-35
-37
-38
-38
-36
-35
-36
-40
-37
-38
-32
-23
-22
-20
-19
-19
-17
-20
-21
-29
-18
-18
-24
-22
-25
-26
-45
-43
-26
-16
-9
-20
-18
-18
-21
-22
-29
-24
-18
-6
-14
-8
-18
-25
-33
-37
-43
-49
-43
-37
-34
-31
-25
-33
-27
-19
-16
1
4
3
-12
1
3
-1
12
1
10
19
7
4
-2
4
3
3
20
15
24
31
45
45
37
42
48
43
44
52
45
50
47
39
37
35
35
36
47
53
59
45
46
40
26
23
19
20
10
2
2
-2
-6
-12
-19
-20
-29
-16
-18
-31
-25
-33
-32
-21
-21
-20
-11
-4
-5
-6
1
-5
-9
0
-7
-11
-7
-12
-10
-12
-11
-3
12
9
14
12
10
17
15
17
19
26
22
18
16
11
1
1
0
5
10
8
-1
2
-8
-6
-7
-7
-1
-11
-9
-8
-9
-17
-28
-26
-35
-36
-38
-50
-39
-49
-56
-51
-48
-48
-45
-48
-44
-39
-43
-47
-47
-38
-39
-42
-31
-4
14
15
21
31
35
37
29
26
31
31
37
48
49
53
63
57
54
61
67
74
68
68
67
62
50
38
37
19
25
20
15
27
12
-1
-3
-10
-15
-25
-25
-31
-34
-36
-42
-48
-52
-50
-48
-51
-53
-46
-47
-56
-64
-73
-60
-61
-57
-57
-56
-54
-41
-38
-35
-19
-28
-35
-27
-27
-31
-21
-20
-21
-18
-20
-23
-21
-10
-1
11
10
25
27
29
19
24
40
41
51
52
55
50
45
39
48
53
57
58
60
62
65
63
61
64
64
73
64
70
72
75
65
60
53
30
38
44
48
42
44
48
37
42
37
45
41
31
23
8
11
-6
-2
-19
-23
-20
-18
-29
-33
-39
-52
-54
-72
-67
-75
-79
-83
-78
-69
-75
-83
-60
-55
-52
-41
-39
-41
-65
-69
-62
-59
-77
-61
-46
-73
-86
-62
-58
-83
-67
-39
-51
-71
-48
-32
-47
-53
-31
-28
-42
-25
-8
-7
1
11
13
8
18
26
26
31
38
50
61
72
77
84
93
99
112
106
88
81
74
65
50
48
53
55
48
55
52
42
43
50
46
44
45
38
20
8
3
5
2
-4
-6
-19
-12
-12
-6
-9
-13
-19
-26
-28
-28
-26
-32
-39
-34
-31
-29
-35
-23
-16
-20
-17
-20
-11
-5
-7
-22
-19
-20
-13
-13
-8
-10
-4
2
-1
4
4
14
-2
3
-1
-5
6
-5
-5
-8
-11
-13
-12
-20
-25
-25
-14
-16
-16
-7
-2
8
-1
-2
0
-7
-14
-10
-18
-25
-21
-28
-26
-27
-24
-26
-20
-26
-10
-3
-8
9
12
8
11
9
-9
-11
-6
-8
-7
-5
3
4
5
9
6
18
20
8
16
22
24
33
40
44
35
47
46
49
51
45
42
45
44
49
41
31
39
36
28
17
22
20
23
28
33
33
30
25
29
24
11
14
8
1
6
-10
-25
-28
-42
-59
-63
-66
-62
-62
-63
-55
-50
-48
-41
-31
-35
-28
-34
-29
-25
-29
-20
-19
-11
-11
2
5
12
17
25
29
30
24
25
29
24
31
27
29
19
4
4
3
6
4
-6
-17
-23
-23
-30
-29
-28
-25
-22
-24
-20
-22
-21
-24
-26
-33
-30
-31
-30
-37
-23
-16
-15
-6
-10
7
11
19
23
23
31
34
31
30
29
21
23
21
26
27
28
31
24
20
21
18
10
6
1
1
-15
-11
-11
-11
1
7
5
4
7
3
-11
-10
-1
-8
-7
-9
-3
-2
-9
-19
-14
-15
-14
-16
-23
-16
-28
-31
-36
-40
-42
-32
-30
-30
-25
-20
-17
-21
-25
-22
-6
-11
3
6
13
24
15
26
20
22
16
18
19
29
29
27
27
27
30
27
36
49
45
44
45
36
36
25
20
24
25
13
11
11
-3
-2
-4
-5
3
1
10
6
1
2
-4
-13
-19
-24
-29
-35
-33
-32
-28
-31
-33
-34
-35
-33
-26
-20
-18
-9
-11
0
5
7
13
7
9
6
-1
6
17
29
24
14
22
27
17
25
13
11
11
0
3
-8
7
6
7
19
23
22
25
35
25
23
13
7
1
4
-3
-10
-3
-16
-27
-27
-27
-22
-25
-22
-13
-17
-14
-9
-9
-18
-22
-28
-30
-34
-24
-28
-27
-26
-25
-22
-21
-17
-20
-5
-2
1
4
8
13
6
3
4
5
6
1
3
2
13
7
11
12
11
20
20
26
26
23
25
26
23
20
16
23
19
23
32
34
27
28
27
21
18
11
17
16
16
18
21
13
3
0
-6
-13
-13
-16
-17
-10
-21
-24
-25
-33
-35
-39
-37
-36
-37
-30
-30
-33
-36
-40
-35
-36
-35
-27
-27
-20
-17
-23
-17
-16
-30
-34
-41
-40
-36
-35
-30
-24
-17
-7
-5
11
14
13
16
25
34
27
28
30
23
26
28
21
27
26
21
23
23
27
18
34
33
36
37
40
44
36
27
30
35
23
35
37
42
39
33
29
24
27
32
36
39
40
37
40
39
40
30
28
26
24
27
29
19
14
14
8
2
-4
-6
-13
-23
-37
-40
-42
-54
-49
-48
-44
-49
-51
-54
-51
-56
-73
-71
-72
-81
-78
-67
-73
-66
-65
-68
-70
-65
-61
-53
-53
-45
-29
-23
-14
-4
7
11
21
19
24
21
21
22
20
12
2
6
0
8
13
17
24
27
29
19
25
14
9
-1
-6
-5
-4
-2
2
0
-3
1
-2
2
7
23
24
20
19
15
13
14
13
11
14
11
15
7
10
15
21
21
25
33
31
28
18
32
32
28
32
34
34
31
26
21
13
17
21
22
18
15
20
19
6
0
1
5
3
-7
7
11
3
4
-6
-3
2
0
7
8
8
-1
2
4
8
13
14
14
17
7
0
1
-5
-8
-8
-9
-7
-6
-8
1
-6
0
-5
-9
-13
-21
-24
-26
-34
-31
-29
-27
-29
-38
-33
-35
-37
-36
-28
-28
-33
-33
-35
-38
-33
-34
-33
-38
-45
-48
-45
-41
-33
-32
-23
-20
-18
-4
-1
9
6
10
13
9
7
7
6
7
7
8
9
16
15
18
16
22
22
19
24
26
30
25
24
23
20
24
24
27
27
25
16
18
17
12
22
11
14
13
11
8
9
8
6
3
-2
-4
-17
-14
-9
-8
-6
4
0
-3
-9
-7
-16
-16
-23
-28
-26
-30
-26
-26
-29
-29
-23
-18
-13
-13
-8
-5
-7
-10
-6
-5
0
2
13
12
18
22
26
23
23
26
27
27
34
41
42
45
49
47
48
49
40
40
37
40
38
41
38
36
36
27
22
23
23
19
14
13
12
4
-1
-4
-14
-13
-11
-11
-13
-16
-11
-19
-22
-29
-30
-23
-27
-26
-19
-21
-25
-27
-28
-29
-38
-40
-43
-38
-39
-42
-39
-42
-42
-36
-38
-35
-35
-39
-40
-37
-39
-42
-40
-42
-33
-37
-36
-29
-25
-22
-9
-2
-2
10
17
19
26
23
22
27
20
14
12
13
12
11
13
21
15
12
11
10
18
17
17
18
16
14
11
7
4
-2
2
-1
-1
2
5
4
2
9
10
5
9
10
7
4
1
3
5
2
4
2
9
8
9
11
7
9
13
20
17
13
15
19
17
18
19
20
19
21
18
17
14
9
10
9
10
10
10
10
7
-2
-3
-3
-10
-15
-16
-18
-20
-14
-5
-2
1
2
2
-1
-7
-7
-3
3
6
1
4
8
3
-5
-2
0
0
2
9
7
4
4
6
1
-1
-5
-12
-15
-22
-22
-23
-17
-16
-15
-8
-10
-13
-15
-10
-5
-7
-9
-10
-8
-12
-16
-13
-11
-10
-10
-8
-8
-6
0
4
11
5
9
5
5
0
-3
-5
-10
-11
-9
-9
-5
-4
-5
-4
0
3
0
11
6
3
-1
-3
-3
-3
-2
-4
0
-2
3
3
0
2
4
5
6
11
14
13
14
15
13
20
20
20
21
21
24
19
15
18
14
14
5
6
8
6
2
1
-2
-10
-11
-14
-12
-19
-16
-17
-20
-24
-23
-21
-21
-24
-23
-18
-19
-16
-10
-9
-9
-7
-2
-1
6
10
15
17
20
21
20
17
21
22
17
18
16
13
16
15
14
17
15
12
13
11
10
6
2
-3
-2
0
-4
-1
-3
-6
-2
0
0
-4
-7
-3
-2
-4
-9
-9
-9
-12
-14
-16
-14
-14
-8
-7
-3
-6
-5
-8
-9
-5
-9
-6
2
5
5
6
6
6
2
-2
-4
-7
-10
-9
-12
-17
-15
-18
-22
-22
-19
-15
-13
-16
-15
-21
-21
-16
-18
-14
-16
-18
-13
-15
-12
-8
-6
3
2
12
16
19
22
23
31
31
31
29
27
32
30
30
28
25
24
22
20
24
24
23
21
22
20
20
21
15
10
1
-4
-7
-12
-14
-13
-16
-21
-22
-23
-26
-26
-26
-27
-22
-22
-23
-21
-20
-19
-23
-31
-31
-32
-34
-34
-31
-27
-26
-23
-21
-16
-9
-2
0
5
5
5
6
5
12
15
16
17
10
12
14
15
19
21
27
30
35
36
39
44
40
49
48
52
56
52
47
42
42
35
29
25
22
22
18
17
19
20
15
18
16
7
9
0
-9
-14
-16
-20
-21
-24
-27
-32
-37
-37
-38
-42
-38
-41
-46
-46
-44
-50
-49
-46
-47
-42
-41
-36
-33
-28
-25
-22
-21
-19
-17
-14
-11
-8
-3
1
4
3
2
6
5
8
13
16
16
16
12
9
6
9
13
12
13
15
11
12
14
16
16
13
8
7
9
3
6
6
3
4
5
2
5
8
12
12
18
13
8
12
9
8
6
3
1
-6
-7
-4
-6
-4
-5
-3
-6
-9
-7
-10
-12
-10
-12
-13
-11
-11
-9
-4
-12
-12
-14
-16
-18
-16
-15
-13
-12
-7
-2
0
4
1
2
7
5
7
8
7
11
15
15
14
17
14
12
15
13
18
19
12
15
15
11
20
22
20
30
34
30
29
23
14
17
14
7
10
0
-3
-3
-9
-8
-3
-11
-9
-4
-14
-16
-15
-22
-23
-18
-27
-26
-24
-25
-20
-12
-19
-15
-13
-26
-22
-25
-27
-23
-20
-25
-24
-24
-24
-13
-18
-19
-19
-17
-19
-14
-9
-6
0
-5
-3
7
10
15
16
11
17
20
11
15
21
20
28
29
32
32
32
29
35
37
33
40
41
35
33
28
21
18
15
15
18
20
22
27
23
25
23
18
12
7
-1
-10
-8
-9
-9
-4
-8
-10
-13
-17
-12
-9
-11
-10
-10
-18
-17
-21
-25
-23
-26
-26
-27
-26
-26
-30
-27
-28
-28
-25
-25
-18
-13
-11
-9
-8
-8
-3
-6
-3
-1
-1
-2
-1
0
-2
3
9
6
7
10
8
8
2
-9
-8
-7
-11
-11
-5
-1
0
5
5
5
8
4
5
2
-2
-1
-2
-1
-6
-5
-8
-6
-7
-10
-9
-5
-2
1
3
1
0
5
-2
-6
-2
-7
-3
-2
-3
-1
0
-4
-6
-1
2
6
11
9
8
8
6
12
14
14
10
14
7
8
8
8
12
12
16
17
19
12
14
12
13
9
4
1
3
4
4
10
8
10
15
18
12
17
12
9
6
5
3
1
-6
-5
-1
-5
-6
0
-1
2
7
7
6
5
1
-2
-6
-8
-9
-9
-10
-19
-19
-19
-14
-12
-7
-5
1
2
0
-6
-10
-11
-12
-13
-13
-17
-21
-19
-19
-14
-10
-6
-7
-1
-2
-5
-2
-2
-1
-4
-7
-6
-8
-2
-1
-2
4
4
5
7
7
7
6
3
3
5
9
6
12
11
12
12
6
1
2
3
0
4
1
3
2
1
-1
4
1
-7
-6
-10
-11
-6
-9
-13
-9
-13
-11
-7
-11
-5
-4
-7
-5
-8
-13
-15
-10
-11
-9
-5
-6
2
4
-1
3
1
-3
4
-1
-1
8
6
6
14
15
11
16
13
7
8
7
7
7
-1
-1
6
3
6
8
3
2
4
1
-1
2
4
9
10
9
7
3
2
6
9
12
12
12
10
11
14
19
19
17
15
14
12
10
9
11
16
17
10
12
10
6
9
10
12
14
13
10
16
13
6
3
-5
-6
-5
-7
-10
-7
-6
-9
-10
-9
-7
-6
-11
-11
-13
-23
-21
-23
-28
-29
-28
-28
-25
-21
-24
-23
-21
-23
-19
-23
-30
-28
-25
-29
-27
-31
-31
-25
-22
-16
-13
-8
-8
-6
-4
-5
-8
-5
-8
-2
2
1
5
6
10
17
17
17
16
15
16
16
17
20
23
25
25
24
27
25
24
20
20
15
11
14
15
16
16
11
11
13
11
12
12
6
10
12
10
7
7
6
3
1
2
1
-3
-7
-6
-6
-7
-2
-8
-5
-3
-2
1
-3
-3
-2
-4
-6
-5
1
4
4
11
7
5
1
-6
-4
-2
-3
0
1
1
2
-2
0
-2
-4
-7
-6
-7
-10
-14
-16
-18
-13
-5
-6
-3
-4
-6
-6
-5
-6
-9
-11
-8
-10
-12
-10
-3
1
3
8
9
10
9
9
7
4
4
1
1
1
5
5
4
8
7
7
5
5
2
0
0
-4
-7
-5
-9
-8
-7
-4
-6
-10
-11
-13
-13
-16
-14
-13
-13
-11
-8
-8
-5
-4
1
4
3
3
2
1
-1
-2
-3
-3
0
1
7
8
9
12
16
21
24
27
19
15
13
9
7
4
3
8
13
11
16
18
14
15
11
10
5
-1
-3
-4
-3
-4
-3
-3
-6
-6
-6
-10
-12
-18
-20
-23
-26
-27
-25
-20
-20
-20
-18
-13
-14
-12
-8
-10
-10
-9
-14
-16
-15
-18
-18
-11
-6
-7
-2
1
5
4
1
3
2
4
4
3
3
6
7
10
14
18
17
14
12
12
12
12
14
15
15
13
11
10
11
16
13
16
15
9
11
12
13
16
16
19
21
21
18
16
17
17
15
11
9
8
9
7
6
1
-2
-3
-1
-2
-5
-5
-5
-4
-5
-6
-10
-9
-11
-11
-10
-10
-9
-10
-11
-11
-12
-10
-16
-18
-15
-16
-12
-9
-7
-8
-8
-7
-9
-6
-3
-6
-4
1
-1
0
-2
-4
-4
-5
-8
-4
-5
-7
-5
-2
-1
4
5
3
4
3
1
2
3
3
2
3
4
7
6
7
7
4
9
9
9
8
6
7
1
0
-1
-1
1
3
4
-2
-1
-4
-5
-5
-5
-7
-6
-9
-8
-8
-10
-8
-9
-11
-10
-13
-16
-17
-18
-20
-21
-21
-18
-15
-12
-12
-12
-8
-9
-4
-7
-6
-6
-5
-2
-3
-1
1
1
2
3
5
5
7
7
12
12
10
11
16
17
16
15
15
18
17
19
20
18
15
10
10
7
10
13
15
17
16
15
11
10
10
14
12
12
15
14
10
9
4
0
-1
-4
-2
-3
-3
-4
0
-1
-2
1
-3
-4
-8
-5
-6
-8
-7
-7
-7
-7
-6
-7
-8
-5
-3
-6
-2
2
-2
-3
-1
-2
-2
-2
-3
-2
-3
-3
-2
-4
-3
-4
-6
-5
-5
-7
-6
-5
-3
-5
-5
-6
-3
-2
-3
-2
-1
-2
-3
-3
-3
-1
-2
-5
-5
-6
-6
-3
-5
-5
-5
-6
-7
-3
-2
-4
-2
-1
0
1
1
3
3
4
-1
-4
-7
-9
-10
-10
-10
-12
-10
-13
-9
-8
-8
-4
-7
-7
-6
-6
-4
-3
-1
1
2
2
3
3
3
4
6
4
5
8
10
10
13
12
14
12
10
8
7
8
8
11
12
13
16
17
17
20
20
18
18
17
14
16
14
10
10
11
8
10
8
9
11
12
12
9
8
7
9
6
2
-3
-4
-5
-6
-6
-6
-4
-6
-5
-8
-9
-11
-14
-15
-17
-12
-12
-14
-15
-12
-12
-13
-11
-10
-12
-14
-12
-11
-13
-12
-10
-6
-9
-7
-6
-9
-6
-5
-3
-4
-6
-6
-2
-5
-5
-2
-3
1
0
0
-2
-1
-3
-1
-1
1
1
0
-1
-1
1
1
4
6
9
9
10
12
14
10
7
7
3
1
1
2
5
5
5
4
4
2
2
0
0
-3
-4
-5
-7
-3
-4
-5
-4
-4
-3
-2
0
-2
-4
-5
-8
-6
-3
-2
-1
-1
-1
-1
-4
-3
-1
-2
-1
0
1
1
3
6
7
7
6
7
8
6
7
7
7
6
3
1
3
3
3
4
4
3
1
0
0
-2
-1
-2
-1
1
-1
0
1
0
0
0
2
1
-1
1
1
-2
-1
0
-1
0
-2
0
-1
1
1
3
5
4
7
5
7
5
3
4
3
1
1
3
2
0
1
2
1
0
-1
0
1
-1
-2
0
-2
-2
-2
-5
-7
-8
-7
-6
-3
0
0
-1
-3
-3
-1
0
2
0
4
3
2
2
1
0
1
0
0
-1
-3
-1
-5
-5
-6
-5
-8
-7
-9
-10
-9
-11
-9
-9
-6
-5
-2
1
-1
-2
-2
-3
-2
-2
-2
-2
-2
-4
-7
-6
-6
-5
-4
-2
3
4
2
3
2
1
0
0
1
0
2
2
2
1
-1
-3
-4
-2
0
2
3
7
8
8
7
5
8
6
4
3
4
1
0
-2
-1
-1
-2
-1
1
1
0
2
2
1
4
2
1
3
2
1
2
3
4
3
2
3
5
6
8
7
6
6
5
5
5
4
7
8
7
9
6
7
4
6
5
2
0
-1
-1
1
2
0
2
2
-1
-3
-2
-2
-2
-5
-4
-3
-1
-2
-1
2
3
5
5
4
5
2
1
