SAMPLES:	21302
BITSPERSAMPLE:	16
CHANNELS:	1
SAMPLERATE:	16000
NORMALIZED:	FALSE
7
4
-7
-7
1
-2
-4
0
-4
1
-7
-8
-10
-5
3
-4
-1
-6
-11
-22
-20
-25
-37
-41
-40
-36
-30
-26
-22
-10
-12
-10
-8
-14
-5
-7
2
-6
-6
-1
-2
2
1
9
13
9
14
21
16
22
18
26
22
20
19
16
18
20
25
29
23
22
12
9
19
3
8
4
10
7
14
7
5
2
-2
5
-7
-16
-13
-12
-14
-10
-9
2
2
3
-10
-8
1
-8
-2
0
0
7
5
-5
-10
0
6
-7
-10
-11
-19
-17
-17
-24
-32
-26
-24
-28
-31
-44
-44
-34
-27
-29
-31
-34
-31
-23
-14
-8
3
3
0
1
2
2
-1
7
3
8
5
4
8
1
2
14
25
23
25
29
25
30
30
29
26
36
34
28
28
33
40
22
24
25
17
-2
-6
-8
-16
-20
-19
-11
-1
-10
-15
-1
-13
-11
-14
-24
-21
-9
-5
-10
-11
-1
-6
-6
-10
4
7
-5
3
5
7
1
9
6
13
8
11
19
8
20
21
11
13
7
4
1
10
6
-6
2
-6
-7
-11
-9
-4
4
3
-6
8
4
6
3
8
9
5
4
5
-4
3
9
1
-7
-3
14
8
11
4
6
4
4
0
4
1
6
12
1
16
9
10
2
-3
-8
-12
-4
-3
-9
-7
-14
-13
-8
-16
-11
-11
-12
-16
-27
-18
-24
-26
-22
-22
-17
-21
-24
-8
-12
-15
-9
-18
-6
-9
-12
-18
-24
-16
-18
-18
-17
-11
-4
-4
10
12
7
11
17
28
22
16
26
36
29
32
25
20
15
2
1
-2
10
17
12
13
1
0
0
-3
7
3
9
10
7
14
18
15
13
12
16
27
14
5
7
10
10
11
0
-1
-8
-17
-29
-20
-17
-25
-18
-25
-32
-40
-45
-40
-33
-38
-35
-36
-37
-36
-35
-37
-39
-31
-21
-25
-28
-14
-12
-12
-5
-1
6
6
8
12
19
17
25
31
32
35
31
37
45
42
51
55
43
43
41
45
46
40
37
38
31
29
30
30
33
26
14
7
8
-3
2
-2
-4
-6
-15
-7
-10
-13
-9
-14
-24
-27
-25
-29
-27
-26
-22
-25
-24
-25
-24
-19
-13
-8
-7
-11
-11
-5
-4
13
7
3
16
11
15
4
7
10
9
10
14
11
14
16
13
19
16
10
12
15
14
8
9
16
20
24
15
9
12
21
17
10
1
2
2
-18
-24
-39
-36
-34
-34
-32
-34
-33
-35
-36
-43
-45
-45
-30
-22
-21
-24
-30
-25
-32
-35
-44
-38
-46
-51
-47
-59
-50
-53
-53
-49
-41
-33
-23
-14
-11
6
6
12
22
26
27
27
19
26
32
17
19
26
27
32
33
28
39
54
56
49
54
60
61
54
41
27
33
22
20
19
12
19
18
3
3
7
14
19
11
15
22
14
12
27
17
10
17
22
25
26
22
26
21
14
10
9
7
3
7
7
6
-9
-15
-21
-27
-25
-30
-30
-24
-8
-14
-19
-14
-2
0
-10
-7
1
8
10
0
-2
0
-8
-8
-22
-12
-15
-18
-19
-19
-15
-6
7
9
9
10
3
7
11
-5
-2
-1
-8
-15
-20
-16
-19
-30
-28
-33
-37
-33
-33
-22
-23
-21
-14
-20
-15
-1
-9
-1
6
-6
1
5
5
5
12
12
10
14
6
6
6
-3
1
-7
-16
-15
-11
-9
-16
-12
-21
-23
-30
-17
-12
-15
-4
0
-9
-12
6
6
-3
4
2
2
6
-1
7
12
11
17
6
4
1
-1
9
11
12
-4
4
12
19
19
23
31
23
23
26
24
31
31
30
30
36
43
31
28
19
12
8
4
2
0
-10
-18
-17
-18
-31
-40
-30
-28
-32
-31
-18
-18
-7
-12
-6
-2
8
13
15
20
9
11
21
26
42
55
49
50
44
30
27
27
28
23
17
19
12
10
0
4
7
6
-6
-17
-15
-14
-17
-14
-6
-8
-3
-17
-27
-19
-21
-12
-25
-21
-15
-20
-26
-20
-14
-10
-4
-9
-8
-20
-22
-21
-24
-21
-28
-23
-17
-11
-11
-15
-11
-13
-1
4
5
9
4
10
15
11
10
11
5
5
0
-9
-12
-7
2
-3
-10
-14
-17
-24
-24
-32
-17
-17
-14
-17
-43
-46
-45
-37
-41
-47
-49
-39
-40
-38
-36
-38
-33
-36
-37
-39
-39
-18
-11
-10
-5
1
12
21
17
19
31
34
34
34
40
47
50
55
60
59
65
62
66
74
77
80
72
71
76
76
68
63
58
45
48
49
49
38
23
20
10
12
9
3
5
-1
5
5
5
-4
-4
-3
-11
-12
-23
-20
-12
-14
-21
-14
-4
-13
-12
-13
-7
-11
-14
-3
-11
-10
-20
-31
-38
-43
-30
-22
-25
-32
-37
-42
-36
-32
-38
-35
-35
-40
-33
-26
-36
-36
-37
-40
-32
-33
-29
-34
-31
-29
-25
-21
-17
-3
-2
-4
-1
8
9
9
9
11
8
9
12
15
15
10
26
28
26
31
37
42
39
40
40
38
31
31
35
33
31
32
23
13
13
9
4
-3
-12
-19
-20
-20
-29
-39
-41
-39
-40
-40
-41
-34
-28
-25
-11
-14
-13
-15
-25
-20
-21
-29
-31
-27
-12
-15
-9
-5
-2
0
-4
8
12
21
16
19
34
32
35
35
45
43
42
43
37
38
45
39
30
27
26
33
31
28
8
0
-4
-15
-10
-9
-12
-17
-13
-11
-10
-5
-7
-2
-3
-8
-6
1
-2
2
1
0
4
4
-6
-14
-8
-9
-8
0
1
-3
4
6
5
0
0
-1
-3
-1
-3
-1
-6
-3
6
5
6
2
-1
2
0
1
3
1
-3
-5
-12
-13
-1
-8
-19
-13
-7
-11
-12
-10
-5
2
5
5
3
12
8
2
11
16
14
12
29
23
16
10
14
11
10
18
11
18
15
18
13
9
2
-2
-15
-21
-31
-34
-38
-35
-46
-46
-31
-29
-27
-42
-33
-28
-21
-20
-28
-25
-20
-28
-33
-33
-39
-35
-29
-37
-31
-32
-30
-26
-19
-18
-16
-9
-2
4
6
13
3
8
7
16
15
33
36
26
41
45
48
44
50
52
47
42
41
49
43
37
39
31
32
28
17
11
19
20
20
25
29
31
32
27
29
24
29
29
18
18
7
13
16
0
-15
0
-3
-20
-16
-20
-22
-24
-25
-21
-24
-34
-42
-33
-26
-28
-26
-28
-23
-23
-28
-32
-26
-22
-25
-26
-26
-24
-11
-11
-6
7
1
5
0
2
7
5
5
7
7
13
12
11
15
5
3
1
1
-9
-17
-16
-20
-17
-29
-28
-34
-32
-24
-7
-4
-14
-5
-6
7
8
14
28
39
41
33
34
31
36
40
35
32
25
31
17
21
12
7
-5
-18
-20
-27
-21
-27
-18
-19
-22
-34
-34
-31
-26
-18
-17
-25
-16
-8
-10
-15
-14
-9
-9
-5
1
9
-4
4
13
10
18
16
16
26
21
13
2
10
17
10
6
5
3
8
5
-2
-12
-6
-7
-11
-13
-25
-17
-11
-4
-1
10
20
11
7
3
-10
-15
-3
-6
-5
3
5
-2
20
20
17
19
25
32
21
19
17
31
28
24
21
16
20
13
11
22
14
0
6
12
5
-2
2
11
2
-15
3
9
18
21
22
12
11
13
12
15
17
12
-4
7
6
-9
-7
-7
-18
-11
-20
-16
-25
-41
-39
-50
-38
-33
-45
-43
-31
-26
-24
-22
-19
-20
-13
-23
-25
-16
-13
-26
-34
-28
-25
-31
-33
-31
-33
-28
-28
-26
-18
-11
1
-2
0
4
0
8
16
1
2
17
13
5
12
12
0
6
10
1
9
14
-5
-2
13
17
34
30
28
26
18
25
20
14
26
23
22
27
24
27
12
6
-5
-1
11
8
1
5
12
5
4
9
1
4
10
-3
2
10
15
15
12
22
22
22
27
31
38
47
37
32
35
30
22
23
18
13
9
8
16
14
9
11
5
-8
-11
-20
-24
-18
-17
-24
-30
-18
-16
-16
-14
-4
-2
-9
-13
-10
-16
-24
-21
-23
-23
-19
-21
-31
-31
-37
-29
-16
-25
-25
-18
-29
-42
-45
-39
-34
-19
-24
-26
-15
-12
-6
-1
-3
-16
-21
-33
-45
-37
-35
-42
-41
-32
-38
-40
-29
-23
-34
-35
-34
-21
2
3
8
10
8
16
20
25
24
29
30
25
34
36
46
48
46
50
43
45
45
53
51
44
45
46
52
51
46
32
25
25
23
19
10
-4
-5
-2
6
4
11
19
19
11
13
22
19
13
21
15
3
13
-2
0
-9
-24
-17
-11
-8
5
-6
-16
-13
-11
-16
-10
-9
-18
-22
-15
-16
-17
-3
-7
-7
-3
-4
-9
0
1
-5
-16
4
9
0
4
11
17
1
7
16
10
7
-2
-2
-4
-12
-18
-23
-21
-17
-27
-19
3
5
5
1
14
12
27
26
14
25
7
4
2
5
4
-5
-11
-14
-11
-9
-4
-6
14
-7
-10
-7
0
10
-4
4
-11
-1
-14
-35
-27
-15
-13
-21
-26
-30
-20
-22
-17
-3
-6
-8
-5
-22
-18
-23
-32
-29
-42
-37
-20
-16
-26
-22
-29
-29
-33
-38
-37
-22
-25
-12
0
-3
-7
-11
7
-6
5
9
14
14
16
27
38
24
18
14
12
24
14
14
20
16
29
28
16
25
31
38
27
28
24
20
15
13
16
23
39
48
40
36
32
26
21
11
18
14
5
5
-6
-7
-2
-12
-18
-14
-9
-6
-13
-5
6
9
0
0
7
3
17
22
10
13
13
2
-2
16
7
1
19
18
19
22
30
29
20
3
11
15
4
0
-2
-4
-9
-15
-17
-7
-5
-19
-9
-10
-21
-10
-14
-11
-22
-23
-17
-17
-25
-33
-35
-46
-34
-40
-49
-49
-32
-27
-31
-22
-29
-32
-24
-23
-25
-20
-21
-22
-6
-10
-12
0
2
-13
-15
-23
-26
-19
-14
-14
-12
-9
1
9
22
17
16
33
27
37
46
39
43
42
34
21
23
29
30
23
27
22
36
31
24
38
34
30
23
15
7
7
11
1
-9
-16
-15
-7
-27
-18
-20
-30
-38
-19
-19
-25
-19
-20
-10
-11
-13
-13
-14
-14
-10
-18
-26
-25
-18
-13
-17
-12
-7
-15
-19
-14
-12
0
2
5
8
6
3
-3
-2
7
13
4
4
2
-1
0
-4
12
22
18
17
28
40
39
34
48
47
33
30
33
35
38
37
44
52
50
51
47
36
28
25
26
31
28
24
15
19
3
-11
-15
-11
-21
-26
-25
-41
-30
-16
-26
-17
-21
-12
-19
-25
-20
-14
-17
-33
-25
-33
-27
-22
-18
-31
-41
-36
-41
-47
-39
-46
-47
-44
-42
-45
-43
-47
-49
-47
-34
-27
-11
-19
-21
-11
-1
-3
-4
3
4
10
17
16
20
13
6
15
21
34
22
30
30
33
33
28
22
24
35
29
39
40
42
34
44
55
47
50
41
49
36
31
17
10
17
-1
-20
-19
-7
-24
-37
-37
-49
-58
-64
-66
-62
-72
-65
-45
-54
-67
-57
-48
-54
-53
-45
-27
-49
-46
-22
-25
-31
-20
16
-12
-25
7
2
-1
18
29
10
11
24
18
25
46
31
39
62
67
78
85
106
96
95
102
83
80
66
69
80
55
55
50
42
41
33
25
29
25
31
23
13
11
10
7
1
-4
-4
-9
-7
3
4
6
9
11
-5
3
14
-4
-12
-18
-16
-38
-35
-29
-46
-45
-56
-57
-63
-53
-59
-80
-71
-74
-78
-83
-73
-61
-58
-49
-46
-40
-45
-39
-38
-31
-28
-40
-32
-26
-19
-20
-11
-17
-26
-23
-40
-33
-29
-44
-22
-27
-28
-11
-5
3
-1
5
21
22
22
24
34
32
23
24
36
36
40
47
37
34
35
47
29
24
36
32
32
19
40
53
31
23
24
22
24
24
5
8
4
7
15
23
20
24
23
13
7
9
18
6
0
-5
-3
10
8
-5
-22
-25
-18
-13
-6
9
7
8
14
4
1
-6
-8
-13
-13
-6
-1
1
3
11
21
15
18
3
6
-3
-20
-12
-11
-4
-16
-19
-21
-8
-4
-11
-18
-6
-8
-19
-10
-11
-11
-11
5
23
31
25
12
35
57
22
33
47
27
15
12
23
3
-1
1
-14
-5
2
5
4
10
2
-15
-4
8
2
-26
-20
-15
-40
-41
-22
-35
-38
-32
-30
-49
-47
-32
-24
-22
-25
-25
-37
-20
-16
-20
-9
9
-2
-19
-10
-5
-7
-6
6
-7
-2
15
18
13
11
23
18
15
10
13
-1
-10
-5
-6
-15
-11
-7
-11
-10
-1
-1
-5
4
16
23
21
31
46
45
42
35
28
32
17
20
14
0
14
11
0
1
10
1
-9
-9
-10
-6
-7
3
-13
-26
-23
-33
-29
-32
-33
-44
-47
-36
-35
-34
-27
-25
-23
-9
-12
-1
2
4
6
33
28
17
33
39
32
23
34
25
12
4
-1
6
5
9
22
23
20
38
37
10
28
31
25
12
19
28
16
13
13
16
19
31
31
31
22
17
28
12
9
5
-1
4
-7
-6
-19
-35
-35
-40
-48
-45
-33
-23
-25
-23
-20
-10
-19
-21
-26
-34
-40
-50
-54
-58
-47
-31
-19
-27
-32
-26
-25
-7
-11
-12
6
9
8
1
2
10
25
11
5
8
10
12
27
21
24
44
31
42
38
44
32
27
28
28
38
38
41
42
30
21
20
27
28
17
4
-3
-11
-5
-11
-18
-11
-24
-30
-20
-23
-34
-35
-24
-6
-17
-21
-5
-24
-40
-31
-14
-14
-27
-13
-11
-18
-12
-22
-18
-31
-32
-24
-12
0
-4
-1
11
9
0
-1
-6
1
-13
-7
0
5
17
13
16
19
8
7
9
27
29
27
36
36
30
29
23
16
32
40
20
5
-2
1
3
15
14
-5
-4
-1
-8
-23
-26
-35
-33
-35
-38
-39
-37
-28
-27
-32
-37
-43
-41
-46
-40
-18
-17
-15
-11
-2
-2
-8
-13
-3
6
-4
-5
-6
10
15
3
6
12
19
28
20
30
35
44
34
48
60
46
38
36
41
49
46
47
50
40
34
28
38
36
27
18
23
21
16
5
-6
-2
-10
-5
15
8
-3
7
7
3
1
0
-16
-20
-22
-25
-21
-20
-28
-17
-13
-14
-11
-14
-9
-17
-26
-29
-21
-26
-34
-31
-46
-46
-43
-29
-25
-25
-22
-29
-34
-33
-38
-37
-29
-25
-31
-15
-14
-20
-14
-13
-8
-2
0
-6
-5
-5
-12
-10
-5
-4
-4
1
1
14
20
15
25
33
30
32
47
37
42
42
48
41
31
31
23
15
9
2
5
6
11
8
-2
8
-2
5
2
-1
6
14
13
8
16
25
23
16
13
6
3
8
9
2
7
0
13
11
5
2
-8
1
0
10
16
16
17
9
14
6
-3
-20
-21
-20
-41
-46
-45
-49
-53
-59
-46
-39
-37
-35
-43
-38
-42
-42
-39
-51
-48
-25
-29
-26
-27
-26
-22
-26
-16
-12
-9
6
10
12
23
24
23
33
34
36
42
44
51
46
51
44
29
31
37
35
38
45
59
55
47
55
55
45
36
37
38
34
33
25
12
13
13
13
19
1
-3
-9
-28
-28
-34
-29
-26
-9
0
-8
-9
-22
-33
-34
-34
-36
-29
-25
-30
-37
-34
-36
-37
-8
-4
-2
5
6
2
2
5
8
1
-3
-7
-16
-13
-22
-19
-18
-25
-36
-57
-52
-56
-56
-45
-34
-19
-21
-23
-23
-18
-25
-18
-13
1
-1
7
15
7
0
3
-12
-13
-23
-20
-18
-27
-15
-6
-4
4
13
17
27
31
21
14
31
24
35
36
32
34
31
43
48
61
52
64
61
60
61
55
63
64
50
47
53
45
33
29
30
29
18
25
29
30
24
15
13
13
22
10
-6
-16
-14
-18
-28
-21
-14
-23
-33
-23
-20
-37
-41
-36
-32
-37
-51
-50
-55
-69
-56
-41
-44
-31
-38
-41
-32
-25
-5
-9
-20
-12
-4
-12
-4
-10
-8
-20
-27
-31
-44
-24
-29
-27
-21
-32
-25
-14
-3
-12
-15
-29
-34
-31
-28
-24
-6
-7
-5
5
16
4
-8
-6
0
17
25
40
58
72
65
68
55
62
68
68
67
61
57
58
66
55
47
42
47
28
30
32
27
44
36
38
26
19
27
15
0
4
3
-16
-13
-23
-35
-24
-32
-24
-20
-31
-29
-49
-45
-51
-51
-57
-60
-59
-64
-52
-48
-41
-49
-34
-36
-34
-33
-26
-19
-21
-16
-21
-22
-27
-28
-8
-13
-15
-8
-9
-2
-1
-7
-6
-23
-23
-18
-12
2
-11
-2
-2
-7
-8
-15
-24
-6
-3
-2
4
2
-5
-3
-12
-18
-22
-14
-20
-21
-1
0
7
24
32
35
32
39
73
74
72
75
71
76
76
80
80
85
83
73
77
61
65
57
48
46
44
33
34
43
30
34
30
33
28
36
36
18
12
15
4
0
-3
-10
-22
-23
-27
-31
-27
-39
-31
-35
-45
-31
-23
-34
-23
-32
-44
-36
-34
-32
-33
-25
-23
-33
-42
-44
-55
-61
-69
-64
-64
-81
-68
-57
-54
-72
-65
-61
-56
-45
-45
-45
-37
-28
-20
-21
-23
-26
-13
-12
-5
-9
1
19
15
14
10
2
-13
-10
-17
-20
-12
-1
-12
-25
-30
-26
-23
-8
4
11
-1
5
24
22
26
36
44
58
67
77
74
91
89
86
83
86
85
89
76
61
61
51
45
38
31
28
18
10
4
5
3
1
-15
-14
-21
-11
-3
-29
-23
-27
-40
-33
-25
-28
-26
-11
-9
-7
4
2
16
6
4
7
1
5
5
7
7
9
-4
-9
-10
-4
3
14
12
26
20
7
24
16
8
4
9
3
-1
-18
-24
-26
-35
-37
-49
-52
-61
-53
-48
-50
-48
-31
-28
-34
-34
-17
-8
-16
4
9
7
12
3
1
-7
-5
1
0
6
9
6
7
14
22
20
16
26
18
20
23
18
20
21
20
17
21
31
31
20
26
24
25
30
26
26
14
5
3
4
10
7
0
-4
-17
-17
-20
-31
-28
-33
-26
-46
-47
-35
-40
-37
-25
-5
-21
-18
-12
-27
-28
-15
-1
2
-3
0
6
3
19
20
4
7
5
-4
-7
8
16
1
-1
-2
-15
-17
-18
-26
-29
-24
-25
-33
-37
-25
-19
-28
-32
-24
-19
-14
-23
-19
-5
11
15
8
21
28
30
38
36
28
38
32
28
30
29
27
26
18
7
15
21
25
20
21
26
16
7
6
0
0
12
18
15
18
30
31
25
16
5
17
13
8
17
17
17
33
33
32
37
46
41
36
37
40
33
21
13
8
11
-2
-3
-15
-18
-13
-31
-52
-38
-57
-65
-62
-61
-58
-67
-53
-57
-48
-35
-38
-37
-35
-24
-35
-42
-29
-27
-40
-23
-17
-23
-15
-12
-7
-1
1
-3
7
-1
-10
1
8
-2
-10
-8
-6
-2
-8
-14
-3
1
18
18
18
26
25
23
24
18
15
19
23
34
33
39
46
47
46
43
46
36
30
22
11
11
4
-3
-6
-10
-15
-21
-26
-35
-23
-11
-6
-17
-20
-29
-28
-16
-18
-17
-18
-16
-18
-22
-11
-7
-11
-10
-10
1
5
2
8
-8
-6
-8
0
21
18
23
24
26
34
35
27
36
29
24
22
12
18
15
17
23
11
15
11
6
15
13
9
8
6
7
-2
-3
-13
-18
-11
-21
-17
-24
-24
-10
-2
-9
-12
-10
-32
-36
-36
-35
-42
-42
-39
-37
-22
-21
-20
-27
-19
-21
-20
-8
-4
8
16
15
4
-10
-12
-7
-8
-8
-11
-7
-16
-15
-12
-7
8
18
30
28
39
42
40
44
30
41
36
31
33
34
31
26
30
20
26
31
44
44
39
53
44
27
8
-1
-10
-23
-14
-8
-12
-9
-22
-30
-26
-17
-20
-28
-27
-27
-26
-29
-31
-24
-12
-7
-5
-5
5
0
4
5
8
7
26
26
26
32
35
38
27
29
27
13
9
19
25
22
21
23
21
10
-13
-13
-24
-29
-18
-20
-24
-25
-20
-32
-34
-35
-34
-51
-54
-63
-80
-76
-76
-68
-74
-74
-67
-67
-61
-59
-56
-47
-34
-21
-15
-17
-12
-1
-2
5
12
16
11
12
18
18
13
12
30
32
35
29
27
37
40
42
34
45
54
56
60
64
69
69
65
61
64
56
58
63
58
59
52
40
38
35
33
27
21
10
6
9
-1
-7
-22
-28
-39
-46
-51
-55
-54
-58
-54
-69
-71
-62
-58
-67
-57
-52
-35
-37
-43
-35
-38
-33
-35
-19
-16
-9
1
8
7
2
16
20
22
27
27
37
33
42
52
41
44
45
48
38
29
37
41
40
32
24
33
23
22
15
11
18
17
14
6
0
-5
-21
-28
-28
-38
-27
-22
-26
-26
-30
-36
-29
-36
-33
-30
-29
-27
-30
-27
-38
-33
-41
-44
-47
-48
-43
-35
-30
-23
-11
-13
-9
3
10
26
40
42
52
53
45
47
45
33
42
46
42
42
32
38
38
30
32
20
24
29
23
17
11
8
-6
-8
-1
11
11
3
1
-1
-8
-10
-12
-22
-23
-27
-25
-31
-36
-27
-31
-38
-43
-49
-62
-61
-54
-52
-43
-34
-29
-23
-32
-33
-20
-18
-15
-9
-7
-5
-15
-17
-17
-11
-13
-18
-5
7
11
8
6
12
14
1
5
4
12
16
35
54
43
45
56
51
41
34
33
30
33
23
20
30
21
11
16
18
22
23
14
15
33
26
30
39
47
35
49
47
39
48
50
57
44
37
31
23
22
28
22
20
26
31
14
18
26
21
17
6
-7
-27
-43
-42
-46
-59
-55
-65
-74
-72
-64
-72
-72
-69
-64
-74
-61
-67
-74
-79
-79
-61
-60
-37
-45
-39
-43
-33
-31
-26
-25
-24
-4
-3
-2
-12
-6
1
2
-9
-2
4
6
21
33
27
12
10
5
6
12
10
18
16
13
16
12
9
20
17
8
3
12
16
10
19
15
7
26
35
36
37
44
48
29
17
12
3
4
-16
-23
-19
-20
-13
-7
-9
-8
-1
-3
-7
-7
-2
-8
-12
-10
-6
-17
-7
-1
6
11
13
29
22
32
30
23
24
30
35
19
15
26
17
18
17
20
16
9
20
27
29
21
22
23
25
9
2
-3
-12
-11
-18
-11
5
11
9
8
-4
-2
1
6
-7
-4
0
-15
-13
-10
-10
-7
-6
-6
-11
-2
5
-17
-17
-21
-31
-36
-46
-39
-44
-53
-37
-40
-42
-37
-40
-33
-32
-29
-23
-21
-20
-12
-7
-4
4
3
5
1
10
12
22
30
35
38
34
30
33
39
33
31
23
30
25
11
15
4
12
6
3
-3
-8
5
12
10
12
17
0
2
-4
-1
5
-4
4
5
-4
-7
-12
-10
-14
-19
-17
-8
-6
-2
-6
-13
-7
-7
6
7
19
24
13
6
0
-5
-10
-7
-7
-8
-7
-4
-10
-15
-16
-9
-8
-19
-22
-17
-11
-22
-20
-18
-18
-14
-28
-42
-35
-42
-36
-36
-40
-29
-26
-17
-7
0
-3
4
15
18
23
24
21
32
39
35
18
21
20
16
27
12
20
34
43
50
58
44
45
39
30
29
28
41
37
29
21
13
16
-7
-11
-9
-4
-12
-29
-16
-20
-2
-5
-2
-8
-5
-6
-10
-6
-8
-12
-13
-1
0
1
3
2
-8
-1
0
-13
-8
-5
7
11
8
7
9
14
11
6
3
11
5
-2
-8
-7
-15
-22
-13
-19
-23
-24
-40
-49
-41
-49
-50
-38
-30
-36
-29
-17
-8
-6
-7
-7
1
5
11
19
20
27
21
9
9
0
-1
8
7
14
10
12
19
17
28
25
13
17
22
28
31
23
31
35
37
32
25
39
33
35
30
21
13
7
10
10
7
7
9
-10
-21
-37
-41
-29
-28
-41
-49
-49
-50
-59
-60
-57
-49
-55
-54
-48
-43
-46
-36
-29
-26
-32
-29
-24
-16
-13
-18
-10
-9
-1
-6
-3
-9
-23
-20
-18
-1
6
17
18
22
19
22
27
21
24
32
24
30
35
32
29
26
42
50
58
62
56
58
56
49
53
44
35
33
35
32
19
13
12
-5
-20
-10
-26
-31
-20
-16
-19
-22
-23
-29
-23
-19
-25
-31
-28
-24
-23
-14
-19
-22
-16
-8
-1
2
14
22
26
16
22
30
28
19
11
-1
-5
-5
-6
4
9
13
3
2
5
3
-5
-3
-3
-1
-3
-10
-12
-3
-1
-3
-11
-13
-5
-8
1
2
3
3
9
4
-8
-7
-5
-5
-11
-18
-10
-4
-10
-7
-8
-5
-10
-9
-23
-32
-31
-43
-48
-58
-49
-44
-43
-27
-26
-27
-21
-17
4
25
29
34
30
29
42
42
37
33
31
27
20
6
14
9
10
5
10
25
23
37
24
29
44
34
44
46
38
22
6
2
-14
-21
-26
-12
-1
1
1
-3
-6
-19
-34
-38
-37
-39
-37
-34
-21
-25
-21
-23
-26
-22
-23
-19
-8
-1
-13
-12
-8
-14
-16
-2
6
16
22
30
36
32
39
32
34
28
17
11
4
-5
0
-3
-13
-11
3
0
8
13
2
-3
-2
-10
-24
-25
-22
-8
-13
-15
-3
6
5
-5
-10
-7
-6
3
13
10
25
15
9
5
4
4
1
5
15
19
17
17
19
15
9
12
9
8
10
24
20
30
31
18
11
22
26
14
27
11
4
3
-9
-9
-16
-19
-24
-14
-29
-35
-31
-27
-29
-37
-30
-34
-35
-32
-32
-32
-35
-43
-31
-25
-21
-28
-31
-25
-23
-11
-1
-14
3
11
7
12
7
17
25
29
39
43
35
40
39
24
24
31
35
31
26
17
22
18
14
17
9
-6
-21
-16
-16
-16
-17
-20
-22
-19
-16
-15
-7
-13
-17
-33
-33
-32
-34
-36
-32
-33
-36
-38
-35
-31
-38
-26
-21
-19
-4
-10
-6
-9
-3
9
4
0
13
8
13
28
41
51
56
61
55
53
55
56
56
57
46
43
39
27
12
10
3
10
10
21
14
13
-6
-5
3
3
15
13
22
8
6
-2
-3
-11
-19
-13
-12
-16
-11
-24
-17
-14
-15
-7
-10
-9
-11
8
-3
5
3
13
13
5
17
16
13
5
14
3
-7
-2
-6
-11
-15
-20
-20
-11
-22
-25
-34
-38
-47
-56
-48
-47
-44
-46
-27
-21
-21
-14
-6
11
3
9
20
24
19
23
11
1
3
-7
5
7
0
4
3
6
-1
-12
-10
-15
-10
-4
-6
-11
-8
-9
-3
1
-6
-16
-12
-7
-8
-11
-11
-4
-14
-26
-9
0
14
16
23
23
19
16
15
9
14
20
19
28
23
25
19
26
23
15
15
14
13
3
7
3
4
6
11
20
3
-3
4
7
11
2
-7
-2
-12
-21
-21
-24
-13
-9
-5
0
-13
-9
0
16
18
22
28
30
30
31
30
32
29
25
22
13
9
7
10
8
9
11
3
9
9
-1
-5
0
-5
-15
-10
-8
-6
-12
-14
-7
-17
-28
-39
-32
-43
-51
-43
-53
-44
-46
-31
-25
-30
-20
-20
-5
-6
-5
-4
-4
-6
-6
0
-10
-2
-1
-3
-6
-14
-7
-8
-12
-6
-11
-1
7
11
20
11
15
17
12
6
8
15
13
14
11
18
24
22
24
16
19
18
12
10
6
5
3
5
14
4
7
18
26
36
25
22
22
22
23
29
32
30
21
11
5
9
3
-9
-4
-6
-6
-4
-3
7
8
3
5
3
-2
-1
-4
0
-2
-5
-7
-8
-12
-14
-17
-20
-24
-24
-22
-26
-20
-20
-18
-13
-1
8
13
7
3
-7
-10
-11
-13
-17
-17
-18
-23
-25
-27
-29
-33
-34
-35
-29
-33
-36
-32
-18
-16
-16
-17
-17
-19
-15
-5
-11
-2
5
5
1
3
10
5
7
4
3
2
4
2
9
7
7
9
15
25
28
32
30
32
35
35
35
36
43
46
50
53
47
46
43
37
30
20
10
6
-3
-12
-7
-11
-23
-19
-19
-7
-5
-9
-6
-6
-8
-11
-10
2
-4
-8
-4
-3
-14
-18
-20
-33
-34
-36
-33
-31
-31
-35
-28
-21
-2
-3
-11
-13
-20
-19
-18
-30
-39
-27
-31
-33
-28
-23
-23
-19
-20
-24
-22
-21
-17
-12
-9
-2
2
3
19
19
29
40
42
54
44
39
37
42
40
38
43
39
53
60
59
64
69
67
65
64
63
52
44
44
33
13
5
-6
-8
-9
-6
1
10
1
0
7
4
0
-17
-11
-15
-17
-21
-32
-33
-18
-15
-15
-4
-3
-4
-11
-4
11
19
18
16
16
9
-4
-4
-10
-11
-8
-15
-2
0
-6
-4
-4
-17
-37
-38
-42
-52
-48
-45
-47
-46
-52
-68
-73
-72
-71
-71
-79
-83
-72
-77
-84
-81
-85
-80
-72
-63
-58
-43
-32
-37
-17
-11
1
17
23
36
42
54
57
65
65
61
63
57
61
65
60
51
45
43
41
40
38
35
39
49
47
46
43
44
39
33
40
38
30
47
53
47
42
32
35
34
25
19
16
10
-1
-7
1
-13
-21
-31
-38
-33
-37
-36
-36
-27
-25
-17
-13
-9
-8
-14
-11
4
12
20
18
18
24
28
48
52
39
31
42
45
42
46
38
36
44
37
30
29
18
9
-6
-20
-33
-29
-31
-34
-45
-61
-68
-85
-71
-60
-62
-65
-58
-74
-83
-80
-83
-85
-77
-87
-87
-72
-73
-68
-63
-67
-47
-38
-30
-17
-17
-15
-7
11
12
19
21
35
46
39
56
67
83
87
91
87
78
90
79
87
84
79
91
86
83
73
55
51
58
55
35
28
24
24
15
1
-1
-14
-22
-42
-32
-32
-39
-47
-67
-68
-59
-62
-56
-58
-66
-73
-63
-38
-52
-61
-49
-46
-43
-33
-28
-35
-29
-30
-38
-33
-16
-1
1
0
2
6
6
14
28
9
11
14
9
16
15
11
15
25
23
4
2
-7
-7
4
2
2
12
10
2
14
17
34
36
43
49
48
44
41
51
39
37
51
47
30
3
-5
-34
-57
-72
-93
-119
-123
-118
-98
-60
-29
22
50
109
166
198
236
283
312
327
360
383
383
395
392
351
328
313
276
206
144
87
-1
-111
-212
-286
-410
-535
-642
-756
-890
-950
-1009
-1103
-1105
-1081
-1086
-1036
-940
-869
-761
-627
-497
-358
-214
-98
27
150
264
377
453
534
627
683
762
832
917
992
1056
1117
1181
1282
1337
1403
1464
1531
1630
1659
1679
1721
1716
1632
1571
1514
1319
1089
854
551
221
-90
-456
-874
-1299
-1687
-2058
-2424
-2733
-2976
-3172
-3304
-3330
-3300
-3231
-3079
-2859
-2603
-2309
-1984
-1635
-1301
-965
-583
-228
128
396
627
890
1101
1279
1459
1624
1748
1874
1938
2016
2100
2143
2152
2146
2098
2015
1980
1874
1781
1674
1498
1369
1235
1129
1002
948
846
768
745
725
701
597
482
295
124
-122
-411
-684
-1063
-1465
-1825
-2162
-2507
-2845
-3119
-3303
-3460
-3513
-3437
-3319
-3131
-2822
-2458
-2116
-1730
-1277
-816
-438
-25
359
674
916
1176
1374
1496
1644
1727
1755
1826
1880
1890
1939
1947
1975
1972
2020
2035
1979
1955
1951
1838
1727
1648
1494
1372
1266
1190
1065
1005
926
852
887
878
857
853
738
555
396
153
-130
-440
-836
-1288
-1757
-2187
-2609
-3040
-3400
-3692
-3915
-4007
-4005
-3894
-3754
-3516
-3166
-2742
-2266
-1789
-1317
-858
-421
3
390
680
929
1197
1388
1500
1712
1832
1893
2005
2138
2185
2247
2308
2307
2318
2337
2342
2295
2258
2205
2162
2127
2066
1968
1875
1742
1605
1555
1417
1290
1190
1075
950
790
546
255
-33
-418
-823
-1281
-1766
-2262
-2759
-3199
-3608
-3968
-4186
-4322
-4408
-4379
-4201
-3986
-3722
-3303
-2834
-2363
-1850
-1283
-756
-266
205
630
1020
1376
1686
1914
2110
2283
2446
2555
2650
2744
2813
2856
2878
2914
2916
2934
2882
2811
2712
2573
2445
2306
2136
1967
1795
1632
1506
1336
1170
1016
899
739
582
401
113
-169
-527
-900
-1327
-1713
-2191
-2704
-3159
-3570
-3988
-4368
-4571
-4771
-4818
-4739
-4540
-4301
-3940
-3427
-2924
-2354
-1784
-1206
-626
-101
362
845
1224
1513
1850
2056
2234
2391
2490
2588
2705
2773
2795
2835
2878
2859
2822
2844
2799
2721
2641
2557
2407
2232
2065
1906
1744
1606
1454
1309
1164
999
847
697
514
303
40
-278
-623
-1023
-1468
-1901
-2350
-2869
-3269
-3626
-4027
-4347
-4492
-4618
-4661
-4559
-4331
-4029
-3664
-3130
-2642
-2080
-1419
-811
-209
336
845
1273
1684
2010
2279
2524
2679
2829
2910
2968
2969
2950
2944
2883
2838
2791
2725
2687
2618
2512
2361
2247
2103
1926
1765
1587
1366
1220
1113
967
866
690
540
388
246
8
-297
-562
-915
-1275
-1696
-2088
-2590
-3103
-3498
-3879
-4201
-4482
-4611
-4656
-4571
-4364
-4070
-3719
-3318
-2763
-2224
-1658
-1031
-431
157
664
1188
1646
2028
2308
2593
2756
2859
2972
3001
3006
3004
2965
2864
2817
2769
2657
2589
2479
2334
2222
2110
1967
1781
1647
1506
1371
1250
1130
988
848
733
591
437
309
169
-74
-379
-696
-1070
-1508
-1919
-2349
-2869
-3308
-3685
-4069
-4423
-4657
-4751
-4793
-4696
-4441
-4124
-3742
-3250
-2649
-2039
-1405
-761
-155
417
974
1470
1910
2322
2624
2890
3076
3248
3352
3381
3415
3388
3349
3290
3235
3143
3008
2885
2720
2545
2406
2226
1991
1772
1633
1472
1294
1147
1021
828
614
490
301
127
-53
-271
-580
-923
-1288
-1740
-2190
-2653
-3108
-3635
-4054
-4407
-4779
-5051
-5171
-5192
-5153
-4936
-4645
-4228
-3703
-3094
-2437
-1800
-1070
-409
271
873
1474
2040
2500
2906
3210
3492
3691
3862
3940
4002
4018
4022
4002
3879
3768
3656
3513
3326
3088
2877
2675
2453
2213
1982
1711
1455
1248
991
792
592
366
154
-38
-257
-481
-771
-1124
-1462
-1846
-2309
-2779
-3180
-3665
-4138
-4531
-4915
-5185
-5367
-5453
-5463
-5332
-5037
-4631
-4092
-3543
-2894
-2232
-1538
-816
-129
566
1155
1708
2207
2674
3052
3345
3601
3780
3928
4021
4066
4059
4051
3974
3897
3829
3669
3478
3245
3043
2791
2569
2352
2085
1860
1605
1368
1131
945
723
524
358
178
-10
-218
-403
-737
-1094
-1464
-1888
-2354
-2840
-3257
-3759
-4197
-4565
-4923
-5194
-5363
-5383
-5351
-5145
-4827
-4422
-3917
-3360
-2705
-2053
-1337
-661
22
652
1224
1810
2282
2703
3060
3391
3654
3836
4009
4080
4131
4142
4068
3988
3869
3739
3581
3462
3226
2984
2739
2481
2186
1915
1694
1386
1123
909
742
556
399
236
39
-115
-303
-520
-842
-1196
-1597
-2084
-2550
-3038
-3471
-3972
-4403
-4719
-5027
-5252
-5339
-5254
-5129
-4858
-4473
-4044
-3497
-2901
-2235
-1567
-834
-141
520
1156
1676
2180
2589
3005
3280
3504
3723
3842
3935
3971
4003
3949
3930
3849
3709
3584
3367
3126
2836
2550
2215
1898
1560
1264
979
679
493
342
188
72
-13
-119
-234
-328
-487
-656
-912
-1179
-1497
-1885
-2336
-2764
-3214
-3728
-4124
-4490
-4755
-4959
-5027
-4973
-4820
-4515
-4121
-3650
-3079
-2407
-1709
-1036
-353
273
891
1457
1938
2373
2769
3072
3299
3509
3645
3781
3813
3848
3830
3746
3686
3535
3410
3208
3026
2775
2437
2179
1888
1605
1326
1043
747
547
445
252
155
55
-49
-116
-203
-334
-493
-624
-930
-1258
-1607
-2041
-2450
-2870
-3341
-3843
-4249
-4607
-4862
-5001
-5061
-4974
-4781
-4416
-3973
-3430
-2854
-2204
-1478
-775
-104
545
1213
1777
2282
2766
3134
3446
3683
3894
3993
4068
4126
4153
4110
4021
3923
3711
3553
3348
3117
2851
2563
2233
1894
1565
1247
921
663
475
249
79
-44
-191
-346
-462
-605
-773
-931
-1188
-1496
-1860
-2248
-2692
-3162
-3592
-4062
-4475
-4868
-5111
-5288
-5351
-5266
-5129
-4784
-4393
-3877
-3269
-2608
-1856
-1101
-338
375
1107
1718
2252
2805
3232
3611
3886
4141
4268
4372
4433
4413
4382
4294
4208
4033
3858
3665
3396
3105
2799
2435
2070
1726
1355
977
646
395
124
-121
-284
-434
-545
-628
-721
-862
-974
-1134
-1407
-1696
-2046
-2430
-2864
-3250
-3708
-4169
-4509
-4812
-5008
-5162
-5126
-5027
-4795
-4381
-3907
-3343
-2772
-2079
-1369
-678
42
754
1421
1992
2537
2986
3342
3615
3867
4042
4136
4217
4241
4200
4140
4101
3941
3770
3597
3341
3063
2821
2524
2160
1842
1523
1152
800
576
339
47
-89
-205
-343
-460
-518
-655
-789
-828
-1120
-1392
-1707
-2077
-2533
-2968
-3362
-3849
-4203
-4546
-4797
-5001
-5072
-5023
-4875
-4495
-4134
-3595
-3022
-2427
-1748
-1078
-379
285
979
1511
2040
2545
2919
3290
3564
3831
3957
4092
4177
4192
4215
4168
4087
3927
3801
3614
3373
3078
2774
2401
2045
1715
1354
988
651
421
151
11
-115
-260
-349
-425
-514
-688
-805
-1082
-1376
-1691
-2114
-2557
-3006
-3427
-3952
-4362
-4696
-4974
-5171
-5217
-5142
-5011
-4676
-4270
-3746
-3173
-2532
-1834
-1116
-400
257
950
1509
2007
2493
2865
3163
3430
3678
3827
4000
4125
4162
4222
4252
4200
4038
3900
3682
3432
3188
2895
2516
2092
1793
1367
1009
729
481
196
-20
-100
-264
-327
-382
-459
-563
-718
-951
-1284
-1631
-2028
-2473
-2981
-3475
-3963
-4456
-4801
-5127
-5353
-5413
-5370
-5167
-4873
-4411
-3880
-3266
-2582
-1864
-1119
-413
290
975
1579
2073
2594
3030
3334
3621
3873
4040
4182
4283
4375
4367
4411
4402
4285
4184
4030
3818
3528
3250
2847
2420
2062
1611
1166
817
515
196
-16
-175
-370
-532
-586
-673
-786
-942
-1213
-1554
-1967
-2366
-2828
-3319
-3824
-4298
-4746
-5113
-5381
-5582
-5584
-5508
-5265
-4863
-4407
-3789
-3142
-2416
-1689
-892
-126
599
1305
1877
2409
2869
3290
3592
3827
4050
4158
4262
4328
4420
4457
4496
4470
4321
4262
4052
3820
3499
3201
2828
2367
2004
1548
1108
717
404
75
-181
-327
-506
-621
-717
-860
-1021
-1226
-1494
-1838
-2183
-2648
-3115
-3565
-4117
-4600
-5042
-5417
-5720
-5888
-5871
-5812
-5526
-5092
-4575
-3931
-3186
-2383
-1570
-751
14
786
1491
2103
2618
3037
3418
3700
3960
4167
4286
4389
4491
4571
4587
4612
4583
4459
4379
4237
4002
3750
3465
3097
2691
2295
1851
1430
1067
731
420
203
14
-152
-271
-406
-517
-694
-934
-1193
-1590
-2045
-2515
-2994
-3602
-4191
-4694
-5226
-5628
-5925
-6086
-6134
-6022
-5697
-5279
-4721
-4063
-3262
-2466
-1660
-783
-8
751
1408
2009
2505
2919
3334
3636
3873
4004
4162
4261
4343
4435
4428
4429
4365
4323
4226
4114
3922
3676
3397
3067
2713
2303
1897
1539
1194
858
585
369
155
-26
-146
-308
-420
-625
-861
-1182
-1576
-2052
-2551
-3079
-3757
-4311
-4856
-5368
-5812
-6125
-6282
-6312
-6118
-5802
-5286
-4681
-3977
-3158
-2336
-1449
-622
201
904
1622
2222
2691
3124
3424
3715
3900
4105
4206
4285
4385
4460
4476
4474
4457
4407
4299
4143
3975
3697
3421
3103
2731
2324
1892
1513
1139
845
541
278
89
-111
-245
-389
-512
-767
-1043
-1397
-1861
-2348
-2927
-3513
-4158
-4716
-5234
-5736
-6064
-6329
-6400
-6292
-6028
-5599
-5045
-4347
-3564
-2681
-1786
-907
-7
789
1512
2170
2718
3144
3504
3817
3986
4129
4241
4308
4340
4366
4419
4389
4416
4369
4302
4209
4067
3827
3549
3255
2903
2524
2121
1752
1344
1032
730
439
183
-29
-182
-312
-510
-751
-986
-1381
-1821
-2317
-2836
-3478
-4096
-4632
-5218
-5679
-6089
-6389
-6564
-6501
-6243
-5894
-5335
-4695
-3881
-2988
-2061
-1158
-304
570
1308
2025
2596
3126
3517
3821
4070
4172
4313
4380
4437
4447
4476
4492
4472
4511
4461
4389
4299
4149
3928
3605
3333
2949
2535
2205
1814
1415
1061
776
459
183
16
-176
-466
-760
-1050
-1479
-1957
-2412
-2975
-3616
-4239
-4832
-5416
-5951
-6370
-6641
-6804
-6785
-6572
-6211
-5733
-5112
-4294
-3416
-2500
-1564
-642
238
1070
1839
2461
3032
3504
3853
4076
4281
4403
4464
4557
4608
4638
4650
4671
4619
4565
4489
4412
4263
4065
3823
3513
3163
2789
2445
2020
1673
1342
979
665
414
166
-122
-397
-690
-1029
-1433
-1881
-2370
-2928
-3567
-4216
-4822
-5405
-5933
-6336
-6658
-6829
-6809
-6636
-6288
-5783
-5129
-4374
-3525
-2600
-1670
-761
142
998
1737
2369
2922
3398
3758
4011
4193
4355
4460
4529
4596
4631
4616
4577
4592
4541
4437
4331
4174
3962
3725
3464
3126
2766
2446
2097
1713
1395
1111
802
529
298
51
-252
-555
-883
-1299
-1727
-2197
-2720
-3340
-3930
-4517
-5120
-5641
-6069
-6385
-6616
-6601
-6485
-6217
-5747
-5189
-4464
-3687
-2796
-1883
-942
-53
769
1510
2143
2750
3213
3589
3846
4035
4164
4254
4292
4278
4291
4231
4211
4190
4137
4041
3937
3827
3666
3513
3245
2945
2656
2430
2112
1796
1555
1231
955
691
460
214
-94
-383
-746
-1170
-1613
-2102
-2598
-3195
-3787
-4339
-4894
-5394
-5829
-6156
-6381
-6388
-6259
-5992
-5564
-5001
-4296
-3582
-2711
-1859
-1029
-151
627
1392
1983
2562
3032
3429
3712
3872
4050
4120
4173
4202
4186
4062
4046
4013
3886
3775
3711
3570
3403
3263
3043
2831
2591
2323
2050
1840
1606
1326
1119
885
664
395
101
-272
-682
-1094
-1580
-2074
-2626
-3248
-3814
-4395
-4949
-5454
-5816
-6123
-6271
-6266
-6162
-5857
-5414
-4812
-4154
-3354
-2552
-1713
-821
-5
770
1485
2145
2698
3151
3559
3828
4061
4231
4328
4343
4385
4328
4241
4195
4088
3974
3820
3708
3477
3304
3163
2913
2624
2418
2182
1874
1647
1401
1158
910
678
470
197
-106
-461
-834
-1290
-1785
-2295
-2894
-3507
-4088
-4600
-5146
-5561
-5910
-6210
-6305
-6270
-6098
-5781
-5289
-4670
-4004
-3250
-2414
-1557
-734
51
839
1533
2157
2722
3224
3573
3864
4123
4289
4365
4427
4454
4370
4267
4215
4082
3864
3757
3598
3360
3168
3022
2758
2499
2322
2025
1774
1574
1345
1078
884
678
397
182
-190
-526
-977
-1446
-1945
-2486
-3038
-3720
-4204
-4780
-5286
-5678
-5973
-6158
-6233
-6097
-5934
-5530
-5033
-4432
-3717
-2961
-2125
-1357
-507
242
993
1691
2268
2810
3257
3684
3945
4212
4373
4463
4564
4558
4532
4474
4426
4250
4096
3936
3672
3462
3206
2927
2640
2363
2094
1855
1643
1390
1170
943
699
473
259
-69
-451
-767
-1267
-1781
-2282
-2825
-3459
-4023
-4526
-5134
-5558
-5887
-6178
-6327
-6260
-6097
-5820
-5308
-4757
-4083
-3323
-2522
-1727
-893
-60
632
1381
2034
2609
3135
3555
3906
4174
4429
4556
4671
4768
4752
4737
4668
4534
4339
4214
4012
3757
3545
3284
3021
2700
2442
2144
1890
1609
1329
1073
779
518
266
8
-387
-761
-1205
-1729
-2241
-2774
-3396
-4035
-4527
-5101
-5576
-5933
-6243
-6462
-6490
-6336
-6153
-5709
-5167
-4554
-3825
-3021
-2185
-1389
-500
263
986
1716
2281
2802
3276
3709
4003
4314
4541
4664
4806
4833
4810
4716
4676
4552
4376
4204
3906
3680
3416
3146
2843
2516
2251
1965
1703
1408
1185
937
665
459
217
-114
-479
-872
-1367
-1923
-2485
-3064
-3727
-4310
-4874
-5450
-5863
-6219
-6480
-6588
-6507
-6268
-5952
-5419
-4832
-4132
-3369
-2560
-1727
-883
-59
689
1435
2069
2613
3130
3580
3920
4216
4474
4625
4764
4848
4847
4846
4803
4716
4549
4433
4205
3944
3754
3461
3158
2858
2581
2277
2022
1790
1480
1249
982
699
437
146
-263
-639
-1086
-1665
-2238
-2846
-3473
-4180
-4749
-5303
-5833
-6208
-6547
-6696
-6722
-6557
-6291
-5877
-5296
-4660
-3875
-3070
-2202
-1368
-483
301
1018
1769
2362
2926
3417
3801
4116
4395
4581
4702
4840
4861
4875
4842
4787
4660
4517
4345
4119
3914
3653
3411
3113
2868
2572
2291
2038
1744
1514
1185
919
608
319
-70
-537
-965
-1603
-2129
-2772
-3397
-4082
-4704
-5243
-5834
-6227
-6623
-6851
-6932
-6837
-6600
-6250
-5703
-5118
-4360
-3530
-2666
-1795
-894
8
771
1567
2253
2873
3434
3922
4304
4596
4884
5027
5151
5198
5202
5121
5052
4934
4722
4592
4350
4100
3860
3581
3276
2956
2662
2369
2117
1821
1524
1250
945
657
344
-67
-541
-955
-1511
-2143
-2723
-3370
-4067
-4706
-5268
-5887
-6374
-6712
-7011
-7153
-7105
-6911
-6587
-6074
-5456
-4762
-3940
-3058
-2164
-1254
-325
513
1319
2060
2749
3367
3917
4378
4721
5042
5260
5415
5496
5515
5457
5368
5216
5054
4844
4614
4336
4035
3759
3456
3110
2766
2488
2184
1916
1602
1353
1048
756
515
146
-289
-734
-1235
-1844
-2428
-3060
-3771
-4448
-5017
-5636
-6195
-6586
-6957
-7163
-7183
-7001
-6779
-6352
-5776
-5192
-4404
-3578
-2716
-1849
-895
0
813
1670
2346
3036
3629
4171
4540
4878
5166
5316
5505
5536
5543
5459
5390
5239
5030
4808
4505
4285
3965
3632
3325
2987
2663
2395
2135
1789
1536
1303
976
659
352
-93
-572
-1055
-1662
-2318
-2927
-3630
-4382
-4981
-5605
-6196
-6659
-6994
-7287
-7417
-7288
-7119
-6764
-6218
-5626
-4916
-4094
-3218
-2370
-1420
-493
371
1211
2012
2715
3367
4003
4440
4840
5187
5430
5609
5740
5791
5755
5693
5590
5410
5177
4919
4608
4282
3958
3636
3319
2974
2679
2409
2070
1791
1514
1165
895
572
124
-348
-829
-1425
-2094
-2720
-3464
-4237
-4885
-5509
-6150
-6664
-7025
-7342
-7437
-7369
-7227
-6888
-6403
-5832
-5174
-4336
-3535
-2703
-1773
-883
-49
767
1572
2283
2984
3627
4167
4646
5078
5394
5644
5825
5892
5933
5886
5793
5596
5349
5090
4746
4453
4061
3731
3375
3040
2727
2387
2102
1787
1545
1228
936
631
224
-202
-732
-1281
-1930
-2563
-3262
-4051
-4669
-5356
-6012
-6537
-6925
-7254
-7444
-7394
-7303
-7007
-6530
-6015
-5380
-4612
-3801
-2998
-2111
-1260
-438
373
1151
1882
2578
3245
3784
4301
4779
5175
5481
5755
5931
6005
6007
5946
5848
5589
5360
5075
4722
4417
4044
3692
3296
2987
2684
2357
2093
1806
1490
1185
932
492
6
-455
-1074
-1772
-2402
-3099
-3872
-4564
-5194
-5862
-6421
-6794
-7173
-7374
-7389
-7290
-7110
-6724
-6204
-5676
-4919
-4204
-3449
-2620
-1754
-974
-209
640
1305
2006
2664
3288
3838
4341
4832
5192
5551
5768
5943
6010
6054
5975
5784
5588
5292
5027
4624
4271
3892
3525
3176
2867
2553
2197
1987
1656
1356
1079
725
205
-299
-837
-1549
-2231
-2882
-3651
-4403
-4993
-5710
-6303
-6728
-7062
-7306
-7339
-7180
-7039
-6596
-6137
-5594
-4928
-4213
-3468
-2763
-1897
-1166
-409
347
1041
1734
2399
3043
3522
4095
4543
4967
5347
5635
5828
5907
5993
5937
5835
5664
5436
5150
4806
4451
4067
3694
3330
2979
2652
2346
2080
1804
1512
1201
835
349
-175
-735
-1408
-2077
-2780
-3577
-4310
-4970
-5640
-6224
-6680
-6991
-7234
-7281
-7174
-7022
-6638
-6169
-5623
-5003
-4280
-3554
-2858
-2071
-1383
-694
17
698
1325
1981
2620
3148
3696
4227
4677
5062
5442
5694
5835
5963
5981
5881
5768
5591
5308
4992
4668
4318
3906
3581
3261
2901
2589
2284
1967
1633
1335
969
461
-17
-617
-1306
-1966
-2662
-3469
-4246
-4878
-5558
-6141
-6551
-6903
-7168
-7190
-7080
-6946
-6568
-6100
-5591
-4971
-4309
-3630
-2942
-2175
-1509
-818
-116
540
1164
1811
2421
2941
3495
3980
4408
4820
5158
5409
5628
5778
5802
5762
5703
5510
5286
5051
4714
4405
4090
3754
3417
3136
2834
2508
2245
1879
1566
1205
707
160
-419
-1072
-1851
-2513
-3273
-4091
-4768
-5459
-6104
-6612
-6974
-7264
-7376
-7243
-7079
-6736
-6226
-5690
-5094
-4390
-3676
-3019
-2242
-1532
-884
-197
446
1032
1619
2213
2713
3243
3748
4212
4624
5001
5290
5515
5725
5825
5807
5740
5614
5385
5164
4855
4542
4231
3901
3618
3289
3002
2681
2398
2039
1694
1364
831
314
-264
-901
-1655
-2347
-3105
-3989
-4648
-5361
-6018
-6541
-6885
-7180
-7305
-7199
-7105
-6747
-6285
-5734
-5156
-4430
-3727
-3067
-2286
-1604
-974
-346
337
873
1424
1983
2443
2900
3359
3807
4158
4571
4886
5095
5294
5473
5517
5443
5431
5232
5064
4841
4567
4301
4047
3808
3531
3309
3060
2777
2473
2218
1840
1387
885
299
-401
-1153
-1868
-2702
-3518
-4284
-5048
-5782
-6354
-6782
-7173
-7305
-7299
-7197
-6932
-6444
-5942
-5370
-4640
-3998
-3272
-2527
-1769
-1158
-520
133
644
1224
1753
2240
2666
3182
3612
3957
4378
4691
4988
5199
5409
5485
5479
5447
5309
5142
4896
4701
4384
4070
3848
3602
3343
3125
2919
2541
2252
1935
1425
903
350
-304
-1088
-1787
-2623
-3537
-4294
-5061
-5798
-6455
-6877
-7292
-7503
-7448
-7399
-7161
-6741
-6167
-5599
-4856
-4089
-3402
-2594
-1849
-1155
-516
161
727
1297
1872
2337
2806
3236
3664
4034
4422
4733
4952
5175
5319
5391
5409
5349
5199
5088
4900
4653
4431
4199
3912
3674
3503
3216
2993
2759
2453
2119
1724
1202
614
49
-679
-1468
-2241
-3112
-3988
-4736
-5488
-6189
-6692
-7080
-7395
-7443
-7349
-7145
-6748
-6238
-5658
-5020
-4261
-3554
-2793
-2001
-1304
-680
-58
524
1036
1586
2046
2471
2906
3347
3715
4068
4418
4647
4855
5038
5146
5175
5167
5113
4943
4798
4667
4430
4201
4025
3807
3561
3381
3161
2864
2588
2327
1848
1338
862
218
-543
-1285
-2091
-3044
-3833
-4602
-5428
-6101
-6613
-7078
-7402
-7414
-7438
-7263
-6845
-6384
-5857
-5169
-4354
-3693
-2884
-2076
-1392
-710
-37
586
1116
1708
2214
2637
3065
3487
3821
4164
4505
4744
4936
5049
5166
5184
5139
5084
4955
4802
4605
4407
4161
3963
3814
3552
3309
3101
2823
2485
2199
1789
1213
690
104
-605
-1372
-2088
-2968
-3820
-4557
-5369
-6077
-6604
-7023
-7394
-7438
-7401
-7314
-6932
-6459
-5948
-5311
-4546
-3883
-3095
-2254
-1544
-852
-143
499
1064
1704
2193
2616
3081
3458
3808
4151
4424
4613
4805
4914
4983
5036
4983
4923
4851
4749
4553
4455
4290
4072
3995
3826
3597
3380
3158
2804
2526
2147
1589
1019
423
-314
-1101
-1809
-2693
-3529
-4291
-5030
-5755
-6319
-6745
-7215
-7324
-7331
-7267
-7005
-6565
-6097
-5546
-4781
-4170
-3424
-2583
-1874
-1177
-416
278
856
1488
2003
2433
2871
3304
3609
3959
4253
4386
4593
4717
4787
4795
4809
4742
4640
4590
4427
4297
4216
4087
3924
3846
3697
3489
3340
3061
2729
2324
1853
1212
576
-127
-970
-1752
-2609
-3455
-4253
-4954
-5645
-6206
-6598
-6940
-7112
-7106
-6977
-6744
-6338
-5855
-5331
-4680
-4053
-3370
-2648
-1948
-1275
-608
54
638
1250
1782
2263
2751
3170
3483
3810
4087
4222
4366
4463
4450
4424
4422
4330
4265
4220
4122
4015
3980
3927
3832
3798
3678
3504
3367
3146
2808
2371
1928
1277
586
-114
-924
-1763
-2650
-3493
-4320
-5051
-5729
-6287
-6683
-6951
-7099
-7109
-6965
-6710
-6339
-5839
-5277
-4642
-3991
-3285
-2572
-1869
-1153
-477
209
859
1477
2040
2565
3036
3450
3818
4104
4324
4479
4624
4678
4656
4616
4555
4433
4295
4201
4065
3975
3869
3790
3737
3693
3609
3453
3279
3054
2738
2320
1825
1199
509
-235
-1045
-1885
-2738
-3544
-4370
-5049
-5683
-6221
-6609
-6850
-6937
-6951
-6761
-6487
-6094
-5588
-5029
-4438
-3827
-3135
-2502
-1847
-1170
-533
106
719
1322
1829
2357
2857
3266
3598
3926
4135
4252
4427
4433
4375
4352
4265
4102
4010
3935
3750
3695
3684
3627
3573
3596
3542
3417
3321
3146
2781
2433
1958
1239
569
-156
-1003
-1912
-2726
-3555
-4392
-5090
-5704
-6231
-6655
-6835
-6942
-6872
-6616
-6349
-5906
-5434
-4849
-4312
-3653
-2971
-2363
-1666
-1035
-397
180
844
1420
1938
2474
2904
3297
3598
3897
4084
4250
4329
4333
4339
4249
4147
4046
3964
3821
3744
3650
3592
3563
3548
3509
3461
3412
3215
3025
2725
2295
1755
1129
417
-371
-1152
-2016
-2862
-3709
-4469
-5191
-5801
-6219
-6573
-6736
-6798
-6689
-6507
-6179
-5730
-5250
-4667
-4064
-3400
-2753
-2107
-1456
-812
-196
388
993
1481
1989
2454
2832
3197
3512
3790
3936
4134
4197
4150
4107
4012
3863
3743
3697
3510
3431
3398
3363
3321
3399
3409
3300
3324
3206
2972
2693
2331
1779
1186
533
-240
-1107
-1952
-2738
-3614
-4336
-5010
-5601
-6007
-6337
-6505
-6588
-6442
-6273
-5972
-5495
-4972
-4417
-3844
-3168
-2589
-1930
-1296
-711
-128
455
1041
1499
2033
2457
2843
3174
3469
3687
3783
3927
3931
3892
3821
3737
3599
3474
3406
3262
3217
3193
3183
3155
3237
3242
3189
3210
3104
2878
2575
2236
1635
1036
387
-421
-1230
-2033
-2828
-3680
-4329
-4931
-5486
-5875
-6125
-6299
-6360
-6178
-6015
-5742
-5297
-4824
-4357
-3792
-3158
-2610
-1958
-1319
-727
-115
520
1093
1550
2112
2550
2887
3190
3442
3587
3694
3777
3729
3672
3584
3486
3352
3266
3179
3088
3094
3087
3119
3170
3216
3244
3242
3210
3078
2837
2504
2078
1523
919
227
-513
-1350
-2124
-2891
-3714
-4351
-4966
-5455
-5852
-6073
-6178
-6197
-6022
-5856
-5550
-5158
-4672
-4212
-3639
-2991
-2432
-1759
-1186
-545
25
661
1257
1741
2274
2653
3041
3310
3565
3651
3730
3772
3686
3633
3494
3379
3231
3161
3075
2976
2992
3004
3061
3080
3160
3127
3094
3046
2899
2663
2297
1901
1308
724
41
-711
-1524
-2252
-3001
-3756
-4334
-4917
-5348
-5686
-5859
-5996
-5982
-5795
-5628
-5286
-4892
-4417
-3941
-3345
-2779
-2225
-1586
-991
-350
211
867
1347
1838
2320
2704
3061
3294
3500
3539
3602
3564
3492
3406
3274
3166
3021
2962
2852
2814
2822
2863
2943
2962
3042
3012
2999
2909
2782
2511
2144
1744
1192
581
-86
-783
-1615
-2294
-3034
-3716
-4271
-4811
-5232
-5550
-5665
-5841
-5814
-5658
-5483
-5184
-4791
-4290
-3848
-3251
-2699
-2146
-1508
-896
-296
264
912
1389
1888
2349
2725
3056
3289
3469
3481
3549
3506
3418
3292
3173
3051
2893
2834
2732
2703
2708
2746
2799
2868
2920
2930
2935
2869
2733
2472
2131
1669
1089
452
-221
-955
-1755
-2433
-3135
-3796
-4377
-4875
-5282
-5588
-5691
-5802
-5759
-5561
-5311
-4972
-4563
-4055
-3583
-3019
-2443
-1879
-1311
-694
-77
466
1073
1566
2027
2470
2852
3137
3365
3496
3514
3568
3523
3430
3287
3129
2966
2802
2710
2586
2571
2590
2614
2690
2766
2800
2828
2836
2754
2626
2368
2007
1583
1059
456
-212
-906
-1679
-2373
-3041
-3722
-4280
-4752
-5119
-5409
-5497
-5570
-5520
-5307
-5085
-4746
-4358
-3865
-3434
-2893
-2336
-1824
-1238
-659
-78
466
1044
1498
1945
2370
2685
2955
3145
3317
3341
3359
3302
3163
3053
2907
2780
2618
2573
2468
2435
2476
2500
2570
2635
2721
2708
2686
2659
2494
2248
1904
1450
937
335
-272
-979
-1660
-2341
-3016
-3617
-4183
-4632
-5022
-5245
-5351
-5448
-5338
-5160
-4893
-4596
-4183
-3729
-3257
-2691
-2189
-1615
-1063
-457
78
655
1208
1640
2079
2425
2765
2997
3227
3294
3319
3358
3271
3173
3054
2949
2787
2681
2588
2451
2408
2389
2405
2416
2482
2477
2466
2457
2352
2163
1879
1618
1118
642
57
-558
-1225
-1901
-2487
-3190
-3710
-4238
-4681
-5019
-5215
-5300
-5374
-5237
-5082
-4825
-4474
-4057
-3612
-3088
-2506
-2024
-1445
-860
-255
287
883
1436
1839
2324
2672
2989
3190
3385
3482
3473
3488
3394
3289
3081
2938
2754
2626
2527
2425
2377
2298
2324
2323
2361
2420
2419
2373
2290
2108
1806
1477
1045
514
-65
-671
-1385
-2064
-2690
-3321
-3886
-4373
-4783
-5113
-5273
-5343
-5326
-5190
-4985
-4667
-4316
-3869
-3445
-2907
-2340
-1784
-1189
-629
-38
493
1083
1569
1989
2398
2731
3023
3226
3422
3436
3460
3438
3322
3209
3052
2922
2723
2626
2501
2377
2335
2311
2291
2300
2367
2296
2257
2196
2052
1796
1505
1164
686
257
-296
-895
-1535
-2122
-2759
-3372
-3855
-4334
-4669
-4957
-5108
-5215
-5213
-5085
-4920
-4639
-4310
-3860
-3452
-2903
-2335
-1820
-1230
-669
-90
434
1030
1478
1912
2351
2686
2959
3153
3358
3331
3364
3357
3285
3179
3068
2950
2756
2685
2570
2523
2477
2495
2458
2466
2508
2447
2418
2350
2230
1976
1701
1308
819
331
-256
-876
-1548
-2152
-2778
-3372
-3866
-4368
-4739
-5018
-5178
-5287
-5260
-5122
-4933
-4624
-4263
-3840
-3404
-2842
-2277
-1716
-1116
-519
59
609
1194
1673
2107
2533
2892
3128
3279
3402
3399
3391
3326
3186
3033
2909
2765
2587
2518
2397
2312
2267
2287
2251
2227
2266
2209
2158
2091
1980
1684
1431
1046
515
85
-460
-1074
-1726
-2233
-2854
-3438
-3846
-4333
-4671
-4927
-5012
-5132
-5056
-4883
-4723
-4380
-4017
-3596
-3194
-2600
-2075
-1567
-959
-400
158
713
1301
1718
2173
2586
2879
3126
3305
3419
3377
3377
3285
3155
2965
2798
2639
2439
2385
2233
2151
2146
2165
2172
2202
2270
2247
2224
2165
2056
1798
1506
1126
648
158
-392
-995
-1642
-2217
-2801
-3359
-3794
-4221
-4547
-4794
-4921
-4968
-4944
-4801
-4582
-4278
-3916
-3496
-3055
-2543
-2000
-1465
-886
-339
249
818
1337
1793
2202
2590
2866
3080
3242
3286
3263
3238
3123
2955
2801
2629
2437
2268
2181
2061
1991
1996
1990
2001
2051
2051
2044
2055
1993
1850
1628
1378
976
511
53
-511
-1114
-1723
-2314
-2923
-3437
-3854
-4260
-4575
-4772
-4882
-4996
-4884
-4727
-4547
-4247
-3871
-3484
-3087
-2504
-2012
-1467
-858
-254
303
908
1493
1894
2341
2745
3048
3245
3472
3541
3494
3512
3378
3206
3030
2859
2638
2462
2373
2215
2127
2077
2108
2082
2127
2176
2190
2196
2099
1962
1688
1447
1044
550
64
-497
-1140
-1814
-2355
-2935
-3505
-3952
-4341
-4715
-4953
-5026
-5091
-5032
-4867
-4638
-4347
-3965
-3529
-3114
-2597
-2033
-1483
-887
-286
276
842
1406
1853
2284
2663
2986
3195
3332
3406
3374
3355
3246
3088
2880
2697
2473
2293
2203
2078
2003
1949
1950
1951
2005
2041
1997
2017
1966
1845
1626
1346
963
494
27
-526
-1139
-1733
-2317
-2922
-3462
-3890
-4332
-4645
-4823
-4931
-4997
-4884
-4710
-4480
-4119
-3698
-3283
-2815
-2208
-1719
-1190
-587
-15
541
1113
1653
2047
2481
2864
3112
3290
3447
3461
3405
3346
3191
2991
2799
2601
2372
2178
2043
1913
1851
1845
1830
1864
1947
1987
2011
2024
1987
1844
1587
1334
901
441
-83
-648
-1273
-1894
-2429
-3047
-3535
-4005
-4410
-4726
-4912
-5000
-5048
-4884
-4718
-4488
-4155
-3774
-3360
-2901
-2302
-1775
-1187
-586
-10
548
1144
1654
2038
2526
2871
3141
3333
3478
3494
3397
3385
3188
2976
2807
2615
2381
2195
2117
1944
1884
1917
1922
1943
2024
2044
1996
2042
1980
1747
1492
1241
774
304
-166
-780
-1397
-1943
-2476
-3104
-3518
-3920
-4350
-4563
-4698
-4828
-4882
-4695
-4592
-4381
-4002
-3642
-3225
-2722
-2111
-1678
-1059
-437
111
691
1258
1785
2171
2640
2959
3192
3384
3487
3451
3363
3296
3054
2827
2645
2390
2119
1956
1857
1689
1676
1687
1726
1762
1873
1947
1943
2007
1945
1757
1512
1240
752
267
-234
-887
-1535
-2074
-2654
-3253
-3646
-4057
-4442
-4673
-4760
-4862
-4821
-4625
-4488
-4217
-3828
-3475
-3127
-2597
-2063
-1595
-999
-386
175
764
1335
1827
2295
2748
3064
3312
3539
3628
3552
3523
3421
3205
2952
2727
2468
2221
2130
1951
1804
1783
1822
1813
1866
1976
1975
1977
2018
1884
1602
1363
975
445
-33
-560
-1245
-1869
-2363
-3011
-3548
-3938
-4360
-4692
-4813
-4867
-4972
-4798
-4612
-4440
-4103
-3688
-3329
-2892
-2298
-1817
-1276
-657
-74
476
1077
1634
2072
2568
2994
3298
3505
3674
3726
3639
3573
3397
3164
2894
2657
2385
2126
1977
1800
1692
1655
1703
1732
1802
1869
1915
1945
1924
1798
1543
1280
830
332
-161
-736
-1408
-2060
-2640
-3283
-3775
-4181
-4543
-4853
-4935
-4980
-5028
-4859
-4672
-4427
-4094
-3684
-3340
-2877
-2324
-1835
-1244
-630
-30
520
1155
1722
2192
2716
3131
3461
3673
3882
3907
3834
3744
3534
3285
2988
2743
2455
2208
2027
1860
1737
1711
1759
1778
1867
1924
1944
1952
1950
1767
1500
1243
796
285
-235
-861
-1603
-2185
-2771
-3389
-3865
-4251
-4600
-4868
-4934
-5021
-4990
-4808
-4601
-4383
-4000
-3571
-3204
-2696
-2134
-1645
-1084
-423
154
701
1340
1892
2311
2791
3190
3434
3643
3790
3787
3710
3615
3372
3046
2817
2550
2241
2031
1879
1711
1625
1651
1628
1635
1737
1797
1796
1838
1797
1563
1338
1023
555
39
-462
-1096
-1772
-2314
-2915
-3460
-3900
-4269
-4625
-4802
-4858
-4925
-4807
-4606
-4404
-4115
-3713
-3323
-2875
-2326
-1821
-1300
-733
-135
415
1002
1600
2089
2566
2993
3373
3602
3806
3885
3831
3710
3535
3325
3029
2792
2486
2244
2021
1850
1720
1592
1655
1646
1681
1752
1768
1763
1768
1684
1399
1188
787
261
-228
-777
-1428
-2093
-2602
-3212
-3710
-4077
-4447
-4725
-4833
-4841
-4910
-4748
-4570
-4387
-4065
-3693
-3292
-2868
-2306
-1817
-1249
-630
-49
517
1119
1730
2166
2661
3068
3343
3560
3727
3774
3671
3594
3410
3131
2872
2608
2310
2090
1931
1724
1617
1595
1585
1618
1716
1794
1805
1865
1837
1679
1442
1140
719
221
-270
-876
-1519
-2099
-2669
-3264
-3701
-4045
-4434
-4676
-4746
-4823
-4788
-4598
-4397
-4167
-3786
-3398
-3054
-2548
-2023
-1528
-978
-378
220
759
1368
1890
2375
2853
3282
3560
3749
3926
3890
3799
3652
3492
3176
2922
2697
2337
2106
1943
1785
1602
1636
1659
1617
1718
1777
1745
1735
1745
1538
1295
1021
540
20
-498
-1090
-1839
-2384
-2918
-3543
-3969
-4339
-4675
-4929
-4908
-5000
-4979
-4779
-4581
-4288
-3953
-3474
-3120
-2575
-2026
-1520
-921
-328
277
812
1463
1969
2444
2891
3280
3564
3721
3864
3824
3757
3614
3402
3095
2817
2567
2239
2057
1845
1686
1560
1570
1577
1566
1675
1731
1770
1775
1753
1508
1270
955
479
-48
-569
-1177
-1850
-2374
-2958
-3534
-3951
-4291
-4635
-4816
-4836
-4901
-4794
-4602
-4390
-4131
-3731
-3330
-2947
-2387
-1929
-1364
-796
-182
383
963
1579
2047
2567
3005
3367
3608
3820
3935
3849
3807
3647
3400
3120
2879
2569
2262
2130
1919
1775
1699
1704
1657
1737
1856
1826
1859
1872
1704
1458
1254
838
308
-122
-664
-1379
-1970
-2533
-3174
-3693
-4053
-4477
-4814
-4893
-4983
-5040
-4885
-4679
-4505
-4145
-3696
-3351
-2843
-2291
-1789
-1274
-638
-41
468
1126
1690
2193
2645
3088
3377
3595
3835
3859
3808
3737
3611
3321
3087
2880
2538
2232
2057
1895
1697
1718
1727
1705
1794
1871
1856
1828
1872
1678
1451
1210
770
294
-224
-804
-1539
-2133
-2722
-3380
-3835
-4212
-4595
-4870
-4902
-5017
-4989
-4797
-4604
-4370
-4038
-3575
-3246
-2754
-2256
-1762
-1231
-643
-62
460
1095
1595
2077
2517
2953
3261
3486
3682
3690
3669
3558
3359
3108
2878
2621
2311
2089
1928
1757
1615
1620
1622
1621
1710
1787
1791
1796
1823
1652
1439
1184
762
313
-168
-726
-1411
-1939
-2516
-3101
-3554
-3934
-4295
-4565
-4609
-4722
-4688
-4536
-4336
-4091
-3739
-3320
-2947
-2462
-1959
-1474
-954
-341
211
751
1354
1852
2291
2703
3076
3314
3520
3674
3649
3581
3471
3299
3020
2778
2556
2286
2085
1913
1738
1641
1634
1599
1651
1710
1781
1780
1786
1767
1530
1336
960
517
6
-498
-1073
-1725
-2262
-2867
-3381
-3854
-4239
-4583
-4780
-4865
-4948
-4821
-4678
-4457
-4188
-3817
-3430
-3030
-2486
-2008
-1458
-882
-291
250
834
1414
1891
2364
2803
3190
3423
3655
3769
3713
3667
3525
3288
3033
2818
2499
2233
2061
1858
1675
1638
1636
1565
1666
1729
1732
1758
1794
1671
1466
1286
886
438
-1
-547
-1234
-1772
-2322
-2983
-3447
-3868
-4269
-4591
-4693
-4823
-4859
-4699
-4568
-4365
-4049
-3649
-3329
-2863
-2372
-1917
-1361
-787
-208
319
957
1505
1987
2483
2846
3198
3437
3634
3709
3711
3648
3492
3321
3053
2859
2623
2394
2236
2115
1950
1866
1909
1872
1878
1903
1909
1839
1842
1695
1373
1103
734
248
-275
-772
-1433
-2082
-2601
-3182
-3721
-4122
-4463
-4791
-4909
-4962
-5017
-4883
-4649
-4394
-4085
-3635
-3221
-2767
-2213
-1666
-1123
-571
33
595
1155
1686
2133
2585
2959
3248
3456
3616
3658
3618
3557
3425
3192
2955
2757
2506
2298
2128
1967
1831
1807
1763
1738
1785
1840
1842
1825
1782
1591
1387
1140
724
251
-211
-759
-1410
-1951
-2545
-3132
-3561
-3953
-4363
-4636
-4706
-4822
-4804
-4693
-4512
-4278
-3916
-3515
-3173
-2622
-2142
-1672
-1128
-506
4
518
1151
1604
2035
2482
2848
3061
3313
3487
3456
3480
3434
3280
3083
2938
2676
2404
2251
2074
1892
1769
1732
1663
1685
1736
1702
1693
1720
1609
1402
1218
874
455
34
-447
-1052
-1628
-2148
-2758
-3251
-3683
-4083
-4416
-4606
-4692
-4786
-4695
-4575
-4362
-4057
-3684
-3327
-2893
-2373
-1927
-1375
-842
-274
257
810
1376
1829
2314
2728
3095
3347
3561
3652
3641
3594
3455
3299
3071
2884
2603
2377
2186
1984
1843
1732
1709
1651
1698
1699
1698
1685
1675
1569
1357
1162
808
409
-58
-536
-1133
-1683
-2227
-2794
-3275
-3729
-4110
-4443
-4612
-4722
-4734
-4647
-4507
-4242
-3971
-3611
-3246
-2825
-2393
-1907
-1360
-841
-276
233
797
1316
1824
2263
2668
3043
3263
3500
3593
3650
3559
3486
3319
3068
2845
2551
2355
2134
1992
1815
1740
1732
1687
1734
1757
1802
1766
1786
1686
1492
1292
898
504
0
-467
-1098
-1712
-2238
-2850
-3328
-3779
-4134
-4504
-4663
-4748
-4836
-4701
-4581
-4335
-4062
-3693
-3343
-2970
-2468
-2017
-1507
-981
-394
113
698
1252
1703
2172
2558
2917
3164
3411
3469
3440
3423
3324
3160
2947
2766
2517
2331
2180
1997
1889
1800
1763
1762
1789
1784
1805
1816
1775
1724
1552
1331
960
559
55
-458
-1023
-1640
-2194
-2772
-3256
-3715
-4081
-4383
-4593
-4692
-4710
-4651
-4530
-4287
-4032
-3710
-3341
-2898
-2451
-1998
-1466
-938
-370
172
730
1260
1762
2240
2645
3007
3280
3531
3609
3605
3569
3444
3248
3064
2837
2545
2371
2179
2005
1868
1809
1758
1757
1844
1829
1854
1888
1884
1742
1584
1356
951
579
109
-430
-1069
-1604
-2185
-2780
-3283
-3751
-4146
-4488
-4643
-4792
-4829
-4731
-4614
-4417
-4132
-3756
-3417
-2963
-2468
-2012
-1502
-935
-374
148
760
1296
1752
2219
2640
2939
3196
3420
3456
3476
3444
3349
3149
2960
2767
2483
2312
2085
1927
1786
1735
1682
1680
1753
1756
1830
1815
1804
1718
1544
1322
971
597
136
-371
-974
-1573
-2110
-2680
-3225
-3702
-4049
-4408
-4649
-4767
-4851
-4813
-4663
-4459
-4207
-3819
-3443
-3024
-2519
-2017
-1484
-923
-328
217
818
1371
1841
2298
2688
3013
3234
3463
3534
3522
3454
3367
3145
2918
2726
2444
2256
2097
1966
1862
1804
1775
1729
1795
1842
1840
1841
1859
1750
1561
1405
1053
642
235
-216
-858
-1427
-1918
-2540
-3051
-3497
-3913
-4296
-4479
-4628
-4766
-4684
-4557
-4420
-4151
-3783
-3500
-3088
-2564
-2104
-1583
-1011
-429
80
678
1226
1643
2134
2536
2836
3046
3273
3321
3274
3283
3169
3003
2820
2648
2367
2213
2060
1841
1763
1698
1671
1661
1757
1780
1828
1923
1886
1823
1679
1509
1141
800
404
-132
-667
-1248
-1809
-2436
-2921
-3433
-3889
-4248
-4515
-4672
-4791
-4679
-4657
-4493
-4179
-3885
-3543
-3102
-2567
-2137
-1537
-991
-465
124
732
1277
1719
2248
2613
2933
3196
3361
3412
3389
3387
3201
3055
2876
2677
2409
2212
2062
1846
1753
1703
1666
1595
1724
1779
1756
1810
1840
1748
1567
1405
1026
648
243
-260
-817
-1381
-1900
-2549
-3019
-3461
-3920
-4287
-4490
-4659
-4834
-4731
-4639
-4491
-4248
-3904
-3589
-3180
-2605
-2162
-1614
-1014
-435
92
695
1277
1697
2172
2570
2878
3091
3310
3366
3337
3346
3200
3021
2820
2615
2357
2170
2046
1885
1821
1783
1760
1757
1833
1887
1893
1992
1984
1898
1785
1607
1308
945
581
56
-495
-1040
-1640
-2236
-2774
-3253
-3729
-4098
-4378
-4561
-4695
-4684
-4624
-4535
-4248
-3951
-3618
-3214
-2739
-2239
-1708
-1131
-591
-4
569
1121
1609
2066
2466
2750
3038
3193
3279
3264
3217
3096
2907
2731
2474
2254
2057
1902
1750
1621
1585
1559
1606
1643
1697
1742
1807
1824
1766
1662
1495
1233
854
469
-17
-565
-1151
-1691
-2295
-2815
-3313
-3771
-4120
-4415
-4586
-4735
-4702
-4655
-4533
-4282
-3992
-3647
-3226
-2713
-2201
-1655
-1077
-498
97
684
1226
1658
2125
2516
2827
3039
3217
3314
3278
3272
3152
2987
2800
2659
2438
2231
2105
1978
1871
1850
1879
1858
1914
2021
2029
2053
2107
2011
1838
1691
1432
1006
609
174
-425
-1038
-1544
-2200
-2807
-3257
-3716
-4158
-4453
-4624
-4831
-4830
-4742
-4664
-4431
-4091
-3770
-3421
-2890
-2380
-1883
-1271
-665
-136
444
1038
1460
1904
2314
2630
2833
3034
3162
3119
3079
2943
2760
2547
2369
2171
1949
1846
1735
1656
1634
1686
1708
1769
1887
1945
2006
2064
2055
1931
1780
1529
1157
773
325
-232
-838
-1360
-1985
-2550
-3036
-3503
-3943
-4280
-4474
-4679
-4722
-4671
-4599
-4412
-4103
-3801
-3404
-2911
-2371
-1858
-1285
-671
-119
477
1043
1524
1954
2360
2681
2908
3123
3209
3194
3132
3030
2867
2672
2510
2293
2104
1982
1888
1821
1787
1810
1838
1906
2011
2085
2139
2190
2156
2031
1876
1626
1278
861
398
-146
-715
-1316
-1920
-2524
-3062
-3561
-4021
-4341
-4613
-4814
-4932
-4923
-4866
-4700
-4418
-4084
-3682
-3207
-2660
-2122
-1491
-911
-329
282
829
1351
1776
2194
2530
2760
2948
3048
3052
2988
2928
2757
2599
2436
2237
2064
1947
1869
1742
1790
1830
1874
1971
2098
2175
2243
2372
2317
2236
2099
1902
1539
1132
680
75
-480
-1073
-1690
-2345
-2878
-3382
-3898
-4247
-4556
-4767
-4910
-4872
-4850
-4705
-4440
-4150
-3755
-3275
-2721
-2202
-1552
-944
-366
240
846
1391
1832
2296
2628
2855
3047
3193
3170
3096
3019
2832
2644
2467
2286
2068
1951
1870
1766
1783
1830
1845
1887
2022
2114
2160
2224
2244
2168
1998
1817
1453
1066
649
116
-468
-1073
-1674
-2304
-2865
-3379
-3876
-4267
-4560
-4813
-4975
-5005
-4981
-4875
-4636
-4301
-3937
-3493
-2923
-2362
-1793
-1167
-557
43
650
1206
1662
2065
2434
2698
2888
3020
3031
2957
2915
2786
2590
2436
2282
2122
1997
1979
1908
1871
1953
2016
2063
2172
2334
2366
2432
2443
2334
2180
2013
1707
1280
911
392
-227
-830
-1424
-2034
-2599
-3084
-3682
-4083
-4398
-4667
-4874
-4977
-4944
-4916
-4690
-4437
-4070
-3637
-3087
-2531
-1969
-1314
-724
-96
473
1077
1530
1961
2364
2605
2785
2896
2967
2876
2800
2702
2542
2378
2254
2129
1984
1977
1959
1928
1992
2095
2148
2228
2398
2463
2483
2550
2506
2325
2160
1928
1474
1053
608
3
-618
-1209
-1835
-2478
-2985
-3534
-4035
-4408
-4691
-4914
-5038
-4997
-4980
-4792
-4512
-4175
-3763
-3257
-2685
-2145
-1508
-900
-307
248
848
1346
1743
2140
2437
2663
2778
2889
2832
2737
2642
2508
2356
2209
2118
1971
1915
1936
1921
1919
2036
2166
2222
2376
2492
2536
2564
2554
2434
2212
1995
1639
1215
809
282
-305
-912
-1516
-2156
-2770
-3301
-3806
-4242
-4614
-4855
-5091
-5123
-5084
-4987
-4723
-4392
-3961
-3531
-2981
-2396
-1802
-1186
-554
30
569
1119
1506
1833
2153
2381
2538
2626
2672
2600
2522
2471
2335
2194
2118
2053
1942
1976
1984
1998
2099
2229
2317
2425
2613
2653
2638
2658
2594
2417
2191
1958
1538
1078
589
11
-619
-1246
-1876
-2540
-3090
-3619
-4102
-4528
-4810
-5020
-5168
-5114
-5024
-4853
-4526
-4098
-3639
-3126
-2455
-1885
-1288
-658
-43
497
985
1489
1835
2174
2407
2580
2663
2762
2750
2636
2601
2500
2405
2321
2297
2226
2176
2235
2244
2300
2401
2478
2501
2615
2710
2665
2680
2635
2445
2210
1984
1602
1133
658
98
-518
-1151
-1745
-2396
-2995
-3537
-4078
-4540
-4865
-5095
-5302
-5313
-5248
-5084
-4800
-4429
-3984
-3485
-2885
-2285
-1667
-1067
-466
82
588
1054
1422
1732
1993
2227
2323
2426
2518
2464
2412
2382
2293
2208
2207
2174
2129
2160
2227
2272
2393
2574
2629
2688
2800
2815
2782
2746
2650
2444
2212
1927
1452
1005
496
-118
-766
-1391
-2050
-2735
-3321
-3885
-4375
-4757
-5021
-5228
-5302
-5214
-5078
-4807
-4419
-3990
-3505
-2931
-2316
-1735
-1097
-486
81
578
1022
1412
1738
2006
2246
2380
2460
2531
2532
2493
2485
2473
2418
2393
2358
2325
2347
2440
2483
2526
2616
2695
2743
2817
2890
2856
2795
2740
2550
2287
1998
1627
1112
636
69
-599
-1247
-1882
-2524
-3185
-3731
-4284
-4729
-5047
-5262
-5433
-5424
-5234
-5051
-4712
-4287
-3824
-3293
-2650
-2040
-1461
-841
-262
243
693
1185
1527
1816
2078
2225
2331
2421
2500
2467
2471
2438
2376
2356
2352
2354
2359
2422
2435
2458
2524
2605
2628
2654
2734
2723
2693
2636
2499
2263
1983
1647
1164
685
149
-443
-1130
-1735
-2369
-3028
-3582
-4129
-4585
-4966
-5155
-5315
-5365
-5228
-5055
-4760
-4322
-3818
-3324
-2710
-2091
-1508
-886
-288
260
720
1211
1556
1864
2146
2326
2456
2545
2621
2584
2571
2555
2533
2490
2487
2496
2489
2536
2587
2606
2643
2759
2790
2798
2840
2801
2711
2638
2528
2263
1948
1645
1219
703
207
-380
-1034
-1628
-2250
-2927
-3508
-4029
-4542
-4935
-5193
-5385
-5452
-5337
-5205
-4940
-4521
-4045
-3580
-2987
-2330
-1742
-1156
-537
-4
460
987
1348
1656
1975
2205
2351
2472
2578
2607
2643
2670
2648
2598
2584
2594
2560
2563
2621
2634
2668
2737
2799
2826
2875
2912
2869
2788
2727
2546
2238
1967
1547
1026
506
-61
-737
-1416
-1996
-2724
-3380
-3905
-4427
-4877
-5185
-5374
-5519
-5451
-5309
-5114
-4739
-4289
-3797
-3267
-2632
-2031
-1459
-845
-283
226
666
1152
1473
1772
2010
2208
2343
2420
2530
2514
2536
2552
2581
2523
2553
2609
2603
2691
2744
2805
2815
2924
2949
2947
3016
2979
2881
2777
2666
2329
2047
1740
1199
698
168
-460
-1183
-1766
-2426
-3138
-3660
-4190
-4673
-5060
-5211
-5418
-5475
-5292
-5120
-4837
-4438
-3941
-3508
-2892
-2294
-1768
-1165
-611
-72
384
866
1202
1522
1803
2027
2222
2321
2472
2501
2576
2588
2647
2642
2614
2731
2718
2753
2810
2901
2930
2982
3067
3034
3053
3067
2987
2832
2755
2511
2172
1860
1430
914
352
-188
-913
-1584
-2161
-2866
-3491
-4000
-4477
-4934
-5197
-5378
-5509
-5467
-5296
-5084
-4731
-4246
-3805
-3295
-2685
-2069
-1514
-932
-362
102
584
1028
1339
1609
1883
2112
2248
2402
2501
2587
2645
2706
2740
2759
2843
2879
2918
2975
3044
3083
3134
3204
3202
3201
3177
3141
3014
2865
2702
2374
2049
1672
1168
585
22
-590
-1287
-1949
-2591
-3252
-3849
-4370
-4812
-5167
-5363
-5508
-5543
-5391
-5200
-4937
-4550
-4047
-3549
-2992
-2435
-1829
-1274
-743
-211
235
706
1070
1399
1711
1967
2163
2320
2516
2611
2679
2741
2803
2858
2850
2931
2971
2998
3054
3135
3126
3158
3246
3201
3177
3174
3097
2903
2757
2538
2156
1785
1333
783
194
-338
-1031
-1731
-2340
-3007
-3653
-4174
-4601
-5082
-5367
-5484
-5600
-5529
-5312
-5064
-4722
-4212
-3707
-3221
-2627
-2047
-1493
-920
-352
87
513
963
1290
1593
1864
2105
2283
2466
2610
2672
2778
2878
2972
3008
3108
3138
3158
3226
3254
3277
3280
3312
3222
3161
3099
2980
2823
2634
2447
2156
1844
1492
1006
458
-98
-708
-1401
-2058
-2666
-3324
-3898
-4419
-4870
-5255
-5495
-5619
-5657
-5532
-5312
-5003
-4643
-4128
-3595
-3074
-2468
-1896
-1333
-777
-220
210
681
1116
1425
1761
2046
2309
2472
2704
2886
2991
3110
3171
3226
3243
3313
3323
3320
3364
3364
3375
3347
3350
3275
3191
3104
2961
2824
2642
2401
2071
1722
1307
787
254
-318
-971
-1607
-2270
-2924
-3541
-4098
-4572
-5015
-5359
-5560
-5648
-5641
-5520
-5283
-5001
-4587
-4118
-3630
-3080
-2461
-1889
-1344
-816
-322
162
581
986
1316
1641
1964
2200
2427
2657
2857
2979
3114
3240
3309
3342
3427
3450
3429
3468
3481
3463
3417
3392
3304
3195
3119
2977
2792
2565
2338
1968
1552
1161
628
52
-556
-1191
-1880
-2505
-3136
-3750
-4303
-4740
-5125
-5445
-5558
-5618
-5583
-5385
-5093
-4771
-4318
-3829
-3332
-2785
-2200
-1634
-1141
-581
-67
354
805
1196
1546
1850
2149
2424
2632
2885
3072
3200
3315
3421
3468
3520
3564
3567
3523
3525
3503
3398
3349
3287
3165
3064
2960
2801
2581
2357
2099
1721
1346
895
337
-204
-778
-1434
-2122
-2759
-3385
-3978
-4464
-4895
-5266
-5514
-5597
-5617
-5564
-5362
-5104
-4787
-4345
-3856
-3371
-2789
-2217
-1690
-1145
-601
-124
336
831
1208
1537
1887
2236
2525
2771
3056
3208
3354
3518
3622
3627
3664
3711
3662
3646
3652
3588
3507
3486
3351
3204
3118
2956
2725
2522
2259
1922
1562
1181
709
169
-371
-984
-1655
-2284
-2920
-3535
-4088
-4555
-4977
-5309
-5555
-5660
-5676
-5587
-5362
-5095
-4735
-4296
-3785
-3295
-2742
-2150
-1608
-1056
-524
-26
431
923
1339
1719
2103
2435
2722
2993
3279
3433
3588
3740
3819
3864
3894
3910
3850
3813
3781
3683
3579
3468
3317
3167
3017
2798
2573
2358
2085
1752
1377
931
417
-109
-706
-1323
-1900
-2543
-3176
-3740
-4258
-4779
-5134
-5438
-5675
-5764
-5735
-5630
-5397
-5049
-4706
-4252
-3721
-3191
-2671
-2081
-1540
-1017
-481
43
527
1032
1501
1886
2285
2679
3009
3288
3566
3742
3875
4033
4125
4146
4134
4109
4042
3936
3843
3727
3588
3474
3317
3119
2916
2739
2489
2179
1888
1584
1163
704
216
-383
-985
-1562
-2170
-2824
-3402
-3963
-4514
-4939
-5260
-5551
-5727
-5774
-5765
-5661
-5418
-5092
-4745
-4256
-3752
-3250
-2674
-2083
-1512
-968
-397
132
630
1202
1664
2059
2487
2875
3211
3503
3778
3929
4061
4182
4239
4219
4190
4164
4038
3938
3854
3673
3526
3370
3219
2999
2805
2621
2347
2092
1757
1386
983
549
90
-484
-1057
-1648
-2235
-2838
-3425
-3937
-4432
-4821
-5159
-5421
-5629
-5668
-5640
-5549
-5332
-5068
-4705
-4276
-3774
-3283
-2735
-2171
-1605
-1028
-460
86
589
1127
1604
2045
2488
2896
3238
3495
3781
3961
4069
4169
4218
4212
4188
4155
4046
3949
3855
3717
3515
3371
3210
2951
2752
2564
2297
2025
1738
1388
973
532
51
-505
-1060
-1620
-2190
-2761
-3317
-3825
-4298
-4724
-5057
-5289
-5493
-5579
-5563
-5479
-5260
-5005
-4688
-4254
-3738
-3229
-2700
-2087
-1522
-975
-394
170
706
1270
1772
2188
2630
3031
3326
3570
3823
3977
4073
4186
4223
4169
4130
4076
3940
3837
3730
3561
3371
3231
3024
2771
2612
2365
2112
1842
1539
1138
767
330
-188
-702
-1280
-1827
-2369
-2923
-3481
-3952
-4395
-4835
-5163
-5394
-5595
-5661
-5605
-5544
-5352
-5074
-4757
-4331
-3842
-3325
-2780
-2178
-1579
-974
-369
246
805
1365
1901
2348
2761
3142
3473
3732
3973
4166
4273
4344
4412
4384
4323
4319
4212
4076
3943
3791
3571
3379
3183
2897
2655
2409
2095
1727
1393
1038
611
148
-329
-835
-1379
-1898
-2423
-3007
-3519
-3986
-4440
-4818
-5094
-5386
-5569
-5639
-5603
-5537
-5357
-5070
-4752
-4306
-3810
-3286
-2742
-2093
-1489
-904
-284
325
939
1494
2043
2515
2957
3363
3679
3933
4175
4358
4457
4551
4608
4574
4518
4440
4292
4117
3960
3728
3506
3285
3042
2767
2480
2205
1890
1551
1179
769
338
-85
-540
-1035
-1534
-2049
-2537
-3047
-3543
-4005
-4452
-4849
-5191
-5455
-5664
-5763
-5719
-5642
-5448
-5160
-4822
-4389
-3853
-3286
-2733
-2060
-1407
-778
-128
529
1083
1632
2220
2668
3082
3472
3798
4056
4304
4486
4519
4612
4667
4636
4548
4447
4297
4073
3900
3650
3390
3116
2875
2575
2259
1970
1611
1271
901
509
105
-320
-749
-1224
-1707
-2195
-2661
-3126
-3581
-4010
-4429
-4780
-5062
-5314
-5505
-5594
-5593
-5532
-5370
-5064
-4741
-4331
-3807
-3254
-2703
-2077
-1436
-804
-155
478
1090
1653
2235
2726
3141
3531
3841
4069
4280
4480
4548
4604
4642
4595
4509
4408
4259
4029
3848
3627
3371
3131
2883
2574
2232
1937
1608
1239
888
486
93
-267
-709
-1107
-1538
-1988
-2406
-2851
-3312
-3783
-4176
-4589
-4937
-5197
-5412
-5524
-5533
-5430
-5335
-5044
-4684
-4294
-3786
-3227
-2663
-2049
-1343
-708
-70
574
1206
1743
2292
2808
3168
3565
3881
4120
4322
4506
4613
4629
4707
4651
4548
4428
4280
4072
3854
3614
3290
3031
2752
2456
2101
1789
1455
1069
730
340
-38
-431
-824
-1238
-1658
-2104
-2569
-2992
-3472
-3934
-4336
-4698
-5022
-5295
-5462
-5619
-5640
-5574
-5442
-5179
-4820
-4418
-3956
-3338
-2768
-2179
-1479
-802
-160
502
1141
1697
2250
2748
3161
3521
3876
4159
4340
4538
4624
4643
4644
4569
4450
4308
4167
3949
3759
3504
3228
2935
2614
2305
1950
1615
1249
906
551
219
-138
-464
-816
-1183
-1540
-1984
-2384
-2745
-3158
-3638
-3961
-4339
-4709
-4941
-5142
-5289
-5383
-5264
-5163
-4950
-4590
-4196
-3732
-3139
-2528
-1960
-1250
-566
74
718
1385
1895
2397
2961
3322
3678
4005
4271
4400
4552
4651
4593
4585
4519
4386
4198
4046
3798
3541
3297
2992
2692
2352
2072
1672
1314
1007
643
296
-6
-328
-658
-923
-1276
-1604
-1987
-2339
-2712
-3101
-3482
-3906
-4232
-4590
-4880
-5103
-5241
-5338
-5313
-5211
-5038
-4701
-4359
-3888
-3348
-2720
-2124
-1470
-790
-161
494
1117
1728
2220
2753
3179
3490
3845
4106
4306
4436
4580
4639
4610
4568
4465
4329
4179
3989
3705
3470
3172
2847
2525
2201
1845
1474
1145
774
413
77
-223
-530
-835
-1189
-1519
-1861
-2251
-2634
-3018
-3423
-3856
-4210
-4557
-4869
-5130
-5323
-5409
-5443
-5330
-5173
-4890
-4494
-4038
-3456
-2843
-2206
-1556
-815
-140
500
1148
1750
2283
2800
3305
3661
4027
4310
4546
4659
4755
4811
4786
4763
4621
4473
4246
4017
3754
3442
3135
2782
2401
2030
1667
1267
901
572
238
-76
-368
-655
-936
-1196
-1512
-1821
-2168
-2480
-2842
-3190
-3577
-3976
-4309
-4648
-4890
-5101
-5246
-5303
-5209
-5061
-4807
-4406
-3990
-3500
-2919
-2254
-1643
-959
-283
351
1012
1584
2132
2602
3117
3465
3759
4054
4272
4417
4526
4633
4579
4545
4464
4299
4070
3882
3618
3275
2990
2633
2252
1877
1552
1183
839
521
212
-66
-317
-562
-783
-982
-1244
-1509
-1829
-2170
-2492
-2858
-3204
-3607
-3948
-4285
-4605
-4819
-4989
-5067
-5068
-4911
-4712
-4410
-4017
-3562
-3015
-2376
-1789
-1178
-480
139
753
1350
1882
2348
2823
3236
3527
3818
4047
4219
4313
4410
4404
4314
4269
4124
3908
3648
3425
3135
2832
2533
2175
1832
1494
1199
839
529
253
-7
-258
-483
-711
-987
-1190
-1418
-1678
-1960
-2247
-2585
-2946
-3268
-3646
-3938
-4230
-4451
-4623
-4735
-4735
-4667
-4456
-4182
-3813
-3397
-2877
-2313
-1746
-1149
-538
91
680
1237
1761
2262
2690
3099
3417
3683
3940
4106
4224
4308
4318
4259
4159
4057
3855
3621
3382
3040
2731
2424
2083
1702
1368
1068
754
477
201
-62
-285
-473
-702
-886
-1069
-1299
-1543
-1754
-2047
-2429
-2719
-3051
-3432
-3751
-4039
-4359
-4558
-4628
-4710
-4699
-4537
-4296
-4039
-3603
-3120
-2613
-2007
-1384
-789
-158
457
987
1526
2013
2470
2838
3240
3541
3760
3966
4103
4184
4232
4251
4144
4044
3865
3634
3390
3092
2845
2506
2159
1806
1464
1176
851
567
297
59
-157
-328
-526
-716
-907
-1094
-1319
-1556
-1795
-2147
-2453
-2765
-3126
-3501
-3796
-4044
-4321
-4473
-4565
-4574
-4469
-4237
-3980
-3642
-3139
-2686
-2179
-1580
-1028
-491
120
719
1185
1680
2148
2537
2901
3260
3518
3702
3925
4065
4118
4147
4132
3999
3880
3742
3490
3232
2969
2669
2319
2006
1675
1329
1035
734
428
194
-38
-266
-454
-642
-828
-1016
-1206
-1434
-1687
-1954
-2305
-2635
-2964
-3295
-3606
-3899
-4135
-4345
-4454
-4514
-4487
-4348
-4144
-3882
-3490
-3021
-2574
-2010
-1430
-880
-327
265
827
1313
1826
2260
2639
3046
3389
3608
3831
4009
4046
4057
4020
3926
3791
3651
3417
3137
2903
2602
2286
1997
1690
1369
1098
843
582
362
157
-55
-272
-442
-648
-867
-1048
-1246
-1484
-1718
-1950
-2244
-2525
-2809
-3089
-3358
-3599
-3775
-3889
-3960
-4006
-3929
-3737
-3495
-3202
-2815
-2374
-1940
-1423
-872
-373
180
713
1181
1623
2063
2436
2752
3074
3322
3475
3621
3706
3680
3668
3589
3453
3260
3085
2834
2551
2292
2001
1707
1445
1203
913
648
386
165
-67
-265
-421
-597
-717
-889
-1035
-1195
-1395
-1610
-1800
-2054
-2299
-2519
-2803
-3051
-3292
-3448
-3624
-3729
-3753
-3758
-3657
-3476
-3209
-2909
-2500
-2070
-1609
-1056
-528
-40
475
988
1407
1870
2316
2633
2962
3272
3450
3596
3706
3699
3677
3638
3538
3368
3189
2974
2720
2472
2193
1902
1601
1349
1075
794
567
342
153
-65
-251
-445
-631
-792
-978
-1144
-1341
-1534
-1724
-1937
-2195
-2444
-2673
-2892
-3119
-3312
-3466
-3618
-3695
-3723
-3680
-3540
-3345
-3101
-2756
-2355
-1944
-1466
-983
-479
26
548
1025
1481
1927
2295
2630
2947
3201
3360
3473
3553
3568
3536
3471
3355
3191
2999
2783
2558
2338
2103
1834
1595
1338
1066
818
564
354
136
-67
-282
-474
-646
-813
-946
-1120
-1298
-1487
-1649
-1825
-2047
-2252
-2498
-2731
-2965
-3189
-3350
-3481
-3538
-3541
-3481
-3337
-3115
-2864
-2517
-2122
-1702
-1231
-746
-249
252
745
1199
1621
2025
2391
2684
2936
3142
3261
3394
3443
3419
3380
3289
3174
2989
2842
2641
2408
2190
1971
1716
1412
1169
895
620
357
124
-98
-330
-500
-669
-828
-979
-1137
-1295
-1498
-1654
-1822
-2037
-2246
-2451
-2643
-2884
-3069
-3233
-3392
-3485
-3538
-3521
-3445
-3279
-3045
-2759
-2407
-1988
-1526
-1054
-556
-62
456
955
1405
1825
2203
2530
2792
3021
3183
3294
3384
3411
3371
3298
3232
3113
2952
2789
2584
2375
2168
1937
1657
1389
1189
956
711
465
224
32
-151
-322
-493
-690
-825
-970
-1143
-1349
-1523
-1712
-1936
-2146
-2367
-2582
-2760
-2981
-3162
-3279
-3387
-3409
-3401
-3271
-3085
-2849
-2531
-2165
-1770
-1325
-858
-362
143
618
1057
1464
1839
2135
2401
2658
2849
2966
3047
3116
3123
3101
3039
2948
2808
2666
2484
2268
2072
1833
1608
1362
1122
848
580
339
112
-127
-328
-489
-718
-882
-1021
-1156
-1268
-1389
-1519
-1686
-1808
-1989
-2169
-2280
-2457
-2671
-2832
-2963
-3082
-3137
-3124
-3083
-2960
-2739
-2481
-2198
-1805
-1381
-949
-460
22
457
917
1331
1661
1979
2273
2502
2716
2896
2993
3068
3085
3108
3041
2988
2918
2760
2596
2451
2253
2008
1790
1526
1281
1050
804
551
341
110
-112
-319
-495
-650
-784
-904
-1033
-1137
-1234
-1358
-1489
-1629
-1843
-2044
-2213
-2398
-2579
-2742
-2886
-3018
-3038
-3026
-3000
-2868
-2648
-2394
-2099
-1690
-1303
-896
-432
-7
398
779
1143
1470
1795
2095
2307
2500
2702
2771
2816
2864
2815
2794
2749
2658
2518
2406
2252
2040
1826
1594
1326
1081
831
586
343
115
-73
-253
-401
-566
-692
-783
-892
-986
-1098
-1229
-1362
-1470
-1643
-1838
-1980
-2149
-2353
-2551
-2702
-2876
-2942
-2916
-2889
-2823
-2624
-2371
-2113
-1747
-1384
-998
-552
-133
252
647
1038
1338
1637
1948
2176
2382
2584
2733
2806
2857
2858
2818
2772
2691
2530
2391
2261
2072
1856
1621
1415
1165
923
695
433
228
42
-150
-330
-468
-606
-742
-836
-957
-1048
-1145
-1237
-1397
-1530
-1678
-1874
-2039
-2216
-2372
-2563
-2713
-2790
-2850
-2851
-2769
-2666
-2441
-2158
-1883
-1553
-1195
-822
-414
-29
345
704
1036
1346
1655
1915
2135
2345
2581
2729
2817
2869
2864
2836
2811
2771
2605
2468
2329
2138
1915
1670
1429
1183
919
688
438
226
50
-141
-320
-512
-681
-814
-936
-1068
-1184
-1297
-1410
-1552
-1700
-1871
-2061
-2214
-2379
-2546
-2669
-2786
-2857
-2867
-2807
-2706
-2598
-2365
-2099
-1815
-1486
-1115
-730
-337
68
423
814
1134
1454
1738
1983
2203
2403
2581
2717
2789
2839
2853
2809
2731
2643
2480
2311
2156
1940
1684
1436
1198
945
737
498
283
119
-41
-237
-405
-524
-646
-804
-931
-1040
-1139
-1211
-1368
-1553
-1718
-1891
-2095
-2245
-2379
-2548
-2632
-2647
-2660
-2617
-2506
-2367
-2206
-1972
-1729
-1445
-1062
-707
-375
-41
319
625
922
1213
1469
1703
1950
2153
2323
2461
2570
2650
2671
2642
2566
2500
2373
2226
2075
1856
1649
1442
1218
1005
782
545
364
175
-18
-157
-329
-488
-630
-755
-876
-991
-1105
-1227
-1364
-1511
-1643
-1776
-1953
-2095
-2214
-2333
-2417
-2460
-2460
-2430
-2336
-2236
-2076
-1820
-1607
-1348
-1057
-753
-460
-164
177
455
759
1070
1358
1634
1877
2081
2267
2457
2558
2625
2677
2672
2618
2529
2413
2254
2073
1926
1699
1479
1254
1017
817
584
392
175
-10
-192
-348
-483
-639
-746
-842
-960
-1122
-1268
-1459
-1641
-1783
-1940
-2109
-2254
-2318
-2425
-2481
-2495
-2479
-2419
-2324
-2216
-2023
-1821
-1574
-1295
-1023
-737
-396
-70
227
556
836
1129
1401
1646
1850
2076
2276
2435
2556
2656
2675
2677
2617
2494
2368
2201
2036
1840
1643
1407
1179
941
721
498
294
89
-122
-299
-436
-578
-743
-859
-998
-1134
-1273
-1390
-1526
-1674
-1836
-1973
-2076
-2222
-2307
-2366
-2389
-2411
-2391
-2358
-2252
-2121
-1982
-1770
-1528
-1251
-965
-653
-348
-5
318
670
959
1243
1558
1806
2039
2243
2420
2548
2651
2721
2716
2674
2632
2518
2389
2231
2049
1824
1596
1378
1165
949
743
570
372
175
-13
-187
-313
-452
-628
-790
-946
-1083
-1233
-1396
-1542
-1686
-1864
-1986
-2108
-2235
-2307
-2376
-2400
-2383
-2366
-2348
-2277
-2171
-2046
-1866
-1656
-1394
-1115
-828
-513
-204
123
404
688
988
1252
1521
1754
1981
2175
2332
2459
2534
2571
2572
2511
2404
2323
2196
2022
1869
1717
1513
1344
1186
961
788
610
417
257
113
-53
-217
-346
-497
-655
-849
-1023
-1200
-1383
-1555
-1710
-1865
-1962
-2090
-2180
-2232
-2280
-2295
-2266
-2231
-2196
-2084
-1976
-1831
-1660
-1416
-1193
-937
-635
-345
-48
245
536
820
1084
1337
1621
1840
2039
2223
2324
2372
2412
2382
2304
2251
2156
2026
1884
1730
1554
1412
1246
1044
872
696
540
361
199
52
-128
-275
-414
-578
-711
-880
-1087
-1233
-1352
-1526
-1629
-1754
-1877
-1973
-2063
-2115
-2166
-2180
-2179
-2122
-2032
-1938
-1816
-1628
-1452
-1231
-991
-773
-508
-235
-9
288
571
785
1065
1254
1463
1636
1783
1924
1982
2094
2109
2121
2107
2004
1938
1874
1773
1678
1565
1437
1304
1182
1024
858
730
557
368
221
104
-67
-238
-400
-564
-733
-898
-1066
-1206
-1351
-1494
-1587
-1704
-1786
-1843
-1879
-1917
-1944
-1968
-1924
-1883
-1809
-1686
-1589
-1426
-1236
-1018
-795
-562
-297
-46
199
439
693
945
1158
1323
1536
1685
1772
1884
1946
1988
2009
1966
1932
1856
1773
1676
1552
1484
1334
1225
1123
980
827
682
506
347
210
20
-161
-324
-496
-713
-889
-1046
-1200
-1336
-1477
-1623
-1691
-1768
-1845
-1893
-1916
-1917
-1942
-1915
-1860
-1812
-1730
-1616
-1467
-1324
-1147
-943
-756
-522
-285
-68
170
433
630
868
1089
1257
1429
1546
1651
1722
1767
1820
1853
1821
1785
1761
1716
1646
1553
1478
1359
1231
1113
985
862
693
543
385
250
112
-49
-187
-312
-500
-671
-790
-961
-1112
-1224
-1323
-1453
-1542
-1631
-1730
-1761
-1803
-1822
-1807
-1737
-1636
-1559
-1460
-1304
-1166
-1004
-830
-654
-456
-279
-79
129
324
482
672
855
1001
1135
1263
1360
1440
1509
1549
1590
1589
1578
1591
1542
1471
1433
1336
1248
1180
1039
948
862
761
643
494
334
211
64
-106
-235
-381
-509
-652
-800
-937
-1056
-1177
-1273
-1375
-1474
-1550
-1557
-1587
-1630
-1588
-1560
-1520
-1433
-1358
-1246
-1075
-936
-756
-554
-396
-189
9
186
357
550
732
879
1019
1127
1219
1297
1364
1406
1442
1452
1430
1406
1380
1338
1259
1228
1119
1032
957
856
752
597
493
382
216
117
-4
-140
-254
-392
-491
-632
-756
-842
-972
-1114
-1205
-1306
-1369
-1429
-1509
-1529
-1558
-1552
-1529
-1490
-1435
-1331
-1238
-1107
-964
-783
-578
-431
-200
-20
137
329
487
640
754
853
1033
1127
1174
1261
1285
1287
1321
1269
1244
1249
1186
1141
1065
996
916
802
729
637
536
463
362
266
151
72
-21
-141
-234
-320
-427
-532
-597
-695
-764
-835
-930
-1009
-1062
-1115
-1185
-1217
-1219
-1265
-1226
-1164
-1076
-980
-870
-727
-588
-450
-304
-135
-18
119
300
429
571
728
823
931
1012
1069
1108
1138
1174
1177
1166
1138
1099
1087
1014
958
911
792
718
631
535
444
345
247
131
34
-85
-177
-229
-336
-410
-456
-547
-595
-672
-747
-847
-917
-964
-1030
-1097
-1163
-1191
-1224
-1221
-1201
-1184
-1149
-1087
-1008
-899
-784
-670
-550
-377
-220
-58
133
318
473
605
731
835
974
1058
1128
1189
1247
1277
1280
1271
1205
1173
1105
1033
968
867
822
731
615
503
407
319
190
86
-13
-104
-212
-305
-378
-484
-558
-589
-677
-752
-750
-832
-890
-949
-991
-1007
-1068
-1101
-1089
-1078
-1041
-992
-956
-901
-836
-759
-675
-579
-426
-271
-136
26
219
371
536
670
790
929
1008
1090
1125
1141
1151
1143
1112
1104
1034
979
929
867
797
685
599
472
364
259
154
48
-28
-94
-184
-244
-323
-384
-457
-530
-584
-609
-663
-688
-693
-730
-775
-804
-825
-864
-865
-900
-891
-846
-813
-789
-744
-688
-627
-564
-509
-412
-299
-181
-50
74
212
347
457
585
707
800
883
985
1051
1106
1153
1156
1161
1120
1078
1046
1011
956
906
879
809
702
575
508
393
250
125
4
-64
-145
-241
-349
-430
-490
-570
-646
-690
-756
-798
-822
-870
-918
-955
-986
-1002
-1030
-1035
-1007
-995
-982
-946
-896
-820
-759
-682
-563
-449
-320
-181
-63
94
227
361
503
628
731
841
904
933
982
1009
1033
1024
1003
966
931
858
809
755
678
638
604
526
439
330
240
160
57
-21
-92
-161
-206
-264
-336
-404
-447
-486
-548
-593
-620
-645
-651
-683
-695
-718
-755
-758
-756
-760
-732
-723
-714
-644
-606
-545
-467
-385
-281
-189
-72
59
160
271
361
488
604
699
791
870
904
924
937
928
895
864
813
774
734
669
614
547
456
364
293
217
153
44
-11
-52
-125
-196
-243
-293
-355
-402
-465
-500
-542
-596
-612
-651
-672
-694
-725
-731
-753
-765
-775
-749
-741
-672
-629
-603
-520
-444
-356
-273
-168
-81
16
106
232
337
453
552
649
737
818
843
883
920
933
924
926
903
852
833
769
686
626
590
505
414
339
252
187
62
-67
-91
-144
-249
-314
-334
-419
-474
-516
-568
-611
-648
-652
-662
-664
-677
-696
-712
-716
-720
-764
-742
-703
-681
-640
-577
-508
-449
-344
-259
-175
-63
28
125
230
343
439
533
606
690
763
833
872
902
934
921
894
880
822
768
734
649
599
535
466
377
282
187
105
36
-77
-182
-239
-290
-393
-439
-500
-559
-619
-654
-652
-709
-697
-716
-751
-757
-774
-795
-790
-780
-760
-732
-714
-694
-645
-600
-563
-506
-434
-358
-251
-137
-70
43
149
275
398
496
599
687
789
853
903
927
939
953
952
913
897
859
811
741
681
640
572
535
467
403
349
300
233
167
81
-5
-101
-191
-282
-353
-419
-460
-516
-559
-578
-628
-650
-653
-617
-611
-604
-564
-543
-536
-494
-514
-495
-435
-405
-356
-304
-265
-190
-153
-82
-12
36
121
206
279
356
449
535
630
684
772
784
801
813
807
791
748
723
672
577
498
426
352
298
213
166
72
-23
-111
-187
-262
-383
-488
-545
-597
-649
-688
-711
-726
-747
-748
-776
-781
-743
-723
-687
-637
-615
-590
-571
-556
-532
-508
-452
-388
-314
-219
-183
-132
-59
23
91
181
295
389
486
578
656
707
753
791
830
839
843
855
837
807
758
719
646
591
545
465
394
318
264
177
110
40
-44
-115
-187
-274
-369
-455
-521
-554
-608
-630
-652
-657
-678
-698
-688
-665
-617
-600
-547
-482
-449
-430
-396
-369
-353
-332
-282
-241
-162
-83
-15
26
128
201
270
373
463
579
673
757
810
823
834
862
857
843
828
799
776
748
697
651
576
507
446
349
288
197
105
15
-58
-155
-275
-369
-471
-560
-617
-675
-725
-754
-782
-792
-808
-797
-777
-743
-715
-670
-630
-577
-541
-517
-475
-441
-413
-389
-362
-333
-273
-225
-167
-80
-13
60
150
212
315
428
507
611
713
752
808
830
848
842
815
805
778
721
672
616
555
507
449
367
264
194
141
80
16
-87
-140
-193
-308
-369
-418
-480
-538
-595
-634
-680
-702
-699
-701
-656
-599
-573
-547
-486
-428
-391
-379
-357
-310
-292
-254
-211
-178
-140
-89
-34
15
63
131
203
275
322
405
496
549
578
589
628
653
634
637
653
619
603
599
596
543
490
456
382
286
185
104
20
-12
-94
-161
-220
-300
-359
-429
-478
-555
-594
-599
-614
-632
-634
-629
-610
-592
-579
-561
-546
-516
-462
-432
-404
-346
-309
-284
-260
-210
-141
-87
-20
76
174
243
319
405
477
557
614
685
723
762
811
814
795
754
779
766
761
755
722
671
588
536
440
357
272
160
86
-25
-140
-219
-318
-403
-482
-540
-566
-616
-674
-715
-740
-741
-750
-758
-768
-760
-710
-685
-656
-641
-607
-581
-535
-488
-437
-395
-357
-285
-182
-134
-67
50
120
199
312
407
483
540
597
663
711
768
800
812
837
829
806
781
759
722
658
607
553
474
386
302
234
156
73
-29
-128
-224
-297
-378
-482
-517
-569
-606
-648
-655
-638
-669
-658
-652
-626
-606
-610
-568
-534
-509
-492
-441
-392
-345
-279
-220
-171
-133
-73
-22
29
107
153
219
277
315
369
407
456
509
588
607
642
691
707
749
745
756
742
711
670
606
545
467
404
364
249
145
78
-21
-108
-219
-286
-340
-405
-464
-521
-534
-553
-559
-594
-592
-597
-623
-648
-637
-630
-624
-574
-526
-469
-423
-368
-315
-278
-262
-234
-207
-173
-118
-81
-44
32
95
154
233
309
332
401
493
542
594
642
666
697
702
684
676
683
679
616
573
516
472
378
310
253
166
63
3
-90
-156
-217
-316
-363
-411
-455
-503
-549
-572
-604
-645
-647
-626
-635
-618
-602
-589
-574
-559
-515
-473
-431
-376
-317
-266
-188
-117
-65
21
98
171
229
274
330
386
448
511
537
583
631
668
681
722
719
726
754
720
693
647
619
563
500
430
344
240
164
77
-20
-110
-180
-245
-335
-377
-456
-515
-536
-589
-620
-628
-637
-664
-683
-667
-656
-650
-642
-620
-587
-557
-502
-462
-424
-360
-315
-247
-190
-140
-95
-32
28
63
144
191
294
354
389
445
503
565
591
627
690
732
731
743
719
706
680
643
599
553
520
474
418
358
283
218
129
62
-14
-115
-205
-278
-326
-381
-420
-478
-529
-536
-549
-573
-590
-633
-629
-633
-633
-609
-577
-539
-520
-490
-464
-412
-378
-300
-206
-143
-95
-31
46
100
147
212
243
300
348
365
445
478
494
518
560
584
611
606
610
604
582
586
542
515
422
371
328
251
190
139
54
-14
-99
-158
-212
-274
-322
-386
-419
-467
-507
-553
-566
-588
-620
-621
-649
-654
-634
-638
-614
-607
-583
-546
-507
-452
-403
-319
-242
-189
-126
-40
36
70
125
195
254
350
437
512
576
614
669
702
720
749
769
783
765
743
729
662
631
564
508
431
379
307
196
151
81
32
12
-34
-104
-178
-240
-289
-358
-431
-449
-509
-563
-591
-626
-639
-657
-652
-644
-615
-578
-554
-498
-444
-394
-316
-270
-238
-204
-152
-126
-81
-8
50
100
164
242
265
315
341
394
455
484
539
591
643
640
624
621
617
569
549
519
450
402
351
308
267
195
165
93
15
-63
-130
-192
-248
-323
-371
-392
-451
-495
-562
-590
-612
-631
-650
-649
-641
-642
-611
-592
-571
-521
-485
-449
-399
-365
-290
-234
-161
-76
-30
18
78
123
188
260
312
377
424
457
494
529
541
553
589
618
626
643
618
599
574
565
526
438
398
342
283
212
149
80
-12
-46
-76
-137
-185
-239
-277
-314
-389
-428
-482
-516
-519
-538
-543
-538
-553
-568
-573
-556
-523
-474
-395
-353
-302
-271
-260
-235
-191
-128
-90
-35
30
103
168
221
271
315
355
391
451
486
518
577
593
588
628
642
626
598
594
572
522
469
429
381
305
271
211
145
67
8
-72
-125
-183
-235
-278
-318
-343
-394
-416
-454
-470
-499
-529
-523
-527
-512
-496
-531
-518
-491
-445
-416
-387
-367
-366
-295
-251
-180
-120
-51
4
64
148
172
227
289
359
386
436
480
526
568
569
576
575
581
549
545
499
486
460
405
370
314
236
130
83
0
-53
-119
-187
-228
-265
-296
-341
-372
-397
-441
-481
-485
-542
-528
-555
-549
-549
-545
-520
-516
-470
-439
-400
-360
-320
-316
-309
-255
-207
-166
-84
-31
16
108
192
210
259
309
342
388
433
472
509
534
545
572
565
549
551
541
515
484
454
434
416
372
364
320
289
224
151
110
38
-45
-125
-169
-226
-281
-356
-383
-415
-451
-489
-480
-479
-492
-465
-469
-458
-445
-423
-384
-343
-330
-293
-268
-250
-210
-202
-156
-85
-62
-11
38
93
150
203
248
284
299
364
393
411
462
463
491
492
469
482
459
427
416
371
354
316
278
233
195
145
91
48
12
-48
-117
-163
-250
-272
-299
-325
-370
-394
-423
-465
-490
-509
-500
-464
-432
-403
-397
-391
-376
-352
-321
-288
-250
-217
-184
-88
-54
-4
58
67
114
125
158
206
267
325
381
422
462
504
502
496
488
474
452
444
429
387
364
297
228
173
132
102
53
29
10
-18
-38
-88
-142
-183
-211
-229
-279
-335
-372
-383
-419
-446
-457
-473
-478
-468
-469
-469
-461
-430
-369
-308
-269
-191
-135
-107
-62
-21
26
63
112
153
228
269
299
326
345
384
406
434
449
472
490
474
477
482
452
421
402
380
336
287
213
176
116
40
-24
-86
-134
-174
-210
-241
-270
-310
-328
-338
-369
-360
-385
-400
-400
-434
-447
-458
-420
-403
-389
-365
-341
-323
-283
-242
-196
-153
-115
-54
-46
-20
9
58
85
110
173
218
285
319
339
358
365
388
401
420
426
430
434
422
437
411
382
348
320
306
282
232
176
129
90
44
-17
-48
-83
-119
-180
-216
-239
-279
-314
-348
-389
-379
-373
-376
-350
-328
-313
-314
-296
-301
-306
-264
-242
-218
-187
-160
-104
-58
-41
-26
29
73
109
147
203
249
290
334
380
375
375
377
395
399
377
390
361
360
330
289
268
230
195
145
139
116
79
49
10
-25
-72
-111
-152
-186
-238
-293
-333
-368
-378
-405
-434
-434
-435
-446
-442
-427
-429
-421
-405
-367
-338
-301
-285
-265
-233
-207
-172
-168
-130
-57
-28
29
87
121
142
179
216
254
275
278
290
313
314
305
329
328
332
298
299
268
258
274
220
220
199
201
177
158
122
70
46
7
-43
-85
-81
-107
-106
-112
-116
-130
-112
-136
-151
-156
-172
-150
-123
-142
-164
-165
-151
-143
-136
-132
-127
-82
-54
-4
27
35
41
37
58
86
122
176
209
250
269
277
297
294
283
305
337
337
315
308
279
265
248
199
175
137
75
26
-8
-4
-46
-110
-154
-187
-211
-267
-278
-321
-351
-352
-374
-372
-391
-397
-395
-388
-396
-395
-365
-367
-342
-306
-286
-240
-231
-202
-179
-174
-154
-106
-46
-11
36
100
154
194
209
214
228
248
281
321
330
343
352
359
362
322
350
341
305
284
249
228
197
182
151
101
72
60
9
-35
-88
-107
-134
-155
-152
-184
-192
-196
-203
-199
-197
-227
-244
-246
-256
-258
-246
-227
-244
-255
-227
-230
-222
-192
-168
-143
-124
-111
-84
-40
11
31
64
120
153
174
198
222
236
252
264
294
315
332
353
339
336
323
320
313
292
282
277
288
279
253
211
159
114
79
24
-9
-67
-93
-119
-151
-182
-205
-197
-235
-266
-274
-308
-266
-246
-256
-259
-273
-273
-264
-254
-248
-223
-196
-161
-150
-82
-59
-43
-27
19
59
51
43
47
59
88
67
90
134
136
148
172
190
185
202
196
205
199
197
198
172
142
110
74
67
45
39
16
-21
-36
-55
-71
-98
-106
-83
-65
-90
-102
-107
-111
-141
-155
-168
-168
-146
-178
-198
-186
-199
-204
-198
-178
-163
-145
-129
-96
-58
-20
-1
11
31
32
70
69
71
85
64
98
94
87
103
99
120
123
145
137
139
152
170
161
140
113
94
87
67
47
10
9
-36
-69
-75
-99
-115
-114
-131
-141
-119
-106
-123
-129
-119
-116
-128
-126
-139
-129
-105
-101
-95
-68
-19
17
23
-7
38
83
79
95
133
149
145
166
186
199
201
195
208
202
195
196
204
203
185
192
215
209
210
213
208
211
169
150
150
105
62
21
-18
-50
-95
-117
-151
-179
-195
-217
-241
-248
-273
-286
-294
-317
-319
-318
-303
-267
-261
-241
-218
-218
-204
-206
-183
-180
-157
-122
-111
-55
-30
-1
54
71
104
127
175
215
244
271
278
282
290
303
268
264
277
285
253
254
210
166
152
118
112
92
56
56
53
18
4
-35
-48
-101
-139
-182
-213
-229
-246
-248
-265
-285
-292
-298
-310
-292
-298
-276
-264
-270
-237
-211
-188
-166
-149
-124
-97
-77
-49
-11
21
49
86
122
107
129
148
147
159
180
224
206
194
219
232
225
239
237
238
249
242
222
209
183
189
174
145
132
123
155
149
108
88
74
49
15
-5
-17
-35
-75
-104
-116
-140
-157
-193
-219
-231
-217
-233
-254
-229
-214
-222
-215
-207
-190
-177
-147
-118
-82
-51
-19
16
20
9
26
44
72
86
95
93
94
124
133
126
159
167
146
161
143
144
134
119
97
95
77
58
41
23
49
50
19
-19
-40
-45
-62
-68
-70
-86
-79
-87
-124
-124
-111
-127
-126
-116
-114
-111
-120
-98
-85
-74
-68
-68
-55
-64
-57
-40
-5
19
49
69
70
87
78
82
75
63
84
100
99
106
116
99
87
88
61
59
40
44
28
17
12
-5
-13
-17
-21
-32
-46
-45
-36
-49
-45
-73
-76
-79
-82
-75
-65
-60
-66
-51
-56
-41
-80
-100
-94
-100
-86
-96
-97
-102
-108
-131
-135
-114
-119
-86
-57
-38
-22
-12
-1
12
21
37
51
58
75
124
134
132
148
154
176
180
170
173
173
176
167
176
181
178
171
158
145
152
156
136
119
111
121
113
92
74
45
46
8
15
7
-16
-29
-58
-67
-103
-85
-98
-134
-135
-146
-158
-155
-154
-140
-124
-120
-120
-108
-101
-94
-109
-93
-81
-61
-40
-40
-19
1
-3
13
3
-35
-4
17
5
8
46
70
89
87
90
113
75
72
66
51
3
8
17
6
-2
-9
-50
-75
-72
-88
-81
-111
-105
-128
-135
-182
-180
-190
-184
-165
-134
-116
-136
-118
-122
-102
-122
-108
-75
-52
-39
-14
19
36
61
63
82
67
78
77
58
78
75
81
106
122
108
119
142
166
167
170
192
175
187
193
180
156
143
118
106
79
84
70
46
44
30
-4
-42
-12
-28
-23
-31
-36
-60
-53
-72
-98
-103
-101
-109
-124
-124
-146
-174
-171
-158
-142
-137
-138
-120
-73
-83
-71
-81
-68
-9
19
45
61
91
109
104
90
98
113
103
111
88
57
81
74
84
87
111
112
92
103
100
104
100
102
83
97
139
161
148
109
85
54
52
34
18
4
-22
-1
-46
-50
-67
-112
-127
-157
-141
-161
-164
-159
-145
-153
-159
-151
-154
-161
-129
-134
-126
-80
-66
-37
-10
-21
25
28
3
32
53
63
50
76
99
94
80
74
79
98
84
99
66
53
64
47
74
93
96
61
35
0
-7
-10
-39
-46
-68
-86
-92
-110
-143
-183
-189
-200
-195
-195
-211
-194
-189
-198
-189
-189
-181
-161
-165
-145
-160
-119
-87
-79
-35
-24
-26
11
32
50
41
64
111
128
154
165
180
194
202
221
205
188
234
257
284
296
292
258
256
224
197
190
186
201
163
177
156
129
113
101
86
62
54
36
15
-35
-65
-92
-120
-125
-158
-206
-237
-249
-249
-238
-242
-251
-227
-223
-191
-185
-177
-135
-130
-120
-92
-109
-134
-113
-60
-60
-47
19
61
96
122
102
95
104
121
142
142
160
194
194
153
153
162
141
109
100
88
61
40
33
7
-44
-52
-73
-86
-100
-90
-94
-127
-142
-142
-133
-146
-169
-179
-195
-202
-195
-170
-166
-137
-134
-126
-84
-88
-77
-40
-21
18
56
81
94
100
89
98
85
102
124
117
141
149
142
150
149
163
145
136
143
144
171
148
151
165
136
115
97
92
85
52
42
33
27
32
28
3
-10
-29
-57
-72
-102
-132
-108
-108
-133
-152
-191
-216
-229
-226
-254
-258
-253
-220
-205
-192
-156
-105
-91
-84
-55
-30
13
34
60
80
99
62
80
114
129
161
159
197
212
193
169
166
168
169
178
168
172
175
160
154
140
102
48
43
5
-15
-19
-35
-12
-53
-79
-103
-128
-123
-143
-161
-171
-162
-184
-185
-195
-213
-192
-176
-153
-162
-143
-116
-119
-105
-98
-87
-80
-68
-39
2
13
39
55
68
91
95
91
125
149
124
154
151
154
141
128
141
168
155
153
175
175
172
138
159
154
157
150
123
109
94
56
42
40
4
-30
-65
-103
-124
-148
-182
-205
-210
-199
-201
-220
-214
-210
-211
-217
-243
-255
-253
-228
-204
-182
-185
-159
-134
-109
-75
-63
-33
17
13
58
91
98
121
111
131
150
151
165
167
154
138
133
155
151
162
188
180
172
168
142
114
141
107
109
110
78
56
13
14
1
-4
5
-22
-5
-20
-47
-70
-107
-119
-129
-141
-154
-161
-155
-154
-150
-142
-176
-143
-119
-99
-110
-82
-53
-36
21
17
40
66
71
81
91
114
120
133
180
193
213
215
212
182
176
187
168
168
149
138
107
92
59
43
53
4
-11
-19
-11
5
6
-4
-20
-61
-98
-141
-152
-162
-190
-191
-189
-210
-234
-221
-243
-257
-247
-236
-225
-221
-214
-207
-205
-205
-199
-146
-96
-72
-38
-10
23
44
79
88
115
133
163
202
195
193
207
213
202
224
219
192
193
179
155
140
126
121
84
80
41
35
24
-20
-42
-61
-70
-62
-71
-82
-92
-109
-135
-130
-149
-122
-135
-130
-112
-157
-138
-148
-142
-159
-164
-137
-132
-98
-60
-59
-46
-10
11
33
31
58
82
120
139
137
140
143
127
134
140
162
188
197
216
206
201
185
176
148
141
141
136
132
127
112
97
63
24
8
-24
-42
-40
-69
-72
-77
-93
-103
-128
-119
-132
-154
-170
-150
-150
-159
-177
-201
-202
-210
-181
-157
-152
-150
-142
-165
-157
-150
-123
-80
-34
-24
-27
34
36
42
45
71
93
108
137
145
174
211
216
207
193
181
191
180
154
150
176
175
171
150
128
116
112
79
75
74
52
45
3
-29
-63
-68
-69
-81
-90
-116
-109
-132
-164
-168
-183
-199
-178
-185
-185
-177
-200
-189
-160
-103
-71
-27
-36
-24
-15
-21
-3
7
15
13
46
58
53
53
61
55
57
56
56
72
102
120
148
136
99
91
98
62
29
43
19
15
3
11
21
-10
-48
-67
-97
-102
-101
-132
-139
-107
-97
-128
-134
-127
-141
-154
-153
-158
-145
-125
-121
-109
-65
-33
-22
-5
-13
18
28
19
67
61
69
101
111
119
128
165
185
189
181
184
215
208
229
256
256
244
243
225
184
181
164
160
175
160
136
137
120
78
42
-19
-52
-89
-109
-121
-160
-167
-206
-239
-282
-285
-268
-259
-253
-227
-213
-191
-138
-154
-138
-105
-116
-115
-123
-116
-95
-79
-76
-23
-32
-48
-10
8
-1
-10
6
29
68
89
100
105
123
101
129
149
107
130
127
144
176
188
166
172
195
153
115
99
75
21
1
-35
-69
-109
-135
-174
-194
-202
-224
-247
-254
-219
-218
-192
-178
-132
-126
-109
-97
-82
-69
-73
-53
-53
-4
7
15
9
52
86
118
133
132
139
112
112
121
155
132
156
164
139
169
165
169
183
137
106
94
94
75
72
64
46
29
33
18
11
17
6
-7
-29
-56
-91
-98
-100
-119
-120
-135
-163
-173
-190
-179
-156
-144
-154
-123
-92
-85
-58
-30
1
-3
-2
-12
-7
6
9
28
36
62
60
71
108
90
83
105
86
93
109
102
102
118
116
102
95
88
107
117
109
90
91
119
128
95
55
24
6
-7
-23
-46
-67
-88
-120
-130
-137
-176
-166
-162
-156
-195
-236
-202
-187
-191
-208
-199
-163
-138
-134
-89
-55
-27
-5
-9
19
40
55
68
100
125
152
159
147
151
159
162
166
154
165
187
159
147
141
125
127
109
107
98
91
76
39
38
21
30
11
-7
-26
-34
-42
-73
-74
-114
-132
-150
-188
-196
-183
-188
-182
-177
-158
-155
-154
-153
-149
-134
-118
-96
-97
-83
-65
-70
-79
-77
-59
-18
-5
-25
27
41
42
58
61
73
108
117
109
131
127
104
103
90
93
108
99
120
84
100
93
77
63
67
86
65
74
65
69
87
81
73
73
67
62
33
30
10
-15
-22
-43
-47
-61
-65
-89
-71
-78
-101
-95
-124
-107
-124
-109
-93
-112
-103
-101
-87
-99
-114
-99
-107
-85
-79
-29
-15
26
28
19
56
36
48
82
98
83
96
86
94
99
88
80
99
110
103
94
65
54
22
5
-22
-25
5
31
44
35
-13
-10
-40
-81
-70
-97
-76
-81
-75
-53
-43
-33
-22
-25
0
-4
-30
31
50
40
67
65
47
76
85
111
116
100
93
84
77
77
50
53
43
23
2
12
39
57
46
30
10
5
34
13
12
17
21
-21
-5
-22
-29
-47
-90
-119
-125
-160
-170
-176
-185
-192
-200
-208
-187
-149
-146
-129
-118
-116
-106
-110
-105
-93
-103
-71
-44
-59
-72
-43
-43
-44
-42
-30
-12
7
-2
-1
31
40
25
52
58
57
80
114
129
115
118
136
145
149
196
199
202
241
256
225
189
188
138
139
144
109
82
71
81
55
39
-6
-43
-66
-38
-52
-36
-24
-44
-17
-45
-68
-81
-84
-75
-80
-76
-76
-63
-56
-73
-57
-54
-76
-65
-54
-34
-54
-52
-39
-60
-62
-68
-67
-55
-55
-38
-19
-26
16
16
27
26
18
44
62
69
70
106
120
104
130
78
80
93
78
54
48
53
7
-4
-26
-31
-36
-75
-94
-83
-93
-91
-80
-76
-81
-78
-86
-72
-73
-61
-61
-23
-6
-40
-31
-43
-49
-52
-65
-77
-74
-84
-62
-52
-53
-40
-11
-2
-5
13
25
17
22
32
21
29
59
68
70
76
65
57
61
37
28
45
58
59
68
74
62
30
52
72
73
65
57
56
40
27
33
12
0
17
27
31
17
-20
-47
-36
-30
-50
-50
-16
-5
-5
16
-5
20
5
-1
7
13
22
-8
-9
-22
-30
-7
23
23
13
14
42
40
36
35
32
35
36
48
64
49
44
28
35
54
26
5
4
-2
15
4
-40
-29
-38
-54
-56
-78
-82
-98
-81
-119
-141
-144
-135
-112
-119
-122
-108
-102
-141
-144
-128
-146
-117
-102
-82
-74
-70
-49
-63
-8
-4
5
43
85
113
113
115
147
173
179
164
125
126
114
95
93
102
105
110
68
56
57
52
84
63
65
54
61
63
44
38
-1
-32
-50
-55
-63
-56
-51
-69
-63
-71
-89
-117
-110
-101
-110
-121
-109
-105
-94
-71
-80
-81
-56
-37
-36
8
23
-2
-9
13
36
19
26
34
22
25
45
80
70
80
96
94
58
68
101
111
106
85
88
61
46
60
34
27
30
51
33
18
18
3
0
-10
-10
-17
-47
-37
-35
-44
-25
-48
-61
-57
-98
-121
-108
-81
-68
-61
-81
-52
-40
-43
2
14
4
8
1
4
8
-10
18
33
48
24
25
66
53
37
63
70
68
69
56
62
78
90
61
66
52
63
28
2
0
-2
28
19
37
32
-7
-22
-21
-34
-44
-47
-46
-60
-44
-45
-60
-82
-80
-95
-100
-86
-79
-86
-93
-78
-80
-82
-79
-84
-52
-30
-50
-50
-65
-47
-37
-36
-36
-22
-6
33
33
36
49
30
28
17
-7
9
30
53
44
55
83
78
95
99
92
82
91
80
66
72
63
49
4
-10
-32
-37
-44
-41
-13
-26
-21
-15
-20
-43
-63
-63
-77
-81
-65
-59
-69
-69
-57
-33
-24
-56
-48
-33
-14
1
43
51
38
57
68
57
57
72
108
105
92
106
128
150
120
125
139
138
124
113
63
69
49
30
44
9
6
16
4
4
-20
-33
-16
-29
-21
-34
-45
-34
-58
-87
-127
-130
-131
-115
-123
-113
-114
-130
-135
-130
-122
-131
-96
-87
-82
-83
-91
-78
-48
-45
-35
-41
-51
-15
6
2
4
47
77
83
79
64
72
86
98
93
88
105
104
117
97
84
88
90
84
80
87
86
54
22
21
18
-8
13
-2
-51
-44
-48
-57
-61
-83
-98
-97
-76
-48
-55
-51
-63
-84
-92
-83
-46
-25
-25
-21
-29
-8
8
-1
-20
-2
52
37
31
24
54
73
77
84
85
95
95
81
49
59
74
69
64
69
54
42
22
12
-4
-6
-17
-24
14
12
18
-2
-32
-33
-43
-46
-36
-55
-79
-69
-69
-61
-54
-44
-28
-59
-102
-82
-46
-72
-100
-85
-100
-79
-76
-96
-57
-54
-68
-90
-72
-59
-56
-19
-5
29
31
23
25
37
56
83
123
117
102
103
105
115
118
111
108
87
63
89
80
91
98
111
101
99
95
83
84
57
44
24
20
6
-20
-55
-96
-109
-71
-95
-118
-90
-85
-91
-81
-112
-114
-97
-96
-91
-76
-71
-85
-65
-90
-65
-34
-6
-3
18
35
59
64
51
83
80
85
69
78
92
60
65
84
96
109
107
108
103
76
32
23
1
-2
-4
5
-14
-11
-31
-73
-79
-104
-107
-105
-106
-97
-94
-92
-59
-96
-116
-113
-118
-112
-96
-71
-37
-29
-47
-57
-36
-34
-15
14
-7
17
42
23
6
13
0
9
7
10
17
21
24
31
33
37
20
25
48
33
67
52
43
42
40
63
60
43
57
60
30
33
9
27
45
21
36
40
51
57
62
59
50
68
56
71
38
27
36
37
31
19
50
38
6
5
-1
-12
-30
-38
-20
-35
-11
-2
8
-4
-13
9
-9
1
-8
-3
-9
-24
-16
-7
24
4
-4
6
-3
19
14
7
2
-18
-37
-43
-40
-55
-77
-70
-83
-99
-94
-85
-85
-39
-52
-43
-44
-56
-28
-58
-66
-53
-65
-50
-42
-46
-45
-31
-22
-24
-12
-11
-4
-10
16
21
35
18
13
7
-12
10
28
9
12
23
-8
9
23
54
59
77
70
61
85
81
61
44
51
28
9
6
16
28
17
4
-11
-22
-12
-46
-61
-31
-15
-20
-10
-28
-40
-29
-58
-59
-44
-25
-25
-21
-15
-53
-74
-50
-41
-22
5
26
48
53
39
35
46
42
62
67
52
85
86
71
78
82
89
94
89
105
101
91
89
92
94
82
70
58
41
28
19
16
11
18
26
1
-13
-35
-80
-92
-94
-96
-114
-115
-111
-145
-107
-125
-133
-128
-114
-107
-85
-62
-60
-61
-31
11
-27
-15
4
9
10
9
-3
17
46
62
41
46
72
68
32
11
35
31
33
44
46
35
42
58
50
54
64
52
15
13
-2
17
28
-6
1
-22
-25
-53
-67
-48
-64
-76
-93
-91
-88
-102
-109
-91
-77
-76
-85
-85
-89
-85
-57
-49
-15
-7
-9
-8
-3
-22
3
-5
-1
12
-13
33
7
21
17
18
40
30
27
40
40
36
46
58
73
70
88
88
89
106
101
109
112
137
115
89
112
111
107
95
85
64
64
28
8
3
-25
-31
-27
-39
-31
-26
-26
-32
-35
-36
-28
-33
-47
-44
-21
-44
-85
-76
-112
-100
-98
-72
-61
-78
-48
-19
-9
-14
-19
-10
-5
7
3
12
31
50
30
40
25
15
17
-5
-8
21
15
-9
1
1
0
-28
-12
-12
18
23
24
22
12
29
38
42
34
20
12
5
6
-3
-26
-5
1
-18
11
-29
-30
-10
-42
-54
-53
-67
-83
-76
-87
-94
-70
-54
-57
-57
-65
-57
-39
-31
-16
-4
17
19
15
29
35
40
25
32
23
33
21
26
50
48
29
34
38
28
48
38
60
82
78
111
118
119
106
73
71
29
5
-5
6
10
-38
-57
-53
-29
-24
-32
-29
-41
-80
-56
-57
-71
-67
-51
-42
-52
-63
-61
-69
-74
-61
-58
-55
-34
4
18
-14
-9
25
22
30
25
6
29
40
40
29
46
48
68
50
32
33
8
18
60
58
41
41
40
64
