SAMPLES:	17629
BITSPERSAMPLE:	16
CHANNELS:	1
SAMPLERATE:	16000
NORMALIZED:	FALSE
120
123
129
135
136
130
116
116
117
109
107
102
103
101
97
114
99
83
83
84
88
87
75
57
47
31
10
9
8
5
-14
-30
-31
-34
-49
-64
-56
-76
-79
-83
-82
-93
-96
-105
-108
-109
-116
-125
-124
-129
-131
-128
-124
-125
-119
-110
-102
-95
-92
-74
-77
-64
-70
-63
-49
-49
-50
-43
-53
-54
-58
-53
-47
-52
-63
-56
-40
-41
-23
-14
-13
-4
-2
-8
13
28
41
53
44
40
40
26
32
21
17
26
34
37
33
34
33
26
34
30
9
16
26
32
32
33
35
36
38
29
25
20
30
29
46
36
28
40
36
47
52
42
43
47
32
34
32
36
44
44
48
46
49
46
56
57
53
57
50
27
10
6
10
4
14
13
17
18
15
6
10
6
-10
-12
-16
-16
-18
-16
-21
-16
3
11
-10
-5
-9
-23
-20
-24
-18
-15
-22
-24
-26
-29
-45
-47
-55
-56
-65
-67
-62
-62
-67
-64
-73
-62
-52
-67
-59
-57
-58
-47
-33
-39
-25
-34
-12
-18
-17
-2
-5
-7
-5
-9
-11
9
5
12
21
14
16
1
-3
27
18
21
26
19
26
29
34
52
59
66
70
56
44
48
51
57
64
75
73
82
89
80
79
72
73
69
64
58
52
49
43
33
26
27
13
13
5
-10
-8
-4
-10
-22
-20
-29
-39
-48
-55
-64
-86
-98
-86
-83
-86
-92
-105
-107
-112
-115
-109
-96
-99
-117
-96
-101
-107
-106
-104
-104
-101
-102
-98
-80
-52
-37
-29
-23
-21
-7
-4
-3
4
15
12
25
31
24
31
39
41
58
77
74
72
84
70
66
72
71
69
68
82
85
88
80
75
77
79
86
89
92
103
92
92
90
78
77
75
74
79
79
84
71
49
50
62
66
56
47
41
48
51
49
52
47
42
37
24
18
17
12
5
-6
-18
-10
-12
-21
-29
-45
-57
-60
-85
-96
-114
-129
-134
-134
-119
-120
-127
-122
-121
-123
-116
-108
-112
-115
-113
-111
-95
-103
-108
-108
-113
-112
-96
-83
-81
-71
-76
-62
-54
-53
-37
-39
-32
-27
-23
-25
-17
1
-4
2
17
9
2
15
25
34
34
40
48
49
45
51
47
47
57
62
55
54
69
73
71
69
69
75
95
97
103
96
101
119
119
120
122
120
122
112
100
106
107
109
112
111
100
79
88
89
81
70
57
55
38
33
19
11
15
18
25
7
0
7
-10
-6
-18
-35
-41
-48
-63
-61
-61
-74
-77
-89
-94
-101
-97
-102
-112
-106
-117
-112
-113
-121
-126
-142
-132
-134
-132
-132
-134
-125
-132
-119
-104
-104
-89
-77
-85
-82
-68
-59
-47
-31
-31
-29
-19
-26
-21
-11
3
1
1
3
11
31
32
32
43
55
81
86
83
82
87
96
87
100
106
99
102
85
96
105
96
106
101
108
116
119
119
117
122
115
110
96
90
94
88
58
59
74
60
67
63
55
48
37
23
10
20
16
15
3
-17
-25
-18
-25
-22
-20
-30
-32
-50
-55
-68
-71
-85
-99
-119
-126
-139
-137
-147
-158
-158
-156
-153
-157
-167
-159
-151
-149
-146
-160
-129
-124
-109
-92
-88
-78
-60
-40
-17
-8
-4
12
8
30
32
42
63
56
54
45
43
51
55
59
65
64
66
72
68
67
61
66
65
68
67
68
81
94
90
85
96
95
101
105
117
115
100
96
88
83
69
55
41
31
17
12
17
15
13
1
-13
-23
-31
-37
-32
-39
-48
-66
-60
-65
-75
-65
-53
-57
-67
-69
-72
-40
-40
-36
-21
-27
-29
-20
-9
1
4
10
7
1
-4
-1
2
1
11
-1
-10
-23
-21
-31
-37
-38
-39
-27
-29
-32
-35
-54
-48
-38
-28
-34
-30
-17
-22
-24
-18
-19
-18
-12
-15
-5
-4
-2
3
21
29
32
31
41
50
38
52
70
68
63
75
78
80
79
85
88
85
80
72
53
54
62
40
40
36
28
16
5
-1
0
-10
-14
-22
-27
-30
-19
-28
-34
-30
-41
-32
-37
-31
-38
-32
-21
-34
-31
-25
-18
-14
-19
-32
-37
-27
-20
-21
-29
-18
-25
-36
-25
-30
-26
-25
-24
-25
-18
-22
-32
-37
-36
-25
-25
-20
-13
-17
-1
2
-4
0
13
14
13
26
31
29
28
25
23
21
16
19
26
9
13
8
7
7
0
7
-5
-12
-5
-7
-16
-26
-30
-20
-16
-24
-22
-7
-18
-16
-6
-23
-33
-13
-15
-19
0
20
30
20
17
34
22
14
8
19
32
27
40
50
61
51
57
57
53
55
62
54
42
49
45
37
38
38
37
19
3
-7
-10
-27
-42
-35
-44
-46
-50
-63
-65
-70
-80
-85
-110
-115
-114
-99
-100
-110
-94
-87
-81
-55
-56
-57
-39
-21
6
5
27
45
44
54
53
69
65
68
73
64
69
60
71
64
42
18
16
14
3
-7
-11
-17
-22
-13
-13
-9
2
19
28
42
49
68
59
58
67
81
93
95
89
95
92
84
79
50
51
37
27
28
23
19
0
-16
-26
-26
-31
-35
-46
-48
-38
-35
-28
-25
-25
-34
-18
-13
-25
-24
-19
-14
-16
-10
-7
-7
-7
4
3
-15
-3
-3
-18
-14
-26
-50
-52
-42
-58
-59
-55
-67
-76
-88
-100
-95
-94
-86
-77
-72
-73
-80
-76
-68
-62
-60
-54
-53
-34
-36
-43
-34
-34
-30
-22
-26
-15
3
24
28
43
55
58
62
60
67
70
75
68
77
77
70
54
44
46
42
36
38
38
28
32
26
14
13
17
18
22
23
29
30
10
14
19
12
18
12
-7
-6
-9
-9
-12
-15
-15
-10
-14
-7
-7
-8
6
0
4
1
4
9
15
16
17
13
21
37
22
10
8
0
-2
-9
-3
1
2
7
8
10
2
7
8
8
9
4
13
10
3
-5
0
7
12
15
14
30
34
33
38
47
42
37
34
45
42
38
48
45
39
36
22
28
29
15
26
23
19
11
10
3
-7
-15
-25
-25
-29
-31
-25
-20
-20
-18
-35
-38
-37
-45
-38
-45
-43
-43
-38
-33
-34
-32
-37
-47
-52
-63
-74
-69
-74
-68
-77
-77
-73
-74
-67
-70
-78
-72
-62
-72
-66
-70
-56
-62
-60
-52
-43
-37
-34
-21
-24
-17
-15
-6
8
24
38
42
50
45
48
43
32
31
31
40
46
43
51
55
54
52
49
58
64
67
71
58
53
58
69
61
50
42
26
21
6
8
1
13
9
4
15
14
25
16
21
16
13
28
24
24
15
16
10
-3
-18
-11
-21
-13
-6
-5
-4
-1
-2
-7
10
25
27
20
29
8
10
4
5
-2
2
9
-5
9
3
2
23
19
16
21
15
14
14
20
6
-4
-16
-16
-13
-29
-30
-37
-45
-39
-41
-26
-30
-37
-35
-30
-37
-40
-35
-36
-26
-26
-12
-8
-8
6
13
11
13
20
10
10
4
7
3
9
9
11
20
21
14
15
16
23
27
30
26
26
29
30
28
14
3
-3
0
-4
-20
-34
-28
-46
-59
-55
-65
-62
-48
-65
-71
-66
-70
-69
-68
-67
-66
-66
-60
-55
-52
-43
-36
-34
-28
-12
-5
-1
17
25
33
33
39
47
45
49
49
42
51
53
45
38
35
32
27
19
28
26
35
34
22
22
29
28
17
24
18
19
24
7
2
0
-14
-16
-16
-18
-19
-21
-13
-16
-12
-7
-10
-7
-10
-2
-6
-5
-2
6
10
11
10
16
15
5
6
18
37
40
36
40
38
35
37
34
39
38
32
33
30
29
24
27
27
25
22
16
23
21
36
26
27
26
24
26
28
30
19
15
6
3
0
-3
-8
-14
-21
-20
-31
-33
-37
-36
-37
-39
-39
-42
-48
-60
-53
-50
-43
-35
-33
-37
-37
-27
-20
-11
-16
-13
-9
-16
-21
-25
-27
-23
-32
-39
-40
-35
-33
-36
-17
-12
-15
-12
-22
-7
-8
-13
-14
-15
-9
-2
5
11
20
20
22
16
19
17
21
24
17
19
24
16
12
13
0
-1
-2
-6
-7
4
-4
-1
-7
-17
-21
-16
-19
-18
-23
-24
-16
-17
-5
8
19
24
31
27
27
25
26
24
24
28
16
11
9
5
-1
-11
-16
-17
-11
-15
-6
3
4
3
11
18
24
30
28
33
32
30
38
43
44
42
31
31
31
28
26
32
25
24
23
8
-3
0
-7
-18
-21
-24
-32
-34
-44
-52
-61
-63
-70
-59
-58
-56
-49
-60
-60
-59
-55
-53
-45
-37
-35
-23
-10
-5
4
7
13
13
17
19
21
26
30
24
25
47
50
54
61
63
73
71
63
60
63
69
62
53
56
56
59
57
47
50
49
44
47
43
49
37
28
11
-6
-4
-16
-28
-41
-52
-63
-68
-73
-68
-73
-77
-75
-78
-81
-77
-79
-74
-73
-75
-65
-61
-45
-43
-47
-44
-42
-37
-26
-18
-19
-16
-10
-10
-8
-7
-6
-4
3
8
8
6
6
7
7
6
6
12
20
22
19
17
14
12
13
15
15
12
20
15
17
18
11
8
14
16
20
19
20
15
13
15
11
15
16
21
18
15
22
22
19
23
16
17
21
22
27
28
32
24
20
27
32
37
35
39
44
37
38
42
35
28
26
18
10
19
26
12
8
3
9
5
14
18
12
22
20
20
17
13
8
3
-5
-12
-27
-31
-42
-42
-56
-70
-69
-75
-84
-87
-104
-129
-132
-142
-156
-170
-182
-191
-190
-180
-172
-174
-165
-148
-129
-105
-91
-53
-17
13
59
86
111
130
160
178
192
219
229
227
230
226
218
207
197
175
166
163
153
145
133
128
131
156
168
181
189
202
205
205
196
181
157
129
86
37
-21
-85
-155
-236
-304
-374
-439
-494
-535
-557
-567
-549
-535
-506
-453
-412
-361
-283
-206
-144
-73
-19
37
95
150
196
242
266
294
312
316
336
344
346
337
317
313
294
271
252
221
191
154
111
77
32
-6
-38
-78
-97
-136
-158
-181
-195
-191
-196
-211
-204
-191
-178
-158
-149
-121
-105
-99
-91
-73
-48
-20
4
36
47
63
79
91
122
131
145
152
142
150
139
114
96
79
51
28
-13
-30
-43
-64
-92
-124
-140
-153
-168
-174
-172
-175
-166
-166
-142
-120
-88
-65
-63
-44
-3
17
44
82
117
152
173
207
230
244
244
228
221
204
195
195
158
136
118
88
56
41
35
16
-2
-12
-14
-19
-28
-44
-62
-74
-85
-84
-89
-100
-110
-109
-101
-114
-116
-107
-94
-74
-76
-70
-72
-68
-41
-34
-22
-13
-11
-3
9
28
43
32
26
47
55
61
53
52
57
47
42
42
32
26
11
0
-27
-44
-50
-68
-98
-118
-128
-138
-139
-138
-129
-116
-89
-66
-73
-66
-47
-43
-16
7
-1
26
63
97
124
169
186
219
287
313
349
397
428
445
449
440
400
316
235
122
-23
-144
-283
-441
-635
-784
-916
-1052
-1127
-1209
-1296
-1312
-1266
-1202
-1126
-995
-845
-708
-513
-294
-98
65
254
448
626
772
910
1048
1144
1246
1354
1421
1468
1498
1520
1495
1469
1424
1348
1251
1166
1059
914
754
607
459
292
99
-110
-272
-426
-553
-658
-769
-858
-908
-899
-903
-933
-939
-923
-888
-857
-821
-793
-739
-663
-594
-526
-446
-334
-218
-132
-54
-2
85
134
159
200
211
228
260
256
188
151
104
47
-1
-34
-77
-139
-156
-126
-142
-120
-67
-18
36
147
217
257
330
472
534
520
491
391
268
175
67
-132
-390
-596
-795
-994
-1153
-1277
-1426
-1495
-1456
-1369
-1299
-1184
-1024
-835
-606
-376
-164
29
212
403
555
683
794
893
968
1052
1099
1129
1137
1182
1243
1253
1250
1226
1199
1146
1103
1010
882
787
676
552
434
312
164
78
17
-59
-136
-218
-279
-313
-321
-342
-372
-380
-400
-416
-395
-398
-399
-337
-268
-212
-163
-87
7
75
152
238
295
336
381
425
438
431
426
413
391
349
283
177
43
-136
-338
-579
-805
-1014
-1249
-1534
-1797
-2012
-2200
-2303
-2377
-2440
-2431
-2316
-2138
-1934
-1675
-1403
-1062
-711
-314
71
429
784
1099
1389
1624
1834
2023
2184
2288
2377
2401
2399
2398
2369
2301
2175
2038
1879
1716
1507
1287
1048
779
517
278
26
-223
-472
-653
-800
-916
-1002
-1078
-1087
-1047
-955
-846
-710
-577
-416
-269
-111
41
166
266
307
286
205
64
-37
-197
-430
-718
-961
-1204
-1440
-1598
-1731
-1866
-1942
-1876
-1790
-1710
-1597
-1451
-1266
-1059
-813
-581
-396
-201
-6
189
373
489
578
713
870
978
1084
1168
1272
1360
1401
1431
1443
1477
1444
1424
1370
1261
1138
1052
989
854
754
642
535
472
412
364
316
299
297
325
385
480
497
516
549
534
468
328
138
-103
-331
-607
-868
-1205
-1583
-1867
-2126
-2340
-2492
-2576
-2660
-2641
-2527
-2357
-2168
-1917
-1645
-1359
-1036
-669
-318
-13
289
609
896
1138
1360
1550
1730
1880
1978
2051
2101
2119
2109
2079
2003
1893
1760
1590
1446
1269
1034
791
593
371
160
12
-115
-288
-403
-428
-475
-417
-301
-164
-63
46
180
270
423
521
483
371
203
15
-223
-497
-832
-1249
-1603
-1913
-2214
-2451
-2604
-2762
-2850
-2816
-2694
-2547
-2336
-2099
-1844
-1525
-1203
-877
-560
-266
12
316
629
883
1132
1379
1614
1783
1968
2106
2218
2320
2374
2379
2333
2282
2175
2034
1881
1675
1434
1240
1014
768
568
400
278
155
85
19
-15
36
148
227
290
353
400
427
474
455
334
125
-128
-396
-676
-971
-1377
-1798
-2145
-2470
-2735
-2935
-3075
-3168
-3136
-2965
-2792
-2543
-2263
-1950
-1583
-1165
-755
-364
-1
352
681
969
1231
1447
1681
1847
1967
2075
2178
2257
2281
2292
2230
2143
2075
1923
1725
1489
1259
986
744
550
299
77
-21
-141
-222
-213
-156
-114
56
281
405
585
748
877
963
970
849
628
421
122
-217
-561
-1026
-1504
-1896
-2239
-2587
-2832
-2996
-3111
-3128
-3037
-2877
-2660
-2365
-2064
-1724
-1364
-1018
-685
-339
-12
260
541
763
996
1206
1368
1527
1642
1770
1862
1960
1988
1988
1954
1891
1846
1727
1557
1377
1171
960
769
569
393
249
142
58
31
121
207
323
527
714
869
1012
1148
1248
1302
1248
1066
782
502
150
-260
-748
-1302
-1769
-2175
-2530
-2833
-3108
-3258
-3296
-3242
-3074
-2905
-2646
-2321
-2005
-1627
-1261
-901
-600
-289
3
288
539
786
1081
1307
1556
1745
1930
2099
2232
2331
2353
2352
2289
2188
2027
1823
1582
1289
1022
753
479
241
67
-88
-150
-140
-76
59
237
435
599
779
890
1016
1096
1062
904
653
330
-33
-389
-845
-1334
-1806
-2235
-2605
-2886
-3093
-3260
-3325
-3227
-3011
-2770
-2450
-2142
-1786
-1391
-1016
-629
-290
10
321
595
850
1065
1270
1464
1595
1720
1810
1905
1973
2042
2053
2055
1970
1878
1776
1614
1432
1204
929
651
503
299
126
-23
-77
-86
-8
143
276
512
753
999
1119
1321
1378
1307
1182
929
582
188
-227
-714
-1270
-1798
-2278
-2737
-3055
-3320
-3523
-3619
-3558
-3406
-3181
-2880
-2573
-2206
-1786
-1368
-924
-554
-190
117
439
719
930
1174
1373
1596
1767
1955
2094
2171
2311
2380
2409
2406
2316
2213
2080
1928
1670
1399
1179
935
755
591
448
400
429
512
645
744
894
1056
1173
1269
1323
1231
1057
811
445
15
-438
-911
-1523
-2068
-2551
-3029
-3346
-3617
-3781
-3890
-3839
-3636
-3340
-3014
-2627
-2218
-1742
-1265
-823
-368
-3
337
674
976
1221
1408
1612
1771
1926
2027
2112
2190
2260
2284
2245
2151
2006
1882
1704
1503
1236
948
656
474
214
18
-99
-166
-152
-85
80
228
419
621
814
917
1010
987
859
671
387
-2
-374
-778
-1298
-1802
-2229
-2680
-2994
-3211
-3350
-3437
-3373
-3157
-2848
-2447
-2038
-1641
-1187
-705
-267
157
493
779
1059
1358
1568
1695
1827
1913
1994
2050
2062
2076
2041
1986
1940
1806
1660
1475
1257
1060
845
598
369
203
75
-48
-83
-77
10
158
376
571
738
992
1155
1276
1394
1357
1171
900
575
174
-275
-752
-1301
-1826
-2303
-2746
-3121
-3368
-3581
-3712
-3633
-3411
-3158
-2829
-2426
-2025
-1525
-1012
-517
-119
283
611
906
1219
1444
1656
1821
1992
2112
2196
2253
2261
2254
2219
2181
2010
1866
1667
1468
1237
989
756
503
352
141
-5
-45
-59
-3
92
265
398
558
703
841
889
873
739
424
154
-216
-637
-1093
-1608
-2104
-2538
-2913
-3227
-3482
-3601
-3692
-3657
-3429
-3133
-2802
-2355
-1891
-1352
-821
-283
254
693
1131
1521
1872
2159
2407
2592
2760
2903
2972
2973
2936
2890
2760
2628
2393
2174
1956
1641
1333
1022
715
427
191
13
-180
-284
-285
-272
-224
-72
51
182
293
402
425
382
259
-12
-284
-634
-1018
-1433
-1866
-2338
-2746
-3114
-3417
-3633
-3777
-3805
-3746
-3566
-3298
-2998
-2593
-2178
-1696
-1206
-713
-240
207
645
1061
1470
1780
2098
2318
2531
2707
2774
2855
2875
2933
2803
2702
2562
2345
2141
1930
1640
1325
1109
901
690
551
455
387
412
510
610
708
822
888
888
911
828
612
368
4
-453
-891
-1359
-1851
-2335
-2758
-3170
-3495
-3723
-3865
-3925
-3851
-3681
-3446
-3079
-2705
-2262
-1839
-1377
-919
-404
74
504
929
1291
1681
2025
2322
2573
2750
2949
3036
3071
3058
3014
2938
2784
2558
2305
2015
1694
1414
1115
834
583
402
281
223
291
366
491
621
760
922
968
1000
964
840
587
243
-224
-764
-1291
-1855
-2461
-3085
-3596
-4028
-4311
-4485
-4592
-4590
-4446
-4173
-3784
-3342
-2938
-2446
-1909
-1374
-812
-272
220
693
1099
1515
1879
2222
2567
2860
3123
3337
3454
3511
3540
3496
3360
3172
2891
2608
2274
1925
1583
1215
878
610
362
173
96
134
210
355
555
692
835
1007
1074
1077
984
751
380
-77
-607
-1192
-1781
-2400
-3005
-3534
-3984
-4321
-4500
-4584
-4552
-4404
-4124
-3740
-3260
-2720
-2194
-1614
-1045
-480
15
490
929
1311
1713
2075
2410
2701
2974
3218
3361
3475
3536
3502
3375
3238
3015
2656
2297
1915
1488
1078
688
302
-33
-215
-383
-422
-334
-202
-15
235
519
734
945
1083
1161
1096
909
580
128
-349
-894
-1537
-2214
-2876
-3449
-3935
-4290
-4523
-4646
-4670
-4494
-4222
-3776
-3337
-2815
-2236
-1657
-1050
-495
99
600
1048
1478
1883
2246
2556
2874
3113
3341
3514
3622
3699
3723
3657
3511
3308
2973
2635
2286
1883
1421
996
609
239
-6
-203
-288
-285
-219
-63
132
326
469
611
744
771
665
450
63
-402
-903
-1436
-2069
-2722
-3318
-3853
-4264
-4561
-4773
-4902
-4820
-4592
-4232
-3786
-3221
-2637
-2077
-1427
-810
-196
340
865
1336
1805
2233
2585
2941
3236
3499
3697
3799
3857
3887
3872
3754
3552
3299
3032
2681
2307
1889
1409
981
604
280
-27
-271
-375
-418
-355
-223
-66
67
208
343
419
374
224
-43
-366
-775
-1285
-1807
-2352
-2899
-3383
-3822
-4195
-4424
-4560
-4598
-4465
-4232
-3897
-3478
-2972
-2476
-1902
-1356
-792
-225
319
818
1242
1688
2047
2426
2756
3072
3364
3552
3734
3806
3892
3858
3806
3634
3453
3212
2898
2606
2197
1833
1441
1133
818
606
490
391
354
331
375
393
458
467
440
298
47
-290
-729
-1156
-1656
-2193
-2782
-3370
-3873
-4345
-4604
-4800
-4919
-4938
-4750
-4476
-4079
-3604
-3087
-2490
-1895
-1275
-724
-129
333
801
1241
1669
2068
2417
2790
3076
3348
3594
3780
3865
3947
3969
3882
3776
3562
3320
2996
2644
2258
1831
1461
1092
809
542
381
236
191
229
234
276
258
220
168
-8
-260
-608
-1085
-1565
-2074
-2645
-3263
-3839
-4343
-4757
-5052
-5219
-5269
-5167
-4913
-4553
-4023
-3469
-2842
-2205
-1557
-908
-292
310
823
1301
1750
2155
2508
2874
3177
3409
3667
3849
4004
4065
4151
4101
4047
3952
3746
3526
3256
2952
2576
2236
1864
1525
1230
969
784
652
620
592
608
599
591
523
408
188
-94
-510
-1027
-1516
-2103
-2703
-3369
-3991
-4566
-5039
-5316
-5552
-5679
-5629
-5421
-5062
-4552
-4008
-3362
-2673
-1926
-1202
-511
166
724
1236
1691
2121
2483
2804
3067
3300
3503
3605
3691
3767
3782
3714
3644
3519
3346
3136
2877
2614
2306
2029
1742
1464
1272
1096
989
917
936
934
936
962
923
925
794
602
260
-175
-674
-1239
-1838
-2494
-3149
-3752
-4324
-4795
-5129
-5412
-5563
-5524
-5368
-5032
-4580
-3975
-3367
-2654
-1907
-1204
-436
215
870
1442
1898
2343
2737
3109
3320
3534
3656
3774
3810
3771
3708
3577
3459
3261
3069
2798
2592
2316
2066
1865
1629
1475
1316
1242
1174
1192
1222
1256
1258
1192
1154
1013
789
464
36
-495
-1010
-1597
-2294
-2971
-3633
-4247
-4840
-5259
-5574
-5826
-5917
-5844
-5593
-5211
-4757
-4198
-3576
-2846
-2103
-1338
-529
175
876
1506
2065
2586
3078
3483
3820
4073
4212
4321
4356
4335
4172
4017
3788
3504
3246
2908
2559
2259
2018
1722
1508
1291
1144
1052
1050
1131
1113
1162
1152
1101
1040
899
670
282
-182
-692
-1230
-1828
-2486
-3140
-3726
-4320
-4758
-5090
-5397
-5519
-5524
-5450
-5204
-4856
-4393
-3823
-3195
-2514
-1829
-1088
-368
301
946
1511
2093
2610
3057
3431
3748
3987
4144
4261
4256
4176
4030
3852
3559
3250
2943
2580
2265
1965
1676
1405
1206
1046
933
920
959
994
1051
1075
1023
996
853
608
277
-158
-646
-1167
-1705
-2335
-2980
-3577
-4142
-4637
-4996
-5263
-5462
-5517
-5451
-5248
-4913
-4499
-4031
-3484
-2856
-2227
-1578
-900
-243
393
1029
1622
2220
2766
3239
3681
4035
4278
4472
4579
4574
4473
4324
4040
3729
3409
3054
2680
2357
2023
1769
1596
1433
1333
1340
1379
1418
1453
1495
1464
1419
1291
1043
735
283
-267
-838
-1384
-2042
-2727
-3347
-3941
-4446
-4829
-5154
-5412
-5471
-5455
-5324
-5077
-4726
-4321
-3874
-3321
-2747
-2142
-1530
-920
-334
242
808
1345
1872
2355
2796
3191
3500
3783
3958
4043
4031
3992
3854
3621
3353
3063
2724
2382
2129
1829
1624
1478
1349
1309
1348
1402
1462
1518
1509
1507
1440
1273
973
581
98
-454
-1013
-1661
-2311
-2992
-3572
-4134
-4545
-4866
-5162
-5283
-5293
-5167
-4926
-4544
-4099
-3613
-3058
-2474
-1875
-1265
-673
-144
446
983
1493
1994
2437
2830
3179
3470
3659
3864
3948
3960
3932
3815
3590
3357
3064
2736
2456
2171
1914
1702
1555
1423
1377
1434
1451
1506
1581
1610
1556
1510
1321
1026
670
177
-406
-956
-1531
-2255
-2932
-3573
-4205
-4660
-5015
-5308
-5515
-5507
-5450
-5253
-4906
-4497
-4003
-3441
-2836
-2256
-1585
-950
-346
258
831
1403
1918
2429
2845
3225
3525
3719
3879
3978
3994
3914
3794
3542
3311
2998
2647
2339
2084
1818
1570
1475
1347
1306
1378
1434
1561
1693
1754
1719
1748
1676
1400
1122
690
126
-439
-968
-1672
-2365
-2999
-3621
-4177
-4571
-4913
-5207
-5302
-5249
-5129
-4836
-4492
-4071
-3559
-3005
-2459
-1875
-1228
-652
-103
443
967
1493
1977
2424
2776
3157
3385
3590
3717
3721
3718
3617
3432
3172
2919
2566
2240
1938
1670
1418
1242
1132
1004
1050
1125
1222
1346
1466
1499
1505
1531
1306
1068
694
183
-415
-960
-1583
-2282
-2880
-3546
-4115
-4564
-4898
-5203
-5327
-5277
-5179
-4870
-4521
-4085
-3571
-2961
-2373
-1718
-1064
-459
178
725
1293
1788
2292
2758
3148
3506
3728
3943
4058
4081
4025
3939
3753
3505
3262
2930
2611
2276
1984
1662
1425
1275
1102
1055
1079
1129
1206
1303
1346
1380
1389
1248
1011
678
240
-288
-811
-1452
-2138
-2796
-3400
-3986
-4457
-4820
-5119
-5310
-5343
-5259
-5047
-4728
-4290
-3810
-3257
-2687
-2073
-1380
-751
-147
452
1046
1593
2121
2582
2985
3334
3580
3777
3924
3967
3939
3840
3632
3361
3092
2774
2426
2075
1760
1478
1237
1091
952
878
851
894
993
1073
1101
1095
1130
1017
816
498
71
-398
-902
-1452
-2105
-2735
-3333
-3881
-4342
-4690
-5011
-5196
-5197
-5137
-4916
-4619
-4197
-3708
-3142
-2513
-1901
-1203
-565
51
681
1249
1827
2329
2813
3216
3581
3822
4026
4162
4194
4180
4072
3896
3589
3356
3033
2675
2371
2040
1728
1504
1332
1147
1091
1090
1076
1104
1126
1094
982
950
736
438
72
-363
-853
-1362
-1913
-2597
-3195
-3744
-4277
-4669
-4956
-5218
-5377
-5346
-5276
-5034
-4727
-4312
-3825
-3293
-2684
-2054
-1360
-716
-68
551
1190
1807
2354
2913
3404
3867
4168
4443
4570
4629
4657
4542
4361
4094
3846
3483
3063
2723
2379
2041
1801
1627
1420
1363
1356
1376
1388
1408
1378
1245
1143
857
484
50
-513
-1109
-1684
-2317
-3022
-3671
-4217
-4759
-5172
-5451
-5692
-5816
-5717
-5599
-5364
-5026
-4584
-4122
-3574
-2971
-2379
-1691
-1034
-373
287
963
1583
2187
2784
3307
3810
4151
4483
4691
4783
4822
4738
4540
4287
4017
3634
3254
2897
2526
2173
1918
1721
1525
1485
1451
1435
1464
1470
1426
1361
1309
1056
720
284
-255
-878
-1454
-2118
-2871
-3551
-4160
-4728
-5132
-5422
-5682
-5805
-5740
-5610
-5336
-4986
-4600
-4117
-3592
-3012
-2456
-1812
-1192
-539
82
710
1346
1923
2546
3083
3541
3929
4286
4511
4673
4798
4746
4600
4363
4080
3701
3349
2976
2577
2254
1964
1781
1607
1572
1522
1549
1627
1650
1614
1534
1439
1168
834
383
-181
-776
-1384
-2050
-2781
-3459
-4135
-4667
-5075
-5421
-5701
-5842
-5787
-5694
-5409
-5108
-4726
-4287
-3754
-3187
-2594
-1941
-1344
-701
-94
556
1181
1780
2465
3016
3543
3935
4342
4591
4769
4924
4852
4713
4492
4239
3872
3561
3212
2821
2520
2249
2034
1853
1843
1791
1829
1879
1872
1848
1787
1668
1362
1027
549
-62
-719
-1344
-2067
-2823
-3524
-4177
-4760
-5174
-5476
-5782
-5890
-5852
-5746
-5489
-5167
-4791
-4369
-3847
-3339
-2822
-2225
-1630
-1068
-453
185
770
1379
1999
2564
3084
3564
3974
4286
4539
4718
4748
4657
4488
4258
3924
3603
3240
2837
2512
2244
2028
1868
1813
1767
1794
1836
1851
1798
1737
1636
1320
999
512
-76
-696
-1303
-2019
-2748
-3439
-4109
-4644
-5078
-5403
-5681
-5763
-5690
-5543
-5246
-4903
-4503
-4062
-3519
-2989
-2467
-1883
-1333
-770
-220
372
900
1458
2028
2557
3011
3407
3803
4068
4299
4483
4517
4440
4345
4159
3872
3626
3294
2952
2679
2440
2212
2061
2000
1920
1933
1954
1925
1877
1800
1667
1332
1001
466
-152
-758
-1366
-2078
-2826
-3485
-4173
-4715
-5156
-5475
-5718
-5823
-5744
-5606
-5292
-4925
-4477
-4027
-3468
-2905
-2355
-1750
-1222
-660
-123
429
932
1394
1894
2348
2810
3149
3516
3762
4017
4181
4199
4185
4084
3916
3662
3459
3166
2904
2727
2526
2342
2252
2231
2178
2238
2256
2301
2218
2159
1999
1713
1346
796
165
-524
-1167
-1978
-2751
-3473
-4180
-4765
-5224
-5541
-5845
-5932
-5908
-5710
-5373
-4981
-4530
-4019
-3421
-2843
-2229
-1657
-1081
-537
16
561
1039
1524
1999
2448
2814
3140
3439
3668
3853
3979
4007
3934
3870
3714
3499
3296
3017
2708
2483
2294
2128
2019
2023
2001
2069
2161
2152
2123
2081
1962
1687
1348
866
243
-406
-1061
-1835
-2638
-3361
-4073
-4737
-5228
-5616
-5948
-6089
-6056
-5886
-5578
-5185
-4711
-4190
-3562
-2910
-2286
-1670
-1069
-494
56
596
1123
1570
2019
2403
2780
3077
3370
3579
3732
3892
3913
3873
3773
3676
3456
3247
3021
2781
2599
2450
2310
2198
2239
2256
2313
2407
2472
2441
2395
2345
2067
1766
1325
736
97
-520
-1272
-2108
-2838
-3597
-4312
-4888
-5338
-5756
-5986
-6016
-5999
-5747
-5425
-4982
-4462
-3869
-3250
-2635
-1960
-1355
-710
-124
488
1005
1481
1968
2342
2722
2992
3265
3430
3565
3646
3610
3545
3426
3303
3083
2908
2692
2486
2328
2204
2090
2003
2030
2065
2121
2219
2283
2244
2239
2160
1945
1651
1236
705
95
-517
-1220
-2011
-2739
-3442
-4121
-4687
-5142
-5511
-5784
-5826
-5804
-5645
-5336
-4952
-4466
-3901
-3251
-2610
-1922
-1255
-610
9
571
1117
1616
2109
2500
2843
3096
3322
3423
3522
3598
3538
3432
3296
3175
2939
2783
2597
2359
2215
2142
2050
1985
2032
2055
2130
2270
2319
2317
2311
2289
2090
1794
1410
895
307
-296
-1008
-1796
-2565
-3299
-4000
-4600
-5087
-5512
-5822
-5929
-5938
-5799
-5529
-5170
-4706
-4132
-3480
-2855
-2155
-1462
-802
-151
464
1047
1558
2093
2536
2871
3130
3364
3509
3578
3624
3548
3460
3329
3170
2928
2728
2534
2306
2196
2104
2021
1978
2041
2075
2141
2275
2350
2368
2360
2355
2153
1882
1516
993
411
-194
-874
-1662
-2398
-3128
-3841
-4454
-4961
-5380
-5721
-5857
-5903
-5799
-5539
-5193
-4725
-4192
-3563
-2954
-2256
-1531
-863
-165
498
1125
1640
2193
2641
2991
3251
3485
3613
3658
3701
3606
3475
3299
3119
2872
2675
2495
2226
2115
2041
1968
1935
1988
2035
2121
2266
2345
2371
2350
2304
2119
1849
1467
938
340
-256
-936
-1717
-2473
-3211
-3928
-4538
-5036
-5495
-5867
-6014
-6067
-5985
-5731
-5390
-4933
-4405
-3797
-3146
-2448
-1721
-1024
-321
359
1007
1548
2109
2603
2985
3287
3541
3702
3757
3806
3723
3586
3441
3222
2967
2731
2518
2275
2116
2033
1951
1910
1996
2073
2184
2370
2441
2483
2503
2504
2354
2102
1781
1273
692
99
-540
-1302
-2058
-2791
-3536
-4190
-4728
-5206
-5627
-5841
-5920
-5894
-5690
-5385
-4999
-4527
-3918
-3319
-2658
-1937
-1267
-595
75
733
1300
1876
2402
2790
3108
3371
3528
3608
3727
3649
3521
3368
3165
2894
2660
2459
2204
2043
1948
1852
1814
1873
1935
2051
2211
2292
2340
2375
2395
2244
2011
1673
1155
604
37
-590
-1353
-2096
-2812
-3518
-4135
-4682
-5149
-5525
-5744
-5850
-5782
-5624
-5355
-4958
-4467
-3898
-3324
-2666
-1972
-1282
-591
93
774
1363
1984
2522
2949
3301
3572
3761
3835
3897
3776
3625
3453
3237
2955
2704
2460
2192
2085
1955
1850
1821
1865
1905
2022
2187
2267
2335
2348
2349
2191
1985
1606
1080
543
-24
-642
-1401
-2114
-2828
-3536
-4145
-4685
-5156
-5503
-5717
-5801
-5765
-5594
-5312
-4941
-4485
-3951
-3421
-2806
-2113
-1451
-784
-126
534
1124
1695
2217
2642
3011
3341
3538
3671
3724
3656
3547
3389
3170
2879
2628
2391
2125
1972
1822
1736
1726
1793
1901
2040
2214
2313
2396
2441
2480
2334
2113
1760
1250
733
163
-499
-1238
-1962
-2694
-3403
-3988
-4518
-4978
-5346
-5518
-5599
-5548
-5358
-5069
-4685
-4224
-3646
-3103
-2472
-1857
-1229
-593
22
654
1202
1782
2286
2682
3026
3351
3544
3656
3734
3671
3570
3368
3164
2854
2584
2361
2094
1943
1816
1710
1663
1733
1816
1954
2133
2278
2364
2398
2451
2261
2041
1692
1191
619
45
-629
-1424
-2157
-2897
-3608
-4230
-4711
-5171
-5507
-5666
-5770
-5696
-5516
-5199
-4834
-4354
-3812
-3246
-2640
-1992
-1334
-688
-55
538
1085
1617
2142
2558
2909
3244
3418
3558
3647
3606
3487
3313
3119
2821
2565
2316
2031
1822
1737
1653
1598
1723
1807
1994
2211
2388
2448
2516
2576
2421
2200
1850
1365
806
235
-440
-1186
-1933
-2674
-3398
-4006
-4515
-4978
-5342
-5541
-5621
-5610
-5427
-5109
-4735
-4268
-3711
-3140
-2536
-1864
-1230
-600
40
653
1228
1768
2282
2673
2976
3255
3429
3503
3540
3481
3314
3135
2923
2650
2379
2168
1909
1701
1591
1504
1485
1555
1693
1836
2043
2236
2369
2456
2534
2466
2288
2016
1569
1034
491
-156
-942
-1713
-2431
-3143
-3812
-4356
-4836
-5253
-5473
-5580
-5555
-5396
-5150
-4784
-4359
-3825
-3273
-2660
-1993
-1340
-694
-85
514
1044
1592
2102
2474
2793
3052
3240
3343
3422
3382
3225
3074
2893
2588
2321
2084
1823
1609
1481
1421
1341
1412
1527
1663
1905
2107
2257
2363
2503
2449
2288
2058
1639
1102
573
-32
-794
-1527
-2255
-3005
-3648
-4201
-4742
-5155
-5359
-5489
-5483
-5306
-5064
-4729
-4287
-3777
-3238
-2625
-1959
-1346
-695
-70
543
1105
1642
2129
2523
2833
3085
3275
3330
3352
3303
3150
2930
2717
2430
2127
1880
1623
1407
1267
1196
1151
1233
1373
1503
1696
1913
2079
2168
2304
2286
2171
1986
1607
1147
662
111
-625
-1333
-2041
-2778
-3413
-3993
-4514
-4966
-5235
-5388
-5422
-5310
-5126
-4802
-4396
-3876
-3339
-2662
-1975
-1311
-620
22
680
1267
1814
2299
2749
3044
3292
3483
3559
3581
3511
3396
3168
2961
2678
2380
2156
1912
1682
1538
1461
1369
1378
1450
1546
1706
1865
2004
2075
2169
2153
2015
1839
1505
1023
523
7
-703
-1414
-2048
-2739
-3384
-3941
-4437
-4885
-5186
-5342
-5427
-5323
-5154
-4853
-4481
-3969
-3427
-2841
-2178
-1533
-840
-209
444
1040
1613
2139
2532
2870
3096
3292
3338
3347
3270
3124
2882
2635
2382
2069
1846
1605
1403
1277
1240
1186
1220
1342
1455
1657
1865
2024
2130
2208
2202
2056
1854
1501
1015
492
-21
-679
-1397
-2060
-2773
-3391
-3913
-4384
-4803
-5090
-5253
-5324
-5206
-5024
-4709
-4342
-3880
-3373
-2787
-2113
-1489
-837
-200
445
1027
1591
2136
2570
2931
3159
3373
3476
3521
3483
3341
3126
2900
2661
2315
2064
1846
1587
1428
1384
1336
1373
1490
1631
1843
2047
2187
2297
2388
2402
2252
2049
1723
1255
723
185
-457
-1188
-1894
-2601
-3267
-3832
-4326
-4753
-5066
-5215
-5307
-5197
-4995
-4706
-4333
-3880
-3357
-2825
-2175
-1560
-934
-331
274
873
1396
1897
2320
2678
2921
3144
3281
3297
3276
3142
2942
2690
2424
2071
1794
1527
1270
1111
1033
993
1007
1120
1270
1488
1743
1957
2109
2214
2249
2195
2061
1799
1361
837
293
-345
-1081
-1789
-2518
-3176
-3739
-4225
-4645
-4981
-5147
-5217
-5140
-4959
-4687
-4336
-3871
-3344
-2806
-2198
-1575
-949
-366
246
821
1355
1850
2284
2633
2891
3110
3243
3294
3266
3186
3039
2822
2604
2305
2016
1764
1557
1361
1246
1194
1154
1224
1344
1504
1728
1954
2093
2178
2276
2245
2066
1839
1417
906
384
-261
-978
-1682
-2369
-3088
-3713
-4221
-4653
-5029
-5215
-5298
-5275
-5085
-4834
-4446
-4021
-3492
-2926
-2304
-1665
-1042
-402
180
792
1320
1814
2248
2606
2873
3088
3267
3286
3264
3207
3057
2846
2641
2374
2099
1894
1672
1486
1357
1306
1263
1314
1470
1578
1783
1964
2107
2168
2232
2210
2050
1837
1450
965
475
-101
-820
-1544
-2233
-2945
-3554
-4071
-4502
-4888
-5128
-5241
-5197
-5036
-4817
-4472
-4040
-3489
-2962
-2337
-1683
-1051
-398
201
780
1267
1763
2166
2546
2788
2960
3106
3139
3153
3055
2938
2727
2521
2283
1992
1757
1540
1373
1257
1221
1187
1243
1389
1512
1702
1864
2004
2090
2190
2159
1993
1754
1379
896
373
-234
-938
-1669
-2372
-3066
-3641
-4158
-4594
-4956
-5166
-5254
-5254
-5077
-4861
-4467
-4029
-3474
-2918
-2284
-1629
-1030
-390
197
808
1319
1806
2237
2595
2875
3063
3228
3239
3247
3142
3001
2780
2549
2299
2039
1828
1586
1405
1293
1231
1218
1257
1398
1528
1712
1894
2050
2158
2218
2183
2018
1775
1381
890
401
-164
-874
-1574
-2274
-2953
-3564
-4096
-4558
-4959
-5171
-5264
-5240
-5089
-4858
-4478
-4011
-3459
-2888
-2257
-1599
-964
-309
304
880
1383
1870
2292
2613
2851
3009
3135
3136
3115
3009
2845
2635
2417
2143
1872
1667
1463
1305
1248
1216
1201
1284
1431
1591
1799
1998
2139
2254
2347
2298
2191
1983
1593
1122
645
48
-673
-1363
-2055
-2760
-3374
-3914
-4403
-4812
-5020
-5128
-5116
-4954
-4723
-4376
-3920
-3399
-2842
-2203
-1538
-927
-297
281
824
1310
1795
2160
2490
2729
2886
2992
2980
2936
2836
2675
2450
2225
1944
1697
1524
1324
1180
1109
1084
1064
1139
1274
1418
1641
1805
1926
2024
2084
2014
1873
1638
1245
797
327
-249
-944
-1600
-2285
-2946
-3502
-4009
-4451
-4835
-5038
-5134
-5089
-4955
-4709
-4324
-3874
-3357
-2797
-2161
-1515
-879
-276
300
871
1373
1865
2248
2587
2807
2971
3086
3072
3036
2895
2751
2507
2296
2027
1786
1597
1388
1271
1193
1174
1161
1281
1415
1582
1827
1988
2157
2275
2341
2250
2114
1856
1404
960
459
-152
-824
-1487
-2164
-2829
-3393
-3899
-4358
-4746
-4927
-5046
-4996
-4824
-4569
-4209
-3789
-3279
-2746
-2110
-1457
-825
-195
420
986
1475
1951
2363
2705
2919
3058
3125
3114
3068
2914
2735
2494
2247
1942
1695
1486
1286
1167
1062
1032
1029
1151
1287
1459
1680
1848
2015
2077
2163
2061
1929
1679
1259
816
327
-232
-926
-1582
-2284
-2931
-3532
-4049
-4481
-4854
-5052
-5190
-5138
-4993
-4766
-4437
-3997
-3481
-2922
-2304
-1656
-1006
-376
246
821
1328
1831
2239
2576
2807
2992
3076
3130
3104
2966
2803
2582
2381
2111
1870
1667
1489
1350
1292
1273
1260
1382
1509
1662
1878
2059
2191
2266
2364
2262
2097
1831
1405
927
395
-201
-914
-1597
-2282
-2935
-3495
-4045
-4489
-4855
-5063
-5216
-5173
-5033
-4801
-4459
-4020
-3481
-2953
-2303
-1669
-1039
-414
199
810
1320
1817
2214
2548
2774
2958
3073
3086
3050
2934
2752
2483
2267
2001
1759
1565
1393
1291
1210
1221
1221
1346
1489
1664
1882
2037
2196
2244
2328
2266
2130
1898
1472
1017
510
-79
-794
-1499
-2176
-2875
-3465
-3997
-4455
-4843
-5034
-5125
-5079
-4924
-4686
-4310
-3883
-3347
-2796
-2150
-1522
-889
-246
320
897
1358
1815
2197
2542
2776
2942
3030
2992
2964
2825
2659
2430
2259
2000
1721
1522
1327
1202
1123
1091
1083
1201
1346
1512
1750
1953
2129
2235
2325
2290
2177
1959
1595
1154
685
110
-601
-1301
-2001
-2719
-3344
-3894
-4348
-4728
-4969
-5104
-5108
-4967
-4726
-4358
-3951
-3400
-2848
-2205
-1555
-933
-318
248
819
1281
1744
2118
2430
2656
2784
2872
2829
2785
2661
2522
2305
2095
1865
1604
1410
1219
1100
1021
1005
992
1092
1251
1397
1578
1780
1939
2047
2149
2154
2042
1840
1485
1002
504
-39
-704
-1425
-2095
-2763
-3329
-3854
-4323
-4736
-4990
-5136
-5157
-5019
-4822
-4454
-4053
-3524
-2941
-2293
-1613
-968
-293
297
896
1413
1896
2302
2655
2895
3039
3166
3122
3080
2943
2797
2555
2334
2122
1845
1675
1491
1359
1307
1310
1311
1386
1521
1655
1852
2037
2199
2288
2371
2394
2229
2029
1672
1258
797
285
-367
-1071
-1727
-2425
-3049
-3635
-4151
-4618
-4948
-5137
-5250
-5138
-4970
-4665
-4272
-3770
-3224
-2619
-1943
-1298
-640
-41
568
1109
1609
2032
2364
2624
2778
2904
2909
2877
2773
2629
2424
2230
2007
1761
1584
1411
1266
1179
1166
1197
1246
1371
1526
1693
1889
2022
2129
2185
2225
2107
1943
1651
1245
782
274
-319
-1015
-1693
-2382
-3008
-3577
-4124
-4574
-4921
-5117
-5219
-5152
-5015
-4711
-4326
-3854
-3273
-2696
-2033
-1414
-744
-137
464
1017
1488
1940
2250
2534
2694
2820
2863
2842
2760
2637
2465
2282
2105
1857
1684
1528
1391
1308
1284
1298
1335
1467
1618
1763
1956
2130
2237
2298
2343
2249
2110
1876
1506
1072
580
6
-686
-1357
-2063
-2747
-3362
-3933
-4412
-4823
-5064
-5210
-5188
-5057
-4812
-4450
-3992
-3422
-2835
-2162
-1502
-847
-234
346
921
1398
1853
2227
2509
2706
2834
2908
2880
2839
2717
2556
2366
2188
1961
1772
1612
1465
1373
1341
1351
1375
1454
1589
1714
1891
2041
2119
2204
2218
2161
2005
1757
1405
985
510
-50
-706
-1383
-2071
-2755
-3364
-3927
-4410
-4794
-5079
-5244
-5248
-5122
-4913
-4530
-4097
-3550
-2977
-2335
-1647
-978
-324
258
852
1348
1802
2171
2465
2688
2814
2877
2902
2849
2760
2656
2493
2309
2094
1894
1735
1581
1469
1386
1382
1429
1481
1624
1754
1925
2067
2169
2237
2293
2304
2138
1936
1618
1198
693
136
-492
-1166
-1836
-2538
-3183
-3784
-4289
-4745
-5055
-5226
-5280
-5170
-4997
-4669
-4272
-3767
-3208
-2590
-1940
-1319
-674
-96
468
1004
1466
1860
2150
2397
2534
2634
2674
2632
2569
2455
2276
2091
1933
1742
1605
1472
1388
1324
1309
1353
1393
1513
1642
1799
1997
2148
2250
2314
2351
2252
2086
1815
1432
967
456
-163
-863
-1553
-2252
-2890
-3468
-4006
-4443
-4812
-5031
-5131
-5072
-4877
-4589
-4167
-3700
-3141
-2524
-1849
-1175
-505
112
684
1209
1680
2098
2418
2677
2840
2949
2994
2939
2853
2736
2576
2375
2182
1997
1830
1679
1527
1400
1335
1312
1300
1369
1481
1587
1772
1899
2003
2069
2111
2068
1908
1679
1297
836
358
-207
-884
-1555
-2259
-2939
-3543
-4117
-4583
-4965
-5217
-5336
-5324
-5155
-4917
-4515
-4041
-3473
-2878
-2243
-1564
-928
-286
302
861
1327
1744
2118
2400
2605
2730
2822
2802
2795
2733
2621
2488
2317
2126
1921
1784
1641
1545
1479
1451
1440
1480
1591
1689
1860
1985
2117
2200
2247
2210
2076
1876
1517
1070
555
1
-663
-1369
-2067
-2759
-3416
-3998
-4477
-4926
-5223
-5378
-5416
-5280
-5055
-4686
-4216
-3657
-3061
-2410
-1733
-1052
-442
153
731
1245
1702
2090
2390
2640
2794
2893
2924
2923
2876
2758
2632
2467
2297
2130
1995
1852
1719
1643
1628
1636
1660
1769
1849
2011
2145
2256
2348
2391
2394
2274
2055
1695
1248
734
165
-505
-1200
-1900
-2600
-3255
-3875
-4399
-4839
-5180
-5351
-5407
-5294
-5096
-4769
-4338
-3802
-3187
-2542
-1860
-1192
-527
100
659
1193
1663
2069
2378
2633
2804
2909
2948
2939
2899
2780
2601
2428
2261
2055
1903
1773
1670
1573
1522
1521
1528
1637
1760
1879
2049
2148
2213
2232
2245
2147
1963
1681
1241
748
196
-450
-1171
-1868
-2549
-3238
-3885
-4465
-4926
-5292
-5474
-5574
-5477
-5296
-5000
-4589
-4102
-3503
-2872
-2206
-1550
-890
-284
269
823
1291
1711
2072
2355
2528
2669
2759
2781
2789
2729
2607
2472
2353
2194
2046
1919
1776
1693
1654
1645
1659
1749
1893
2036
2214
2335
2434
2498
2518
2439
2258
1967
1562
1060
515
-99
-831
-1552
-2292
-2977
-3618
-4185
-4648
-5021
-5216
-5335
-5267
-5093
-4810
-4395
-3916
-3347
-2753
-2077
-1445
-811
-202
356
901
1349
1784
2111
2372
2580
2731
2823
2866
2859
2797
2689
2553
2420
2252
2128
1981
1849
1728
1663
1673
1664
1728
1837
1952
2092
2214
2329
2370
2391
2290
2097
1791
1375
892
337
-258
-1005
-1726
-2440
-3152
-3791
-4383
-4849
-5261
-5459
-5596
-5549
-5379
-5108
-4705
-4221
-3624
-3002
-2296
-1651
-983
-363
233
788
1269
1719
2095
2414
2610
2783
2876
2928
2910
2872
2767
2596
2456
2273
2101
1937
1802
1703
1652
1647
1670
1745
1867
2021
2197
2318
2413
2469
2503
2417
2245
1942
1538
1037
509
-109
-854
-1586
-2320
-3039
-3674
-4246
-4734
-5131
-5348
-5480
-5440
-5265
-4993
-4573
-4117
-3569
-2988
-2329
-1668
-1054
-425
155
713
1192
1625
1977
2269
2487
2666
2771
2827
2829
2757
2663
2496
2373
2185
2023
1868
1734
1663
1610
1623
1663
1775
1914
2064
2238
2347
2452
2502
2524
2423
2254
1994
1562
1064
531
-97
-827
-1556
-2274
-3001
-3620
-4181
-4665
-5066
-5300
-5408
-5386
-5217
-4971
-4598
-4122
-3549
-2963
-2309
-1654
-1019
-378
209
768
1254
1703
2064
2361
2584
2757
2843
2889
2880
2813
2726
2542
2410
2247
2093
1945
1829
1711
1656
1658
1671
1751
1856
2017
2219
2340
2413
2450
2461
2399
2217
1951
1543
1049
517
-144
-854
-1566
-2292
-2996
-3636
-4221
-4726
-5130
-5387
-5529
-5528
-5358
-5106
-4725
-4271
-3707
-3123
-2466
-1808
-1163
-495
97
657
1141
1624
2006
2325
2571
2721
2806
2824
2847
2771
2686
2528
2393
2228
2052
1944
1821
1758
1685
1689
1713
1779
1908
2025
2189
2324
2422
2454
2467
2380
2185
1930
1527
1028
496
-105
-807
-1550
-2256
-2951
-3572
-4155
-4666
-5068
-5345
-5487
-5493
-5338
-5087
-4723
-4256
-3696
-3105
-2461
-1802
-1166
-509
97
671
1165
1639
2030
2358
2631
2798
2927
2971
2975
2912
2811
2647
2488
2319
2161
2053
1908
1809
1758
1769
1789
1842
1981
2105
2266
2417
2492
2536
2573
2529
2359
2108
1721
1234
681
71
-641
-1371
-2070
-2792
-3467
-4064
-4592
-5020
-5331
-5473
-5506
-5370
-5154
-4801
-4342
-3804
-3227
-2609
-1938
-1298
-654
-61
500
1009
1460
1868
2200
2465
2658
2784
2813
2813
2763
2685
2542
2385
2233
2051
1926
1784
1671
1609
1579
1590
1628
1740
1847
2003
2184
2281
2362
2407
2372
2244
2047
1706
1233
727
159
-513
-1269
-1988
-2725
-3417
-4031
-4567
-5014
-5335
-5491
-5522
-5407
-5183
-4850
-4397
-3876
-3294
-2670
-2000
-1365
-715
-115
460
999
1489
1925
2269
2533
2697
2817
2882
2897
2870
2785
2686
2528
2370
2237
2113
1989
1879
1811
1783
1774
1772
1852
1954
2074
2228
2321
2399
2440
2445
2334
2139
1844
1388
890
352
-275
-987
-1696
-2409
-3115
-3756
-4331
-4833
-5186
-5375
-5472
-5433
-5230
-4916
-4494
-3988
-3413
-2833
-2199
-1557
-942
-331
238
776
1244
1666
2023
2295
2492
2630
2696
2730
2727
2684
2614
2493
2401
2247
2113
2021
1918
1849
1813
1810
1812
1887
1981
2095
2256
2363
2435
2467
2468
2381
2188
1897
1462
934
391
-261
-983
-1727
-2475
-3205
-3860
-4440
-4951
-5333
-5559
-5647
-5588
-5375
-5081
-4668
-4143
-3554
-2929
-2273
-1573
-910
-281
290
829
1297
1730
2089
2356
2552
2712
2804
2846
2838
2796
2733
2621
2501
2372
2248
2158
2065
1981
1954
1931
1942
1983
2073
2165
2268
2370
2418
2471
2499
2436
2227
1975
1581
1080
564
-61
-747
-1487
-2200
-2913
-3601
-4192
-4724
-5162
-5470
-5616
-5650
-5495
-5237
-4868
-4394
-3842
-3232
-2582
-1896
-1248
-621
-43
498
1002
1438
1821
2107
2313
2467
2576
2619
2621
2622
2556
2451
2362
2254
2129
2048
1986
1909
1901
1928
1939
1982
2082
2172
2267
2421
2498
2525
2563
2519
2347
2117
1758
1254
726
154
-519
-1238
-1964
-2707
-3408
-4010
-4577
-5034
-5349
-5514
-5574
-5451
-5224
-4884
-4424
-3894
-3276
-2630
-1950
-1269
-636
-25
538
1037
1462
1859
2172
2393
2551
2685
2750
2799
2805
2754
2661
2545
2446
2334
2251
2149
2051
1989
1945
1956
1971
2036
2113
2216
2350
2409
2434
2439
2425
2258
2041
1728
1276
759
178
-485
-1212
-1918
-2634
-3313
-3920
-4464
-4908
-5247
-5427
-5514
-5403
-5190
-4862
-4428
-3917
-3321
-2741
-2096
-1460
-828
-231
311
804
1240
1651
1955
2237
2426
2575
2662
2696
2711
2675
2590
2457
2376
2222
2106
2022
1928
1849
1845
1830
1838
1930
1998
2101
2234
2336
2369
2396
2391
2248
2027
1722
1266
744
202
-434
-1144
-1866
-2587
-3273
-3875
-4409
-4883
-5243
-5437
-5520
-5491
-5324
-5041
-4650
-4174
-3609
-3020
-2383
-1723
-1092
-468
101
640
1109
1543
1928
2227
2445
2590
2705
2749
2775
2751
2684
2582
2526
2401
2287
2218
2111
2039
2006
2004
2000
2050
2142
2241
2368
2495
2550
2583
2596
2499
2344
2083
1689
1184
643
28
-669
-1386
-2101
-2826
-3486
-4067
-4583
-4986
-5236
-5383
-5380
-5241
-5002
-4625
-4175
-3644
-3089
-2469
-1840
-1204
-596
-10
535
1005
1435
1808
2141
2371
2536
2650
2691
2753
2748
2708
2625
2565
2470
2329
2241
2107
2006
1947
1926
1910
1935
2022
2076
2198
2304
2347
2368
2363
2269
2076
1809
1403
902
372
-194
-904
-1639
-2375
-3085
-3750
-4350
-4865
-5271
-5533
-5662
-5672
-5515
-5270
-4890
-4431
-3896
-3316
-2706
-2065
-1432
-799
-224
344
865
1329
1754
2105
2368
2579
2754
2839
2914
2932
2884
2808
2707
2586
2439
2346
2229
2115
2056
2034
2000
2029
2109
2179
2295
2422
2522
2555
2587
2540
2372
2125
1770
1297
738
155
-529
-1255
-2001
-2738
-3412
-4008
-4519
-4968
-5277
-5445
-5495
-5387
-5174
-4831
-4393
-3886
-3316
-2705
-2057
-1423
-825
-268
260
770
1222
1638
1999
2274
2485
2652
2769
2855
2884
2861
2762
2672
2536
2407
2307
2208
2095
1986
1957
1933
1945
2010
2086
2173
2284
2373
2411
2437
2411
2292
2091
1766
1321
798
238
-425
-1148
-1904
-2634
-3328
-3974
-4537
-5013
-5365
-5547
-5619
-5532
-5335
-5030
-4611
-4105
-3547
-2960
-2331
-1695
-1075
-488
51
573
1039
1435
1790
2092
2324
2507
2650
2748
2822
2838
2796
2721
2635
2514
2390
2281
2161
2062
2032
2021
2005
2062
2148
2238
2361
2473
2540
2562
2562
2446
2272
1999
1580
1071
537
-85
-792
-1528
-2243
-2949
-3597
-4187
-4676
-5090
-5331
-5444
-5417
-5257
-5007
-4614
-4152
-3623
-3032
-2427
-1806
-1181
-594
-33
479
926
1337
1715
2014
2240
2411
2540
2605
2648
2646
2586
2504
2431
2320
2179
2062
1951
1844
1786
1753
1717
1768
1840
1959
2098
2227
2316
2365
2401
2320
2134
1898
1505
1005
490
-111
-811
-1532
-2235
-2949
-3614
-4196
-4682
-5074
-5310
-5419
-5403
-5260
-5003
-4630
-4166
-3613
-3009
-2390
-1752
-1138
-556
10
534
996
1409
1785
2121
2373
2591
2750
2839
2912
2924
2882
2791
2701
2583
2451
2327
2202
2105
2026
1997
1965
1980
2049
2133
2265
2392
2477
2524
2546
2499
2344
2103
1730
1247
708
109
-584
-1331
-2071
-2792
-3470
-4052
-4564
-5004
-5301
-5458
-5497
-5373
-5147
-4810
-4374
-3881
-3339
-2752
-2127
-1523
-942
-402
104
562
998
1377
1694
1949
2146
2328
2453
2545
2609
2604
2551
2490
2408
2296
2208
2127
2031
1977
1948
1931
1960
2012
2071
2185
2335
2410
2475
2525
2522
2380
2166
1815
1342
820
224
-481
-1226
-1950
-2679
-3341
-3949
-4463
-4882
-5183
-5334
-5388
-5284
-5082
-4756
-4316
-3810
-3269
-2672
-2038
-1437
-855
-311
215
708
1157
1521
1850
2122
2348
2532
2641
2717
2749
2731
2665
2585
2471
2341
2242
2137
2026
1945
1918
1914
1952
2027
2134
2259
2388
2499
2550
2588
2588
2457
2245
1930
1491
981
411
-249
-992
-1718
-2432
-3137
-3767
-4341
-4804
-5163
-5372
-5452
-5412
-5239
-4956
-4553
-4071
-3554
-2976
-2352
-1732
-1131
-557
-44
460
902
1299
1657
1932
2143
2304
2423
2507
2563
2562
2513
2429
2358
2261
2159
2064
1981
1923
1883
1881
1896
1983
2091
2203
2330
2441
2502
2543
2561
2449
2279
1981
1552
1060
507
-123
-841
-1590
-2313
-3018
-3648
-4194
-4657
-4997
-5196
-5287
-5230
-5048
-4777
-4381
-3922
-3387
-2820
-2206
-1604
-1047
-479
43
537
968
1369
1719
1990
2201
2387
2535
2622
2657
2635
2598
2515
2446
2315
2203
2104
1967
1866
1812
1798
1821
1873
1936
2028
2170
2294
2376
2444
2459
2377
2204
1939
1518
1031
493
-157
-882
-1594
-2306
-3023
-3631
-4203
-4683
-5036
-5262
-5347
-5303
-5129
-4861
-4473
-4014
-3487
-2948
-2351
-1758
-1181
-605
-95
401
828
1221
1575
1844
2061
2232
2358
2459
2529
2551
2518
2466
2391
2283
2175
2095
2010
1944
1911
1895
1902
1963
2035
2144
2282
2399
2475
2548
2570
2468
2297
2006
1585
1093
563
-88
-801
-1530
-2248
-2965
-3600
-4156
-4632
-4980
-5190
-5254
-5191
-5006
-4725
-4355
-3881
-3371
-2797
-2194
-1587
-1022
-482
10
469
914
1324
1683
1967
2204
2396
2512
2600
2665
2671
2640
2572
2471
2356
2244
2119
2011
1925
1868
1840
1871
1921
1978
2080
2195
2297
2362
2431
2403
2280
2097
1784
1354
859
331
-324
-1015
-1724
-2414
-3086
-3682
-4228
-4693
-5023
-5227
-5288
-5241
-5067
-4795
-4413
-3956
-3447
-2881
-2307
-1727
-1163
-592
-71
420
857
1255
1625
1909
2148
2334
2453
2534
2577
2574
2527
2435
2304
2193
2097
2001
1942
1903
1882
1870
1895
1957
2051
2187
2346
2462
2567
2638
2595
2476
2281
1925
1472
975
396
-269
-965
-1685
-2394
-3061
-3660
-4188
-4632
-4944
-5126
-5169
-5078
-4892
-4605
-4206
-3758
-3241
-2685
-2123
-1555
-1000
-440
73
554
979
1367
1705
1968
2193
2348
2439
2504
2531
2510
2442
2352
2233
2137
2033
1924
1839
1780
1730
1723
1779
1842
1946
2083
2213
2308
2376
2421
2374
2256
2048
1710
1278
798
226
-416
-1097
-1797
-2489
-3129
-3690
-4204
-4620
-4905
-5056
-5092
-4995
-4806
-4499
-4099
-3637
-3121
-2574
-1998
-1433
-845
-291
232
716
1157
1533
1863
2115
2310
2455
2524
2573
2552
2515
2447
2360
2243
2125
2011
1904
1804
1750
1726
1703
1777
1866
1988
2126
2253
2355
2435
2485
2416
2276
2056
1712
1253
746
147
-515
-1218
-1911
-2598
-3233
-3803
-4315
-4713
-4981
-5137
-5162
-5058
-4879
-4577
-4206
-3753
-3248
-2709
-2158
-1605
-1057
-532
-21
444
888
1259
1600
1865
2084
2259
2367
2437
2443
2405
2335
2253
2126
2033
1931
1843
1776
1745
1757
1797
1889
1999
2142
2321
2461
2581
2674
2704
2610
2472
2216
1838
1400
893
291
-395
-1093
-1800
-2478
-3089
-3637
-4106
-4478
-4714
-4848
-4845
-4734
-4530
-4209
-3810
-3352
-2844
-2287
-1734
-1165
-613
-77
440
887
1293
1640
1932
2139
2290
2397
2462
2485
2427
2336
2213
2066
1914
1797
1667
1549
1494
1451
1437
1470
1550
1621
1785
1949
2086
2201
2297
2316
2217
2065
1770
1360
904
378
-257
-907
-1560
-2239
-2896
-3485
-4025
-4479
-4811
-5012
-5087
-5034
-4893
-4622
-4280
-3860
-3385
-2871
-2301
-1741
-1192
-656
-132
390
860
1273
1625
1931
2158
2335
2443
2514
2524
2465
2394
2297
2164
2044
1946
1819
1735
1702
1688
1698
1761
1881
1984
2163
2335
2472
2591
2659
2614
2500
2284
1938
1504
1042
483
-177
-849
-1528
-2206
-2808
-3350
-3832
-4240
-4542
-4745
-4824
-4764
-4622
-4369
-4027
-3621
-3148
-2615
-2056
-1499
-944
-412
99
567
1014
1403
1724
1974
2182
2323
2406
2453
2431
2362
2258
2137
1985
1870
1744
1626
1556
1514
1496
1535
1604
1700
1825
1992
2135
2234
2335
2357
2282
2141
1898
1526
1100
629
50
-573
-1223
-1852
-2491
-3079
-3635
-4099
-4483
-4742
-4872
-4907
-4836
-4665
-4366
-4003
-3584
-3091
-2561
-2008
-1460
-892
-346
193
677
1136
1507
1813
2077
2269
2404
2487
2512
2471
2398
2273
2115
1959
1837
1710
1607
1556
1546
1588
1677
1817
1960
2105
2284
2423
2534
2617
2574
2475
2307
2004
1612
1168
657
67
-538
-1156
-1810
-2420
-2972
-3489
-3909
-4235
-4479
-4594
-4607
-4523
-4333
-4020
-3657
-3254
-2776
-2276
-1757
-1217
-686
-173
298
741
1117
1431
1704
1915
2061
2148
2180
2143
2061
1930
1777
1610
1483
1332
1206
1128
1096
1118
1214
1341
1467
1649
1858
2006
2125
2246
2282
2229
2111
1876
1530
1133
697
164
-396
-978
-1580
-2160
-2665
-3133
-3562
-3894
-4144
-4288
-4297
-4241
-4084
-3841
-3518
-3147
-2730
-2260
-1766
-1238
-700
-153
358
845
1282
1656
1970
2212
2382
2490
2543
2515
2447
2340
2201
2000
1814
1640
1463
1336
1269
1246
1270
1352
1461
1602
1785
1969
2124
2254
2368
2346
2269
2094
1798
1436
1036
563
-4
-582
-1178
-1779
-2320
-2790
-3258
-3643
-3940
-4171
-4310
-4350
-4282
-4132
-3898
-3578
-3210
-2757
-2273
-1802
-1292
-783
-264
232
684
1108
1459
1761
1979
2126
2208
2221
2168
2048
1920
1744
1556
1399
1245
1096
986
951
957
1005
1124
1262
1421
1618
1794
1940
2070
2149
2119
2042
1832
1507
1126
729
211
-339
-863
-1403
-1967
-2476
-2927
-3322
-3633
-3858
-4002
-4039
-4016
-3907
-3722
-3440
-3099
-2708
-2241
-1758
-1256
-743
-212
305
796
1260
1665
2030
2314
2524
2658
2713
2702
2596
2451
2288
2056
1832
1620
1430
1273
1152
1103
1088
1121
1236
1358
1513
1676
1808
1940
2024
2008
1895
1736
1462
1093
701
240
-302
-856
-1392
-1936
-2456
-2895
-3308
-3660
-3916
-4103
-4193
-4179
-4103
-3951
-3701
-3389
-3045
-2613
-2138
-1664
-1165
-659
-135
371
867
1291
1669
2011
2263
2463
2570
2608
2564
2452
2278
2063
1829
1624
1428
1248
1142
1062
1030
1050
1129
1242
1384
1558
1723
1854
1984
2038
1989
1895
1665
1367
1006
598
76
-467
-986
-1503
-1992
-2452
-2896
-3269
-3549
-3761
-3897
-3930
-3898
-3794
-3610
-3358
-3051
-2692
-2264
-1812
-1332
-845
-341
154
636
1084
1484
1843
2107
2340
2502
2585
2577
2509
2390
2194
1974
1727
1491
1278
1104
995
932
943
1020
1130
1243
1423
1608
1752
1882
1952
1937
1856
1693
1413
1080
709
210
-324
-844
-1375
-1890
-2339
-2747
-3123
-3401
-3617
-3778
-3842
-3829
-3761
-3600
-3394
-3130
-2816
-2432
-2023
-1583
-1107
-622
-132
354
825
1246
1636
1938
2198
2376
2493
2530
2466
2356
2200
1988
1748
1537
1314
1107
959
868
807
826
925
1040
1198
1391
1542
1690
1834
1856
1802
1694
1450
1111
769
356
-139
-634
-1094
-1570
-1992
-2348
-2686
-2954
-3136
-3268
-3338
-3321
-3274
-3159
-2994
-2782
-2521
-2198
-1838
-1449
-1028
-574
-132
324
769
1178
1569
1878
2137
2337
2470
2505
2476
2360
2205
2002
1747
1499
1242
1017
801
630
544
500
537
648
805
1004
1190
1335
1509
1593
1581
1490
1307
1035
698
339
-119
-591
-1051
-1522
-1960
-2312
-2625
-2914
-3115
-3242
-3314
-3309
-3260
-3159
-2994
-2770
-2519
-2229
-1912
-1561
-1178
-751
-325
97
534
945
1330
1681
1960
2207
2379
2484
2523
2466
2346
2179
1934
1716
1455
1202
1006
824
713
647
658
729
832
991
1157
1291
1433
1540
1545
1503
1340
1054
728
347
-105
-607
-1080
-1521
-1961
-2304
-2608
-2860
-3045
-3145
-3193
-3159
-3100
-2972
-2798
-2580
-2345
-2093
-1794
-1476
-1134
-751
-350
76
507
915
1311
1675
1992
2257
2454
2588
2640
2618
2511
2360
2147
1914
1668
1410
1164
965
808
682
622
635
693
835
982
1091
1221
1337
1353
1313
1203
961
651
316
-89
-577
-1056
-1501
-1937
-2286
-2591
-2882
-3094
-3195
-3240
-3226
-3150
-3042
-2879
-2691
-2466
-2192
-1886
-1547
-1214
-861
-483
-87
327
738
1123
1494
1817
2088
2325
2500
2595
2616
2567
2466
2296
2089
1840
1592
1334
1103
918
786
700
687
710
801
936
1045
1156
1267
1288
1243
1147
929
613
276
-101
-550
-981
-1393
-1820
-2192
-2498
-2771
-2989
-3119
-3203
-3185
-3102
-2966
-2786
-2562
-2318
-2072
-1781
-1475
-1150
-830
-471
-119
238
590
925
1258
1564
1832
2053
2214
2353
2406
2386
2328
2192
1998
1778
1544
1296
1068
880
721
619
581
584
646
778
916
1036
1159
1216
1213
1157
988
727
465
139
-290
-729
-1129
-1557
-1948
-2253
-2531
-2730
-2857
-2912
-2895
-2825
-2685
-2514
-2288
-2026
-1788
-1505
-1216
-945
-662
-368
-68
249
575
906
1210
1491
1735
1944
2130
2265
2325
2342
2281
2168
1985
1790
1580
1334
1119
909
725
587
540
524
571
677
786
876
984
1059
1038
1016
910
688
432
118
-279
-704
-1126
-1532
-1935
-2258
-2519
-2728
-2872
-2931
-2916
-2814
-2700
-2549
-2361
-2142
-1898
-1654
-1379
-1120
-848
-551
-260
49
351
656
942
1212
1462
1685
1845
1995
2110
2154
2136
2087
1954
1784
1587
1352
1124
915
735
583
515
500
502
594
697
797
906
966
962
937
850
626
350
70
-301
-727
-1125
-1515
-1911
-2212
-2443
-2612
-2727
-2783
-2771
-2658
-2494
-2290
-2036
-1760
-1472
-1184
-892
-610
-320
-42
229
481
754
1040
1282
1524
1757
1943
2085
2201
2275
2290
2284
2228
2104
1951
1775
1543
1304
1079
878
718
574
476
416
450
518
567
660
712
696
648
518
313
37
-247
-603
-1003
-1399
-1788
-2136
-2452
-2707
-2921
-3044
-3075
-3036
-2906
-2723
-2495
-2253
-1968
-1691
-1410
-1109
-819
-540
-277
-9
259
528
782
1032
1273
1494
1703
1874
2021
2143
2200
2227
2209
2114
1987
1835
1632
1437
1242
1050
883
754
675
607
624
657
696
757
827
816
760
665
454
188
-97
-439
-833
-1224
-1597
-1981
-2275
-2526
-2742
-2853
-2882
-2842
-2733
-2548
-2332
-2072
-1797
-1498
-1207
-886
-580
-301
-7
275
524
770
991
1202
1419
1597
1773
1924
2061
2180
2223
2267
2238
2155
2037
1897
1739
1524
1320
1128
950
800
698
599
582
595
608
624
647
609
513
415
202
-80
-348
-680
-1077
-1480
-1869
-2255
-2575
-2824
-3035
-3159
-3192
-3150
-3034
-2849
-2624
-2349
-2033
-1714
-1406
-1076
-764
-448
-135
156
399
636
868
1054
1243
1421
1564
1706
1833
1951
2009
2053
2065
2029
1954
1856
1721
1556
1395
1241
1081
946
870
788
758
792
809
829
874
854
774
684
516
254
-23
-322
-705
-1091
-1457
-1828
-2146
-2388
-2593
-2731
-2767
-2744
-2652
-2485
-2281
-2029
-1739
-1426
-1141
-809
-478
-177
107
384
641
843
1034
1194
1334
1476
1586
1674
1749
1823
1851
1860
1855
1805
1695
1593
1478
1316
1182
1049
900
753
646
554
486
469
444
436
455
424
330
209
33
-233
-502
-782
-1122
-1494
-1830
-2160
-2474
-2688
-2862
-2963
-3008
-2990
-2893
-2720
-2495
-2238
-1917
-1562
-1179
-805
-445
-109
200
495
740
983
1209
1409
1567
1721
1840
1911
1977
2015
2037
2025
2020
1985
1915
1847
1766
1641
1519
1404
1255
1133
1041
961
904
876
843
791
764
716
619
499
309
34
-275
-583
-944
-1340
-1709
-2053
-2394
-2645
-2858
-3012
-3073
-3058
-2983
-2807
-2586
-2311
-1999
-1651
-1300
-950
-590
-265
40
332
591
822
1035
1211
1369
1492
1588
1667
1715
1763
1771
1743
1731
1719
1659
1585
1519
1416
1301
1185
1070
932
849
802
746
729
710
663
635
603
461
294
101
-170
-487
-798
-1158
-1555
-1909
-2245
-2565
-2793
-2960
-3073
-3108
-3054
-2943
-2780
-2526
-2242
-1940
-1599
-1247
-871
-485
-112
246
581
880
1157
1395
1599
1758
1894
2012
2071
2101
2112
2105
2065
2043
2037
1958
1894
1830
1722
1612
1494
1380
1255
1164
1092
1013
973
912
850
775
707
550
340
143
-132
-468
-805
-1163
-1558
-1922
-2259
-2577
-2822
-3010
-3152
-3207
-3176
-3098
-2946
-2725
-2445
-2130
-1793
-1435
-1071
-684
-311
27
345
643
900
1131
1326
1493
1626
1738
1805
1837
1861
1877
1849
1814
1770
1697
1632
1584
1520
1430
1330
1252
1178
1089
1044
980
951
929
867
784
708
585
397
184
-82
-415
-762
-1110
-1500
-1885
-2224
-2532
-2795
-2963
-3107
-3190
-3171
-3081
-2918
-2689
-2442
-2138
-1814
-1459
-1095
-712
-332
20
358
682
962
1213
1437
1618
1757
1859
1920
1973
2000
2000
1987
1929
1883
1817
1723
1637
1564
1494
1421
1357
1297
1228
1180
1131
1079
1069
1043
1000
931
845
661
439
179
-156
-523
-873
-1254
-1672
-2053
-2381
-2669
-2885
-3027
-3113
-3123
-3051
-2924
-2743
-2509
-2236
-1944
-1625
-1299
-958
-613
-273
64
387
691
953
1186
1387
1540
1661
1732
1775
1787
1769
1753
1719
1672
1629
1577
1489
1387
1313
1231
1158
1118
1058
1015
1009
989
970
961
929
863
776
630
422
182
-111
-470
-807
-1149
-1530
-1905
-2235
-2542
-2780
-2936
-3040
-3066
-3024
-2909
-2740
-2517
-2277
-2000
-1692
-1362
-994
-630
-263
91
441
778
1066
1332
1528
1703
1848
1949
2005
2038
2039
2019
1994
1920
1848
1778
1700
1610
1534
1453
1377
1307
1258
1197
1145
1123
1065
1042
1008
934
849
730
531
273
-23
-374
-747
-1100
-1473
-1876
-2224
-2512
-2793
-2981
-3085
-3138
-3134
-3058
-2920
-2732
-2490
-2224
-1921
-1597
-1243
-892
-524
-156
177
486
769
1047
1269
1447
1586
1675
1751
1785
1804
1798
1772
1722
1647
1579
1496
1407
1337
1264
1209
1158
1111
1087
1050
1024
1002
982
965
934
878
817
685
498
272
-17
-378
-742
-1083
-1458
-1812
-2115
-2385
-2615
-2754
-2851
-2885
-2859
-2758
-2592
-2387
-2157
-1896
-1619
-1308
-981
-644
-291
47
378
688
980
1229
1438
1625
1757
1845
1884
1911
1897
1848
1786
1720
1652
1564
1467
1384
1312
1229
1170
1118
1060
1024
990
964
950
923
884
841
735
613
456
246
-14
-331
-678
-1015
-1356
-1716
-2053
-2331
-2553
-2733
-2851
-2919
-2931
-2889
-2764
-2599
-2390
-2160
-1889
-1608
-1284
-957
-626
-279
48
360
640
904
1138
1346
1524
1677
1772
1820
1835
1839
1819
1776
1738
1672
1612
1546
1485
1425
1364
1314
1265
1229
1195
1173
1147
1118
1091
1061
974
864
735
558
322
44
-269
-618
-958
-1298
-1620
-1931
-2185
-2416
-2586
-2693
-2747
-2737
-2681
-2566
-2427
-2232
-2017
-1772
-1495
-1211
-921
-616
-307
-25
257
525
776
992
1182
1330
1457
1540
1575
1603
1611
1591
1544
1516
1471
1420
1354
1313
1257
1206
1170
1124
1094
1069
1047
1015
963
917
854
732
613
482
301
85
-186
-456
-746
-1021
-1300
-1582
-1852
-2084
-2285
-2430
-2500
-2551
-2515
-2445
-2330
-2171
-1967
-1755
-1517
-1240
-967
-679
-374
-70
230
530
792
1049
1290
1455
1607
1715
1781
1805
1811
1805
1761
1697
1637
1564
1507
1453
1388
1326
1273
1218
1168
1123
1083
1017
947
873
813
705
600
471
302
84
-170
-442
-732
-1027
-1300
-1558
-1809
-2032
-2224
-2376
-2483
-2543
-2556
-2553
-2506
-2417
-2284
-2114
-1920
-1679
-1435
-1162
-889
-610
-327
-36
253
500
744
958
1142
1288
1391
1478
1539
1581
1601
1600
1585
1575
1538
1497
1472
1437
1408
1375
1337
1287
1235
1195
1118
1052
973
864
744
622
470
325
156
-26
-253
-468
-709
-944
-1165
-1381
-1602
-1777
-1912
-2040
-2119
-2165
-2186
-2164
-2095
-2004
-1867
-1702
-1487
-1267
-1020
-774
-507
-219
61
329
578
804
994
1165
1311
1431
1544
1608
1650
1684
1709
1702
1699
1678
1634
1583
1527
1458
1410
1354
1281
1197
1108
992
876
735
590
460
319
159
18
-134
-336
-530
-733
-949
-1146
-1332
-1513
-1698
-1868
-2021
-2154
-2249
-2302
-2320
-2325
-2294
-2231
-2120
-1992
-1824
-1625
-1397
-1133
-860
-570
-286
-12
260
490
732
926
1095
1264
1414
1517
1609
1677
1719
1736
1737
1710
1683
1638
1585
1511
1416
1325
1224
1136
1043
926
823
704
571
452
312
175
58
-72
-231
-391
-541
-717
-863
-1012
-1160
-1305
-1457
-1584
-1683
-1764
-1819
-1835
-1837
-1808
-1744
-1636
-1500
-1327
-1129
-937
-716
-477
-226
34
264
492
702
904
1092
1258
1416
1560
1659
1745
1805
1849
1862
1862
1802
1743
1671
1589
1496
1369
1247
1092
950
809
656
505
342
177
32
-121
-240
-378
-490
-608
-742
-864
-980
-1098
-1211
-1303
-1415
-1527
-1634
-1736
-1826
-1902
-1974
-2038
-2067
-2065
-2020
-1944
-1830
-1664
-1482
-1238
-990
-735
-462
-183
99
365
608
847
1071
1281
1471
1625
1746
1864
1936
2004
2035
2029
2007
1985
1911
1820
1713
1585
1410
1239
1072
879
693
514
357
194
64
-69
-171
-264
-306
-378
-451
-506
-596
-673
-781
-890
-1029
-1177
-1305
-1440
-1580
-1695
-1785
-1856
-1896
-1908
-1857
-1783
-1641
-1484
-1308
-1084
-855
-610
-352
-106
130
369
605
838
1034
1228
1397
1543
1678
1783
1860
1897
1916
1893
1828
1732
1589
1430
1245
1040
830
618
398
193
2
-191
-345
-470
-541
-589
-603
-611
-600
-595
-611
-613
-649
-692
-745
-819
-942
-1069
-1170
-1292
-1406
-1503
-1578
-1637
-1651
-1633
-1581
-1493
-1362
-1190
-1011
-793
-546
-298
-46
213
475
718
963
1197
1417
1604
1779
1945
2059
2155
2201
2201
2166
2083
1988
1838
1662
1468
1241
1026
809
580
358
166
-30
-212
-353
-461
-537
-581
-580
-551
-500
-481
-458
-459
-496
-547
-596
-688
-826
-980
-1139
-1324
-1495
-1645
-1774
-1856
-1906
-1913
-1877
-1802
-1663
-1517
-1329
-1097
-845
-581
-306
-10
265
544
813
1069
1313
1526
1718
1869
2000
2072
2083
2071
2016
1911
1777
1617
1411
1181
948
692
427
188
-46
-240
-400
-508
-587
-629
-636
-617
-558
-476
-400
-334
-283
-284
-332
-382
-463
-599
-769
-935
-1118
-1298
-1451
-1587
-1707
-1769
-1784
-1763
-1688
-1594
-1447
-1284
-1059
-803
-549
-276
18
315
621
941
1229
1482
1709
1917
2081
2208
2288
2309
2283
2215
2091
1932
1729
1506
1250
977
695
409
161
-74
-254
-396
-508
-587
-638
-638
-618
-553
-477
-380
-296
-238
-206
-224
-278
-360
-472
-623
-798
-963
-1139
-1301
-1448
-1575
-1684
-1739
-1755
-1713
-1653
-1538
-1392
-1209
-968
-728
-453
-158
148
445
753
1055
1318
1560
1763
1922
2024
2087
2110
2066
1989
1866
1689
1498
1249
994
730
451
201
-62
-288
-471
-610
-707
-742
-734
-714
-648
-561
-446
-334
-222
-146
-99
-91
-137
-197
-302
-424
-595
-770
-939
-1096
-1234
-1363
-1468
-1550
-1578
-1570
-1540
-1450
-1311
-1135
-920
-669
-409
-123
178
468
769
1056
1345
1593
1811
1983
2102
2172
2200
2175
2099
1967
1774
1539
1270
993
692
388
87
-182
-429
-622
-746
-834
-857
-835
-769
-671
-548
-408
-276
-148
-48
-6
-6
-41
-117
-203
-347
-514
-683
-860
-1013
-1158
-1297
-1405
-1492
-1524
-1532
-1506
-1459
-1357
-1208
-1024
-798
-547
-240
44
348
655
942
1224
1490
1713
1884
2008
2063
2079
2042
1936
1792
1596
1368
1099
823
531
243
-23
-250
-441
-578
-677
-722
-704
-672
-603
-493
-376
-239
-114
-26
32
58
47
1
-82
-200
-381
-533
-692
-877
-1022
-1175
-1315
-1430
-1501
-1528
-1519
-1472
-1385
-1279
-1125
-929
-715
-461
-180
110
413
715
995
1254
1487
1681
1817
1916
1956
1945
1897
1785
1625
1422
1185
935
678
411
151
-82
-278
-434
-559
-644
-673
-669
-627
-549
-435
-319
-194
-67
15
75
79
47
-5
-72
-211
-362
-496
-643
-805
-928
-1049
-1158
-1238
-1283
-1300
-1274
-1217
-1142
-1022
-875
-717
-523
-285
-19
252
504
760
1019
1263
1477
1650
1769
1828
1840
1791
1703
1556
1385
1182
948
707
437
171
-65
-276
-456
-586
-689
-726
-711
-652
-577
-470
-342
-240
-122
-28
51
91
87
74
-1
-111
-265
-424
-574
-739
-879
-987
-1081
-1154
-1217
-1263
-1267
-1239
-1174
-1074
-947
-794
-612
-388
-157
81
323
572
825
1076
1283
1441
1551
1627
1662
1664
1616
1519
1373
1200
983
745
511
263
11
-210
-405
-556
-654
-718
-746
-726
-648
-550
-454
-322
-193
-86
-19
30
45
27
-13
-68
-159
-287
-407
-524
-641
-761
-863
-964
-1061
-1109
-1133
-1127
-1083
-1000
-885
-742
-579
-386
-182
28
258
494
740
985
1185
1380
1553
1656
1725
1740
1721
1662
1550
1418
1234
1015
797
575
364
149
-49
-232
-370
-464
-520
-530
-508
-451
-374
-286
-195
-96
-5
61
95
78
41
-23
-96
-230
-375
-520
-670
-813
-955
-1058
-1143
-1226
-1262
-1281
-1277
-1226
-1168
-1079
-947
-770
-602
-412
-192
19
235
450
655
853
1011
1151
1240
1296
1298
1254
1184
1077
932
759
585
404
236
68
-85
-222
-352
-442
-492
-503
-487
-419
-342
-234
-99
21
152
247
308
333
328
310
259
188
78
-59
-198
-336
-474
-603
-710
-822
-891
-938
-958
-938
-898
-833
-738
-611
-484
-310
-123
63
250
441
623
785
926
1051
1155
1207
1220
1209
1165
1070
961
838
696
522
353
196
35
-101
-202
-292
-352
-384
-378
-344
-300
-228
-145
-58
39
118
185
222
244
226
192
132
33
-75
-196
-312
-451
-572
-687
-786
-871
-927
-967
-989
-979
-936
-879
-780
-653
-521
-362
-204
-19
137
305
480
622
735
831
910
942
963
946
892
806
695
556
412
268
126
-19
-156
-264
-364
-439
-459
-441
-394
-320
-241
-145
-41
58
154
224
286
316
321
294
227
149
67
-11
-112
-220
-315
-406
-489
-569
-637
-673
-702
-714
-700
-661
-599
-519
-417
-293
-147
6
171
334
483
627
740
838
917
947
957
915
841
756
650
529
404
250
99
-23
-137
-218
-305
-346
-367
-348
-306
-249
-169
-74
22
111
185
222
249
271
256
220
160
71
-15
-114
-220
-327
-448
-551
-650
-739
-802
-852
-875
-875
-859
-830
-784
-720
-617
-517
-384
-216
-58
118
286
438
572
691
777
818
829
827
793
729
643
554
451
319
171
32
-88
-190
-258
-299
-323
-304
-248
-164
-59
37
158
260
347
410
442
470
472
460
417
357
299
237
168
89
-4
-97
-193
-294
-367
-425
-478
-523
-562
-571
-576
-549
-491
-422
-326
-207
-71
47
181
297
405
503
558
600
617
600
550
474
393
299
189
69
-31
-131
-219
-288
-339
-376
-379
-374
-336
-281
-220
-167
-97
-40
0
61
107
133
127
130
112
77
53
-3
-61
-128
-192
-260
-338
-377
-431
-492
-545
-578
-593
-613
-618
-588
-549
-483
-408
-329
-219
-83
50
174
289
383
456
521
584
598
579
565
519
469
415
351
274
197
131
66
32
18
-5
-23
-7
20
86
155
219
270
306
353
393
423
426
422
396
363
332
284
232
202
136
49
-14
-83
-144
-210
-277
-344
-391
-426
-443
-475
-469
-453
-446
-403
-328
-249
-162
-77
12
96
168
211
243
280
297
291
256
207
139
70
2
-71
-139
-207
-263
-318
-356
-351
-344
-312
-285
-233
-188
-132
-82
-28
10
40
60
61
49
28
22
2
-15
-41
-40
-62
-80
-100
-128
-154
-190
-207
-224
-235
-219
-199
-185
-162
-115
-79
-23
47
116
183
246
321
385
453
494
539
561
538
515
479
418
346
266
176
92
4
-77
-150
-211
-236
-252
-247
-236
-196
-159
-112
-60
-5
37
87
132
138
147
147
130
112
101
79
48
9
-25
-45
-74
-108
-127
-141
-175
-201
-203
-215
-217
-208
-200
-166
-133
-89
-36
18
63
113
156
200
226
245
248
228
200
161
104
37
-28
-84
-156
-195
-242
-278
-295
-316
-322
-327
-300
-271
-222
-193
-143
-87
-38
17
65
107
139
160
186
199
192
180
173
150
130
135
129
120
100
80
44
21
-4
-15
-18
-33
-40
-38
-24
-17
0
19
51
77
92
105
115
131
144
137
109
78
28
-20
-64
-101
-147
-199
-249
-298
-321
-356
-369
-361
-353
-308
-246
-183
-111
-47
22
83
125
168
200
232
241
240
248
232
238
219
206
183
152
137
114
100
85
83
87
79
56
52
52
47
29
28
26
30
30
27
25
41
67
68
78
78
67
62
27
-12
-53
-90
-141
-198
-254
-301
-344
-388
-419
-437
-426
-400
-345
-283
-208
-143
-86
-16
64
139
195
256
298
328
350
366
383
382
373
362
359
339
320
306
287
271
254
246
235
214
181
143
99
65
26
-19
-65
-112
-147
-183
-214
-224
-226
-238
-256
-269
-281
-319
-354
-398
-442
-487
-530
-569
-596
-616
-625
-618
-618
-591
-550
-491
-414
-312
-223
-136
-31
74
165
247
337
410
462
501
540
561
585
597
616
623
623
627
631
620
588
555
532
496
453
408
346
286
239
191
123
72
29
-3
-33
-83
-116
-131
-166
-209
-242
-285
-317
-356
-400
-459
-513
-565
-619
-647
-684
-701
-697
-665
-645
-607
-556
-487
-407
-297
-183
-82
14
103
188
268
339
405
475
518
556
578
617
633
636
649
645
651
623
598
559
511
475
413
355
287
225
152
72
17
-49
-98
-139
-197
-241
-272
-314
-354
-391
-419
-450
-470
-509
-537
-564
-608
-628
-655
-692
-715
-738
-754
-738
-704
-649
-591
-515
-423
-330
-225
-121
-30
67
159
253
340
407
467
533
592
648
689
715
735
755
771
766
773
765
742
710
671
620
568
501
418
338
246
161
93
40
-25
-80
-116
-155
-190
-237
-281
-301
-336
-366
-403
-446
-478
-503
-536
-569
-601
-636
-652
-647
-638
-621
-570
-511
-445
-361
-269
-172
-89
-1
92
186
268
360
438
506
568
606
639
677
706
730
749
740
720
686
642
589
527
466
404
310
216
125
21
-68
-162
-246
-315
-377
-422
-469
-521
-557
-582
-627
-644
-669
-677
-685
-712
-736
-760
-788
-806
-813
-817
-800
-773
-733
-694
-634
-561
-482
-401
-290
-181
-67
46
163
271
373
490
587
697
781
834
889
945
975
1009
1033
1047
1046
1030
1010
963
927
872
795
705
622
528
423
309
203
107
7
-91
-178
-249
-317
-371
-414
-450
-481
-510
-530
-548
-569
-597
-629
-653
-685
-707
-714
-714
-695
-671
-649
-606
-531
-455
-376
-283
-192
-117
-19
75
168
248
318
394
464
544
593
646
706
759
770
795
807
802
780
746
712
658
613
529
439
324
216
101
-20
-125
-236
-324
-391
-445
-495
-539
-567
-589
-611
-631
-654
-669
-686
-694
-705
-714
-728
-739
-750
-778
-774
-741
-706
-666
-586
-499
-408
-297
-194
-106
-19
62
138
221
310
414
498
590
680
769
820
860
918
961
984
1008
1013
978
955
919
871
796
730
639
519
404
276
161
36
-79
-178
-257
-343
-411
-471
-530
-561
-600
-622
-621
-635
-644
-650
-657
-666
-686
-703
-717
-728
-726
-711
-680
-637
-581
-507
-433
-360
-279
-179
-78
9
106
212
319
414
493
553
624
692
740
778
826
860
856
862
851
825
801
748
692
637
563
476
400
303
187
75
-24
-113
-211
-296
-369
-432
-477
-526
-543
-556
-593
-612
-632
-638
-642
-650
-645
-651
-661
-645
-636
-618
-602
-577
-518
-455
-386
-308
-215
-116
-29
63
169
255
337
411
508
583
658
722
766
823
859
895
907
912
912
893
843
800
761
693
614
527
443
339
236
121
3
-93
-201
-288
-351
-394
-435
-471
-493
-522
-548
-577
-605
-621
-627
-642
-661
-694
-699
-711
-740
-739
-733
-716
-706
-663
-606
-529
-443
-362
-275
-203
-141
-73
10
108
187
255
337
404
465
504
543
577
602
624
628
641
647
632
599
559
523
466
416
354
282
202
101
15
-75
-147
-214
-255
-291
-317
-337
-356
-354
-362
-374
-389
-410
-416
-423
-412
-409
-403
-405
-398
-389
-381
-351
-320
-275
-242
-187
-115
-17
74
168
261
343
428
502
583
646
709
762
788
810
843
856
867
866
858
840
803
748
694
647
587
525
451
367
282
177
73
-22
-103
-207
-310
-390
-447
-493
-546
-578
-602
-645
-674
-704
-733
-747
-775
-796
-808
-804
-801
-795
-773
-753
-738
-701
-657
-595
-529
-450
-359
-267
-177
-87
-3
89
175
257
338
397
435
484
533
554
587
610
619
624
612
610
578
541
501
452
391
328
269
183
119
68
1
-66
-109
-173
-216
-245
-261
-289
-302
-308
-332
-344
-359
-352
-358
-369
-375
-386
-390
-392
-389
-381
-382
-365
-321
-266
-210
-148
-76
-2
67
143
224
302
381
439
497
546
574
627
656
668
676
680
686
681
669
654
625
586
536
497
438
365
279
176
72
-19
-116
-210
-290
-370
-422
-467
-504
-516
-520
-518
-512
-512
-514
-524
-548
-552
-571
-573
-569
-574
-564
-560
-543
-520
-484
-432
-379
-315
-243
-171
-101
-30
59
131
210
282
357
422
480
527
576
610
623
644
650
658
653
634
586
554
536
495
463
412
352
302
239
175
120
68
7
-57
-115
-168
-224
-247
-271
-294
-321
-349
-373
-405
-437
-461
-483
-484
-488
-491
-485
-478
-487
-486
-460
-436
-403
-361
-303
-235
-163
-105
-16
88
160
216
285
338
380
398
419
435
440
458
464
493
472
460
441
410
381
347
320
265
206
145
83
13
-50
-108
-176
-248
-304
-337
-361
-387
-395
-418
-436
-435
-443
-445
-441
-443
-435
-430
-408
-395
-380
-362
-350
-331
-319
-277
-236
-178
-125
-74
7
82
152
228
297
369
427
491
557
604
639
662
679
681
669
662
654
634
627
603
581
544
500
462
406
352
289
227
160
89
21
-50
-115
-191
-253
-304
-349
-369
-393
-421
-434
-457
-492
-506
-522
-534
-526
-538
-560
-568
-586
-594
-570
-551
-529
-493
-449
-385
-327
-258
-188
-110
-18
59
118
187
238
283
330
362
394
421
441
438
441
431
426
434
437
428
433
427
409
351
291
240
191
135
80
34
-23
-61
-126
-174
-217
-260
-263
-269
-265
-256
-255
-262
-253
-245
-254
-254
-263
-282
-303
-320
-327
-318
-300
-277
-254
-218
-189
-133
-61
17
92
167
238
291
352
375
411
441
466
517
533
541
551
550
547
529
519
493
464
431
383
328
259
205
130
71
19
-75
-162
-225
-306
-370
-404
-443
-456
-470
-486
-487
-497
-497
-493
-495
-503
-514
-518
-533
-522
-507
-487
-466
-432
-401
-374
-343
-307
-256
-194
-136
-55
26
89
149
214
279
332
385
417
440
463
485
511
525
521
508
485
470
456
436
421
399
371
325
273
213
152
95
56
-19
-72
-127
-181
-193
-200
-225
-223
-216
-228
-218
-236
-249
-248
-242
-245
-255
-273
-279
-275
-286
-272
-244
-225
-181
-133
-109
-71
-27
30
85
133
175
223
277
317
354
397
420
445
455
447
455
440
433
409
383
348
300
269
253
211
148
109
63
8
-42
-99
-149
-197
-234
-285
-335
-389
-429
-443
-455
-461
-448
-441
-441
-429
-438
-434
-437
-445
-459
-446
-436
-427
-412
-385
-369
-342
-305
-275
-215
-153
-86
-11
61
131
188
236
297
330
351
375
395
412
420
423
441
453
455
460
437
417
399
380
359
337
309
262
206
156
108
60
29
-4
-30
-50
-72
-97
-117
-128
-140
-130
-119
-133
-146
-159
-160
-147
-156
-151
-126
-120
-130
-139
-134
-139
-137
-115
-96
-59
-15
6
50
80
112
126
137
150
169
194
199
221
222
228
231
225
222
196
152
91
36
0
-34
-57
-75
-94
-102
-114
-129
-133
-142
-158
-177
-185
-206
-227
-228
-249
-249
-260
-272
-260
-260
-251
-236
-234
-227
-219
-234
-250
-240
-220
-208
-187
-162
-136
-121
-93
-59
-13
22
53
114
148
204
250
289
329
372
396
421
434
421
418
413
412
388
372
367
345
339
300
260
219
181
157
116
88
62
39
11
-20
-57
-77
-100
-140
-172
-200
-230
-246
-268
-283
-306
-322
-322
-311
-293
-274
-254
-258
-273
-286
-292
-296
-305
-299
-273
-258
-211
-145
-100
-45
8
46
80
122
166
176
197
218
244
275
283
273
253
243
238
217
208
193
197
186
161
145
135
125
103
68
36
28
-6
-35
-66
-92
-109
-111
-116
-136
-138
-141
-163
-156
-151
-147
-138
-145
-132
-114
-109
-113
-108
-105
-99
-93
-75
-69
-55
-40
-33
-8
28
64
102
130
162
191
218
245
259
258
264
276
279
280
271
267
261
246
234
229
233
203
178
151
97
42
6
-42
-102
-142
-169
-195
-235
-266
-275
-289
-296
-287
-285
-293
-285
-307
-313
-299
-300
-304
-281
-260
-247
-226
-210
-204
-180
-155
-131
-85
-54
-12
14
59
94
118
144
150
164
185
217
239
266
272
261
243
232
216
208
180
165
161
145
142
108
85
59
44
12
-21
-57
-97
-130
-151
-153
-181
-196
-206
-234
-249
-257
-272
-274
-275
-279
-263
-241
-230
-198
-156
-133
-94
-63
-43
-7
14
45
61
86
124
157
181
212
242
273
313
348
389
418
445
462
458
446
423
404
377
361
320
289
281
250
231
219
200
182
161
115
66
23
-23
-70
-109
-152
-189
-219
-239
-249
-273
-287
-303
-337
-344
-351
-358
-366
-372
-362
-359
-336
-315
-284
-260
-238
-229
-239
-234
-213
-197
-192
-171
-139
-99
-62
-36
-6
15
44
63
79
117
144
154
175
170
145
145
140
140
139
134
141
129
117
99
80
64
36
23
10
-16
-52
-63
-70
-79
-80
-81
-68
-64
-51
-39
-26
-3
-5
-20
-13
-8
-11
-8
1
4
4
-6
8
34
48
73
97
120
129
123
118
123
145
155
167
172
178
196
208
207
218
210
202
203
188
159
133
122
90
77
81
71
59
33
8
-20
-48
-86
-109
-139
-177
-202
-222
-234
-258
-256
-230
-224
-224
-229
-231
-235
-243
-237
-232
-224
-205
-181
-147
-116
-72
-38
-17
11
36
38
35
36
48
55
63
84
102
134
152
184
214
243
245
226
214
200
178
166
172
168
162
143
124
104
91
82
70
48
24
-3
-42
-52
-79
-91
-109
-126
-123
-126
-131
-132
-141
-149
-150
-162
-181
-195
-196
-186
-163
-145
-130
-91
-68
-64
-49
-41
-31
-13
3
19
41
46
72
87
94
125
140
139
134
138
134
135
153
143
128
126
115
86
65
45
11
-10
-28
-36
-58
-77
-95
-117
-145
-150
-166
-197
-196
-213
-241
-239
-221
-212
-207
-194
-189
-195
-190
-177
-152
-133
-101
-79
-51
-29
-8
20
33
59
78
97
87
94
118
149
173
196
230
236
253
264
284
307
341
339
339
317
307
291
273
267
240
210
207
211
188
171
157
127
79
40
5
-25
-51
-74
-77
-90
-108
-130
-141
-163
-195
-219
-250
-271
-284
-279
-248
-225
-202
-173
-152
-134
-122
-97
-90
-66
-53
-49
-42
-36
-23
-14
4
25
33
50
66
61
75
99
113
123
109
106
104
87
78
52
32
32
11
-3
-17
-49
-62
-85
-107
-135
-168
-181
-190
-222
-248
-256
-244
-243
-251
-248
-232
-220
-208
-194
-184
-178
-160
-130
-103
-97
-89
-70
-36
8
52
94
120
148
174
181
202
228
229
239
250
254
272
279
306
324
336
344
360
367
351
329
305
290
253
224
188
172
158
134
108
94
68
33
7
-25
-69
-124
-168
-189
-200
-214
-234
-244
-233
-248
-271
-273
-265
-253
-243
-226
-206
-191
-193
-195
-191
-181
-153
-116
-89
-52
-28
-16
14
39
55
57
49
52
57
64
65
67
83
90
90
97
100
90
80
71
58
34
21
14
7
7
11
20
24
18
23
13
-5
-23
-51
-66
-71
-79
-82
-106
-125
-114
-130
-135
-137
-127
-115
-104
-86
-79
-53
-44
-16
9
26
53
77
106
111
123
146
163
171
174
190
186
188
195
204
217
210
209
209
200
190
171
172
169
167
174
161
148
124
106
92
80
46
16
-10
-30
-53
-85
-105
-134
-159
-187
-208
-235
-241
-255
-261
-274
-290
-283
-281
-269
-261
-257
-255
-225
-220
-202
-173
-160
-135
-116
-98
-72
-49
-42
-32
-22
-9
9
15
39
69
105
104
91
84
88
85
81
84
76
81
88
102
83
84
85
76
71
65
60
64
57
42
36
18
26
40
40
31
13
9
1
-3
-7
-10
-15
-15
-9
-12
-17
-7
7
26
43
54
49
63
80
81
82
98
91
78
76
69
78
78
95
112
106
107
117
115
118
110
92
89
82
80
79
71
51
48
36
6
-7
-25
-34
-51
-72
-86
-93
-104
-118
-114
-128
-137
-157
-173
-185
-208
-208
-222
-233
-240
-251
-244
-228
-238
-226
-196
-176
-157
-113
-87
-57
-17
-9
12
34
53
75
94
94
108
112
118
141
147
163
175
215
233
237
233
215
215
214
199
183
153
124
103
69
49
28
19
20
13
-2
-26
-55
-70
-81
-111
-106
-114
-135
-133
-132
-139
-154
-157
-152
-147
-155
-156
-151
-145
-138
-103
-73
-36
-9
1
23
22
18
33
37
24
26
33
30
35
39
65
87
101
125
132
127
123
132
133
127
117
116
118
96
77
82
77
70
71
63
46
29
-4
-19
-38
-46
-53
-63
-66
-74
-70
-67
-79
-98
-96
-96
-105
-130
-125
-130
-144
-131
-134
-131
-117
-106
-82
-69
-54
-40
-34
-16
-1
1
12
26
39
65
66
86
106
111
113
111
119
128
131
123
105
93
75
66
62
61
42
50
57
52
49
41
40
37
34
18
15
-8
-31
-38
-53
-62
-55
-69
-86
-97
-103
-100
-85
-80
-84
-83
-85
-86
-99
-85
-74
-64
-44
-27
-3
12
40
59
94
114
122
146
146
156
164
152
151
142
126
117
104
93
85
68
60
63
61
64
45
36
16
-13
-27
-37
-51
-74
-79
-77
-99
-124
-144
-162
-179
-186
-203
-222
-213
-220
-219
-222
-208
-195
-181
-179
-189
-183
-190
-180
-159
-133
-98
-63
-43
-11
10
16
18
24
20
24
24
23
44
62
79
108
137
155
176
194
196
198
209
218
217
222
214
217
226
221
226
230
239
242
235
223
205
180
166
145
117
93
67
30
3
-18
-44
-66
-78
-84
-98
-104
-119
-120
-123
-140
-131
-129
-121
-115
-107
-96
-92
-82
-81
-74
-60
-49
-65
-64
-64
-76
-86
-95
-75
-84
-84
-81
-78
-76
-67
-52
-71
-78
-80
-90
-100
-93
-87
-100
-101
-112
-104
-104
-94
-76
-92
-97
-114
-129
-132
-134
-115
-109
-94
-66
-51
-30
-6
5
16
24
41
46
50
71
73
86
100
112
138
164
183
202
217
226
231
242
235
236
240
245
245
259
259
241
244
232
227
206
191
171
161
141
111
86
66
53
38
29
16
8
-2
-25
-54
-79
-109
-127
-146
-166
-182
-195
-209
-223
-227
-229
-229
-220
-216
-211
-209
-199
-199
-189
-180
-177
-154
-128
-116
-106
-83
-73
-67
-57
-47
-37
-29
-30
-24
-15
-2
6
8
15
26
18
19
16
21
18
8
2
1
9
14
25
34
44
50
55
49
35
31
32
8
-14
-19
-18
-4
5
3
5
6
13
13
26
26
25
16
14
37
52
59
81
94
93
88
86
96
98
106
119
129
132
115
124
141
146
157
156
152
139
124
113
102
101
89
58
33
20
3
-1
-4
-15
-13
-28
-38
-45
-57
-76
-91
-97
-109
-121
-120
-136
-162
-158
-160
-174
-166
-166
-169
-172
-165
-153
-142
-123
-119
-100
-88
-76
-60
-41
-21
-4
27
50
55
57
72
76
82
93
89
95
82
83
91
94
97
96
92
81
81
73
58
56
48
30
17
15
0
-11
-8
-17
-18
-25
-32
-42
-49
-55
-56
-52
-48
-54
-53
-46
-63
-78
-90
-95
-98
-99
-91
-82
-73
-54
-35
-24
-19
11
26
52
70
86
95
105
110
111
118
100
112
112
114
104
93
94
81
80
75
74
85
83
85
82
68
47
23
-13
-46
-70
-93
-100
-114
-125
-137
-148
-148
-145
-143
-158
-147
-155
-171
-175
-185
-170
-154
-158
-157
-136
-124
-126
-123
-96
-81
-47
-24
-6
-3
24
40
48
60
68
83
84
108
121
137
158
161
172
186
188
206
203
204
199
192
185
183
188
176
168
155
142
124
103
79
75
68
64
51
42
22
0
-19
-38
-48
-60
-59
-70
-83
-76
-80
-84
-97
-100
-125
-130
-112
-99
-90
-71
-67
-54
-46
-52
-39
-40
-36
-49
-49
-43
-22
-1
7
4
3
-5
-22
-18
-12
-19
-8
-15
-26
-28
-40
-33
-47
-47
-49
-42
-40
-46
-54
-58
-66
-77
-72
-68
-75
-78
-71
-79
-85
-99
-112
-117
-115
-111
-104
-98
-87
-76
-72
-70
-70
-49
-47
-40
-24
-5
24
46
71
88
104
126
124
147
176
182
194
191
189
195
197
191
200
215
203
200
206
188
180
156
132
127
121
103
105
93
85
76
52
46
24
13
-9
-27
-47
-78
-93
-99
-109
-113
-115
-125
-124
-140
-152
-149
-158
-156
-144
-146
-142
-142
-147
-145
-168
-157
-149
-148
-139
-133
-131
-112
-93
-75
-56
-42
-31
-29
-13
7
11
11
28
40
41
48
66
69
75
70
77
91
90
101
110
118
111
105
93
75
75
78
86
84
67
45
40
25
30
22
16
15
5
22
9
9
11
6
-1
0
6
11
23
32
42
40
46
61
84
87
90
87
81
82
77
77
77
72
72
55
43
44
41
33
25
18
8
-12
-35
-53
-67
-78
-72
-82
-97
-99
-112
-113
-121
-133
-136
-131
-124
-124
-134
-128
-129
-136
-141
-149
-156
-178
-177
-176
-176
-169
-151
-135
-126
-112
-110
-89
-73
-73
-57
-25
-11
10
18
33
54
71
66
75
87
79
93
91
97
91
95
92
98
103
107
99
104
128
131
134
124
121
128
113
109
113
108
102
90
77
71
49
42
46
52
56
40
38
41
53
50
46
67
86
75
71
76
75
73
62
57
56
52
50
46
39
26
16
0
-4
-27
-53
-64
-79
-84
-86
-83
-78
-85
-71
-81
-108
-120
-119
-110
-122
-127
-127
-117
-128
-142
-152
-141
-135
-143
-135
-134
-130
-129
-113
-120
-118
-110
-111
-98
-90
-80
-58
-47
-33
-19
-29
-34
-24
-19
-11
15
28
38
61
73
70
87
105
108
120
135
132
135
148
152
165
148
131
113
109
104
118
123
133
143
136
136
135
136
133
126
92
86
80
81
79
65
56
38
23
2
-6
-13
-18
-13
-23
-36
-39
-58
-68
-71
-79
-75
-79
-92
-104
-110
-118
-123
-126
-126
-119
-110
-90
-88
-80
-81
-85
-85
-101
-96
-90
-89
-94
-101
-109
-106
-104
-83
-81
-70
-38
-30
-15
2
23
17
15
31
29
31
25
21
26
26
37
40
43
48
46
51
57
68
83
95
87
100
95
90
97
82
81
89
80
80
81
79
76
63
57
49
51
44
27
8
12
15
29
30
20
11
-3
-14
-24
-4
-18
-10
5
1
-9
-17
-9
-28
-35
-50
-51
-47
-62
-60
-69
-67
-56
-62
-58
-55
-56
-44
-27
-10
-6
18
37
37
41
47
42
42
49
49
38
32
16
0
-9
-20
-15
-1
2
5
0
10
15
9
17
22
12
4
5
4
-11
-21
-15
-31
-37
-54
-67
-79
-85
-97
-100
-95
-93
-80
-77
-79
-87
-82
-94
-99
-100
-93
-83
-84
-75
-51
-37
-35
-23
-13
-11
0
11
11
32
43
41
55
71
82
79
78
79
97
97
103
118
119
125
130
134
126
125
107
98
93
91
89
88
75
61
58
43
50
48
36
44
64
58
69
76
83
59
40
28
21
11
-16
-33
-31
-44
-51
-49
-48
-37
-51
-57
-51
-56
-58
-64
-61
-58
-73
-85
-102
-124
-134
-148
-163
-170
-178
-177
-179
-182
-171
-154
-156
-124
-104
-101
-69
-38
-25
-21
-16
-16
-19
-16
-30
-27
-22
-27
-21
-24
-12
2
29
46
51
63
74
79
88
89
104
112
116
112
100
91
87
82
78
71
80
96
90
85
77
73
66
57
71
74
81
87
81
82
77
65
62
62
57
55
31
34
19
15
-4
-18
-4
-12
-16
-9
-22
-24
-29
-32
-29
-40
-36
-24
-15
-23
-26
-45
-51
-52
-47
-44
-51
-43
-36
-34
-33
-32
-36
-21
-15
-12
-22
-15
-7
-19
-14
-23
-9
0
13
18
22
36
30
38
33
24
7
1
13
-2
0
1
20
13
1
16
5
1
-4
3
5
-7
-9
-17
-38
-33
-36
-37
-51
-48
-55
-73
-74
-63
-52
-34
-15
-15
-12
-8
-1
7
-7
-8
-4
-15
-26
-38
-31
-40
-23
-12
-3
10
8
13
20
15
9
9
21
10
0
3
8
-3
-14
-20
-30
-25
-29
-25
-35
-24
-11
-3
1
-2
2
11
15
25
10
2
11
-3
-12
-23
-30
-30
-15
-2
-18
-7
7
18
23
21
26
39
45
52
48
50
53
58
52
46
42
52
49
42
55
49
51
52
53
50
33
38
39
29
29
28
42
54
48
54
45
32
38
34
24
13
3
-3
12
14
15
-1
-5
-9
-23
-12
-24
-23
-25
-15
-22
-26
-4
-9
-31
-41
-37
-37
-39
-37
-29
-33
-28
-35
-20
0
3
17
19
26
23
16
28
22
10
16
14
16
27
25
20
31
34
29
34
27
31
10
1
-6
-30
-39
-35
-32
-43
-58
-69
-81
-100
-106
-117
-118
-130
-134
-116
-133
-142
-165
-173
-164
-159
-147
-125
-113
-116
-105
-90
-74
-66
-53
-46
-31
-34
-43
-45
-42
-38
-38
-20
-11
18
28
41
48
67
87
93
106
119
125
132
134
121
122
114
124
124
126
120
106
114
103
98
84
95
83
83
95
107
99
101
105
96
93
82
79
90
79
74
75
68
79
72
75
74
52
34
36
16
9
13
25
16
4
0
-16
-34
-43
-40
-58
-58
-57
-64
-51
-41
-53
-70
-89
-108
-109
-110
-102
-88
-75
-66
-67
-74
-82
-90
-109
-105
-107
-116
-106
-99
-101
-99
-90
-87
-78
-73
-68
-66
-57
-40
-28
-11
-5
17
19
7
-1
-7
-1
3
14
26
47
50
68
56
50
50
49
64
76
87
90
92
95
88
73
66
66
55
49
51
41
36
33
36
33
52
54
59
52
56
55
47
34
27
35
26
31
34
32
30
32
10
7
0
-4
12
-11
-7
-10
-23
-30
-23
-25
-37
-38
-32
-40
-52
-61
-76
-76
-77
-75
-69
-65
-51
-51
-74
-77
-86
-108
-110
-106
-104
-102
-84
-70
-68
-71
-76
-77
-67
-56
-54
-63
-59
-48
-45
-29
-24
-26
-21
-28
-41
-47
-41
-40
-39
-31
-33
-23
-12
8
32
41
57
55
57
63
79
102
101
113
110
112
126
132
126
126
117
93
100
92
92
89
107
113
108
129
121
122
126
133
123
114
125
114
95
102
103
100
98
87
89
88
74
83
79
62
52
46
25
11
-9
-15
-14
-14
-24
-40
-56
-75
-84
-113
-120
-124
-127
-139
-125
-114
-123
-120
-106
-112
-133
-143
-160
-162
-172
-181
-171
-151
-138
-121
-119
-111
-105
-113
-114
-115
-108
-101
-87
-69
-71
-86
-79
-75
-78
-93
-83
-49
-49
-35
-25
-31
-26
-21
-14
-20
-15
2
24
32
41
48
67
80
90
87
93
113
111
113
127
137
128
121
128
137
136
149
149
148
139
124
126
126
130
136
140
131
108
93
89
68
56
50
57
64
49
41
31
24
14
3
4
-11
-19
-25
-26
-45
-43
-37
-41
-59
-79
-85
-98
-99
-106
-100
-109
-120
-121
-107
-105
-107
-101
-117
-109
-108
-107
-108
-102
-95
-97
-103
-110
-93
-102
-98
-79
-83
-84
-78
-72
-81
-76
-54
-56
-26
-10
-6
10
12
27
28
39
59
82
92
93
98
104
112
128
136
133
130
118
130
130
129
135
134
125
126
119
119
126
120
116
102
94
93
83
65
60
66
68
59
52
42
25
24
4
3
16
21
28
31
39
25
24
29
9
16
11
-2
-26
-51
-61
-67
-77
-65
-51
-64
-62
-62
-76
-101
-96
-115
-124
-114
-118
-133
-148
-151
-168
-149
-135
-127
-122
-135
-135
-146
-138
-124
-119
-109
-100
-83
-93
-86
-79
-65
-49
-47
-33
-17
-8
6
19
23
26
34
42
37
50
55
49
52
66
59
68
79
75
81
89
96
91
95
87
66
67
65
59
60
75
96
91
92
103
90
89
81
69
51
50
56
63
68
66
75
74
46
37
44
36
33
41
43
48
45
40
52
53
42
18
17
2
-1
-12
-28
-39
-49
-42
-49
-58
-64
-57
-70
-90
-92
-88
-94
-108
-111
-100
-88
-81
-62
-50
-46
-31
-29
-29
-30
-29
-27
-31
-37
-40
-40
-44
-36
-27
-16
-4
8
19
22
18
10
34
46
45
42
53
43
34
13
0
-3
-5
-12
-14
-19
-17
7
-7
5
0
10
22
16
25
-6
-3
6
-6
-19
-28
-24
-30
-31
-42
-47
-40
-35
-41
-31
-40
-24
5
5
-6
2
-5
-31
-30
-25
-26
-13
-3
9
11
31
39
28
18
14
7
-6
17
12
16
8
9
9
9
16
35
54
45
26
45
39
47
60
58
67
67
70
60
55
61
57
56
47
40
27
10
7
-2
-7
-10
-14
-23
-29
-36
-26
-26
-16
-23
-23
-12
-9
-16
0
16
-7
-18
-11
0
4
16
22
18
37
39
16
-6
-4
1
-8
-6
-12
-4
-22
-16
-13
-20
-30
-19
-27
-11
4
0
7
-6
-13
-36
-41
-49
-54
-54
-59
-55
-52
-59
-31
-18
-24
-22
-23
-32
-54
-52
-51
-41
-9
-5
-8
-5
-5
-15
-29
-53
-48
-58
-52
-43
-37
-28
-28
-15
2
15
3
1
12
19
14
20
25
28
18
25
29
19
16
10
3
-22
-18
-9
10
23
33
37
45
48
44
43
42
42
39
32
46
51
51
61
70
70
70
88
79
72
88
101
91
86
72
56
42
51
49
45
38
23
9
6
6
5
12
10
1
10
0
-10
-4
-23
-33
-50
-65
-79
-89
-73
-71
-67
-63
-62
-58
-39
-37
-46
-44
-47
-45
-42
-42
-14
8
14
19
26
17
2
-14
-3
0
-19
-18
-18
-8
-12
-5
9
16
28
28
32
33
27
27
28
36
27
36
33
23
26
16
-5
-6
-6
11
13
-8
-10
-3
-7
-6
-9
-27
-23
-40
-51
-63
-74
-54
-57
-66
-57
-58
-53
-72
-82
-87
-94
-102
-120
-115
-113
-114
-110
-100
-98
-97
-92
-68
-61
-58
-48
-41
-43
-45
-26
-3
21
33
47
53
60
62
71
98
108
131
139
145
150
144
140
