SAMPLES:	18576
BITSPERSAMPLE:	16
CHANNELS:	1
SAMPLERATE:	16000
NORMALIZED:	FALSE
-35
-26
-35
-27
-15
-19
-19
-35
-19
-28
-21
-33
-22
-17
-25
-12
-20
-6
1
5
-1
-11
6
3
-7
6
24
19
2
-9
-12
-12
-22
-21
-30
-25
-25
-21
-41
-44
-34
-25
-21
-31
-27
-27
-23
-31
-21
-11
4
-12
-17
-13
-4
-2
-18
-7
-1
-6
-9
-4
6
10
22
32
27
26
37
31
23
19
25
36
33
27
28
40
22
24
9
10
24
22
18
19
29
40
22
16
22
30
16
9
2
-2
17
10
-1
3
24
7
6
15
16
13
16
0
-5
3
17
20
7
12
27
28
16
15
5
12
10
5
0
-1
-2
-11
-11
-13
12
30
12
18
26
28
22
12
5
0
-10
-9
-19
-19
-18
-22
-34
-31
-27
-18
-21
-23
-27
-35
-25
-29
-31
-16
-8
-17
-5
-17
-5
-4
0
-9
-16
-20
-23
-17
-25
-21
-13
-12
-26
-30
-27
-17
-28
-7
-5
-9
2
-15
-16
-19
1
8
-9
-3
6
-1
-7
11
8
11
15
12
15
8
15
17
12
18
28
24
21
26
23
25
19
0
-7
0
-4
0
-6
-17
-5
11
25
16
22
17
14
8
5
11
3
8
-2
-8
-11
-3
-10
-18
-5
-6
-16
-23
-24
-25
-20
-27
-22
-11
-15
-9
1
-8
-4
0
7
4
9
12
-7
-2
-4
4
5
6
21
23
14
15
17
8
21
19
29
15
18
27
12
17
14
19
13
18
12
4
1
15
22
12
25
18
11
17
13
19
12
3
7
4
2
14
16
0
-5
-8
6
-13
-15
-7
-7
-6
-8
5
-2
2
0
-5
-11
-16
-26
-23
-29
-29
-31
-37
-25
-32
-33
-28
-17
-24
-13
-12
-10
-16
-18
-5
-22
-17
-25
-29
-26
-30
-19
-17
-22
-13
-9
-2
0
7
18
23
23
33
27
23
24
13
19
26
21
29
17
17
22
6
-3
-1
0
-2
-14
-20
-9
-10
-7
-8
-14
-19
-16
-24
-28
-28
-29
-29
-18
-25
-19
-20
-5
6
-3
17
21
12
3
5
12
14
10
10
15
14
19
13
11
19
20
16
-1
3
-9
-1
-15
-14
-8
11
17
9
5
5
26
12
8
15
27
22
6
8
3
5
5
3
9
13
12
6
7
9
21
8
-3
0
8
5
3
8
8
24
18
17
5
6
8
6
9
0
5
10
-8
-12
0
-13
-10
-13
-6
-10
-19
-19
-28
-17
-27
-18
-16
-18
-25
-26
-27
-34
-29
-35
-23
-29
-28
-30
-29
-28
-17
-8
-8
7
5
-3
0
-2
6
7
4
18
13
8
10
19
27
33
28
35
36
38
44
39
36
33
32
32
29
16
16
20
24
27
28
27
28
24
22
11
7
10
-2
-14
-10
-15
-23
-26
-19
-15
-15
-12
-23
-21
-27
-32
-40
-25
-17
-15
-25
-21
-1
-10
1
-13
-10
2
0
-5
-6
-10
-6
0
-8
-4
-22
-6
-13
-20
-20
-15
-11
-25
-23
-14
-15
-19
-14
-1
-2
6
2
3
9
4
4
-2
2
-2
5
-7
-5
-4
9
18
8
2
9
6
0
7
5
14
18
14
7
10
7
2
14
0
4
11
7
18
16
20
19
8
14
9
3
3
4
4
6
2
0
-7
-11
-18
-19
-28
-18
-5
-3
-7
-15
-11
-18
-5
-11
-14
-15
-11
-8
-19
-22
-14
5
-8
-6
-5
-6
-7
-14
-27
-32
-13
-22
-16
-14
-9
5
1
14
8
21
35
37
37
39
44
35
39
38
48
45
47
52
50
45
50
48
39
43
39
38
22
14
7
9
11
5
6
6
-5
-22
-19
-25
-20
-22
-18
-16
-26
-18
-24
-30
-39
-28
-29
-30
-29
-36
-32
-32
-24
-21
-18
-15
-19
-9
-8
-2
-1
-8
-7
-10
-2
-3
-5
-3
-13
-17
-15
-15
-11
-12
-7
-2
-6
-10
-11
-7
-15
-14
-13
-4
-7
-10
-7
-1
-4
1
9
9
6
10
14
17
17
19
16
13
16
20
17
11
13
9
15
9
6
1
-5
-14
-6
-5
-16
-16
-18
-25
-29
-30
-26
-29
-28
-15
-6
-15
-11
-6
5
2
5
9
8
3
-8
-10
-5
-8
-1
0
3
6
13
14
16
20
9
15
30
28
23
31
34
31
24
23
21
20
16
15
13
10
6
5
4
1
10
4
5
0
4
-1
-11
-13
-14
-8
-15
-6
3
2
6
-4
-6
1
0
8
11
6
13
20
20
13
11
6
17
14
1
8
6
-2
-11
-8
-9
-16
-8
-10
-15
-16
-4
-3
1
-4
9
3
-5
-3
-6
8
-2
-4
1
8
-2
-2
-2
0
-12
-7
-14
-25
-20
-18
-11
-14
-14
-10
-3
-14
-16
-15
-9
-4
-7
1
0
7
7
2
7
14
14
6
18
20
13
18
26
27
21
25
17
20
18
13
6
-4
-10
-9
-10
-15
-14
-12
-6
-8
-11
-14
-19
-18
-17
-11
-29
-21
-15
-24
-28
-36
-26
-35
-36
-48
-43
-42
-44
-34
-41
-31
-26
-15
-15
-5
0
-4
-6
-6
-2
4
12
8
14
13
14
14
4
12
22
37
31
41
44
40
30
32
34
30
28
25
18
18
17
7
9
3
11
10
11
13
5
3
5
10
10
8
10
10
10
20
14
16
17
11
14
10
1
2
12
7
3
6
4
3
4
11
12
-1
-1
2
-2
-16
-17
-8
-13
-17
-18
-15
-4
-11
-15
-11
-12
-7
-7
-8
-7
-9
-25
-15
-8
-6
7
10
10
10
12
14
16
13
15
12
22
14
13
21
18
22
15
10
12
17
13
13
17
25
23
2
7
10
6
3
-2
-10
-12
-8
-19
-26
-25
-18
-24
-23
-31
-32
-29
-36
-31
-32
-18
-21
-23
-25
-27
-23
-25
-22
-28
-30
-27
-23
-25
-25
-15
-17
-21
-20
-12
-18
-25
-24
-16
-17
-18
-22
-26
-14
-17
-17
-18
-12
-15
-12
-11
-10
-12
-11
-4
-4
-7
1
8
14
15
13
15
27
26
25
31
30
38
30
31
33
37
38
46
46
48
53
42
33
36
43
38
39
42
45
43
40
39
33
39
30
27
22
17
23
14
-2
-6
4
5
1
-7
-11
-7
-14
-21
-29
-31
-21
-23
-23
-19
-12
-12
-8
-19
-19
-13
-19
-19
-18
-13
-19
-12
-11
-20
-8
-3
3
1
-7
-6
-3
-10
-14
-12
-15
-9
-14
-22
-19
-16
-19
-19
-18
-15
-8
-12
-9
-4
-9
-6
-10
-4
1
-13
-12
-12
-6
6
4
-4
-3
3
5
-4
-5
0
9
5
-3
-2
0
-9
-14
-7
-18
-20
-11
-7
-13
-10
-1
-10
-14
-8
-5
0
-3
0
6
1
-2
3
6
11
9
13
25
26
35
42
39
42
38
45
45
49
42
39
34
32
25
21
25
23
25
22
13
12
9
6
6
5
3
2
-2
-8
-7
0
3
-5
-12
-11
-7
-11
-13
-17
-14
-19
-19
-18
-11
-10
-22
-22
-17
-12
-21
-24
-25
-30
-29
-30
-29
-36
-33
-29
-26
-33
-32
-25
-23
-25
-21
-19
-16
-13
-17
-10
-15
-14
-12
-15
-14
-5
-5
-8
-1
0
9
8
12
19
18
24
19
18
24
25
26
22
21
22
23
14
12
16
18
18
23
22
23
29
27
26
28
31
27
16
10
13
10
19
23
12
16
16
11
13
7
13
9
11
8
3
8
3
1
-4
-3
-12
-11
-11
-13
-4
-10
-9
-15
-16
-19
-23
-21
-24
-15
-17
-15
-18
-17
-20
-13
-22
-26
-25
-27
-27
-33
-27
-30
-29
-31
-30
-28
-29
-28
-28
-29
-18
-10
-3
-9
-4
-1
-3
4
12
11
12
23
7
12
12
24
18
20
23
25
30
21
21
19
24
21
25
29
24
25
27
15
25
31
23
25
19
12
8
6
11
13
11
22
18
9
13
9
16
2
-2
-5
-6
2
-17
-21
-19
-18
-25
-30
-19
-25
-29
-29
-24
-24
-27
-31
-28
-31
-30
-21
-23
-19
-17
-10
-17
-16
-19
-16
-17
-18
-7
-9
1
3
-5
-7
-3
3
4
7
7
6
-3
-1
-2
-4
-2
7
12
9
9
10
17
14
23
27
25
19
12
10
8
7
5
11
16
10
8
7
5
9
16
4
10
14
9
12
10
11
3
8
10
12
12
9
16
9
6
9
5
7
12
9
7
8
17
16
9
11
9
10
19
17
16
10
6
4
-3
0
-2
0
-4
5
1
3
2
0
5
4
-1
-5
-6
-9
-4
-2
-1
2
0
-6
-8
-5
-3
-11
-14
-3
-11
-12
-14
-19
-23
-29
-24
-32
-26
-32
-32
-40
-38
-35
-32
-34
-34
-28
-29
-37
-30
-31
-33
-42
-40
-26
-32
-33
-23
-16
-19
-16
-11
1
-1
5
10
14
13
14
13
8
5
14
18
10
15
18
23
27
31
31
29
31
28
29
34
33
36
36
29
25
29
34
29
24
29
31
30
30
35
39
39
31
26
30
30
24
16
23
19
14
13
8
2
4
4
-2
-12
-2
0
-3
-3
-4
5
1
-3
-6
-3
-5
-1
-16
-14
-18
-11
-10
-14
-12
-18
-13
-24
-21
-28
-26
-31
-30
-38
-38
-26
-38
-30
-31
-34
-40
-45
-36
-39
-37
-31
-28
-33
-22
-13
-18
-29
-25
-19
-31
-24
-22
-10
-5
-11
-5
-2
11
10
19
19
30
37
47
41
22
21
14
26
31
47
59
57
40
36
43
37
36
25
31
31
35
35
25
25
13
16
-2
-15
-21
-16
-45
-82
-55
-43
-65
-83
-29
-19
-56
-35
32
28
-27
25
94
51
-17
42
90
7
-46
38
51
-51
-49
20
-19
-77
-34
2
-50
-80
-36
-54
-105
-90
-62
-77
-82
-39
-18
-34
5
26
21
42
63
43
25
68
71
43
45
69
36
12
39
41
9
-5
34
39
8
25
62
37
8
35
49
22
14
31
40
12
3
12
17
7
11
8
0
-8
-21
-15
-21
-19
-21
-23
-35
-52
-48
-34
-27
-35
-29
-21
-16
-35
-37
-11
-14
-13
-8
3
1
-2
25
34
29
30
51
44
31
49
66
69
61
77
86
91
100
123
130
118
137
148
134
124
130
136
114
99
92
64
27
-3
-30
-60
-96
-134
-160
-188
-210
-218
-233
-211
-213
-223
-227
-232
-229
-216
-191
-166
-160
-142
-109
-89
-67
-52
-42
-7
6
17
14
5
7
1
-17
-19
-32
-43
-31
-54
-62
-67
-77
-90
-90
-77
-73
-49
-47
-37
-24
-18
-19
-2
14
31
34
46
65
81
117
132
149
184
195
209
231
236
262
303
306
306
309
312
311
297
308
311
313
307
305
303
294
298
286
285
264
244
209
161
110
33
-33
-98
-224
-403
-513
-624
-823
-980
-1039
-1113
-1251
-1276
-1145
-1097
-1089
-877
-619
-480
-344
-49
243
331
495
793
968
970
1051
1232
1183
1036
1064
1050
865
704
639
467
205
43
-103
-328
-492
-579
-645
-749
-765
-697
-621
-462
-281
-52
192
456
699
921
1120
1261
1319
1330
1336
1206
986
795
578
288
-52
-447
-907
-1360
-1754
-2148
-2521
-2796
-2998
-3158
-3177
-3043
-2881
-2644
-2215
-1687
-1183
-695
-29
637
1089
1586
2123
2465
2605
2825
2989
2876
2713
2627
2422
1990
1623
1278
807
266
-128
-500
-921
-1258
-1481
-1619
-1745
-1737
-1623
-1399
-1091
-738
-283
216
671
1099
1532
1905
2196
2394
2526
2567
2428
2186
1920
1587
1121
637
210
-233
-829
-1467
-1951
-2492
-3052
-3516
-3770
-3965
-4209
-4223
-3956
-3702
-3449
-2927
-2161
-1429
-871
-84
814
1430
1890
2498
3025
3190
3278
3470
3467
3158
2915
2730
2311
1816
1464
1062
513
12
-401
-816
-1234
-1552
-1711
-1823
-1871
-1796
-1552
-1219
-851
-366
204
822
1360
1869
2391
2804
3014
3127
3220
3093
2713
2370
2001
1424
779
227
-200
-856
-1635
-2149
-2601
-3218
-3853
-4133
-4240
-4529
-4734
-4512
-4121
-3954
-3535
-2671
-1875
-1321
-548
524
1297
1791
2473
3205
3468
3484
3728
3854
3538
3199
3074
2714
2107
1655
1261
647
87
-284
-732
-1229
-1628
-1889
-2193
-2407
-2350
-2207
-2041
-1685
-1121
-539
61
767
1505
2134
2630
3141
3554
3693
3620
3464
3192
2731
2136
1519
938
289
-404
-971
-1548
-2350
-2990
-3310
-3773
-4438
-4768
-4729
-4913
-5151
-4820
-4179
-3932
-3524
-2460
-1486
-978
-189
1109
1921
2247
2929
3772
3885
3746
3983
4027
3532
3092
2955
2518
1765
1268
935
304
-310
-708
-1154
-1633
-1985
-2173
-2338
-2394
-2203
-1882
-1551
-1061
-427
206
952
1727
2383
3033
3625
4053
4253
4274
4140
3839
3350
2793
2129
1418
689
-33
-707
-1367
-1995
-2607
-3116
-3632
-4182
-4668
-4944
-5091
-5291
-5250
-4895
-4488
-4035
-3290
-2328
-1428
-569
462
1518
2286
2956
3624
4059
4208
4270
4252
3946
3522
3134
2663
2017
1452
959
400
-172
-747
-1168
-1617
-2013
-2350
-2531
-2639
-2639
-2459
-2123
-1651
-1175
-495
296
1098
1819
2609
3440
4003
4340
4524
4581
4300
3821
3282
2638
1903
1080
316
-417
-1111
-1885
-2624
-3183
-3730
-4364
-4930
-5123
-5304
-5588
-5583
-5185
-4841
-4503
-3726
-2725
-1818
-973
145
1315
2175
2836
3636
4304
4439
4500
4599
4352
3758
3319
2926
2180
1388
795
253
-368
-948
-1438
-1791
-2095
-2395
-2589
-2639
-2497
-2356
-2095
-1574
-966
-397
360
1300
2120
2861
3681
4403
4692
4877
5015
4748
4092
3470
2845
1910
850
72
-645
-1608
-2474
-3125
-3671
-4286
-4808
-5092
-5307
-5539
-5629
-5402
-5113
-4803
-4218
-3396
-2514
-1623
-672
453
1568
2411
3161
3986
4601
4753
4823
4914
4535
3912
3461
2923
2079
1316
800
110
-713
-1156
-1436
-1971
-2449
-2509
-2470
-2626
-2625
-2250
-1791
-1479
-934
-43
784
1469
2355
3418
4128
4483
4886
5200
5006
4493
4095
3521
2566
1561
768
-68
-1060
-1936
-2696
-3407
-4063
-4668
-5122
-5425
-5709
-5870
-5841
-5648
-5319
-4898
-4218
-3401
-2537
-1640
-605
598
1592
2425
3343
4134
4472
4634
4872
4747
4267
3826
3406
2649
1836
1224
518
-278
-823
-1175
-1616
-2033
-2243
-2329
-2415
-2425
-2244
-1934
-1575
-1111
-473
284
1121
1948
2841
3647
4238
4661
5011
5102
4746
4300
3770
2999
2011
1133
344
-620
-1569
-2357
-2977
-3682
-4290
-4733
-5106
-5382
-5580
-5623
-5541
-5266
-4879
-4415
-3734
-2854
-1968
-1071
14
1111
1998
2785
3707
4318
4508
4695
4787
4463
3887
3456
2837
2023
1319
712
87
-541
-968
-1380
-1735
-1953
-2133
-2316
-2292
-2099
-1963
-1682
-1203
-656
-117
627
1535
2323
3040
3818
4397
4643
4773
4738
4347
3787
3157
2373
1427
532
-229
-1093
-2032
-2752
-3298
-3924
-4538
-4885
-5019
-5251
-5485
-5359
-4993
-4803
-4501
-3782
-2947
-2286
-1514
-337
730
1429
2288
3335
3876
4002
4359
4615
4221
3681
3479
2969
2051
1361
886
224
-431
-789
-1165
-1545
-1767
-1877
-2032
-2014
-1827
-1681
-1397
-925
-409
69
824
1679
2414
3056
3730
4319
4535
4633
4592
4280
3734
3169
2501
1589
740
-53
-925
-1877
-2610
-3200
-3899
-4508
-4833
-5020
-5342
-5453
-5334
-5116
-4887
-4468
-3805
-3058
-2285
-1472
-440
585
1440
2297
3131
3702
4000
4257
4348
4119
3665
3258
2757
2048
1350
771
216
-386
-878
-1263
-1570
-1892
-2129
-2212
-2166
-2119
-1975
-1602
-1109
-593
-21
797
1638
2354
3068
3705
4146
4377
4489
4391
4016
3519
2923
2167
1390
625
-232
-1070
-1884
-2637
-3312
-3942
-4478
-4881
-5141
-5282
-5391
-5330
-4935
-4518
-4054
-3317
-2409
-1596
-806
260
1298
2066
2809
3608
4111
4302
4442
4469
4199
3705
3257
2788
2099
1403
820
250
-315
-819
-1216
-1572
-1905
-2138
-2278
-2291
-2126
-1951
-1576
-960
-331
320
1190
2086
2776
3337
3892
4280
4282
4205
4045
3650
3005
2288
1590
778
-97
-808
-1605
-2489
-3142
-3711
-4356
-4895
-5146
-5287
-5432
-5461
-5134
-4686
-4318
-3707
-2829
-1956
-1191
-283
855
1729
2412
3202
3850
4180
4321
4404
4257
3863
3366
2876
2252
1568
969
371
-187
-717
-1168
-1512
-1830
-2109
-2178
-2191
-2142
-1951
-1564
-1054
-499
206
1031
1872
2616
3250
3747
4147
4316
4223
3994
3608
3026
2296
1557
815
-14
-814
-1559
-2322
-3095
-3752
-4259
-4748
-5133
-5341
-5384
-5391
-5212
-4752
-4258
-3688
-2901
-1943
-1029
-130
879
1866
2644
3294
3902
4319
4517
4464
4311
4077
3584
2947
2341
1747
1140
460
-126
-613
-1135
-1585
-1843
-2075
-2286
-2293
-2171
-1941
-1637
-1098
-421
262
1053
1925
2784
3398
3877
4288
4457
4314
3996
3584
2990
2238
1467
739
-69
-882
-1644
-2402
-3126
-3807
-4360
-4862
-5311
-5552
-5638
-5635
-5453
-4969
-4417
-3769
-2884
-1821
-853
71
1195
2243
2974
3626
4264
4623
4673
4612
4440
3997
3431
2888
2250
1443
761
187
-409
-1000
-1475
-1810
-2152
-2509
-2668
-2611
-2530
-2348
-1923
-1293
-584
175
1141
2210
3142
3886
4506
4989
5080
4885
4601
4100
3326
2413
1609
698
-340
-1190
-1911
-2733
-3564
-4148
-4626
-5138
-5632
-5812
-5881
-5989
-5763
-5237
-4669
-4032
-3009
-1831
-820
230
1497
2617
3427
4198
4863
5182
5230
5144
4827
4246
3571
2866
2015
1244
539
-188
-830
-1333
-1812
-2242
-2476
-2670
-2852
-2924
-2763
-2450
-2167
-1623
-829
49
934
1987
3114
3927
4564
5168
5463
5266
4974
4578
3826
2820
1918
1044
-79
-1076
-1806
-2666
-3586
-4241
-4687
-5247
-5788
-5924
-5958
-6115
-5966
-5379
-4857
-4300
-3271
-2025
-933
130
1475
2739
3607
4456
5224
5607
5657
5583
5323
4718
3936
3210
2396
1403
602
-164
-908
-1527
-2033
-2506
-2882
-3061
-3241
-3314
-3225
-2910
-2563
-2060
-1244
-370
588
1634
2787
3679
4331
4987
5390
5379
5151
4769
4094
3162
2216
1248
211
-877
-1819
-2701
-3568
-4305
-4935
-5470
-5914
-6154
-6309
-6319
-6129
-5656
-5096
-4395
-3340
-2212
-1090
110
1461
2622
3596
4607
5422
5836
6031
6130
5868
5255
4611
3864
2883
1916
1109
245
-661
-1339
-1897
-2520
-2974
-3254
-3441
-3600
-3549
-3220
-2816
-2260
-1475
-492
502
1566
2624
3526
4308
4930
5242
5232
5100
4730
4072
3277
2431
1489
444
-479
-1436
-2483
-3365
-4051
-4772
-5566
-6006
-6218
-6502
-6656
-6335
-5863
-5462
-4733
-3600
-2486
-1496
-197
1258
2434
3395
4474
5320
5709
5939
6089
5875
5324
4753
4106
3264
2358
1513
707
-126
-932
-1675
-2276
-2790
-3270
-3584
-3710
-3734
-3582
-3176
-2528
-1761
-849
297
1533
2580
3427
4266
4960
5214
5205
5155
4834
4157
3350
2631
1738
735
-169
-1080
-2113
-3056
-3849
-4604
-5347
-5974
-6311
-6604
-6780
-6598
-6151
-5662
-4984
-3923
-2708
-1542
-243
1166
2409
3452
4422
5245
5765
6026
6060
5902
5474
4879
4223
3476
2673
1840
1016
260
-509
-1287
-1997
-2595
-3141
-3570
-3844
-3898
-3731
-3420
-2837
-2010
-1005
113
1307
2407
3397
4254
4873
5192
5217
5056
4687
4059
3336
2551
1670
742
-145
-1116
-2063
-2891
-3689
-4558
-5283
-5755
-6269
-6754
-6788
-6492
-6380
-5970
-4999
-3925
-3008
-1839
-311
1004
2017
3223
4439
5083
5463
5917
6086
5762
5281
4895
4219
3338
2664
1940
1086
303
-388
-1147
-1875
-2485
-3021
-3471
-3762
-3842
-3752
-3411
-2771
-1986
-1021
191
1332
2351
3359
4222
4711
4952
5098
4971
4468
3873
3286
2509
1573
768
-35
-987
-1900
-2692
-3494
-4309
-4905
-5435
-5980
-6289
-6311
-6238
-6008
-5429
-4586
-3754
-2768
-1423
-100
999
2217
3475
4299
4884
5464
5752
5603
5360
5073
4484
3730
3081
2426
1572
840
177
-517
-1205
-1814
-2303
-2827
-3256
-3495
-3531
-3441
-3155
-2572
-1729
-769
264
1394
2402
3234
3895
4353
4604
4578
4346
3945
3411
2737
2005
1210
383
-484
-1296
-2079
-2879
-3617
-4251
-4791
-5360
-5769
-5936
-5958
-5891
-5581
-4953
-4192
-3354
-2300
-1073
100
1229
2368
3377
4107
4714
5191
5309
5208
5012
4629
4098
3504
2896
2193
1593
984
306
-309
-841
-1450
-2057
-2461
-2845
-3105
-3201
-3027
-2695
-2182
-1400
-463
453
1296
2202
2973
3463
3761
3938
3879
3570
3116
2639
2078
1406
739
50
-681
-1407
-2109
-2790
-3430
-4011
-4527
-4967
-5313
-5418
-5422
-5281
-4889
-4261
-3527
-2704
-1637
-527
537
1601
2654
3446
4052
4587
4841
4850
4735
4452
3996
3502
3015
2423
1818
1311
829
193
-342
-757
-1269
-1817
-2256
-2491
-2678
-2766
-2615
-2173
-1632
-941
-68
806
1544
2231
2921
3283
3345
3376
3287
2857
2320
1892
1377
684
34
-531
-1116
-1746
-2329
-2863
-3398
-3825
-4226
-4638
-4849
-4883
-4834
-4621
-4155
-3532
-2899
-2015
-900
41
928
2004
2931
3549
4040
4444
4534
4335
4125
3842
3296
2770
2347
1819
1263
820
434
-16
-453
-821
-1162
-1552
-1872
-2068
-2191
-2174
-1979
-1574
-998
-301
459
1187
1879
2475
2857
3030
3074
2938
2604
2237
1778
1225
677
158
-501
-1114
-1615
-2116
-2658
-3168
-3506
-3928
-4333
-4472
-4533
-4695
-4576
-4106
-3633
-3177
-2424
-1400
-521
254
1275
2267
2845
3397
3972
4169
4056
3989
3822
3333
2810
2475
1977
1405
1034
674
210
-131
-391
-726
-1135
-1401
-1530
-1767
-1796
-1642
-1333
-979
-417
265
913
1518
2068
2515
2733
2821
2748
2558
2226
1779
1281
743
209
-379
-992
-1435
-1900
-2452
-2928
-3186
-3493
-3891
-4099
-4067
-4070
-4113
-3806
-3253
-2743
-2294
-1490
-529
142
882
1817
2548
2972
3417
3798
3846
3659
3518
3297
2821
2344
1961
1503
1047
634
283
-16
-304
-574
-863
-1083
-1288
-1437
-1472
-1431
-1219
-869
-401
146
718
1221
1706
2119
2289
2353
2359
2200
1826
1410
1021
543
-22
-537
-1037
-1523
-1998
-2467
-2862
-3153
-3443
-3746
-3877
-3868
-3837
-3764
-3482
-3001
-2569
-2042
-1308
-546
92
809
1646
2248
2668
3128
3493
3526
3420
3334
3087
2708
2350
1993
1559
1143
797
463
158
-75
-351
-616
-789
-1036
-1199
-1198
-1120
-996
-732
-205
317
796
1319
1760
2064
2265
2324
2193
1934
1619
1207
681
210
-217
-742
-1324
-1726
-2118
-2557
-2940
-3195
-3394
-3660
-3831
-3820
-3725
-3637
-3307
-2861
-2364
-1833
-1179
-402
281
932
1662
2270
2730
3113
3382
3467
3383
3233
2954
2559
2164
1822
1350
921
601
326
1
-259
-368
-538
-792
-914
-914
-946
-933
-690
-334
26
450
1000
1491
1793
2125
2382
2400
2191
1999
1731
1206
651
178
-315
-917
-1467
-1910
-2300
-2726
-3169
-3446
-3576
-3779
-3936
-3815
-3571
-3431
-3148
-2594
-1989
-1559
-956
-89
552
997
1659
2411
2740
2897
3235
3414
3199
2944
2834
2504
1912
1525
1274
806
310
84
-86
-361
-664
-719
-739
-947
-1019
-854
-657
-545
-225
286
804
1229
1674
2149
2408
2468
2449
2369
2053
1567
1096
623
79
-539
-1075
-1556
-2104
-2594
-2981
-3274
-3538
-3752
-3865
-3899
-3812
-3595
-3307
-2945
-2454
-1871
-1297
-654
99
765
1335
1984
2494
2814
3089
3261
3176
2945
2802
2552
2030
1565
1243
786
244
-105
-302
-581
-828
-894
-905
-1021
-1020
-909
-758
-637
-345
124
590
1057
1513
2034
2400
2632
2728
2698
2493
2157
1725
1218
649
34
-571
-1208
-1773
-2242
-2678
-3143
-3448
-3644
-3804
-3919
-3889
-3701
-3481
-3182
-2689
-2116
-1504
-831
-130
593
1211
1809
2377
2769
3023
3189
3265
3151
2942
2658
2295
1837
1361
944
443
-37
-442
-714
-935
-1190
-1304
-1242
-1197
-1217
-1008
-696
-436
-162
356
894
1316
1744
2193
2561
2675
2687
2615
2404
2032
1536
1010
439
-178
-842
-1464
-2039
-2578
-3080
-3462
-3666
-3893
-4030
-3925
-3727
-3564
-3230
-2672
-2099
-1533
-799
-113
463
1121
1734
2212
2572
2916
3164
3161
3057
2912
2653
2302
1871
1384
968
515
23
-434
-829
-1096
-1382
-1585
-1585
-1542
-1465
-1216
-836
-478
-98
475
1060
1499
1969
2445
2687
2805
2916
2845
2541
2173
1811
1226
569
37
-528
-1307
-1932
-2361
-2877
-3449
-3845
-3933
-4048
-4242
-4141
-3749
-3403
-3033
-2402
-1588
-879
-252
581
1429
1961
2435
2991
3302
3293
3259
3256
2962
2497
2130
1748
1254
763
346
-122
-582
-968
-1351
-1726
-1930
-2058
-2115
-2035
-1813
-1466
-1064
-501
186
785
1442
2113
2650
2965
3215
3396
3277
2947
2644
2234
1573
915
388
-177
-1009
-1732
-2125
-2635
-3289
-3699
-3809
-4014
-4321
-4216
-3793
-3570
-3277
-2500
-1663
-999
-261
767
1686
2272
2915
3614
3964
3968
4010
3996
3544
2931
2525
2006
1211
562
192
-327
-937
-1351
-1620
-1984
-2379
-2555
-2548
-2612
-2592
-2225
-1729
-1276
-719
142
977
1649
2351
2987
3338
3452
3464
3347
2974
2430
1911
1261
485
-205
-903
-1703
-2343
-2846
-3369
-3923
-4205
-4224
-4390
-4489
-4143
-3690
-3346
-2801
-1945
-1049
-304
600
1718
2555
3176
3939
4521
4687
4658
4664
4385
3721
3106
2495
1694
881
211
-447
-1013
-1568
-2029
-2356
-2637
-2855
-3022
-2988
-2856
-2707
-2359
-1691
-1061
-359
576
1551
2349
2946
3532
3945
3945
3757
3563
3110
2399
1709
1022
190
-682
-1526
-2274
-3000
-3617
-4101
-4531
-4702
-4774
-4809
-4620
-4178
-3674
-3159
-2383
-1426
-532
339
1373
2397
3221
3984
4692
5179
5322
5321
5129
4653
3993
3243
2403
1513
693
-141
-898
-1546
-2074
-2554
-2941
-3187
-3368
-3444
-3374
-3124
-2749
-2263
-1623
-860
-9
881
1757
2574
3169
3631
3867
3869
3658
3312
2868
2194
1480
756
-78
-1058
-1936
-2660
-3429
-4183
-4721
-4914
-5094
-5290
-5083
-4597
-4141
-3605
-2747
-1745
-923
-42
1129
2172
2928
3766
4662
5204
5395
5605
5702
5278
4642
4079
3304
2286
1358
551
-271
-1152
-1868
-2384
-2910
-3365
-3637
-3769
-3790
-3724
-3394
-2860
-2314
-1583
-616
388
1271
2115
2902
3492
3809
3909
3858
3625
3196
2614
1957
1265
489
-403
-1328
-2144
-2970
-3778
-4490
-4922
-5198
-5496
-5445
-5033
-4575
-4124
-3263
-2260
-1443
-531
679
1767
2564
3477
4460
5096
5408
5798
5986
5723
5247
4802
4110
3130
2289
1491
499
-521
-1268
-1906
-2670
-3309
-3706
-3983
-4195
-4238
-3994
-3599
-3098
-2405
-1446
-464
445
1409
2307
2959
3380
3655
3711
3543
3260
2886
2330
1694
1097
295
-637
-1459
-2244
-3175
-4030
-4548
-4980
-5520
-5669
-5331
-5074
-4745
-3964
-2923
-2065
-1139
135
1313
2201
3169
4225
4929
5377
5852
6161
6081
5790
5456
4975
4213
3337
2484
1675
755
-269
-1104
-1780
-2574
-3389
-3791
-4032
-4422
-4552
-4104
-3650
-3297
-2466
-1258
-361
391
1447
2295
2685
2983
3314
3231
2872
2668
2320
1723
1162
616
-201
-1030
-1711
-2526
-3416
-4078
-4573
-5158
-5524
-5496
-5352
-5110
-4491
-3607
-2778
-1791
-633
555
1581
2616
3707
4492
5107
5662
6008
6046
5947
5717
5250
4572
3908
3174
2248
1369
507
-363
-1215
-2008
-2737
-3376
-3885
-4248
-4442
-4359
-4086
-3667
-2921
-1987
-1026
-41
952
1774
2412
2890
3141
3103
2983
2819
2366
1892
1545
1024
239
-406
-970
-1774
-2727
-3384
-3886
-4597
-5182
-5284
-5249
-5255
-4904
-4147
-3346
-2550
-1468
-222
863
1842
2931
3909
4657
5216
5700
6021
5971
5724
5449
5046
4417
3682
2981
2290
1357
427
-299
-1065
-1974
-2711
-3190
-3677
-4165
-4287
-4043
-3797
-3400
-2590
-1612
-755
71
944
1686
2113
2397
2570
2534
2319
2031
1687
1286
868
257
-357
-893
-1565
-2418
-3139
-3599
-4189
-4829
-5072
-5042
-5143
-4974
-4253
-3529
-2949
-2002
-744
276
1114
2276
3421
4117
4707
5397
5816
5761
5689
5647
5216
4596
4117
3548
2762
1978
1271
558
-228
-1019
-1710
-2345
-2939
-3426
-3645
-3609
-3546
-3238
-2505
-1746
-1084
-221
665
1231
1583
1986
2271
2112
1885
1799
1491
974
558
174
-429
-1038
-1509
-2093
-2830
-3405
-3813
-4324
-4719
-4775
-4701
-4624
-4261
-3566
-2857
-2113
-1134
-6
909
1797
2808
3686
4315
4791
5254
5402
5300
5156
4935
4491
3934
3381
2795
2161
1423
734
89
-614
-1325
-1995
-2504
-2946
-3343
-3423
-3268
-3098
-2684
-1984
-1198
-547
85
825
1288
1476
1681
1770
1606
1344
1117
824
437
53
-405
-899
-1346
-1873
-2523
-3012
-3343
-3802
-4243
-4298
-4153
-4151
-3891
-3200
-2537
-1955
-1032
87
955
1713
2756
3682
4203
4622
5158
5388
5238
5119
5005
4594
4039
3600
3076
2417
1707
1124
473
-236
-910
-1548
-2095
-2586
-3011
-3203
-3181
-3033
-2721
-2185
-1517
-888
-264
347
808
1059
1218
1210
1093
911
696
392
22
-291
-719
-1233
-1640
-2032
-2653
-3184
-3430
-3764
-4240
-4354
-4109
-4033
-3860
-3226
-2436
-1798
-1066
-10
961
1695
2593
3536
4176
4583
5036
5294
5232
5088
4936
4546
4091
3672
3154
2561
1960
1343
684
60
-538
-1219
-1826
-2235
-2644
-2923
-2908
-2718
-2503
-2068
-1405
-764
-268
255
743
982
1060
1003
868
662
375
54
-226
-492
-913
-1400
-1721
-2036
-2645
-3239
-3411
-3658
-4152
-4321
-3977
-3801
-3783
-3182
-2291
-1710
-1115
35
1137
1765
2497
3559
4235
4461
4851
5325
5266
4950
4865
4702
4158
3556
3178
2753
2099
1414
973
456
-251
-914
-1335
-1745
-2326
-2620
-2523
-2409
-2332
-1918
-1200
-690
-283
300
807
897
868
936
792
427
112
-74
-464
-904
-1264
-1656
-2117
-2566
-2981
-3410
-3761
-4078
-4314
-4465
-4385
-4193
-3885
-3354
-2692
-1947
-1173
-240
701
1547
2399
3236
3870
4334
4801
5101
5094
4958
4844
4575
4060
3605
3203
2639
1994
1479
1016
415
-183
-638
-1070
-1537
-1864
-2010
-2041
-2011
-1747
-1298
-817
-280
293
785
1058
1217
1229
1080
826
564
229
-196
-560
-846
-1214
-1756
-2174
-2471
-2967
-3558
-3920
-4070
-4424
-4731
-4554
-4217
-4016
-3576
-2737
-1876
-1201
-322
796
1618
2285
3118
3883
4258
4502
4870
4990
4712
4516
4436
3981
3428
3063
2632
2047
1431
1004
489
-198
-741
-1098
-1474
-1943
-2110
-1988
-1821
-1671
-1213
-562
-64
408
896
1293
1403
1407
1373
1069
634
319
-24
-523
-919
-1207
-1599
-2120
-2502
-2833
-3386
-3886
-4112
-4322
-4618
-4658
-4373
-4067
-3690
-3010
-2040
-1182
-392
652
1689
2483
3097
3808
4377
4616
4783
4896
4808
4597
4355
4043
3582
3102
2615
2169
1591
967
406
-101
-636
-1223
-1614
-1846
-2056
-2207
-1971
-1629
-1295
-791
-113
486
820
1172
1461
1393
1173
937
629
200
-261
-636
-997
-1344
-1822
-2240
-2591
-3008
-3519
-4012
-4260
-4541
-4824
-4851
-4594
-4288
-3855
-3112
-2220
-1326
-404
697
1753
2568
3338
4063
4598
4846
4992
5103
4990
4648
4363
4127
3659
3138
2720
2325
1751
1108
619
115
-542
-1148
-1545
-1816
-2116
-2258
-2016
-1673
-1325
-764
-49
564
1001
1370
1674
1686
1462
1195
819
359
-119
-547
-923
-1313
-1821
-2223
-2582
-3050
-3563
-3982
-4255
-4655
-4939
-4919
-4755
-4591
-4110
-3355
-2601
-1755
-726
421
1413
2337
3260
4001
4505
4878
5086
5143
5010
4752
4444
4072
3694
3225
2717
2264
1778
1139
611
151
-421
-1035
-1458
-1748
-2081
-2230
-2031
-1727
-1391
-796
-96
532
1033
1477
1771
1822
1685
1441
1073
652
173
-343
-779
-1145
-1690
-2235
-2541
-2961
-3571
-4049
-4247
-4574
-5007
-5053
-4828
-4693
-4428
-3680
-2846
-2102
-1114
19
1058
1963
2920
3761
4322
4734
5072
5199
5064
4820
4512
4133
3711
3256
2749
2323
1894
1286
727
294
-207
-863
-1341
-1555
-1870
-2098
-1954
-1658
-1382
-881
-114
549
1005
1476
1858
1974
1837
1679
1369
938
478
-39
-508
-905
-1444
-2033
-2402
-2826
-3460
-3965
-4207
-4565
-5083
-5172
-4871
-4860
-4668
-3858
-3024
-2428
-1561
-308
733
1446
2414
3437
4004
4336
4823
5098
4954
4762
4608
4270
3733
3316
2898
2389
1872
1377
856
375
-150
-737
-1181
-1515
-1835
-2099
-2049
-1782
-1491
-1015
-322
350
925
1440
1849
1992
1906
1810
1491
1057
676
216
-269
-722
-1161
-1734
-2220
-2625
-3181
-3771
-4131
-4447
-4898
-5079
-4980
-4805
-4596
-4016
-3265
-2577
-1674
-612
409
1254
2232
3233
3880
4322
4808
5111
5018
4846
4697
4421
3955
3513
3110
2565
2066
1552
1017
518
-41
-577
-1016
-1413
-1847
-2070
-2061
-1931
-1728
-1233
-548
-4
564
1179
1559
1728
1821
1780
1445
1071
786
350
-198
-565
-879
-1431
-2013
-2397
-2851
-3531
-4042
-4298
-4690
-5099
-5070
-4828
-4664
-4343
-3599
-2751
-2002
-1166
-31
1017
1788
2636
3516
4164
4504
4845
5090
4996
4759
4598
4322
3820
3349
3019
2565
1922
1382
940
330
-410
-937
-1324
-1754
-2142
-2224
-2087
-1932
-1624
-1016
-361
209
802
1339
1664
1757
1751
1679
1354
949
597
196
-221
-615
-1061
-1572
-2003
-2470
-3040
-3689
-4074
-4405
-4867
-5095
-4999
-4809
-4576
-4043
-3249
-2463
-1670
-614
435
1267
2096
3001
3722
4149
4545
4946
4968
4791
4663
4438
4033
3598
3190
2680
2174
1639
1079
469
-23
-576
-1182
-1595
-1926
-2113
-2161
-1989
-1651
-1283
-687
-29
549
1054
1454
1724
1786
1689
1459
1223
915
516
106
-175
-553
-1179
-1696
-2083
-2681
-3434
-3916
-4219
-4757
-5141
-5017
-4841
-4837
-4353
-3494
-2840
-2177
-1117
42
808
1595
2609
3363
3780
4257
4717
4839
4767
4782
4626
4175
3817
3489
3012
2466
1945
1377
821
252
-333
-901
-1348
-1676
-1998
-2078
-1945
-1758
-1414
-869
-279
268
853
1271
1532
1660
1706
1580
1274
1052
757
352
-8
-299
-814
-1401
-1818
-2307
-3012
-3611
-3905
-4359
-4837
-4949
-4785
-4713
-4461
-3765
-3033
-2359
-1500
-436
417
1204
2093
2916
3456
3914
4344
4583
4618
4515
4376
4145
3838
3382
2955
2574
2050
1391
815
351
-239
-868
-1273
-1565
-1926
-2087
-1918
-1756
-1556
-1092
-448
51
516
1077
1457
1600
1642
1647
1420
1174
941
589
162
-155
-547
-1203
-1688
-2128
-2736
-3401
-3771
-4120
-4679
-4900
-4730
-4687
-4595
-3987
-3202
-2615
-1924
-841
109
740
1578
2528
3151
3520
4049
4506
4531
4444
4463
4312
3925
3553
3223
2779
2190
1590
1084
597
-16
-635
-1060
-1371
-1726
-1966
-1833
-1666
-1533
-1124
-553
-59
351
954
1416
1524
1571
1677
1589
1236
980
754
349
-122
-385
-836
-1500
-2021
-2456
-3098
-3774
-4085
-4368
-4783
-4900
-4632
-4436
-4167
-3496
-2658
-1951
-1201
-163
741
1422
2233
3047
3562
3920
4346
4648
4642
4504
4390
4140
3729
3321
2866
2367
1804
1214
647
79
-495
-1009
-1374
-1715
-1986
-2052
-1858
-1693
-1384
-827
-231
271
767
1312
1581
1695
1768
1751
1524
1262
1052
709
234
-126
-473
-1133
-1731
-2192
-2793
-3536
-4073
-4313
-4751
-5082
-4906
-4644
-4509
-4066
-3198
-2417
-1814
-866
266
1053
1740
2680
3488
3887
4243
4696
4853
4657
4546
4471
4047
3531
3167
2752
2117
1420
898
282
-421
-1051
-1487
-1825
-2231
-2441
-2295
-2080
-1871
-1435
-781
-190
260
897
1438
1638
1733
1881
1885
1602
1302
1090
726
211
-159
-618
-1287
-1910
-2453
-3073
-3771
-4258
-4573
-4957
-5131
-4966
-4733
-4376
-3790
-3056
-2241
-1394
-410
570
1416
2319
3122
3752
4320
4747
5002
5051
5015
4827
4481
4110
3669
3074
2449
1918
1268
528
-69
-676
-1334
-1866
-2209
-2467
-2625
-2509
-2238
-1966
-1497
-801
-149
429
1039
1527
1807
2017
2133
2033
1825
1635
1311
833
445
49
-687
-1401
-1887
-2555
-3373
-3986
-4303
-4763
-5223
-5190
-4901
-4783
-4440
-3639
-2890
-2232
-1318
-143
770
1533
2564
3484
4038
4505
5000
5255
5202
5127
4994
4591
4046
3587
3019
2323
1629
933
306
-370
-1053
-1662
-2112
-2456
-2782
-2848
-2652
-2403
-2107
-1500
-794
-211
403
1147
1613
1810
2081
2306
2188
1915
1753
1483
973
474
38
-679
-1460
-2081
-2761
-3574
-4204
-4556
-4986
-5330
-5292
-5047
-4871
-4450
-3703
-2929
-2202
-1276
-167
784
1650
2655
3526
4137
4652
5067
5319
5322
5202
4937
4532
4016
3498
2847
2154
1467
733
3
-665
-1255
-1809
-2246
-2542
-2668
-2667
-2535
-2238
-1779
-1210
-617
38
748
1344
1738
2080
2363
2430
2285
2144
1934
1489
1014
611
37
-831
-1534
-2097
-2875
-3713
-4244
-4573
-5048
-5385
-5167
-4878
-4778
-4298
-3401
-2610
-1976
-955
248
1093
1887
2952
3808
4322
4799
5257
5412
5208
5050
4868
4371
3726
3194
2613
1860
1025
360
-251
-994
-1700
-2148
-2425
-2847
-3080
-2924
-2664
-2467
-2037
-1248
-578
-47
719
1498
1835
2100
2508
2605
2332
2107
1989
1535
867
445
-59
-932
-1733
-2298
-2945
-3747
-4332
-4602
-4947
-5227
-5129
-4855
-4610
-4158
-3440
-2586
-1733
-801
291
1313
2264
3161
3968
4645
5073
5337
5494
5439
5074
4662
4216
3590
2806
2131
1545
728
-77
-639
-1195
-1880
-2421
-2681
-2874
-3107
-3062
-2750
-2391
-2015
-1367
-590
54
691
1421
1981
2298
2527
2681
2670
2407
2112
1740
1218
579
-154
-953
-1662
-2344
-3105
-3758
-4206
-4562
-4908
-5016
-4851
-4674
-4387
-3761
-3018
-2341
-1517
-418
598
1417
2416
3470
4220
4707
5213
5544
5508
5300
5023
4578
3924
3289
2629
1879
1072
307
-360
-1011
-1632
-2195
-2567
-2847
-3096
-3203
-3015
-2741
-2434
-1871
-1150
-480
166
973
1639
2066
2432
2787
2852
2642
2472
2234
1655
992
450
-281
-1211
-1986
-2654
-3423
-4101
-4454
-4797
-5139
-5126
-4834
-4654
-4379
-3640
-2842
-2207
-1370
-216
749
1564
2610
3615
4250
4801
5378
5635
5535
5400
5160
4581
3904
3302
2527
1669
885
159
-592
-1284
-1863
-2390
-2782
-3001
-3158
-3217
-2983
-2674
-2299
-1710
-1004
-332
379
1186
1837
2224
2555
2892
2895
2661
2484
2162
1565
950
337
-529
-1417
-2149
-2888
-3663
-4292
-4630
-5006
-5238
-5104
-4878
-4642
-4189
-3453
-2730
-1961
-950
158
1067
2027
3089
3883
4528
5101
5530
5651
5571
5353
4920
4348
3739
3028
2178
1455
696
-121
-829
-1394
-2005
-2525
-2785
-2983
-3186
-3114
-2780
-2507
-2121
-1420
-630
14
743
1555
2135
2483
2844
3052
2988
2743
2465
1995
1328
694
-49
-966
-1831
-2543
-3296
-4031
-4496
-4798
-5189
-5305
-5042
-4832
-4609
-4067
-3235
-2541
-1835
-773
352
1246
2187
3264
4090
4654
5182
5619
5638
5396
5170
4759
4094
3377
2705
1977
1102
304
-353
-994
-1664
-2237
-2607
-2835
-3055
-3161
-2944
-2642
-2310
-1798
-1043
-315
313
1089
1843
2285
2591
2983
3135
2895
2595
2372
1847
1093
439
-296
-1157
-2053
-2835
-3563
-4219
-4692
-5028
-5279
-5243
-5056
-4909
-4444
-3762
-3062
-2335
-1374
-295
584
1502
2641
3554
4148
4824
5429
5581
5438
5357
5065
4420
3787
3226
2436
1604
866
117
-626
-1282
-1819
-2292
-2668
-2895
-3011
-3004
-2770
-2478
-2092
-1468
-730
-81
648
1461
2023
2389
2785
3049
2967
2793
2631
2200
1530
975
339
-637
-1539
-2234
-3012
-3888
-4377
-4652
-5060
-5250
-4978
-4678
-4517
-3984
-3166
-2451
-1786
-764
345
1198
2118
3165
4006
4571
5097
5570
5661
5484
5265
4895
4285
3577
2875
2108
1263
422
-296
-972
-1618
-2268
-2673
-2938
-3214
-3295
-3107
-2805
-2481
-1976
-1287
-589
45
778
1499
1924
2237
2556
2649
2480
2235
2028
1550
944
389
-394
-1206
-1997
-2752
-3540
-4180
-4554
-4935
-5277
-5178
-4935
-4794
-4347
-3597
-2842
-2204
-1235
-35
802
1636
2796
3738
4295
4866
5488
5673
5531
5446
5238
4634
3961
3405
2679
1800
991
300
-447
-1168
-1772
-2233
-2609
-2899
-3104
-3062
-2817
-2552
-2152
-1469
-735
-133
596
1391
1889
2161
2518
2747
2591
2341
2211
1843
1201
632
68
-804
-1672
-2334
-3102
-3934
-4420
-4712
-5186
-5385
-5112
-4881
-4717
-4118
-3220
-2535
-1829
-708
419
1242
2188
3299
4081
4604
5197
5664
5650
5449
5320
4990
4335
3668
3077
2350
1506
723
58
-647
-1333
-1918
-2342
-2705
-3033
-3093
-2894
-2659
-2376
-1791
-982
-359
233
1061
1794
2083
2339
2722
2713
2398
2155
1975
1377
690
220
-466
-1373
-2130
-2730
-3538
-4249
-4626
-4939
-5277
-5289
-5016
-4781
-4365
-3664
-2885
-2143
-1214
-112
822
1717
2728
3630
4306
4888
5309
5484
5434
5258
4910
4362
3823
3134
2404
1714
1009
250
-413
-974
-1613
-2168
-2467
-2696
-2976
-2955
-2686
-2408
-2060
-1422
-642
-8
703
1462
2019
2271
2524
2663
2494
2211
2006
1623
976
413
-231
-1025
-1783
-2440
-3205
-3941
-4353
-4674
-5069
-5235
-5011
-4792
-4533
-3912
-3091
-2381
-1603
-465
537
1352
2309
3344
4041
4552
5069
5416
5403
5209
5008
4562
3976
3348
2692
1970
1237
519
-171
-734
-1294
-1854
-2249
-2502
-2743
-2892
-2701
-2455
-2203
-1692
-945
-301
316
1136
1844
2185
2427
2725
2678
2399
2147
1872
1287
661
201
-508
-1385
-2069
-2652
-3458
-4150
-4444
-4744
-5124
-5134
-4814
-4592
-4232
-3486
-2640
-1932
-1068
91
1058
1859
2840
3795
4381
4833
5275
5461
5367
5179
4830
4277
3681
3037
2328
1584
858
127
-531
-1078
-1664
-2207
-2538
-2765
-2997
-3076
-2820
-2531
-2197
-1584
-793
-148
507
1337
1919
2177
2417
2635
2473
2125
1920
1559
907
312
-242
-1010
-1810
-2472
-3118
-3839
-4307
-4559
-4914
-5119
-4911
-4628
-4379
-3835
-3016
-2221
-1461
-392
670
1522
2448
3439
4235
4745
5260
5625
5646
5424
5156
4745
4117
3413
2725
2044
1272
501
-220
-820
-1417
-2055
-2478
-2725
-2981
-3163
-2998
-2703
-2434
-1965
-1225
-463
138
930
1751
2192
2423
2723
2798
2486
2169
1900
1385
673
144
-496
-1366
-2088
-2684
-3390
-4084
-4442
-4757
-5154
-5206
-4912
-4704
-4428
-3662
-2829
-2151
-1324
-102
914
1639
2689
3747
4366
4794
5368
5673
5468
5261
5102
4506
3737
3178
2517
1635
852
223
-478
-1169
-1709
-2163
-2589
-2856
-3025
-3099
-2924
-2591
-2203
-1647
-891
-179
498
1331
2043
2382
2678
2947
2874
2546
2299
2009
1345
682
210
-513
-1440
-2168
-2763
-3567
-4223
-4482
-4789
-5149
-5135
-4798
-4590
-4233
-3489
-2648
-1929
-1026
152
1124
1970
2936
3810
4401
4913
5332
5466
5400
5119
4717
4194
3557
2812
2085
1385
622
-151
-764
-1262
-1897
-2420
-2649
-2843
-3105
-3072
-2706
-2412
-2072
-1370
-533
93
750
1628
2222
2472
2737
2916
2727
2396
2114
1661
995
427
-116
-946
-1718
-2315
-3007
-3716
-4283
-4564
-4890
-5174
-5050
-4792
-4556
-4071
-3293
-2479
-1722
-719
426
1317
2180
3144
3967
4502
4935
5312
5418
5198
4905
4515
3917
3242
2562
1914
1212
446
-200
-734
-1318
-1886
-2324
-2590
-2797
-2988
-2876
-2562
-2233
-1780
-1088
-304
330
1035
1805
2305
2578
2789
2883
2686
2329
1975
1524
883
287
-277
-1052
-1799
-2438
-3071
-3732
-4169
-4419
-4791
-4935
-4716
-4436
-4209
-3689
-2849
-2048
-1340
-293
816
1664
2553
3524
4283
4687
5092
5401
5333
5018
4739
4306
3615
2925
2305
1610
839
147
-466
-1080
-1619
-2147
-2508
-2777
-3027
-3114
-2971
-2662
-2392
-1916
-1199
-500
95
845
1638
2067
2292
2584
2672
2376
2092
1836
1299
639
173
-380
-1218
-1926
-2464
-3063
-3725
-4132
-4358
-4690
-4838
-4614
-4342
-4052
-3490
-2682
-1887
-1136
-115
965
1857
2721
3638
4360
4785
5145
5366
5290
5008
4667
4199
3570
2936
2260
1562
872
176
-455
-1026
-1571
-2058
-2423
-2678
-2878
-2948
-2815
-2504
-2116
-1602
-929
-204
498
1214
1831
2247
2525
2736
2712
2458
2202
1832
1261
689
171
-502
-1278
-1922
-2500
-3174
-3803
-4133
-4441
-4832
-4875
-4620
-4409
-4200
-3536
-2654
-1991
-1221
-88
971
1745
2610
3607
4282
4600
5007
5300
5130
4754
4478
4039
3328
2622
2029
1401
631
-32
-564
-1119
-1735
-2203
-2452
-2742
-3006
-2981
-2718
-2460
-2130
-1505
-711
-98
533
1353
1986
2264
2484
2737
2657
2302
2017
1738
1153
509
45
-567
-1417
-2095
-2598
-3219
-3847
-4202
-4404
-4704
-4812
-4543
-4290
-3973
-3356
-2541
-1774
-956
103
1144
1976
2867
3744
4362
4816
5131
5268
5138
4860
4477
3926
3322
2727
2064
1359
714
93
-542
-1113
-1592
-2043
-2405
-2597
-2733
-2744
-2532
-2164
-1717
-1174
-486
205
848
1469
2008
2331
2521
2548
2425
2172
1812
1387
823
297
-293
-1009
-1732
-2337
-2878
-3553
-4053
-4282
-4570
-4846
-4728
-4408
-4234
-3893
-3132
-2263
-1625
-784
383
1326
2078
2960
3852
4316
4623
4985
5060
4704
4369
4100
3529
2796
2230
1769
1049
336
-167
-672
-1246
-1760
-2033
-2298
-2569
-2640
-2483
-2214
-1949
-1453
-787
-137
426
1144
1852
2245
2419
2625
2742
2510
2106
1819
1400
727
138
-362
-1072
-1897
-2475
-2880
-3523
-4082
-4239
-4395
-4618
-4565
-4146
-3824
-3498
-2776
-1898
-1215
-400
622
1536
2283
3040
3831
4355
4587
4782
4840
4592
4207
3775
3278
2638
1996
1394
817
166
-419
-890
-1362
-1838
-2205
-2378
-2515
-2564
-2454
-2148
-1750
-1288
-649
53
686
1262
1836
2237
2402
2480
2462
2259
1876
1501
1044
449
-87
-689
-1410
-2063
-2619
-3186
-3755
-4113
-4285
-4533
-4642
-4375
-3994
-3753
-3259
-2375
-1595
-975
-31
1109
1900
2565
3446
4148
4436
4665
4965
4841
4382
4110
3779
3110
2421
1981
1359
605
30
-419
-979
-1531
-1896
-2146
-2400
-2580
-2471
-2276
-2014
-1623
-1064
-435
170
770
1381
1886
2190
2360
2489
2437
2073
1719
1392
849
212
-330
-893
-1666
-2346
-2804
-3378
-3993
-4239
-4339
-4647
-4660
-4242
-3936
-3693
-3024
-2076
-1429
-713
391
1375
2010
2798
3781
4269
4493
4849
5062
4767
4392
4164
3656
2914
2337
1840
1132
401
-110
-615
-1230
-1704
-2009
-2294
-2485
-2530
-2411
-2152
-1848
-1442
-844
-210
338
935
1567
2001
2172
2361
2439
2247
1894
1621
1276
617
28
-381
-1073
-1891
-2467
-2935
-3550
-4105
-4239
-4373
-4597
-4511
-4123
-3773
-3454
-2758
-1860
-1186
-408
658
1622
2351
3111
3893
4409
4662
4852
4944
4676
4274
3857
3347
2668
2046
1487
860
209
-381
-881
-1397
-1880
-2194
-2405
-2593
-2597
-2446
-2192
-1837
-1333
-710
-141
464
1135
1700
2071
2290
2461
2449
2229
1963
1632
1134
574
91
-493
-1263
-1939
-2481
-3027
-3656
-4022
-4169
-4423
-4560
-4349
-3972
-3723
-3248
-2428
-1610
-967
-109
966
1769
2422
3235
3982
4345
4588
4865
4842
4499
4118
3759
3186
2467
1894
1350
672
-16
-491
-950
-1517
-1918
-2134
-2298
-2486
-2467
-2195
-1859
-1482
-978
-301
260
797
1391
1898
2180
2313
2462
2397
2074
1704
1348
779
171
-328
-995
-1737
-2319
-2810
-3443
-3978
-4207
-4386
-4657
-4605
-4195
-3946
-3653
-2937
-2052
-1424
-683
422
1319
1940
2747
3646
4099
4318
4707
4895
4557
4197
4019
3547
2748
2185
1759
1077
338
-172
-589
-1160
-1661
-1917
-2105
-2368
-2497
-2304
-1987
-1735
-1338
-662
-33
392
985
1690
2047
2159
2376
2552
2279
1857
1633
1302
599
-1
-457
-1202
-2020
-2539
-2971
-3674
-4184
-4263
-4413
-4645
-4511
-4057
-3731
-3402
-2621
-1711
-1062
-295
777
1660
2290
3081
3912
4328
4499
4769
4840
4517
4144
3836
3331
2627
2029
1516
843
140
-372
-811
-1369
-1837
-2061
-2212
-2388
-2452
-2219
-1868
-1578
-1120
-460
108
597
1188
1801
2077
2164
2350
2397
2112
1729
1462
1050
390
-172
-720
-1451
-2182
-2753
-3275
-3852
-4225
-4387
-4605
-4675
-4381
-4036
-3698
-3112
-2287
-1532
-835
211
1195
1907
2671
3536
4096
4430
4779
4959
4735
4426
4209
3734
3026
2466
1978
1292
586
32
-491
-1062
-1564
-1946
-2207
-2370
-2476
-2435
-2158
-1887
-1523
-953
-277
274
787
1473
2027
2204
2313
2513
2410
2023
1741
1506
903
193
-243
-821
-1705
-2391
-2828
-3415
-4121
-4349
-4368
-4669
-4744
-4317
-3903
-3636
-3062
-2139
-1372
-736
274
1284
2003
2716
3549
4140
4397
4658
4844
4632
4271
3945
3515
2873
2238
1710
1075
421
-132
-696
-1246
-1710
-2091
-2346
-2494
-2534
-2464
-2194
-1820
-1413
-931
-264
369
910
1502
2022
2294
2411
2542
2464
2092
1729
1390
812
233
-262
-916
-1710
-2337
-2830
-3491
-4044
-4250
-4373
-4638
-4568
-4120
-3831
-3509
-2778
-1830
-1199
-462
642
1580
2186
2965
3871
4328
4567
4901
5051
4690
4296
4037
3523
2791
2212
1708
994
254
-230
-721
-1329
-1829
-2089
-2322
-2541
-2562
-2420
-2114
-1815
-1387
-790
-154
407
963
1599
2058
2233
2372
2517
2342
1900
1610
1270
613
-35
-511
-1209
-2035
-2582
-3052
-3673
-4189
-4321
-4480
-4728
-4575
-4132
-3837
-3497
-2756
-1871
-1269
-479
632
1503
2186
3027
3847
4252
4534
4849
4887
4546
4275
3975
3351
2730
2210
1617
876
254
-199
-779
-1328
-1681
-1929
-2241
-2398
-2338
-2176
-1955
-1599
-1075
-544
-6
577
1191
1716
2071
2334
2508
2513
2298
1994
1672
1196
570
5
-537
-1308
-2040
-2566
-3078
-3744
-4166
-4275
-4422
-4673
-4472
-3992
-3796
-3440
-2609
-1738
-1154
-352
771
1635
2225
3070
3927
4306
4503
4774
4815
4432
4036
3754
3207
2471
1939
1423
732
97
-382
-882
-1409
-1810
-2086
-2266
-2412
-2414
-2281
-2017
-1642
-1234
-661
-57
511
1105
1681
2083
2246
2395
2473
2247
1852
1562
1129
464
-49
-582
-1289
-2033
-2558
-2997
-3642
-3991
-4060
-4247
-4432
-4180
-3757
-3572
-3194
-2359
-1522
-957
-87
1013
1798
2433
3246
4025
4341
4566
4834
4731
4324
3983
3655
3037
2373
1846
1248
535
-72
-545
-1078
-1599
-1977
-2221
-2414
-2587
-2551
-2352
-2044
-1665
-1153
-549
33
627
1207
1732
2075
2279
2402
2371
2110
1766
1459
965
380
-175
-766
-1457
-2138
-2661
-3171
-3690
-4008
-4154
-4342
-4352
-4021
-3750
-3433
-2811
-1986
-1308
-601
464
1419
2148
2925
3795
4309
4533
4832
4949
4637
4307
4036
3508
2790
2248
1711
950
248
-206
-718
-1343
-1765
-1998
-2293
-2546
-2534
-2428
-2264
-1946
-1464
-937
-410
212
868
1421
1828
2087
2286
2298
2123
1878
1563
1173
596
42
-478
-1173
-1911
-2474
-2960
-3533
-3977
-4073
-4270
-4487
-4284
-3922
-3691
-3330
-2575
-1732
-1133
-309
830
1662
2302
3160
3966
4339
4569
4900
4931
4534
4228
3947
3343
2577
2044
1529
771
125
-334
-874
-1461
-1874
-2125
-2376
-2576
-2534
-2353
-2127
-1806
-1315
-713
-144
401
1006
1575
1893
2117
2277
2299
2072
1737
1453
1007
389
-145
-701
-1394
-2043
-2584
-3093
-3670
-3975
-4110
-4348
-4401
-4121
-3817
-3565
-3016
-2198
-1518
-879
188
1188
1827
2572
3504
4109
4317
4683
4933
4637
4303
4159
3728
2957
2432
2000
1294
538
131
-286
-968
-1446
-1715
-1996
-2300
-2377
-2258
-2147
-1933
-1492
-950
-444
74
691
1293
1708
1949
2153
2281
2143
1804
1477
1184
683
118
-385
-949
-1652
-2257
-2751
-3293
-3778
-3988
-4161
-4358
-4227
-3908
-3680
-3304
-2616
-1873
-1261
-469
539
1332
2040
2852
3571
4002
4299
4572
4551
4292
4059
3765
3196
2622
2165
1559
903
346
-156
-728
-1218
-1553
-1857
-2176
-2317
-2306
-2231
-2048
-1694
-1203
-692
-151
433
976
1485
1817
1991
2119
2093
1876
1589
1300
884
350
-81
-624
-1324
-1909
-2393
-2920
-3558
-3863
-3968
-4248
-4375
-4055
-3744
-3536
-3013
-2161
-1480
-905
99
1115
1763
2398
3270
3898
4140
4447
4716
4557
4226
3969
3621
2964
2389
1924
1323
651
118
-332
-860
-1358
-1729
-2009
-2277
-2369
-2337
-2145
-1844
-1442
-943
-375
217
752
1285
1752
1984
2109
2166
2060
1725
1388
1097
634
72
-409
-948
-1611
-2227
-2698
-3172
-3728
-3977
-4081
-4260
-4212
-3892
-3580
-3207
-2604
-1754
-1067
-343
655
1524
2203
2927
3658
4123
4337
4565
4624
4367
4034
3729
3284
2636
2101
1612
979
350
-118
-641
-1201
-1646
-1943
-2192
-2396
-2426
-2287
-2070
-1777
-1338
-791
-210
315
874
1413
1773
1894
1981
2035
1798
1409
1111
768
218
-251
-672
-1271
-1876
-2386
-2812
-3383
-3751
-3918
-4123
-4228
-4011
-3678
-3435
-2911
-2127
-1416
-817
95
1055
1743
2426
3244
3864
4128
4422
4644
4492
4208
4000
3649
3020
2518
2103
1505
849
372
-117
-717
-1203
-1565
-1886
-2184
-2290
-2243
-2102
-1851
-1490
-1025
-459
83
620
1169
1653
1908
1989
2108
1992
1611
1317
1029
509
-60
-467
-946
-1677
-2257
-2656
-3218
-3786
-4002
-4151
-4470
-4474
-4110
-3847
-3605
-2939
-2089
-1478
-781
319
1238
1802
2584
3449
3895
4097
4456
4592
4345
4064
3854
3449
2839
2370
1921
1351
736
219
-236
-743
-1243
-1626
-1863
-2062
-2176
-2137
-1886
-1605
-1300
-751
-145
351
823
1451
1885
1970
2052
2157
2002
1567
1284
1065
482
-90
-459
-1001
-1721
-2253
-2618
-3232
-3733
-3872
-4043
-4271
-4170
-3789
-3537
-3204
-2497
-1664
-1022
-249
730
1556
2217
2926
3603
3979
4234
4466
4427
4209
3940
3613
3128
2596
2097
1589
974
438
-67
-615
-1091
-1511
-1834
-2093
-2249
-2319
-2279
-2015
-1677
-1271
-716
-158
373
890
1413
1723
1858
1973
1954
1692
1359
1121
708
146
-313
-755
-1384
-1956
-2414
-2933
-3450
-3764
-3942
-4203
-4289
-4003
-3733
-3499
-2944
-2186
-1524
-866
88
996
1629
2398
3213
3730
4035
4395
4573
4372
4108
3917
3522
2953
2484
2049
1452
847
376
-119
-678
-1157
-1546
-1881
-2122
-2254
-2282
-2141
-1868
-1537
-1053
-486
30
509
1123
1656
1866
1969
2119
2045
1683
1386
1185
703
81
-312
-794
-1507
-2052
-2428
-2933
-3531
-3746
-3864
-4167
-4192
-3877
-3614
-3389
-2758
-1929
-1294
-636
390
1283
1897
2618
3414
3886
4109
4428
4580
4352
4078
3872
3454
2843
2372
1880
1231
621
135
-381
-942
-1384
-1747
-2066
-2292
-2352
-2353
-2186
-1863
-1492
-1045
-478
98
610
1133
1581
1808
1907
1978
1854
1525
1223
943
464
-68
-492
-1019
-1667
-2175
-2620
-3179
-3627
-3832
-4007
-4223
-4149
-3792
-3536
-3205
-2496
-1692
-1080
-309
713
1524
2115
2912
3677
4036
4255
4570
4619
4342
4093
3859
3392
2793
2344
1867
1201
635
132
-383
-954
-1433
-1757
-2083
-2277
-2332
-2214
-2020
-1728
-1312
-728
-178
293
844
1397
1738
1864
2003
2037
1772
1443
1190
815
244
-205
-595
-1287
-1944
-2402
-2856
-3468
-3904
-4012
-4259
-4483
-4266
-3894
-3654
-3256
-2460
-1649
-1077
-235
818
1563
2195
3017
3727
4059
4311
4596
4580
4290
4040
3741
3225
2676
2188
1610
984
407
-101
-668
-1181
-1566
-1920
-2182
-2296
-2293
-2198
-1931
-1551
-1126
-607
1
568
1043
1502
1860
1989
2011
1957
1763
1445
1145
773
273
-228
-743
-1315
-1894
-2418
-2971
-3442
-3723
-3960
-4212
-4217
-3939
-3702
-3444
-2804
-1999
-1393
-692
348
1232
1826
2558
3384
3832
4040
4384
4544
4337
4051
3877
3475
2850
2410
1975
1338
673
186
-279
-875
-1366
-1721
-2016
-2271
-2351
-2243
-2057
-1782
-1349
-840
-279
246
770
1322
1719
1886
1976
2053
1866
1502
1214
922
391
-71
-475
-1075
-1683
-2184
-2637
-3214
-3665
-3857
-4091
-4386
-4312
-3952
-3760
-3422
-2652
-1807
-1255
-473
584
1407
2008
2768
3537
3900
4091
4387
4462
4193
3982
3770
3331
2777
2335
1854
1264
670
172
-335
-878
-1360
-1710
-1986
-2176
-2222
-2132
-1865
-1512
-1121
-566
29
536
1013
1491
1811
1873
1929
1912
1694
1313
1015
660
108
-375
-837
-1418
-2043
-2511
-2986
-3560
-3888
-4069
-4312
-4399
-4164
-3863
-3577
-3015
-2186
-1497
-794
182
1097
1749
2506
3317
3824
4108
4449
4602
4412
4193
4003
3593
3001
2587
2168
1518
920
476
-81
-713
-1194
-1553
-1947
-2238
-2358
-2322
-2189
-1895
-1483
-972
-396
156
690
1176
1539
1677
1793
1823
1599
1268
1050
744
223
-232
-583
-1145
-1821
-2251
-2622
-3237
-3698
-3747
-3965
-4283
-4120
-3696
-3460
-3160
-2369
-1497
-915
-125
963
1822
2414
3195
3972
4310
4464
4673
4723
4453
4122
3862
3443
2880
2377
1865
1319
700
87
-458
-971
-1479
-1919
-2168
-2261
-2344
-2291
-1946
-1606
-1232
-691
-72
455
882
1351
1667
1704
1691
1681
1449
1085
786
452
-53
-562
-1038
-1583
-2155
-2657
-3166
-3658
-3956
-4212
-4424
-4432
-4185
-3941
-3608
-2957
-2165
-1488
-737
269
1142
1825
2599
3395
3855
4149
4468
4592
4381
4170
3958
3532
2989
2555
2111
1492
923
425
-138
-715
-1186
-1575
-1882
-2155
-2249
-2204
-2009
-1655
-1287
-742
-143
418
937
1437
1828
1968
2019
2034
1850
1505
1242
920
395
-94
-500
-1101
-1711
-2217
-2724
-3307
-3725
-3906
-4243
-4471
-4307
-4055
-3864
-3462
-2680
-1940
-1291
-348
711
1424
2084
2962
3665
3961
4255
4525
4481
4251
4057
3821
3309
2838
2434
1864
1230
721
237
-332
-888
-1278
-1650
-1996
-2114
-2208
-2167
-1920
-1579
-1115
-587
-5
538
1058
1508
1745
1856
1918
1810
1521
1223
901
465
-40
-432
-962
-1584
-2088
-2548
-3128
-3650
-3857
-4085
-4359
-4425
-4120
-3892
-3687
-3058
-2270
-1626
-921
97
987
1615
2352
3209
3706
3955
4324
4547
4392
4172
4025
3646
3101
2673
2239
1639
1037
559
48
-517
-1018
-1391
-1705
-1983
-2102
-2056
-1877
-1624
-1258
-757
-226
285
795
1310
1676
1834
1927
1963
1796
1443
1151
859
395
-94
-486
-1027
-1672
-2209
-2654
-3235
-3702
-3898
-4122
-4319
-4208
-3882
-3678
-3277
-2560
-1825
-1205
-376
609
1349
1967
2740
3449
3784
4035
4381
4406
4161
3988
3785
3321
2799
2419
1947
1292
747
276
-319
-878
-1297
-1667
-2025
-2220
-2233
-2141
-1955
-1627
-1192
-730
-216
308
850
1270
1480
1638
1680
1604
1345
1045
793
411
-58
-480
-958
-1532
-2029
-2471
-2991
-3541
-3757
-3908
-4200
-4241
-3900
-3602
-3364
-2786
-1893
-1267
-666
353
1302
1870
2516
3374
3873
4004
4305
4574
4399
4132
3983
3703
3154
2654
2217
1658
1023
499
-23
-579
-1084
-1496
-1815
-2080
-2215
-2240
-2042
-1729
-1414
-921
-319
247
687
1188
1617
1746
1770
1807
1696
1326
994
729
279
-209
-603
-1074
-1693
-2222
-2629
-3163
-3636
-3843
-4034
-4275
-4153
-3833
-3594
-3220
-2503
-1759
-1179
-358
650
1382
1938
2712
3433
3782
4028
4378
4403
4127
3959
3778
3261
2709
2346
1888
1247
707
292
-247
-817
-1251
-1567
-1915
-2151
-2220
-2109
-1920
-1653
-1205
-656
-125
329
856
1358
1590
1725
1813
1800
1572
1232
1045
668
104
-306
-713
-1329
-1935
-2363
-2818
-3422
-3764
-3886
-4131
-4316
-4095
-3724
-3507
-3075
-2240
-1482
-921
-55
950
1645
2225
3007
3658
3929
4186
4479
4477
4228
4019
3762
3278
2752
2298
1781
1164
590
81
-441
-957
-1404
-1744
-2025
-2190
-2221
-2090
-1791
-1464
-1017
-492
78
562
1021
1429
1635
1748
1772
1715
1489
1198
930
518
42
-368
-914
-1533
-2088
-2532
-3106
-3596
-3811
-4046
-4307
-4241
-3940
-3720
-3418
-2750
-1951
-1387
-640
354
1153
1713
2452
3201
3578
3859
4214
4345
4145
4017
3941
3539
3017
2653
2179
1531
941
456
-137
-726
-1170
-1540
-1872
-2107
-2162
-2124
-1914
-1613
-1231
-769
-221
311
805
1234
1491
1610
1693
1700
1487
1215
1021
716
238
-145
-564
-1134
-1750
-2200
-2667
-3269
-3649
-3834
-4090
-4251
-4048
-3752
-3500
-3046
-2249
-1520
-959
-37
901
1555
2193
2960
3566
3824
4117
4375
4309
4102
3967
3666
3167
2746
2290
1722
1159
634
73
-519
-1030
-1481
-1891
-2169
-2263
-2309
-2167
-1846
-1478
-1063
-535
71
530
969
1385
1595
1693
1713
1657
1403
1120
907
531
79
-322
-806
-1377
-1924
-2411
-2958
-3446
-3693
-3972
-4199
-4140
-3875
-3645
-3275
-2595
-1883
-1286
-462
526
1287
1908
2670
3348
3666
3945
4283
4323
4128
4051
3888
3428
2920
2587
2074
1418
876
387
-219
-805
-1225
-1598
-2007
-2244
-2261
-2194
-2037
-1743
-1307
-796
-248
283
805
1303
1556
1676
1768
1741
1483
1169
992
635
133
-238
-600
-1210
-1825
-2229
-2700
-3333
-3663
-3762
-4013
-4201
-3976
-3626
-3432
-3015
-2196
-1461
-934
-82
923
1597
2178
2968
3627
3895
4115
4385
4373
4116
3889
3604
3177
2686
2215
1709
1112
524
-16
-549
-1049
-1507
-1896
-2118
-2252
-2312
-2172
-1853
-1519
-1160
-556
38
462
894
1379
1606
1657
1707
1647
1400
1095
892
561
83
-377
-840
-1363
-1950
-2429
-2928
-3364
-3658
-3910
-4059
-3985
-3791
-3570
-3165
-2552
-1890
-1257
-421
496
1234
1902
2678
3333
3695
3977
4289
4359
4219
4114
3908
3485
3011
2600
2099
1495
942
408
-159
-718
-1181
-1536
-1859
-2071
-2152
-2118
-1935
-1650
-1244
-749
-229
250
739
1169
1380
1519
1613
1574
1326
1057
859
516
37
-391
-838
-1413
-2013
-2443
-2928
-3448
-3708
-3950
-4182
-4212
-3938
-3724
-3427
-2789
-2077
-1505
-808
175
957
1523
2257
3065
3505
3791
4195
4394
4247
4111
4031
3642
3111
2714
2286
1689
1046
583
67
-524
-1002
-1355
-1654
-1938
-2077
-2021
-1850
-1630
-1284
-799
-270
149
615
1172
1502
1580
1694
1809
1623
1261
1127
867
320
-108
-478
-1048
-1720
-2193
-2652
-3267
-3699
-3883
-4129
-4264
-4065
-3757
-3524
-3091
-2307
-1699
-1133
-249
646
1265
1894
2700
3246
3494
3873
4172
4085
3931
3890
3647
3125
2751
2380
1809
1198
730
251
-346
-799
-1174
-1574
-1862
-1979
-2028
-1945
-1693
-1379
-974
-478
34
460
936
1401
1573
1658
1785
1753
1395
1121
982
563
14
-347
-797
-1461
-2038
-2436
-2963
-3521
-3740
-3904
-4101
-4086
-3805
-3503
-3143
-2519
-1812
-1243
-526
371
1093
1706
2428
3103
3490
3855
4151
4184
4107
4033
3823
3387
2979
2573
2006
1424
931
379
-235
-676
-1073
-1540
-1865
-2000
-2047
-2080
-1871
-1545
-1193
-748
-220
246
695
1151
1404
1535
1600
1639
1417
1136
955
665
207
-265
-677
-1216
-1834
-2343
-2823
-3338
-3724
-3952
-4126
-4127
-3920
-3631
-3223
-2634
-1964
-1388
-664
197
936
1579
2305
2973
3376
3762
4109
4181
4096
4064
3907
3514
3089
2718
2236
1621
1057
539
-73
-595
-1034
-1463
-1833
-2086
-2189
-2248
-2134
-1871
-1584
-1134
-601
-123
328
856
1248
1368
1449
1586
1450
1118
934
757
359
-114
-490
-935
-1544
-2081
-2529
-3020
-3423
-3662
-3826
-3885
-3752
-3506
-3201
-2700
-2019
-1443
-742
115
906
1544
2252
2999
3457
3792
4182
4397
4295
4229
4178
3820
3302
2955
2540
1899
1274
818
238
-447
-895
-1258
-1735
-2038
-2148
-2173
-2140
-1985
-1622
-1274
-847
-328
137
585
1036
1266
1388
1491
1464
1240
1002
810
446
-15
-368
-768
-1382
-1914
-2309
-2789
-3326
-3636
-3848
-4080
-4114
-3859
-3586
-3278
-2689
-1966
-1365
-645
243
996
1617
2287
2990
3421
3706
4009
4143
4064
3973
3851
3490
3042
2656
2195
1680
1143
618
67
-428
-880
-1339
-1688
-1846
-1943
-1985
-1842
-1566
-1236
-871
-352
114
528
1012
1359
1502
1597
1660
1526
1240
1065
806
345
-111
-482
-958
-1588
-2117
-2566
-3101
-3539
-3766
-3942
-4089
-3963
-3665
-3398
-2973
-2326
-1640
-1039
-287
537
1210
1840
2530
3083
3426
3763
3975
4006
3952
3863
3611
3234
2854
2406
1893
1310
816
308
-275
-699
-1112
-1526
-1797
-1958
-2020
-1972
-1780
-1467
-1120
-661
-169
274
728
1136
1373
1463
1548
1540
1306
1048
835
501
75
-338
-773
-1276
-1821
-2263
-2726
-3166
-3472
-3706
-3822
-3774
-3584
-3355
-2979
-2356
-1768
-1190
-424
383
1063
1669
2426
3008
3321
3666
3983
4010
3902
3863
3734
3289
2918
2615
2104
1517
1025
579
4
-550
-929
-1306
-1679
-1899
-1977
-1957
-1943
-1698
-1361
-1007
-539
-84
409
844
1156
1315
1405
1417
1257
1007
791
522
94
-305
-710
-1230
-1730
-2157
-2600
-3078
-3370
-3553
-3801
-3871
-3669
-3445
-3203
-2697
-2015
-1428
-827
21
843
1427
2047
2775
3278
3560
3892
4165
4072
3930
3872
3601
3115
2714
2336
1801
1206
736
252
-312
-794
-1198
-1544
-1890
-2041
-2060
-2013
-1834
-1533
-1126
-714
-271
180
656
1024
1218
1371
1476
1429
1181
972
776
397
-6
-370
-825
-1405
-1894
-2283
-2760
-3188
-3399
-3613
-3774
-3724
-3493
-3270
-2911
-2294
-1682
-1154
-440
416
1108
1700
2396
3031
3383
3684
3991
4069
3971
3861
3675
3282
2850
2481
2002
1455
947
474
-64
-562
-966
-1371
-1696
-1908
-1987
-1987
-1854
-1572
-1263
-864
-379
65
499
995
1303
1446
1572
1605
1409
1146
949
664
261
-147
-537
-1033
-1607
-2059
-2481
-2964
-3315
-3552
-3736
-3825
-3703
-3504
-3231
-2764
-2168
-1582
-953
-162
567
1207
1874
2566
3082
3427
3785
3965
3932
3865
3790
3465
3048
2713
2260
1743
1230
739
234
-308
-719
-1085
-1445
-1715
-1869
-1879
-1848
-1681
-1375
-1036
-583
-116
343
837
1205
1412
1560
1643
1556
1299
1078
850
488
99
-279
-723
-1251
-1766
-2194
-2663
-3111
-3425
-3701
-3868
-3839
-3699
-3531
-3174
-2616
-2089
-1521
-778
-7
648
1290
2025
2590
2976
3377
3709
3780
3713
3696
3533
3158
2789
2449
1993
1450
964
478
-36
-476
-873
-1241
-1523
-1719
-1807
-1800
-1686
-1454
-1138
-730
-307
141
611
1087
1359
1496
1657
1677
1475
1274
1122
800
414
78
-312
-867
-1383
-1789
-2302
-2845
-3173
-3359
-3621
-3718
-3522
-3354
-3184
-2702
-2084
-1629
-1047
-223
517
1078
1749
2474
2901
3204
3597
3828
3758
3696
3680
3393
2962
2652
2299
1779
1219
787
299
-277
-746
-1132
-1527
-1785
-1894
-1954
-1901
-1710
-1428
-1125
-692
-225
206
640
1018
1216
1299
1407
1367
1159
963
798
472
70
-243
-675
-1213
-1669
-2062
-2558
-3027
-3240
-3454
-3661
-3627
-3430
-3255
-2941
-2361
-1738
-1255
-617
217
855
1381
2064
2686
3030
3324
3675
3817
3707
3676
3604
3265
2852
2523
2145
1586
1031
553
26
-477
-965
-1350
-1599
-1842
-1957
-1937
-1771
-1595
-1350
-904
-444
-97
330
831
1151
1226
1364
1514
1354
1086
946
771
342
-53
-372
-850
-1414
-1841
-2247
-2751
-3131
-3360
-3593
-3684
-3544
-3336
-3101
-2661
-2047
-1500
-932
-181
575
1155
1753
2454
2921
3233
3584
3820
3816
3713
3675
3457
3060
2704
2319
1814
1258
778
248
-288
-710
-1125
-1477
-1722
-1871
-1943
-1893
-1692
-1489
-1197
-771
-326
64
492
940
1159
1243
1370
1393
1169
930
794
539
140
-213
-608
-1123
-1612
-2068
-2548
-2996
-3255
-3470
-3699
-3704
-3489
-3277
-2975
-2430
-1851
-1319
-661
149
831
1407
2073
2729
3183
3492
3781
3952
3958
3892
3733
3409
3045
2650
2188
1653
1112
607
113
-372
-816
-1231
-1515
-1690
-1836
-1872
-1722
-1460
-1213
-885
-435
-32
340
783
1135
1283
1380
1468
1428
1228
1053
851
470
72
-279
-742
-1279
-1797
-2244
-2721
-3158
-3419
-3642
-3781
-3719
-3476
-3295
-3003
-2399
-1802
-1284
-643
112
767
1346
2011
2602
2972
3284
3594
3706
3640
3581
3463
3141
2753
2393
1968
1452
945
471
-20
-527
-984
-1329
-1586
-1749
-1824
-1784
-1604
-1395
-1085
-699
-262
103
502
942
1193
1278
1374
1454
1316
1080
905
676
315
-50
-412
-933
-1420
-1824
-2295
-2768
-3095
-3286
-3544
-3645
-3451
-3230
-3060
-2614
-1976
-1490
-1003
-230
560
1104
1692
2431
2917
3146
3445
3715
3695
3528
3501
3339
2916
2523
2187
1736
1180
689
221
-260
-718
-1083
-1378
-1588
-1786
-1866
-1686
-1525
-1339
-1043
-602
-167
140
579
1049
1269
1358
1534
1573
1316
1096
996
678
205
-145
-477
-1013
-1575
-1950
-2384
-2850
-3107
-3268
-3439
-3489
-3278
-3088
-2900
-2439
-1845
-1340
-793
-96
535
1067
1686
2334
2737
3030
3394
3577
3487
3434
3409
3089
2684
2365
1983
1422
877
502
29
-489
-900
-1178
-1453
-1718
-1786
-1711
-1635
-1493
-1215
-863
-510
-196
218
672
976
1146
1301
1443
1368
1167
1049
863
525
139
-190
-657
-1199
-1645
-2067
-2529
-2938
-3165
-3327
-3456
-3362
-3180
-2935
-2557
-2042
-1499
-1015
-371
322
920
1474
2077
2593
2920
3234
3509
3561
3536
3493
3295
2944
2627
2271
1781
1249
783
334
-197
-656
-1000
-1306
-1565
-1676
-1711
-1656
-1517
-1283
-1020
-676
-298
31
400
822
1095
1271
1426
1462
1349
1147
986
716
308
-62
-426
-925
-1453
-1867
-2287
-2733
-3007
-3171
-3369
-3391
-3217
-3046
-2838
-2434
-1875
-1360
-843
-161
489
1038
1633
2228
2652
2939
3291
3524
3478
3407
3347
3126
2698
2303
1955
1427
866
442
38
-449
-893
-1152
-1384
-1614
-1713
-1648
-1550
-1417
-1130
-787
-401
-72
342
777
1058
1214
1382
1495
1402
1215
1050
850
519
214
-134
-581
-1083
-1511
-1868
-2358
-2710
-2916
-3130
-3279
-3237
-3031
-2862
-2582
-2081
-1554
-1097
-532
198
798
1269
1879
2463
2781
3045
3363
3477
3374
3287
3201
2840
2443
2121
1720
1135
627
253
-262
-778
-1117
-1352
-1615
-1788
-1773
-1693
-1611
-1390
-1023
-692
-385
12
461
793
1051
1256
1397
1414
1283
1140
932
678
335
0
-376
-872
-1305
-1732
-2155
-2579
-2867
-3053
-3229
-3290
-3141
-2943
-2744
-2356
-1796
-1314
-829
-137
499
1038
1592
2189
2620
2907
3226
3464
3477
3385
3361
3115
2729
2410
2031
1481
919
519
60
-469
-843
-1090
-1383
-1610
-1672
-1623
-1569
-1436
-1101
-804
-500
-86
325
644
921
1172
1323
1350
1314
1221
985
755
485
157
-229
-695
-1140
-1580
-1993
-2412
-2773
-2991
-3169
-3252
-3190
-3021
-2810
-2467
-1947
-1464
-1018
-406
266
817
1282
1817
2315
2638
2939
3221
3319
3268
3223
3130
2787
2397
2075
1656
1123
675
265
-185
-629
-956
-1177
-1393
-1494
-1490
-1403
-1307
-1091
-793
-514
-158
230
584
882
1035
1164
1277
1253
1085
893
731
454
77
-314
-693
-1125
-1584
-2008
-2402
-2755
-3021
-3185
-3260
-3242
-3079
-2776
-2413
-1953
-1453
-881
-323
216
799
1300
1800
2216
2582
2916
3132
3254
3304
3260
3101
2845
2532
2192
1724
1252
792
311
-165
-600
-910
-1217
-1451
-1563
-1571
-1533
-1377
-1170
-894
-550
-209
145
458
779
963
1078
1145
1082
966
797
624
363
61
-306
-653
-1035
-1479
-1864
-2271
-2590
-2898
-3086
-3172
-3097
-2917
-2690
-2321
-1848
-1335
-863
-266
348
919
1406
1901
2352
2673
2950
3212
3310
3287
3265
3151
2842
2520
2198
1780
1269
791
353
-148
-599
-959
-1236
-1518
-1635
-1608
-1542
-1431
-1200
-866
-578
-270
61
410
674
859
991
1086
1033
901
737
550
312
-27
-317
-684
-1107
-1505
-1846
-2227
-2611
-2849
-2977
-3114
-3165
-2954
-2728
-2436
-1961
-1407
-892
-363
291
858
1340
1844
2371
2727
2955
3232
3386
3403
3309
3226
2986
2636
2315
1928
1457
945
526
79
-372
-761
-1042
-1290
-1457
-1515
-1519
-1398
-1227
-995
-722
-353
-7
274
563
773
920
962
971
873
683
484
283
3
-345
-682
-1058
-1456
-1897
-2215
-2577
-2879
-3093
-3206
-3188
-3089
-2854
-2579
-2155
-1639
-1134
-607
11
609
1126
1678
2147
2520
2819
3097
3274
3298
3286
3261
3086
2735
2448
2111
1639
1111
662
252
-230
-605
-901
-1170
-1389
-1413
-1345
-1313
-1152
-876
-552
-284
27
395
729
944
1066
1145
1155
1083
893
698
461
184
-120
-496
-924
-1336
-1697
-2084
-2465
-2760
-2970
-3126
-3224
-3166
-2974
-2740
-2350
-1816
-1360
-821
-210
347
859
1314
1823
2195
2482
2740
2962
3053
3038
3027
2888
2611
2339
2017
1565
1139
698
285
-137
-528
-819
-1061
-1231
-1360
-1366
-1293
-1156
-931
-693
-383
-96
240
554
796
924
1012
1068
990
830
653
458
165
-115
-455
-821
-1237
-1608
-1940
-2301
-2578
-2799
-2958
-3000
-2915
-2769
-2553
-2211
-1721
-1220
-740
-189
365
863
1296
1766
2141
2405
2733
2946
3052
3036
3027
2978
2734
2432
2107
1752
1316
897
471
57
-336
-679
-963
-1174
-1302
-1354
-1291
-1240
-1063
-820
-548
-281
-5
315
571
739
831
896
883
791
626
470
238
-44
-292
-675
-1031
-1406
-1714
-2055
-2394
-2633
-2784
-2848
-2845
-2698
-2506
-2190
-1768
-1267
-846
-355
224
720
1105
1504
1936
2261
2483
2714
2865
2860
2846
2794
2566
2310
2034
1693
1281
844
467
57
-336
-672
-953
-1148
-1282
-1317
-1319
-1236
-1066
-862
-653
-371
-42
256
518
701
839
904
928
849
716
580
418
187
-113
-453
-759
-1079
-1458
-1777
-2079
-2332
-2568
-2683
-2663
-2575
-2397
-2163
-1743
-1299
-868
-348
206
654
1026
1484
1910
2157
2355
2673
2825
2828
2822
2849
2722
2422
2193
1872
1455
1022
650
252
-225
-528
-770
-1056
-1285
-1313
-1294
-1273
-1166
-989
-751
-547
-270
-13
213
382
516
566
550
528
406
275
90
-103
-319
-605
-881
-1194
-1522
-1807
-2104
-2378
-2583
-2702
-2692
-2609
-2447
-2225
-1872
-1405
-1012
-570
-55
473
881
1317
1736
2094
2355
2573
2776
2818
2839
2878
2811
2542
2309
2086
1716
1276
912
585
169
-174
-473
-713
-938
-1060
-1052
-1047
-984
-813
-610
-449
-200
55
256
403
506
597
593
548
465
370
208
35
-104
-352
-641
-923
-1230
-1551
-1863
-2116
-2305
-2440
-2551
-2514
-2353
-2176
-1896
-1509
-1115
-741
-264
223
606
976
1405
1757
1967
2129
2360
2504
2504
2540
2506
2351
2153
1963
1686
1320
972
632
226
-164
-424
-674
-891
-1048
-1076
-1068
-1045
-889
-729
-567
-327
-115
17
187
321
377
396
365
351
258
131
5
-168
-389
-620
-845
-1108
-1376
-1623
-1878
-2112
-2237
-2379
-2417
-2294
-2154
-1978
-1671
-1225
-844
-484
-16
454
794
1109
1518
1814
1988
2187
2384
2451
2445
2486
2422
2255
2066
1929
1634
1265
965
653
284
-75
-310
-561
-759
-843
-882
-894
-797
-630
-479
-308
-109
89
209
316
408
414
394
333
257
107
-29
-125
-280
-451
-661
-875
-1093
-1338
-1601
-1834
-2005
-2135
-2245
-2236
-2114
-1950
-1734
-1400
-1008
-672
-274
156
532
812
1153
1510
1712
1819
2020
2179
2144
2131
2192
2094
1903
1729
1516
1212
915
632
267
-114
-371
-564
-783
-955
-1012
-1000
-951
-846
-694
-530
-315
-107
79
256
377
482
501
461
423
347
235
120
-27
-168
-312
-506
-756
-982
-1168
-1427
-1666
-1808
-1954
-2026
-1952
-1843
-1676
-1429
-1090
-703
-423
-74
368
738
986
1284
1615
1770
1912
2081
2213
2183
2173
2184
2057
1832
1645
1453
1131
807
525
260
-94
-386
-586
-768
-887
-964
-961
-898
-799
-671
-513
-311
-129
53
180
257
295
310
306
213
90
5
-78
-237
-412
-529
-711
-1002
-1227
-1436
-1704
-1899
-2000
-2059
-2158
-2090
-1907
-1717
-1522
-1201
-779
-460
-107
285
643
926
1227
1495
1667
1817
1965
2063
2049
2046
2024
1946
1764
1576
1364
1083
821
523
243
-5
-231
-458
-608
-685
-724
-686
-616
-476
-379
-204
-6
168
282
401
537
564
537
496
500
385
225
106
-20
-214
-399
-542
-778
-1010
-1197
-1380
-1613
-1744
-1802
-1868
-1886
-1766
-1576
-1436
-1194
-856
-499
-170
174
515
786
1100
1364
1561
1700
1783
1858
1858
1791
1693
1603
1418
1227
986
725
482
258
19
-230
-422
-597
-691
-766
-795
-779
-650
-511
-420
-273
-89
116
231
376
524
574
584
576
551
424
323
189
-14
-241
-383
-555
-798
-994
-1173
-1347
-1552
-1682
-1790
-1822
-1820
-1755
-1640
-1473
-1208
-932
-632
-328
16
368
665
961
1205
1394
1570
1691
1681
1659
1670
1600
1447
1303
1143
917
719
522
313
98
-94
-252
-435
-570
-612
-602
-671
-653
-500
-353
-249
-95
127
307
461
603
720
734
772
753
668
543
391
253
18
-186
-381
-564
-764
-933
-1121
-1302
-1445
-1514
-1581
-1626
-1558
-1492
-1361
-1197
-980
-717
-434
-76
248
523
832
1132
1300
1415
1560
1647
1585
1515
1448
1295
1087
893
727
491
285
146
-44
-201
-344
-445
-559
-653
-665
-677
-657
-610
-472
-334
-156
36
215
402
547
682
747
766
732
653
547
419
230
0
-184
-360
-545
-736
-847
-969
-1131
-1234
-1311
-1423
-1487
-1433
-1388
-1327
-1188
-948
-735
-521
-176
159
438
680
1012
1263
1357
1479
1536
1520
1416
1342
1205
1014
852
709
518
296
122
-7
-165
-320
-411
-500
-576
-637
-644
-631
-590
-482
-343
-190
-13
211
423
605
716
784
842
813
735
588
440
279
59
-181
-384
-581
-742
-820
-909
-999
-1075
-1066
-1082
-1141
-1138
-1111
-1095
-1053
-910
-709
-513
-291
-19
264
524
765
966
1129
1223
1274
1266
1201
1126
961
793
610
400
251
121
5
-92
-192
-232
-262
-341
-390
-445
-462
-462
-419
-317
-244
-97
76
257
443
676
829
908
934
915
842
686
522
327
135
-66
-270
-437
-585
-680
-733
-839
-945
-959
-962
-1017
-1039
-1022
-958
-874
-795
-661
-510
-328
-134
80
294
552
763
900
986
1017
1010
951
833
675
569
432
296
136
36
-68
-186
-263
-345
-370
-427
-457
-465
-437
-424
-386
-297
-206
-69
90
294
438
552
717
824
862
857
803
668
516
340
151
-52
-238
-381
-531
-658
-749
-762
-778
-812
-822
-785
-775
-784
-750
-684
-601
-499
-359
-222
-62
133
322
517
663
796
884
893
879
828
759
601
462
309
164
63
-44
-117
-207
-231
-249
-292
-323
-304
-294
-285
-279
-246
-196
-125
1
99
231
372
517
627
684
679
686
624
478
354
206
39
-177
-349
-457
-560
-641
-708
-706
-704
-675
-624
-610
-596
-559
-475
-444
-417
-343
-220
-112
6
167
332
463
556
664
702
709
691
628
503
378
280
175
7
-103
-143
-210
-278
-307
-283
-287
-274
-239
-225
-201
-127
-76
-26
43
121
246
347
438
541
605
641
639
578
480
378
261
107
-50
-208
-338
-457
-570
-641
-677
-663
-673
-671
-612
-553
-523
-484
-419
-326
-240
-178
-77
20
125
252
351
412
532
611
610
585
536
497
403
280
129
28
-48
-149
-218
-271
-261
-274
-272
-266
-290
-231
-164
-122
-79
23
116
221
283
371
481
539
575
595
623
599
544
470
358
215
106
-29
-215
-376
-497
-567
-673
-708
-711
-671
-625
-562
-482
-417
-331
-304
-239
-188
-108
-7
58
147
222
327
393
464
467
469
459
383
312
214
131
-8
-122
-238
-341
-424
-464
-483
-530
-488
-458
-400
-295
-234
-140
-25
57
148
236
318
413
457
469
521
558
571
558
571
540
478
380
277
170
51
-79
-165
-216
-321
-365
-420
-418
-409
-355
-274
-189
-90
-30
64
98
149
167
199
274
295
318
359
371
312
268
210
141
49
-28
-120
-242
-333
-438
-527
-637
-676
-676
-707
-690
-640
-568
-505
-392
-261
-148
-52
72
191
289
362
425
479
466
441
414
381
350
294
255
233
179
111
69
-7
-65
-113
-180
-225
-235
-202
-193
-137
-49
50
122
221
324
398
460
504
566
559
525
523
501
419
361
298
177
77
-18
-136
-230
-304
-388
-480
-540
-609
-633
-676
-717
-704
-667
-621
-543
-447
-320
-165
-56
42
121
226
257
259
263
237
206
147
90
34
-13
-41
-58
-132
-141
-155
-199
-174
-185
-177
-182
-177
-124
-65
37
117
240
323
424
532
605
673
718
762
771
769
699
653
566
474
365
214
122
-15
-137
-242
-365
-465
-525
-581
-615
-659
-672
-647
-621
-578
-525
-430
-345
-274
-187
-86
6
70
141
215
230
183
154
108
25
-46
-124
-186
-255
-288
-298
-324
-336
-319
-315
-325
-306
-264
-183
-111
-34
59
158
285
384
474
547
645
737
783
803
807
795
769
684
594
507
370
255
105
-26
-151
-299
-397
-481
-534
-571
-575
-568
-550
-502
-453
-420
-367
-286
-202
-102
-24
64
154
211
270
292
298
281
230
141
38
-85
-160
-238
-349
-432
-480
-481
-528
-519
-493
-479
-454
-410
-323
-245
-136
-8
112
207
354
494
573
651
724
817
852
835
794
742
685
607
501
366
215
57
-79
-212
-337
-428
-510
-533
-586
-586
-521
-499
-451
-384
-303
-247
-146
-57
45
118
196
272
339
358
378
384
346
303
229
146
29
-85
-183
-280
-351
-417
-475
-489
-491
-481
-502
-499
-442
-374
-308
-206
-83
37
161
310
461
572
677
760
819
821
826
829
762
654
571
487
324
182
30
-91
-207
-315
-418
-479
-505
-572
-596
-599
-572
-530
-462
-418
-367
-277
-221
-125
-63
12
102
168
211
229
268
236
164
78
11
-87
-178
-278
-371
-438
-494
-528
-550
-556
-561
-530
-477
-412
-308
-218
-105
41
182
313
439
596
703
762
855
932
962
966
942
887
820
706
583
440
297
172
27
-104
-204
-283
-336
-400
-435
-424
-452
-458
-475
-454
-416
-358
-316
-283
-188
-91
-35
29
100
137
161
130
124
103
52
-29
-110
-162
-251
-337
-404
-455
-518
-546
-532
-538
-504
-470
-376
-290
-165
-21
99
208
307
440
533
612
690
762
810
846
854
832
797
716
655
550
445
316
184
81
-54
-166
-260
-330
-405
-419
-444
-429
-376
-348
-329
-286
-232
-208
-159
-123
-65
-15
-4
34
51
61
36
-3
-47
-97
-164
-241
-321
-391
-429
-507
-575
-610
-635
-641
-640
-590
-511
-433
-344
-226
-100
37
166
276
368
462
555
640
707
733
781
784
765
740
687
629
501
400
310
206
88
-31
-119
-217
-274
-325
-330
-348
-339
-333
-316
-253
-194
-120
-65
11
59
102
117
168
185
168
148
125
104
54
18
-59
-91
-160
-239
-292
-349
-407
-441
-459
-503
-481
-444
-389
-311
-247
-161
-86
25
104
177
261
318
384
444
486
483
495
476
461
412
364
321
251
198
105
36
-72
-163
-252
-299
-324
-374
-380
-387
-365
-333
-270
-240
-176
-114
-36
34
65
131
167
195
191
186
176
161
142
116
72
30
-15
-48
-77
-104
-99
-127
-163
-175
-181
-147
-115
-65
-18
46
129
207
274
335
417
443
454
459
477
459
428
379
341
313
275
224
164
89
5
-66
-131
-221
-305
-391
-475
-516
-563
-577
-574
-515
-494
-446
-382
-325
-261
-209
-167
-140
-114
-104
-68
-54
-48
-85
-91
-72
-105
-117
-138
-155
-158
-179
-212
-211
-221
-236
-197
-184
-169
-108
-28
46
102
194
277
347
385
433
476
502
519
554
567
583
552
531
492
424
387
314
260
206
162
107
60
19
-44
-112
-159
-198
-212
-200
-185
-158
-143
-125
-75
-28
15
25
39
64
88
61
-16
-44
-79
-121
-178
-205
-216
-237
-242
-254
-253
-274
-287
-286
-278
-255
-203
-160
-105
-55
-1
62
108
170
235
276
305
339
340
357
342
293
264
227
195
172
113
67
18
-20
-57
-107
-123
-116
-137
-161
-175
-196
-223
-220
-184
-176
-132
-102
-64
-16
34
86
89
92
54
42
50
-2
-49
-118
-135
-168
-214
-249
-271
-277
-278
-282
-292
-274
-261
-242
-239
-214
-181
-123
-92
-48
34
82
169
239
289
352
411
441
427
427
428
414
376
363
327
304
261
219
174
129
132
118
85
78
44
4
0
6
-4
13
8
9
-15
-6
7
2
13
-6
10
-12
-82
-134
-176
-222
-284
-340
-359
-374
-390
-404
-403
-368
-332
-312
-306
-306
-298
-265
-218
-180
-110
-55
1
51
96
157
229
282
300
318
297
309
293
228
218
161
142
127
76
55
37
40
26
-3
-15
-9
-16
-15
-6
-5
4
13
4
30
46
52
61
80
90
94
90
66
32
25
-41
-96
-164
-207
-236
-283
-289
-309
-285
-297
-299
-275
-256
-219
-190
-183
-151
-88
-58
-13
37
72
107
134
181
227
268
303
326
332
343
336
329
292
249
235
181
150
72
30
17
10
25
34
67
74
104
120
125
92
95
93
80
76
53
64
28
-19
-20
-21
-48
-76
-94
-137
-196
-241
-250
-293
-319
-340
-353
-386
-388
-360
-365
-325
-281
-210
-147
-99
-47
0
27
68
98
135
179
229
279
312
324
314
303
283
253
220
175
160
135
81
49
13
-14
-37
-73
-106
-87
-71
-45
-11
19
45
59
56
76
65
77
70
59
57
35
28
1
-14
-36
-97
-156
-185
-205
-232
-269
-278
-301
-274
-290
-321
-303
-256
-230
-203
-154
-92
-41
5
50
99
146
201
225
243
252
249
271
282
267
241
255
243
232
203
180
149
112
75
26
32
-2
-11
-8
30
40
30
38
87
130
141
178
191
203
200
200
170
145
114
76
42
17
-40
-73
-101
-159
-196
-283
-333
-366
-430
-466
-483
-469
-467
-449
-417
-380
-323
-314
-248
-199
-142
-77
-19
42
45
91
110
130
123
135
147
157
170
173
185
177
198
204
213
172
156
140
115
107
105
123
138
148
177
214
227
247
258
269
255
256
240
215
185
139
124
59
23
-10
-60
-100
-167
-212
-245
-276
-313
-347
-374
-391
-407
-426
-401
-370
-311
-248
-196
-134
-93
-39
30
58
64
99
128
139
146
148
164
147
138
112
74
32
14
5
-16
-28
-38
-35
-36
-34
-40
-33
-24
1
9
23
51
62
106
109
140
165
181
180
165
181
168
165
126
85
43
13
-41
-98
-125
-186
-220
-261
-285
-307
-310
-287
-293
-292
-283
-233
-182
-128
-82
-31
26
106
143
163
212
232
244
227
219
212
202
188
139
119
115
71
53
47
17
28
11
11
23
30
50
65
89
76
75
109
128
148
152
159
157
163
138
128
115
88
76
39
31
6
-48
-90
-129
-162
-222
-280
-324
-353
-383
-415
-419
-400
-380
-343
-314
-288
-236
-204
-167
-122
-94
-36
25
45
65
59
80
112
100
100
109
92
83
73
84
63
50
70
59
53
67
101
108
160
188
201
196
213
257
261
270
281
287
276
304
316
286
262
229
189
126
78
14
-19
-67
-102
-143
-192
-229
-273
-278
-298
-307
-330
-339
-343
-348
-328
-315
-293
-272
-212
-189
-134
-89
-63
-32
-18
-15
-22
-2
2
8
2
6
13
29
26
-7
15
16
31
47
52
79
111
133
143
183
209
243
275
287
322
334
362
367
377
372
352
334
327
299
265
206
132
90
22
-31
-100
-136
-180
-229
-260
-256
-271
-299
-288
-312
-299
-298
-265
-231
-227
-210
-198
-152
-127
-111
-84
-56
-29
-19
-15
-9
-19
-27
-50
-79
-80
-93
-114
-113
-105
-100
-65
-41
-31
0
33
69
81
105
130
151
177
205
231
238
252
250
262
267
266
258
211
187
133
117
57
5
-11
-39
-71
-125
-148
-149
-151
-157
-164
-185
-206
-188
-174
-145
-126
-94
-70
-67
-51
-36
4
3
24
41
50
87
80
84
69
32
33
25
15
-7
-32
-46
-48
-43
-32
-30
-15
0
22
32
42
54
73
97
104
118
138
168
189
186
163
157
161
116
78
26
6
-30
-73
-98
-149
-194
-204
-207
-215
-196
-213
-196
-182
-194
-191
-174
-151
-128
-120
-109
-105
-104
-98
-75
-49
-55
-26
-13
-2
-5
6
3
-2
-10
-12
-22
-29
-19
-47
-42
-40
-12
1
19
48
76
114
145
158
184
195
200
226
240
241
236
249
240
241
218
197
151
138
101
50
12
-29
-76
-149
-224
-235
-256
-266
-257
-257
-231
-217
-195
-186
-159
-152
-144
-138
-138
-131
-115
-97
-81
-53
-28
25
67
72
87
108
109
108
98
79
71
68
60
52
79
86
112
137
153
159
167
187
193
196
199
192
196
193
198
189
183
192
163
142
132
129
90
37
-4
-32
-58
-102
-130
-152
-173
-174
-174
-194
-184
-169
-173
-160
-144
-149
-166
-176
-176
-168
-162
-139
-112
-122
-109
-64
-57
-54
-11
-9
-6
2
-41
-58
-39
-55
-70
-52
-36
-32
-16
14
37
74
71
106
137
149
184
189
179
201
198
197
198
210
219
209
215
172
155
146
125
105
59
30
20
-8
-61
-90
-114
-136
-160
-173
-153
-132
-144
-150
-139
-131
-121
-126
-149
-153
-130
-113
-78
-65
-53
-43
-25
-34
-52
-48
-51
-65
-57
-30
-29
-9
-4
-17
-21
-11
14
42
51
67
91
93
110
119
110
144
129
121
141
127
116
118
130
108
92
81
46
18
10
-27
-44
-58
-70
-76
-99
-79
-106
-121
-104
-94
-95
-81
-90
-86
-75
-63
-45
-58
-21
-34
-15
-9
-29
2
-3
-18
-40
-47
-54
-54
-39
-51
-55
-77
-84
-94
-96
-102
-84
-50
-35
12
11
13
28
40
52
101
111
114
138
132
139
152
153
141
141
124
124
129
123
99
107
89
69
83
50
34
17
-26
-55
-46
-45
-33
-33
-74
-40
-7
-8
9
17
22
21
36
-10
-27
-50
-55
-60
-73
-96
-129
-122
-142
-106
-66
-54
-34
-40
-45
-33
-17
-1
12
18
10
29
28
51
55
40
65
84
93
98
100
117
105
95
74
56
64
55
39
29
26
18
9
-11
-62
-71
-78
-101
-111
-138
-139
-115
-127
-126
-106
-102
-89
-81
-74
-78
-54
-47
-58
-61
-76
-81
-79
-89
-80
-99
-119
-107
-88
-80
-61
-72
-51
-58
-63
-38
-46
-7
34
54
84
93
117
143
187
225
196
194
179
159
147
124
118
127
125
112
85
75
65
43
26
20
28
19
23
12
-3
15
12
-9
-11
-9
-18
-18
-34
-35
-25
-22
-14
-49
-48
-50
-84
-90
-99
-91
-81
-73
-70
-61
-66
-45
-54
-60
-51
-42
-52
-63
-42
-41
-24
8
12
37
90
109
142
161
168
167
152
140
151
160
120
97
100
61
57
79
56
55
34
-8
-14
-40
-64
-67
-59
-39
-44
-56
-61
-26
-58
-51
-16
-21
-34
-49
-50
-42
-34
-76
-72
-43
-48
-69
-88
-93
-96
-94
-119
-121
-116
-120
-115
-104
-88
-74
-71
-67
-77
-77
-56
-61
-43
-30
-14
17
28
59
82
58
59
69
65
50
66
69
67
75
79
86
75
51
47
46
51
52
42
37
31
34
52
57
39
71
76
77
96
108
98
92
95
103
96
77
78
60
32
-3
-7
-20
-40
-38
-51
-53
-51
-32
-1
-11
-22
-48
-50
-50
-52
-44
-44
-43
-17
-8
-7
19
29
20
20
42
43
54
64
52
49
44
7
-35
-52
-100
-107
-107
-131
-129
-128
-127
-128
-130
-132
-146
-165
-168
-162
-133
-109
-89
-93
-78
-49
-24
-7
20
22
13
20
9
-5
33
40
15
42
45
66
77
92
80
89
100
119
130
130
122
116
134
119
116
128
117
116
128
129
124
118
115
101
64
45
5
-2
-3
-35
-34
-31
-22
-13
-29
-50
-64
-79
-93
-98
-93
-71
-55
-53
-67
-47
-13
-9
7
21
12
13
0
-13
-17
-11
-23
-68
-89
-90
-105
-96
-125
-100
-85
-102
-101
-97
-95
-113
-139
-145
-104
-103
-59
-51
-19
10
36
54
69
63
50
41
61
77
81
66
47
83
72
70
76
59
56
39
42
46
31
25
17
16
34
19
-6
-5
9
16
35
63
71
81
78
95
108
80
66
54
41
48
38
22
10
1
15
-8
-42
-55
-60
-58
-83
-94
-91
-75
-88
-114
-73
-48
-31
-12
-14
-16
-12
-22
-5
11
24
18
8
25
35
53
43
41
33
27
19
0
-3
-6
-43
-57
-46
-51
-35
-33
-17
-6
5
-5
-13
-15
-36
-22
-14
14
34
32
20
32
40
35
68
45
32
18
0
-1
-6
-11
-42
-45
-35
-51
-64
-43
-55
-54
-22
-4
-7
1
-8
-28
11
29
46
69
78
104
97
74
74
85
51
60
74
51
66
66
42
39
24
16
15
-7
-26
-34
-36
-32
-34
-33
-45
-37
-47
-53
-31
-18
3
20
27
19
42
35
44
56
44
32
22
8
2
6
3
-12
-43
-66
-54
-78
-69
-82
-108
-90
-75
-42
-48
-40
-34
-10
-5
-2
-1
1
-8
-26
-25
-28
-6
4
10
6
-25
-3
1
-34
-58
-62
-53
-69
-104
-92
-85
-90
-106
-86
-45
-47
-68
-75
-53
-52
-26
-28
-7
16
14
27
39
39
32
21
23
12
17
22
13
6
28
32
29
34
39
67
62
102
121
125
120
123
137
119
99
83
120
139
141
174
179
174
181
177
164
153
114
92
77
54
36
24
18
3
-11
-23
-25
-36
-31
-43
-61
-72
-63
-36
-19
-47
-51
-46
-61
-52
-45
-64
-44
-25
-43
-67
-97
-102
-115
-114
-121
-131
-130
-116
-111
-125
-120
-122
-127
-100
-107
-96
-71
-69
-61
-43
-15
-34
-31
-10
9
41
48
73
92
101
83
88
77
76
82
64
59
66
79
67
61
59
40
16
-6
-32
-30
-44
-51
-57
-76
-73
-71
-59
-62
-55
-47
-42
-26
-41
-47
-42
-32
-37
-51
-35
-25
-33
-45
-38
-37
-22
-22
-47
-15
3
-9
2
34
43
34
56
57
87
107
107
124
112
125
117
86
102
89
64
47
39
37
20
19
21
6
1
-12
-49
-58
-55
-65
-93
-131
-105
-99
-100
-94
-79
-53
-37
-13
-14
-4
-16
4
22
34
42
39
66
71
68
58
20
9
9
-1
19
13
0
0
1
9
31
2
-31
-21
-19
-17
-9
15
4
-4
-6
-19
-11
-11
-7
11
17
23
46
30
17
33
12
-1
7
-6
-7
-8
-4
-6
12
-3
-23
-19
-18
-9
25
32
64
91
86
98
105
115
104
116
96
104
86
65
71
51
45
36
18
2
-5
-6
-15
-12
-21
-24
-22
-12
-31
-28
-26
-32
-37
-59
-50
-61
-66
-66
-50
-36
-52
-59
-70
-81
-95
-102
-103
-118
-125
-129
-147
-176
-161
-152
-172
-163
-155
-153
-116
-117
-112
-88
-89
-72
-67
-31
-26
-36
-9
10
31
47
69
47
65
81
90
76
90
89
85
92
76
107
93
104
116
98
103
139
128
111
122
122
129
138
164
179
188
208
204
171
153
137
126
124
129
122
104
103
79
66
39
15
9
-20
-25
-41
-54
-47
-55
-53
-53
-57
-74
-102
-104
-114
-101
-93
-71
-71
-60
-58
-59
-55
-66
-69
-80
-82
-87
-78
-71
-81
-66
-62
-80
-101
-106
-120
-151
-144
-129
-146
-135
-114
-102
-92
-86
-66
-36
-17
2
25
37
28
23
4
24
34
30
47
37
54
51
62
87
84
77
69
68
79
69
82
77
102
117
111
118
122
124
94
72
64
61
27
10
-4
7
15
-11
-10
-22
-62
-84
-91
-102
-102
-111
-129
-123
-132
-141
-124
-134
-150
-157
-144
-127
-114
-112
-97
-40
-14
-5
13
26
33
41
45
46
39
32
25
33
26
21
45
44
42
39
30
34
28
21
17
24
31
36
39
56
84
81
102
100
98
78
67
59
66
66
60
71
73
70
56
56
44
45
55
57
58
49
56
21
-2
-7
-31
-44
-48
-38
-56
-39
-30
-43
-33
-27
-39
-49
-57
-52
-37
-58
-65
-83
-89
-81
-96
-92
-84
-71
-67
-79
-71
-54
-73
-76
-66
-71
-46
-32
-18
3
34
37
26
40
59
63
58
53
42
51
48
55
51
50
65
58
65
70
85
91
81
95
98
105
83
87
75
66
74
80
75
58
71
61
76
62
45
39
44
12
-6
-17
-33
-45
-53
-46
-64
-84
-87
-88
-91
-92
-97
-89
-112
-120
-134
-137
-113
-125
-138
-137
-115
-112
-78
-79
-83
-55
-45
-56
-46
-36
-40
-20
-24
-15
-5
2
-7
29
40
9
37
12
3
13
14
17
37
34
19
32
40
52
54
67
64
58
71
88
113
97
85
89
73
53
56
52
64
63
60
80
79
71
63
70
39
36
23
17
5
-15
-1
-12
-21
-28
-29
-31
-31
-24
-31
-33
-32
-48
-82
-75
-86
-73
-73
-79
-75
-58
-33
-17
-2
-29
-31
-30
-31
-20
-7
-19
-9
8
1
11
53
62
56
61
74
75
78
82
61
62
62
86
72
73
68
59
42
15
-8
-23
-10
-26
-18
-7
-12
-35
-54
-37
-32
-40
-54
-53
-40
-29
-26
-1
-11
-21
-19
-18
-10
4
19
0
31
17
7
21
-8
-7
-11
-6
-8
-31
-44
-32
-32
-28
-41
-39
-43
-48
-41
-52
-37
-31
-34
-26
-20
-24
-4
6
-11
3
-12
-21
-7
-21
-17
-30
-40
-39
-53
-60
-58
-64
-59
-54
-48
-46
-44
-33
-11
0
0
4
21
33
48
47
51
68
68
87
109
117
115
117
112
100
88
102
114
75
67
69
64
69
58
45
30
29
24
26
15
21
25
20
6
13
12
17
28
9
10
-2
-31
-59
-68
-77
-72
-90
-91
-81
-106
-109
-126
-135
-139
-159
-169
-171
-157
-147
-143
-131
-109
-103
-76
-62
-52
-57
-57
-38
-46
-24
-39
-37
-1
8
30
51
51
48
61
62
54
60
54
44
65
63
67
75
83
97
103
106
105
114
116
132
116
124
133
108
102
94
91
79
86
79
66
72
60
40
25
28
5
-14
-16
-17
-17
-17
-35
-37
-1
-7
-14
-21
-36
-28
-34
-46
-58
-69
-50
-78
-83
-84
-74
-96
-109
-93
-98
-91
-88
-92
-85
-81
-86
-90
-86
-69
-71
-48
-30
-20
-24
2
35
56
59
77
87
87
105
124
121
119
138
120
121
114
92
108
112
94
80
82
59
49
36
10
22
35
31
17
10
-16
-30
-20
-10
-1
-2
-19
-6
2
5
-12
-23
-39
-47
-44
-71
-70
-79
-87
-82
-86
-98
-87
-74
-82
-85
-83
-67
-43
-39
-63
-63
-49
-39
-15
-18
1
18
32
66
64
49
82
74
51
44
30
69
58
68
77
62
62
60
54
35
30
24
25
9
1
12
1
-9
-26
-24
-14
-8
20
11
-1
1
-27
-21
-31
-36
-36
-33
-21
-47
-57
-86
-87
-107
-118
-122
-131
-113
-117
-124
-126
-104
-88
-81
-51
-30
-8
-1
1
38
57
49
56
37
49
64
60
73
63
85
97
84
68
63
73
81
63
45
50
35
36
34
22
23
19
10
-1
12
-7
-5
3
4
-8
-16
-18
7
12
7
-4
9
10
-21
-12
-22
-35
-25
-29
-12
-15
-13
-14
-34
-29
-18
-15
-14
3
-2
16
10
11
37
59
44
51
75
66
68
58
34
16
17
-4
-14
-3
-23
-40
-41
-44
-58
-49
-46
-68
-73
-87
-92
-85
-79
-59
-43
-45
-36
-16
0
5
25
24
21
25
21
16
19
34
6
4
-3
-12
-24
-32
-40
-47
-28
-22
-28
-34
-40
-29
-15
5
10
21
15
14
10
27
47
50
59
60
83
87
72
73
74
75
77
80
86
79
64
44
19
20
2
-8
-13
-15
-16
-27
-39
-31
-28
-42
-23
-29
-34
-38
-39
-37
-29
-25
-26
-8
-23
-16
-17
3
-34
-39
-46
-54
-57
-85
-73
-66
-52
-45
-47
-36
-41
-42
-28
-25
-4
7
30
65
74
72
93
104
94
84
87
100
99
105
108
102
99
93
75
65
45
37
16
14
2
-26
-14
-29
-37
-32
-30
-16
-13
-11
-1
2
-7
-11
8
6
-12
-12
-7
-19
-34
-46
-48
-64
-79
-67
-68
-76
-96
-79
-71
-68
-62
-58
-44
-56
-38
-43
-46
-36
-33
-21
-14
-2
10
16
31
15
38
47
49
65
52
42
35
31
14
10
-1
8
-2
1
-13
-16
-13
-14
-15
-13
-2
6
18
14
18
24
47
48
55
53
31
23
12
33
38
46
52
43
36
35
17
3
-1
-3
-2
-10
-26
-35
-35
-39
-55
-50
-47
-40
-41
-34
-35
-20
-9
-11
-13
-30
-15
-17
-9
-10
-15
-8
7
-5
-24
-16
-10
-26
-38
-25
-18
-25
-43
-45
-26
-2
1
15
37
55
65
72
91
92
101
90
80
88
92
75
51
38
29
30
22
11
7
15
15
-8
-18
-17
-34
-33
-51
-67
-53
-34
-30
-33
-20
-16
-16
-14
11
11
16
17
10
26
17
11
11
-8
-7
-4
-4
-14
-30
-27
-6
-16
-32
-25
-30
-23
-33
-55
-46
-51
-43
-47
-41
-27
-5
16
13
9
18
10
-14
-5
-6
-1
-4
-14
-32
-41
-41
-50
-54
-45
-55
-59
-52
-54
-37
-35
-48
-21
-12
9
24
26
37
42
56
60
50
52
52
57
55
46
45
44
56
52
45
50
31
10
14
-5
-32
-25
-61
-63
-65
-75
-61
-58
-60
-51
-57
-32
-3
-15
-18
-18
-6
-2
2
5
6
-7
6
13
10
14
15
11
12
10
8
9
12
9
25
20
16
15
6
8
12
11
16
28
45
42
45
49
39
53
54
45
33
34
39
33
14
-5
-12
-15
-22
-8
3
8
5
-14
-19
-6
-10
-26
-11
12
26
37
49
51
38
40
49
45
64
61
62
70
71
57
43
40
33
21
25
7
-6
-8
-28
-42
-60
-74
-76
-81
-88
-95
-97
-75
-45
-38
-43
-52
-31
-30
-32
-10
-12
-21
1
-14
-18
-8
4
11
-5
5
-1
14
7
7
11
11
28
42
30
33
51
45
49
26
23
41
27
41
56
57
68
80
65
45
58
56
49
52
56
49
31
10
0
-16
-17
-38
-66
-52
-58
-58
-70
-75
-70
-54
-49
-49
-50
-35
-27
-38
-61
-46
-48
-49
-55
-70
-61
-56
-61
-66
-63
-71
-69
-82
-85
-76
-74
-98
-102
-99
-93
-85
-99
-96
-67
-52
-37
-21
-34
-21
5
25
27
40
62
83
89
72
99
108
117
107
103
117
109
99
77
50
58
50
22
24
24
33
37
43
43
60
60
43
33
32
66
49
49
48
49
53
46
54
49
63
57
34
6
-2
-2
3
-8
-17
-10
-24
-23
-29
-42
-38
-38
-64
-53
-31
-34
-33
-36
-37
-37
-37
-45
-49
-48
-37
-24
-33
-40
-40
-51
-58
-69
-63
-70
-68
-73
-81
-76
-87
-65
-67
-64
-51
-57
-58
-43
-39
-28
0
12
33
55
68
79
75
56
65
80
79
80
74
74
62
60
41
49
48
23
18
27
41
53
48
46
48
36
34
28
31
37
54
53
36
33
50
40
24
26
33
37
13
14
-4
-40
-51
-58
-63
-64
-50
-56
-54
-53
-28
-28
-35
-32
-28
-1
11
17
10
20
34
25
25
37
25
27
22
22
17
10
24
18
20
26
13
-4
-24
-44
-43
-51
-52
-39
-50
-33
-39
-36
-25
-25
-1
3
7
11
20
34
18
15
11
1
-19
-29
-28
-38
-53
-68
-69
-76
-64
-64
-56
-42
-53
-37
-21
-41
-44
-39
-45
-29
-29
-20
-8
1
11
-4
3
12
16
25
59
63
74
83
63
90
87
68
65
67
68
78
76
45
29
33
21
10
5
13
22
4
4
10
3
1
-2
3
-10
-10
9
-1
-6
-16
-12
-30
-38
-39
-37
-24
-35
-46
-58
-55
-70
-55
-37
-20
-11
-16
-19
4
32
27
29
15
33
41
25
34
44
57
55
47
39
35
22
10
17
5
-2
-20
-38
-35
-57
-64
-72
-74
-95
-95
-93
-102
-104
-92
-73
-68
-65
-63
-46
-28
-14
-13
-7
-9
1
-3
-14
-21
-2
10
2
11
22
25
35
26
25
41
57
62
72
71
85
106
92
80
71
79
87
93
83
91
103
91
95
86
96
95
91
95
89
93
81
58
35
31
23
12
-5
-14
-21
-31
-31
-37
-38
-40
-41
-48
-50
-45
-39
-49
-50
-48
-47
-43
-47
-42
-39
-51
-63
-83
-95
-86
-94
-94
-113
-119
-121
-131
-129
-106
-95
-90
-89
-82
-73
-56
-30
-29
-3
24
40
48
42
51
42
35
44
35
45
62
76
80
80
76
72
52
33
43
46
38
39
40
33
36
31
23
28
20
20
19
9
-4
2
5
-14
-32
-40
-37
-39
-45
-30
-34
-58
-57
-70
-71
-53
-57
-57
-57
-45
-49
-36
-23
-37
-12
0
-9
-1
3
2
-2
-1
9
18
24
38
40
49
67
78
72
55
49
38
43
53
40
50
52
48
48
30
38
35
38
35
37
44
57
58
55
58
52
65
52
41
35
36
21
26
35
25
30
4
12
10
-6
-7
-4
9
-7
-12
-19
-20
-40
-54
-52
-50
-44
-43
-45
-47
-36
-32
-56
-70
-63
-70
-75
-62
-66
-62
-64
-62
-69
-82
-98
-89
-80
-70
-57
-68
-62
-54
-37
-34
-19
-10
-13
-4
6
12
15
14
4
-11
-8
-2
12
0
15
29
35
34
18
39
39
46
34
31
24
28
31
34
34
42
49
45
54
30
23
14
12
9
2
25
38
51
53
66
79
80
67
59
46
59
56
45
51
30
30
-1
0
-10
-19
-23
-34
-19
-13
-12
-23
-15
-24
-25
-7
2
0
-8
-19
-18
-8
-18
-33
-38
-46
-45
-46
-37
-31
-41
-31
-29
-18
-9
5
18
30
20
17
29
40
39
36
46
38
26
24
21
17
21
21
13
16
35
33
40
31
29
12
16
10
-9
-13
-24
-23
-35
-50
-60
-53
-73
-81
-93
-80
-72
-79
-66
-63
-51
-21
-17
-27
-25
-20
-24
-38
-39
-43
-36
-41
-38
-35
-29
-18
-27
-29
-12
-9
-19
-12
-8
-29
-15
-24
-25
-19
-16
-19
-6
9
8
11
21
31
25
32
35
28
34
48
51
42
38
34
27
33
26
34
34
29
26
37
41
45
39
46
57
54
56
49
55
62
62
67
75
79
78
77
58
60
49
54
56
37
28
6
5
1
-15
-42
-47
-62
-74
-79
-73
-69
-67
-58
-69
-59
-55
-53
-44
-49
-37
-35
-32
-28
-18
-17
-19
-31
-31
-39
-33
-29
-19
-4
-18
3
10
-2
-3
12
8
1
20
20
32
37
54
69
71
75
71
73
65
62
73
68
65
63
58
49
42
32
29
8
2
-7
-16
-21
-41
-39
-41
-35
-38
-30
-48
-49
-37
-31
-34
-41
-8
-8
-16
-24
-25
-28
-33
-40
-58
-59
-69
-66
-70
-81
-83
-73
-72
-68
-51
-48
-49
-48
-60
-59
-56
-48
-53
-62
-51
-47
-40
-25
-10
-11
-13
-3
15
24
35
44
44
62
62
56
54
52
51
50
48
41
34
32
41
37
37
35
48
65
57
66
52
61
65
67
73
72
91
83
68
70
72
56
55
37
20
17
18
12
3
1
2
1
-9
-12
-1
5
0
-4
-3
0
-4
-5
-15
-15
-10
-17
-19
-18
-14
-6
-20
-24
-22
-23
-18
-23
-23
-27
-13
-12
-25
-30
-36
-31
-42
-48
-50
-44
-60
-63
-61
-53
-34
-34
-23
-12
-7
-4
0
-3
-4
-3
-8
-1
-6
3
4
-5
-11
-11
-24
-38
-29
-28
-28
-30
-13
-18
-17
-7
-25
-33
-27
-20
-31
-22
-25
-16
-3
-11
-17
-20
-5
9
3
0
13
6
5
3
9
11
-2
0
14
7
9
18
11
15
7
1
0
-13
-6
11
21
23
28
30
25
31
21
16
27
32
33
36
27
35
51
46
36
34
33
40
52
43
37
36
36
30
24
48
44
59
54
46
74
69
75
65
78
67
52
39
42
28
38
37
25
25
8
3
-7
-14
-25
-27
-21
-24
